/*--------------------------------*- C++ -*----------------------------------*\
  =========                 |
  \\      /  F ield         | OpenFOAM: The Open Source CFD Toolbox
   \\    /   O peration     | Website:  https://openfoam.org
    \\  /    A nd           | Version:  7
     \\/     M anipulation  |
\*---------------------------------------------------------------------------*/
FoamFile
{
    version     2.0;
    format      ascii;
    class       volScalarField;
    location    "80";
    object      p;
}
// * * * * * * * * * * * * * * * * * * * * * * * * * * * * * * * * * * * * * //

dimensions      [0 2 -2 0 0 0 0];

internalField   nonuniform List<scalar> 
6000
(
-0.274863
-0.274606
-0.274335
-0.274073
-0.273913
-0.274576
-0.274454
-0.27436
-0.27432
-0.274447
-0.274329
-0.274327
-0.274393
-0.27455
-0.274933
-0.274214
-0.274422
-0.27475
-0.275341
-0.274103
-0.274432
-0.274907
-0.275638
-0.273984
-0.274412
-0.275016
-0.27579
-0.273846
-0.274348
-0.275079
-0.275755
-0.273682
-0.274229
-0.27511
-0.275479
-0.273486
-0.27404
-0.27511
-0.274977
-0.273255
-0.273784
-0.274943
-0.274648
-0.272978
-0.273511
-0.274628
-0.274177
-0.27316
-0.274291
-0.273482
-0.272721
-0.273938
-0.272581
-0.272185
-0.273568
-0.271485
-0.271541
-0.273181
-0.270204
-0.272771
-0.268756
-0.27232
-0.267176
-0.271791
-0.265517
-0.26385
-0.262244
-0.260743
-0.274004
-0.273639
-0.273665
-0.27361
-0.273709
-0.273817
-0.273941
-0.273982
-0.27386
-0.273457
-0.272646
-0.27132
-0.269398
-0.266768
-0.263361
-0.259157
-0.254202
-0.248605
-0.242538
-0.236242
-0.230015
-0.224176
-0.219045
-0.214919
-0.212033
-0.210522
-0.210433
-0.211703
-0.214124
-0.217362
-0.220988
-0.224483
-0.227307
-0.228954
-0.22895
-0.227032
-0.222996
-0.216896
-0.208826
-0.199162
-0.188298
-0.17673
-0.164952
-0.153432
-0.142582
-0.132751
-0.124236
-0.117298
-0.112185
-0.109131
-0.108323
-0.10985
-0.113619
-0.11931
-0.126369
-0.13407
-0.141618
-0.148253
-0.153328
-0.156356
-0.157027
-0.155249
-0.151097
-0.144833
-0.136858
-0.127661
-0.117757
-0.107632
-0.0976987
-0.0882781
-0.079598
-0.0718032
-0.0649737
-0.0591445
-0.0543229
-0.0505034
-0.0476838
-0.0458831
-0.045157
-0.045597
-0.047298
-0.0502937
-0.0544807
-0.0595763
-0.0651294
-0.0706028
-0.0754488
-0.0792123
-0.0815157
-0.0821508
-0.0809386
-0.0779296
-0.0730863
-0.0667013
-0.0587798
-0.049766
-0.0396867
-0.028798
-0.0176238
-0.0051324
-0.275091
-0.27526
-0.275974
-0.276658
-0.277557
-0.2785
-0.279474
-0.280357
-0.281038
-0.281365
-0.281186
-0.280367
-0.278782
-0.276292
-0.272808
-0.268295
-0.262788
-0.256394
-0.249291
-0.241728
-0.234033
-0.226556
-0.219648
-0.21364
-0.208816
-0.205349
-0.203349
-0.202809
-0.203579
-0.205386
-0.207839
-0.210469
-0.212738
-0.214203
-0.214339
-0.212841
-0.209506
-0.204373
-0.197437
-0.189066
-0.179578
-0.169431
-0.159074
-0.148943
-0.139433
-0.130891
-0.123622
-0.117912
-0.114035
-0.112239
-0.112712
-0.115507
-0.120478
-0.127237
-0.13517
-0.143513
-0.151459
-0.158254
-0.163264
-0.16602
-0.166225
-0.163821
-0.158902
-0.151768
-0.142863
-0.132714
-0.121874
-0.110853
-0.100082
-0.089889
-0.0805004
-0.0720559
-0.0646272
-0.0582395
-0.0528906
-0.0485657
-0.0452526
-0.0429583
-0.0417256
-0.0416353
-0.042782
-0.0452151
-0.0488632
-0.0534835
-0.0586607
-0.0638797
-0.0686015
-0.0723705
-0.0748068
-0.0756973
-0.0748595
-0.0723299
-0.0680599
-0.0623136
-0.0550808
-0.0467737
-0.0374061
-0.0272094
-0.0167038
-0.00483398
-0.276208
-0.27684
-0.278241
-0.279636
-0.281315
-0.283072
-0.284879
-0.286586
-0.288053
-0.289095
-0.28953
-0.289207
-0.287954
-0.285599
-0.282036
-0.277213
-0.271155
-0.263968
-0.255834
-0.247007
-0.237854
-0.228752
-0.220075
-0.212189
-0.205434
-0.200004
-0.19607
-0.193688
-0.192759
-0.193073
-0.194285
-0.195972
-0.197626
-0.198788
-0.199009
-0.197913
-0.195229
-0.191034
-0.185205
-0.178115
-0.169994
-0.161269
-0.152339
-0.143615
-0.135472
-0.128257
-0.122288
-0.117872
-0.115305
-0.114846
-0.116665
-0.120778
-0.126975
-0.134803
-0.143596
-0.152562
-0.160888
-0.167828
-0.172766
-0.175247
-0.174999
-0.171956
-0.166274
-0.15828
-0.148458
-0.137378
-0.125626
-0.113738
-0.102161
-0.091227
-0.081162
-0.0720987
-0.0640998
-0.0571809
-0.0513299
-0.0465226
-0.0427375
-0.0399707
-0.0382521
-0.0376522
-0.0382633
-0.0401478
-0.0432649
-0.0474116
-0.0522109
-0.0571722
-0.0617672
-0.0655388
-0.0681038
-0.069243
-0.0687698
-0.0667081
-0.0629997
-0.0578827
-0.0513318
-0.0437306
-0.0350768
-0.0255841
-0.0157561
-0.00453473
-0.277328
-0.278345
-0.280426
-0.282497
-0.284932
-0.287473
-0.290086
-0.292592
-0.294825
-0.296563
-0.297583
-0.297737
-0.296806
-0.294579
-0.290934
-0.285801
-0.279197
-0.271229
-0.26208
-0.252005
-0.241416
-0.230717
-0.220297
-0.210558
-0.201907
-0.194525
-0.188659
-0.184425
-0.181767
-0.180542
-0.180454
-0.181125
-0.182086
-0.182897
-0.183028
-0.1824
-0.180246
-0.176934
-0.172166
-0.166331
-0.159554
-0.152239
-0.144737
-0.13743
-0.130681
-0.124834
-0.120222
-0.117168
-0.115987
-0.116938
-0.120165
-0.125632
-0.133069
-0.141959
-0.151594
-0.161161
-0.169849
-0.176922
-0.181781
-0.183984
-0.183273
-0.179608
-0.173174
-0.164336
-0.153619
-0.141634
-0.129002
-0.116283
-0.103936
-0.0922986
-0.0815929
-0.0719445
-0.0634071
-0.0559861
-0.0496598
-0.0443949
-0.0401608
-0.0369434
-0.0347608
-0.0336727
-0.0337676
-0.0351186
-0.0377129
-0.0413874
-0.0458053
-0.050504
-0.0549676
-0.0587377
-0.0614267
-0.0628076
-0.0626892
-0.0610873
-0.0579236
-0.053425
-0.0475469
-0.0406485
-0.0327081
-0.0239287
-0.0147845
-0.00423595
-0.278428
-0.279739
-0.282489
-0.285198
-0.288354
-0.291644
-0.295027
-0.298299
-0.301269
-0.303682
-0.305246
-0.305857
-0.305234
-0.303125
-0.299393
-0.293953
-0.286813
-0.278082
-0.26795
-0.256645
-0.244661
-0.23241
-0.220288
-0.208736
-0.198255
-0.188957
-0.181178
-0.175107
-0.170709
-0.167916
-0.166481
-0.166072
-0.166258
-0.166638
-0.166661
-0.166167
-0.164646
-0.162153
-0.158382
-0.153757
-0.148289
-0.142364
-0.13628
-0.130398
-0.125067
-0.120632
-0.117435
-0.115815
-0.116092
-0.118517
-0.1232
-0.130048
-0.138726
-0.148663
-0.159116
-0.169261
-0.178292
-0.185486
-0.190258
-0.19218
-0.191012
-0.186738
-0.179568
-0.169908
-0.158324
-0.145469
-0.131994
-0.118485
-0.105411
-0.093111
-0.0818037
-0.0716068
-0.0625644
-0.0546722
-0.0478988
-0.0422024
-0.0375434
-0.0338984
-0.0312744
-0.0297203
-0.0293194
-0.0301528
-0.0322331
-0.0354367
-0.0394687
-0.0438977
-0.0482232
-0.0519862
-0.0547934
-0.0564085
-0.0566346
-0.0554765
-0.0528475
-0.0489552
-0.0437394
-0.0375384
-0.0303085
-0.0222491
-0.0137926
-0.00393891
-0.279491
-0.280988
-0.284396
-0.287697
-0.291533
-0.295528
-0.299639
-0.303636
-0.307307
-0.310373
-0.312418
-0.31348
-0.313138
-0.311135
-0.307313
-0.301569
-0.293905
-0.284437
-0.27337
-0.260859
-0.247534
-0.233795
-0.220026
-0.206713
-0.194508
-0.183341
-0.173689
-0.165822
-0.159695
-0.155323
-0.152509
-0.150966
-0.150302
-0.150163
-0.149991
-0.149597
-0.148478
-0.146801
-0.143945
-0.14047
-0.136262
-0.131695
-0.127015
-0.122562
-0.118672
-0.115691
-0.113968
-0.113847
-0.115645
-0.119599
-0.125772
-0.13401
-0.143918
-0.154877
-0.166119
-0.176816
-0.186169
-0.193472
-0.19815
-0.19979
-0.198176
-0.193307
-0.185424
-0.17497
-0.162555
-0.148869
-0.134598
-0.120345
-0.10659
-0.0936729
-0.0818061
-0.0710994
-0.0615873
-0.053256
-0.0460649
-0.0399636
-0.0349048
-0.030856
-0.027814
-0.0258169
-0.0249415
-0.0252743
-0.0268503
-0.0295842
-0.0332247
-0.0373751
-0.0415533
-0.0453016
-0.0482199
-0.0500614
-0.0506215
-0.0498944
-0.0477862
-0.0444871
-0.0399213
-0.0344106
-0.0278863
-0.0205511
-0.0127837
-0.00364476
-0.280503
-0.282062
-0.286116
-0.28996
-0.29443
-0.299079
-0.303868
-0.308541
-0.312871
-0.316582
-0.318992
-0.320519
-0.320427
-0.318515
-0.314598
-0.308557
-0.300386
-0.290211
-0.27828
-0.264569
-0.249985
-0.23484
-0.219495
-0.204473
-0.190708
-0.177729
-0.166256
-0.156662
-0.148835
-0.14289
-0.138687
-0.135969
-0.134387
-0.13365
-0.133177
-0.132839
-0.131923
-0.131008
-0.12898
-0.126576
-0.123571
-0.12032
-0.117021
-0.113996
-0.111567
-0.110078
-0.109881
-0.111318
-0.114691
-0.120208
-0.127886
-0.137508
-0.148622
-0.16057
-0.172566
-0.183785
-0.193439
-0.200836
-0.205415
-0.206771
-0.204725
-0.199283
-0.190714
-0.179501
-0.166295
-0.151827
-0.136809
-0.121865
-0.107481
-0.0939943
-0.0816126
-0.0704366
-0.0604914
-0.0517539
-0.044175
-0.0376964
-0.0322633
-0.027835
-0.0243989
-0.0219823
-0.0206547
-0.020505
-0.0215879
-0.0238539
-0.0270966
-0.0309573
-0.0349764
-0.0386997
-0.0417206
-0.0437796
-0.0446632
-0.0443545
-0.0427525
-0.0400326
-0.0361035
-0.0312742
-0.0254489
-0.0188399
-0.0117613
-0.00335455
-0.281472
-0.282932
-0.28763
-0.291958
-0.297009
-0.302258
-0.307668
-0.312963
-0.317901
-0.322302
-0.324834
-0.32689
-0.327015
-0.32518
-0.321166
-0.314841
-0.306187
-0.295337
-0.282652
-0.267696
-0.251977
-0.235518
-0.218687
-0.201974
-0.186937
-0.172175
-0.158945
-0.147719
-0.138242
-0.130741
-0.125161
-0.121245
-0.118686
-0.117284
-0.116416
-0.116023
-0.115303
-0.114868
-0.113647
-0.112219
-0.110348
-0.108362
-0.106414
-0.104809
-0.103853
-0.103888
-0.105258
-0.108296
-0.113279
-0.120376
-0.129554
-0.140537
-0.152819
-0.165714
-0.178425
-0.190133
-0.200063
-0.207541
-0.212016
-0.213096
-0.21063
-0.204638
-0.195414
-0.183481
-0.169533
-0.154335
-0.138628
-0.12305
-0.10809
-0.0940859
-0.0812361
-0.0696328
-0.0592919
-0.0501818
-0.0422454
-0.0354174
-0.0296357
-0.0248527
-0.0210466
-0.0182345
-0.0164777
-0.0158651
-0.0164671
-0.0182682
-0.0211064
-0.0246647
-0.0285103
-0.0321956
-0.0353081
-0.0375746
-0.0387708
-0.0388681
-0.0377575
-0.0356021
-0.0322957
-0.0281376
-0.0230029
-0.0171201
-0.0107284
-0.00306913
-0.282356
-0.28363
-0.288885
-0.29367
-0.299219
-0.305009
-0.310969
-0.316813
-0.322275
-0.32705
-0.330435
-0.332556
-0.332862
-0.331084
-0.32697
-0.320373
-0.311268
-0.299784
-0.28618
-0.27046
-0.253584
-0.235839
-0.217622
-0.199118
-0.183325
-0.166711
-0.151796
-0.139104
-0.128038
-0.119001
-0.112082
-0.10696
-0.103373
-0.101256
-0.0999075
-0.0993367
-0.09882
-0.0986322
-0.098127
-0.0975706
-0.0967576
-0.0959746
-0.0953401
-0.0951386
-0.0956603
-0.0972344
-0.100197
-0.104861
-0.111468
-0.12014
-0.130794
-0.143096
-0.156497
-0.170288
-0.183669
-0.19583
-0.206011
-0.213554
-0.217922
-0.218744
-0.215867
-0.209348
-0.199505
-0.186899
-0.172261
-0.156392
-0.140057
-0.123905
-0.108428
-0.0939598
-0.0806902
-0.0687025
-0.058004
-0.0485551
-0.0402917
-0.0331419
-0.0270377
-0.0219246
-0.0177727
-0.0145895
-0.0124272
-0.0113724
-0.0115077
-0.012848
-0.0152755
-0.0185174
-0.0221723
-0.0258036
-0.0289941
-0.0314564
-0.0329537
-0.0334441
-0.0328104
-0.0312045
-0.028506
-0.0250078
-0.0205543
-0.015396
-0.00968793
-0.00278908
-0.28277
-0.284305
-0.289826
-0.2951
-0.301069
-0.307343
-0.313789
-0.32012
-0.326043
-0.331229
-0.335288
-0.337464
-0.337911
-0.336177
-0.331964
-0.325111
-0.315589
-0.303514
-0.289119
-0.272618
-0.254714
-0.23581
-0.216386
-0.196917
-0.179023
-0.161269
-0.144789
-0.130905
-0.118308
-0.107785
-0.0996005
-0.0932804
-0.0886189
-0.0857542
-0.0838508
-0.0829609
-0.0824651
-0.0825693
-0.0826169
-0.0828312
-0.0829903
-0.0833397
-0.0839706
-0.0851448
-0.0871316
-0.0902459
-0.094806
-0.101097
-0.10932
-0.119539
-0.131624
-0.145188
-0.159648
-0.174278
-0.188279
-0.200853
-0.211258
-0.21885
-0.223108
-0.223681
-0.220414
-0.213395
-0.202973
-0.189743
-0.174474
-0.157998
-0.141101
-0.124439
-0.108507
-0.0936289
-0.0799888
-0.0676602
-0.0566423
-0.0468885
-0.0383284
-0.0308845
-0.0244833
-0.0190646
-0.0145913
-0.0110614
-0.00851758
-0.00704247
-0.00672694
-0.0076125
-0.0096239
-0.0125347
-0.0159795
-0.0195373
-0.0227893
-0.0254336
-0.0272193
-0.0280895
-0.0279182
-0.0268467
-0.0247412
-0.0218908
-0.018108
-0.0136708
-0.00864224
-0.00251461
-0.283127
-0.284788
-0.290522
-0.296219
-0.302547
-0.309234
-0.316098
-0.322845
-0.329158
-0.334706
-0.339517
-0.341544
-0.342121
-0.34042
-0.336113
-0.329026
-0.319124
-0.306518
-0.29144
-0.2742
-0.255372
-0.235447
-0.214951
-0.194455
-0.174979
-0.156055
-0.138399
-0.122918
-0.109029
-0.0971501
-0.0878352
-0.0803318
-0.0745637
-0.070961
-0.0684271
-0.0671341
-0.0665789
-0.0668571
-0.0673349
-0.0682145
-0.0692531
-0.0706563
-0.0724937
-0.0749992
-0.0784225
-0.0830576
-0.0891972
-0.0970913
-0.106894
-0.118613
-0.132065
-0.146821
-0.162269
-0.177673
-0.19224
-0.205186
-0.215785
-0.22341
-0.227558
-0.227887
-0.224253
-0.216767
-0.205809
-0.19201
-0.176173
-0.159159
-0.141767
-0.124664
-0.108337
-0.0931069
-0.079146
-0.0665201
-0.0552211
-0.0451959
-0.0363691
-0.0286583
-0.0219854
-0.0162854
-0.0115144
-0.00766201
-0.00476129
-0.00288868
-0.00214002
-0.00257904
-0.00417051
-0.00673533
-0.00994874
-0.0134104
-0.016704
-0.0195137
-0.0215735
-0.0228098
-0.0230861
-0.0225339
-0.0210065
-0.018791
-0.015668
-0.0119471
-0.00759333
-0.00224548
-0.283409
-0.285086
-0.290967
-0.297024
-0.303649
-0.310677
-0.317887
-0.324978
-0.331606
-0.337367
-0.341467
-0.344688
-0.345468
-0.343796
-0.339402
-0.332106
-0.321869
-0.3088
-0.293137
-0.275224
-0.255596
-0.234785
-0.213346
-0.191879
-0.171135
-0.151112
-0.132362
-0.115545
-0.100445
-0.0873977
-0.0767525
-0.0681523
-0.0612906
-0.057039
-0.05381
-0.052166
-0.0514044
-0.0516592
-0.0525065
-0.0539394
-0.05576
-0.0581297
-0.0610998
-0.0648777
-0.0696901
-0.0758045
-0.083481
-0.0929287
-0.104252
-0.1174
-0.132137
-0.148002
-0.16436
-0.180469
-0.195545
-0.208819
-0.219582
-0.227223
-0.231259
-0.231351
-0.227374
-0.219456
-0.20801
-0.1937
-0.177362
-0.15988
-0.142068
-0.124591
-0.107935
-0.0924081
-0.0781762
-0.0652964
-0.0537539
-0.0434905
-0.0344263
-0.0264752
-0.0195555
-0.0135977
-0.00855261
-0.00440167
-0.00116851
0.00107795
0.00224034
0.00223725
0.00106741
-0.0011374
-0.00409675
-0.0074369
-0.0107484
-0.0137036
-0.0160213
-0.0176085
-0.0183177
-0.0182696
-0.0173055
-0.0157116
-0.013237
-0.0102264
-0.00654251
-0.0019809
-0.283602
-0.285231
-0.291161
-0.29752
-0.304381
-0.311673
-0.319158
-0.326521
-0.333402
-0.339391
-0.343878
-0.347068
-0.34796
-0.346303
-0.341829
-0.334353
-0.323834
-0.310374
-0.294214
-0.275725
-0.255427
-0.233868
-0.211622
-0.189292
-0.167512
-0.146509
-0.126766
-0.108799
-0.0926042
-0.0784913
-0.0666759
-0.0570136
-0.0492908
-0.0440044
-0.0401716
-0.037997
-0.0370113
-0.037249
-0.0383411
-0.0402182
-0.0427188
-0.0459577
-0.0499756
-0.0549512
-0.0610856
-0.0686147
-0.0777609
-0.0886881
-0.101448
-0.115936
-0.131864
-0.148746
-0.165928
-0.182668
-0.198194
-0.21175
-0.222645
-0.230283
-0.234208
-0.23407
-0.229774
-0.221462
-0.209577
-0.194818
-0.17805
-0.160175
-0.142015
-0.124236
-0.107313
-0.0915473
-0.0770937
-0.0640026
-0.0522536
-0.0417844
-0.0325116
-0.0243462
-0.0172037
-0.0110112
-0.00571471
-0.00128869
0.00225256
0.00484868
0.00640383
0.00682349
0.00607434
0.00424205
0.00155984
-0.00163083
-0.00493293
-0.00801047
-0.0105668
-0.0124885
-0.0136152
-0.0140558
-0.0136402
-0.0126544
-0.0108165
-0.0085092
-0.00549034
-0.00171947
-0.283714
-0.285248
-0.291115
-0.297712
-0.30475
-0.312231
-0.319917
-0.32748
-0.334553
-0.340728
-0.345427
-0.348649
-0.349606
-0.34795
-0.343405
-0.335783
-0.325033
-0.311256
-0.294702
-0.275751
-0.254912
-0.232745
-0.209834
-0.186776
-0.164152
-0.142308
-0.121694
-0.102742
-0.0855752
-0.0704799
-0.0576206
-0.0469621
-0.0383901
-0.0321666
-0.0276672
-0.0249725
-0.0236791
-0.0237978
-0.0250263
-0.0272441
-0.030318
-0.0343239
-0.0392937
-0.0453769
-0.0527469
-0.0616043
-0.0721301
-0.0844402
-0.098534
-0.114255
-0.131269
-0.149066
-0.166981
-0.184277
-0.20019
-0.213982
-0.224976
-0.232591
-0.236368
-0.236047
-0.231457
-0.222789
-0.210518
-0.195374
-0.178247
-0.160056
-0.141626
-0.123614
-0.106489
-0.0905396
-0.0759127
-0.062652
-0.0507325
-0.0400888
-0.0306353
-0.0222808
-0.0149388
-0.00853378
-0.00300806
0.00167024
0.0054956
0.00841691
0.0103425
0.0111692
0.0108368
0.00938712
0.00700466
0.00399321
0.000731144
-0.0024414
-0.00521418
-0.00745147
-0.00897839
-0.00989318
-0.0100113
-0.00961944
-0.00840687
-0.00679469
-0.0044364
-0.00145915
-0.283733
-0.285157
-0.290843
-0.297608
-0.304767
-0.312361
-0.320174
-0.327866
-0.335065
-0.341357
-0.346191
-0.349437
-0.350421
-0.348754
-0.344149
-0.336412
-0.325491
-0.311485
-0.294642
-0.275347
-0.254102
-0.23147
-0.208039
-0.1844
-0.161106
-0.138565
-0.117209
-0.0974275
-0.0794139
-0.0634348
-0.0496445
-0.03807
-0.0286706
-0.0215871
-0.0164113
-0.0131757
-0.0115191
-0.0114468
-0.012719
-0.0151803
-0.018721
-0.0233881
-0.0292046
-0.0362916
-0.0447935
-0.0548735
-0.0666689
-0.0802463
-0.0955544
-0.112388
-0.130374
-0.148979
-0.167535
-0.185307
-0.201544
-0.215525
-0.226587
-0.23416
-0.237829
-0.237294
-0.232432
-0.223447
-0.210844
-0.195382
-0.177972
-0.159542
-0.140917
-0.122744
-0.105479
-0.0894003
-0.074647
-0.061257
-0.0492018
-0.038414
-0.0288066
-0.0202874
-0.0127683
-0.0061723
-0.000438564
0.00447001
0.00855608
0.0117781
0.0140507
0.0152666
0.0153433
0.0142834
0.0122218
0.00942022
0.0062318
0.00299548
3.23449e-05
-0.00249932
-0.00440909
-0.00578114
-0.00641777
-0.00660548
-0.0060068
-0.00508083
-0.00337926
-0.00119717
-0.283628
-0.28497
-0.290356
-0.297216
-0.304438
-0.312075
-0.319943
-0.327692
-0.334961
-0.341303
-0.346222
-0.349452
-0.350424
-0.348736
-0.344088
-0.336278
-0.325251
-0.311102
-0.294077
-0.27456
-0.253047
-0.230095
-0.206293
-0.182221
-0.15842
-0.135328
-0.113365
-0.0928983
-0.074161
-0.0574062
-0.0427923
-0.0303868
-0.0202001
-0.0123183
-0.00647541
-0.00267814
-0.00062434
-0.000311615
-0.00154154
-0.00415563
-0.00806026
-0.0132806
-0.0198317
-0.0278078
-0.0373239
-0.0485047
-0.0614433
-0.0761576
-0.0925476
-0.110365
-0.129202
-0.148505
-0.167605
-0.185774
-0.202272
-0.216395
-0.227493
-0.235004
-0.238558
-0.237825
-0.232713
-0.223452
-0.210572
-0.19486
-0.177243
-0.158654
-0.139909
-0.121644
-0.1043
-0.0881447
-0.0733102
-0.0598295
-0.047672
-0.0367692
-0.0270338
-0.0183731
-0.0106986
-0.00393214
0.00198923
0.00710697
0.0114311
0.0149296
0.0175252
0.0191099
0.0195852
0.0189183
0.0171962
0.0146349
0.011556
0.00829093
0.0051676
0.00236603
9.32141e-05
-0.00171815
-0.00285758
-0.0036099
-0.00361384
-0.00336431
-0.00231661
-0.000929855
-0.28334
-0.284684
-0.289659
-0.296539
-0.303767
-0.311379
-0.319231
-0.326965
-0.334238
-0.34096
-0.34556
-0.348718
-0.349646
-0.347935
-0.343262
-0.335422
-0.324355
-0.310152
-0.293054
-0.273439
-0.251793
-0.228668
-0.204642
-0.180287
-0.156135
-0.132635
-0.1102
-0.0891838
-0.0698431
-0.0524225
-0.0370884
-0.023938
-0.0130175
-0.00439513
0.00209677
0.00646095
0.00893795
0.00952811
0.00841933
0.005736
0.0015663
-0.00409936
-0.0112688
-0.0200115
-0.0304134
-0.0425613
-0.0565047
-0.0722146
-0.0895459
-0.108211
-0.127773
-0.147663
-0.167211
-0.185697
-0.202393
-0.21661
-0.227714
-0.23515
-0.238583
-0.237659
-0.23232
-0.222822
-0.209723
-0.193831
-0.176085
-0.157414
-0.138624
-0.120333
-0.102969
-0.0867879
-0.0719152
-0.0583807
-0.0461527
-0.0351626
-0.0253238
-0.0165439
-0.00873473
-0.0018175
0.00427206
0.0095788
0.0141192
0.0178705
0.0207645
0.0226962
0.0235558
0.0232813
0.0219139
0.0196219
0.0166897
0.0134342
0.0101852
0.00714208
0.00452855
0.00229759
0.000672268
-0.000629003
-0.00122433
-0.00164068
-0.00124524
-0.000652731
-0.282789
-0.284267
-0.288753
-0.295569
-0.302749
-0.310275
-0.318047
-0.325697
-0.332836
-0.33894
-0.344112
-0.347253
-0.348121
-0.346389
-0.341714
-0.333888
-0.322849
-0.30868
-0.291617
-0.272027
-0.250384
-0.227227
-0.203124
-0.178634
-0.154278
-0.130509
-0.107734
-0.0862982
-0.0664708
-0.0484923
-0.0325383
-0.0187279
-0.00713525
0.00217098
0.00928662
0.0142137
0.0171337
0.0180297
0.0171113
0.0144356
0.0100947
0.00408987
-0.00358006
-0.0129623
-0.0241149
-0.0370884
-0.0518904
-0.0684482
-0.0865752
-0.105949
-0.126109
-0.146475
-0.166376
-0.185099
-0.201931
-0.216193
-0.227275
-0.234646
-0.237933
-0.236819
-0.231276
-0.221584
-0.208324
-0.192323
-0.174524
-0.155849
-0.137085
-0.118832
-0.101504
-0.0853447
-0.0704744
-0.0569209
-0.0446524
-0.0336014
-0.0236825
-0.0148048
-0.00688059
0.000168605
0.00640782
0.0118844
0.0166202
0.0206014
0.0237692
0.0260246
0.0272515
0.0273641
0.0263623
0.0243662
0.0216179
0.0184131
0.0150768
0.011825
0.00889671
0.00626809
0.00417523
0.00234173
0.00116637
9.54514e-05
-0.00016114
-0.000360695
-0.281884
-0.283653
-0.287628
-0.294295
-0.301374
-0.308761
-0.316395
-0.323912
-0.330963
-0.337159
-0.342012
-0.345082
-0.345888
-0.344142
-0.33949
-0.331726
-0.320782
-0.306737
-0.289814
-0.270368
-0.248858
-0.225806
-0.201765
-0.177281
-0.152862
-0.128959
-0.10597
-0.0842376
-0.0640359
-0.0456043
-0.0291268
-0.0147402
-0.002541
0.0073923
0.0151008
0.0205805
0.0239586
0.0251866
0.0245142
0.0219166
0.0174928
0.0112519
0.00319852
-0.00669483
-0.0184601
-0.0321137
-0.0476246
-0.0648799
-0.0836558
-0.1036
-0.124232
-0.144963
-0.165122
-0.184006
-0.200912
-0.215171
-0.226195
-0.233549
-0.236638
-0.235332
-0.229607
-0.219765
-0.206404
-0.190365
-0.17259
-0.153985
-0.135316
-0.117163
-0.0999218
-0.0838292
-0.0689995
-0.0554596
-0.0431788
-0.0320917
-0.022115
-0.0131595
-0.005139
0.00202428
0.00839553
0.0140238
0.0189353
0.0231241
0.0265416
0.0290964
0.0306707
0.0311609
0.0305309
0.0288536
0.0263252
0.0232135
0.0198322
0.016409
0.0131961
0.010195
0.00765482
0.00530707
0.00356344
0.00185013
0.000940313
-4.82389e-05
-0.280535
-0.282747
-0.286259
-0.2927
-0.299624
-0.306829
-0.314276
-0.321614
-0.328509
-0.334499
-0.339247
-0.342232
-0.342989
-0.341242
-0.336643
-0.328988
-0.318208
-0.304371
-0.287689
-0.268501
-0.247246
-0.224429
-0.200583
-0.176237
-0.151887
-0.127975
-0.104894
-0.0829798
-0.0625109
-0.0437267
-0.0268185
-0.0119375
0.000800728
0.0113038
0.0195698
0.0255864
0.0294345
0.0310215
0.0306357
0.0281806
0.0237569
0.0173789
0.00905624
-0.00122112
-0.0134613
-0.0276497
-0.0437199
-0.061523
-0.0808026
-0.101181
-0.122162
-0.143149
-0.163476
-0.182446
-0.199366
-0.213576
-0.224498
-0.231716
-0.234703
-0.233219
-0.227344
-0.217397
-0.203997
-0.187992
-0.170315
-0.151852
-0.133342
-0.115345
-0.0982402
-0.0822554
-0.0675014
-0.0540055
-0.0417388
-0.0306388
-0.020625
-0.0116108
-0.00351171
0.00374868
0.0102352
0.0159979
0.0210665
0.025442
0.0290855
0.0319148
0.0338144
0.0346688
0.0344114
0.033071
0.030796
0.0278203
0.024439
0.0208861
0.0174233
0.0140784
0.0111135
0.00827144
0.00597216
0.00362959
0.00206407
0.000290269
-0.278677
-0.281428
-0.284607
-0.290763
-0.297481
-0.304467
-0.311687
-0.318804
-0.325502
-0.331307
-0.335893
-0.338755
-0.339475
-0.337743
-0.333229
-0.325733
-0.315181
-0.301633
-0.285287
-0.266461
-0.245575
-0.223112
-0.199582
-0.175497
-0.151337
-0.127534
-0.104473
-0.082485
-0.0618501
-0.0428086
-0.0255583
-0.0102625
0.00294679
0.0139617
0.0227454
0.0292788
0.0336035
0.0355772
0.0355077
0.0332536
0.0289074
0.022486
0.014004
0.00346605
-0.00911452
-0.0236954
-0.0401785
-0.0583835
-0.0780259
-0.0987068
-0.119917
-0.141057
-0.161463
-0.180447
-0.197324
-0.211442
-0.22224
-0.229279
-0.23214
-0.230511
-0.224521
-0.214518
-0.201141
-0.18524
-0.167733
-0.149478
-0.131189
-0.113399
-0.0964753
-0.0806361
-0.0659903
-0.0525662
-0.0403381
-0.0292469
-0.0192154
-0.0101603
-0.00199947
0.00534195
0.0119279
0.0178088
0.0230168
0.0275589
0.0314056
0.0344847
0.0366859
0.0378873
0.0379979
0.037007
0.035015
0.032217
0.0288824
0.0252454
0.0215721
0.017916
0.0145523
0.0112382
0.00839719
0.00543969
0.00321502
0.000660237
-0.276276
-0.27958
-0.28262
-0.288462
-0.294927
-0.301671
-0.308633
-0.315498
-0.321973
-0.327586
-0.332002
-0.334717
-0.335403
-0.333705
-0.32931
-0.322021
-0.311759
-0.298575
-0.28265
-0.264283
-0.243868
-0.221864
-0.198761
-0.175046
-0.151185
-0.127597
-0.10466
-0.0826974
-0.0619908
-0.0427817
-0.0252736
-0.0096399
0.00397307
0.0154415
0.0246991
0.0317255
0.0365329
0.038917
0.0391835
0.0371818
0.0329842
0.0266076
0.0180704
0.00738983
-0.00540211
-0.0202386
-0.0369942
-0.0554613
-0.0753317
-0.0961893
-0.117516
-0.138709
-0.159109
-0.178038
-0.194818
-0.208805
-0.21944
-0.226283
-0.229001
-0.22725
-0.221177
-0.211167
-0.197875
-0.182147
-0.164878
-0.146895
-0.12888
-0.111346
-0.0946429
-0.0789834
-0.0644752
-0.0511486
-0.0389817
-0.0279192
-0.0178883
-0.00880902
-0.000602165
0.0068051
0.0134755
0.0194591
0.02479
0.02948
0.033508
0.0368124
0.0392903
0.0408184
0.0412874
0.0406527
0.038968
0.0363868
0.0331461
0.0294733
0.0256331
0.0217033
0.0179699
0.0142088
0.0108419
0.00728525
0.00439752
0.00106645
-0.273342
-0.277127
-0.280246
-0.285774
-0.291958
-0.298442
-0.305127
-0.311717
-0.317947
-0.323355
-0.327609
-0.330179
-0.330836
-0.329196
-0.324954
-0.317917
-0.308002
-0.295249
-0.279821
-0.261995
-0.24214
-0.22069
-0.198108
-0.17486
-0.151394
-0.128117
-0.105395
-0.0835483
-0.0628566
-0.0435633
-0.0258769
-0.00997901
0.00397143
0.0158351
0.0255172
0.0330086
0.0383834
0.041126
0.0417331
0.040027
0.0360428
0.0297929
0.0212982
0.010586
-0.00229547
-0.0172584
-0.0341537
-0.0527509
-0.0727223
-0.093638
-0.114973
-0.136126
-0.156441
-0.175248
-0.191877
-0.205696
-0.216135
-0.222806
-0.225345
-0.223475
-0.217353
-0.207387
-0.194243
-0.178754
-0.161787
-0.144133
-0.126442
-0.109205
-0.0927584
-0.0773092
-0.0629651
-0.0497594
-0.0376741
-0.0266589
-0.0166453
-0.00755735
0.000680821
0.00813966
0.0148803
0.0209522
0.0263904
0.0312107
0.0353994
0.0389052
0.0416346
0.0434664
0.0442796
0.0440015
0.0426426
0.0403129
0.0372119
0.0335535
0.0295942
0.0254329
0.021362
0.0171821
0.0133076
0.00916935
0.00561486
0.00151267
-0.269896
-0.274077
-0.277439
-0.282684
-0.288579
-0.294798
-0.301198
-0.307502
-0.313469
-0.318662
-0.322736
-0.325207
-0.325846
-0.324287
-0.320231
-0.313487
-0.30397
-0.291705
-0.276839
-0.259626
-0.240407
-0.219588
-0.197608
-0.174909
-0.15192
-0.129036
-0.10661
-0.0849593
-0.0643606
-0.0450599
-0.027269
-0.0111766
0.00304709
0.0152481
0.0253002
0.0331967
0.039283
0.0422643
0.0432344
0.0418629
0.0381507
0.0321025
0.0237405
0.0130998
0.000242325
-0.0147266
-0.031638
-0.0502425
-0.0701965
-0.0910598
-0.112304
-0.133327
-0.153481
-0.172104
-0.188532
-0.202149
-0.212412
-0.21888
-0.221212
-0.219229
-0.213092
-0.203223
-0.19029
-0.175104
-0.158497
-0.141222
-0.1239
-0.106997
-0.0908374
-0.0756254
-0.061469
-0.0484047
-0.0364196
-0.0254684
-0.0154875
-0.00640524
0.0018506
0.00934771
0.0161453
0.0222919
0.0278228
0.0327569
0.0370868
0.0407713
0.0437267
0.0458378
0.046977
0.0470496
0.0460282
0.0439795
0.0410611
0.0374672
0.0334394
0.0290933
0.0247205
0.0201535
0.0157928
0.0110926
0.00686869
0.00200117
-0.270503
-0.27418
-0.279191
-0.284813
-0.290773
-0.29689
-0.302907
-0.308601
-0.313591
-0.317475
-0.319872
-0.32051
-0.319056
-0.315217
-0.308803
-0.299724
-0.287997
-0.273746
-0.257202
-0.23868
-0.218557
-0.197243
-0.175161
-0.152717
-0.130294
-0.108235
-0.0868502
-0.0664156
-0.0471757
-0.029347
-0.0131241
0.00131365
0.0137987
0.024167
0.0323802
0.0383948
0.0423738
0.0437724
0.0427733
0.0393844
0.0336053
0.0254581
0.0149837
0.00225443
-0.0126097
-0.0294237
-0.0479224
-0.0677502
-0.0884592
-0.109519
-0.130331
-0.150253
-0.168632
-0.184808
-0.198182
-0.208398
-0.214534
-0.216633
-0.214552
-0.208441
-0.198725
-0.186062
-0.171237
-0.155042
-0.138192
-0.121274
-0.104736
-0.0888907
-0.0739393
-0.059991
-0.0470868
-0.0352186
-0.0243468
-0.0144128
-0.00534964
0.00291099
0.0104337
0.0172755
0.0234838
0.0290937
0.0341259
0.0385788
0.04242
0.0455767
0.0479412
0.0493847
0.0497969
0.0491177
0.0473726
0.0446751
0.0411941
0.0371495
0.0326694
0.0280332
0.0231146
0.0182923
0.0130525
0.0081585
0.00253236
-0.266503
-0.270487
-0.275316
-0.280695
-0.286409
-0.292255
-0.297994
-0.303402
-0.308224
-0.311925
-0.314253
-0.314907
-0.313581
-0.309986
-0.303932
-0.295327
-0.284174
-0.270581
-0.254751
-0.236973
-0.217594
-0.196999
-0.175586
-0.153743
-0.131837
-0.110203
-0.0891451
-0.0689332
-0.0498148
-0.0320093
-0.0157153
-0.00111971
0.0115993
0.0222421
0.0307413
0.0372646
0.0416362
0.0434545
0.0428521
0.0398277
0.034376
0.0265169
0.0162943
0.00378821
-0.0108703
-0.0274831
-0.0457732
-0.0653754
-0.0858369
-0.106627
-0.127152
-0.146775
-0.164853
-0.180729
-0.193813
-0.203899
-0.209756
-0.211637
-0.209489
-0.203449
-0.193938
-0.181601
-0.167188
-0.151448
-0.135058
-0.118574
-0.102426
-0.0869175
-0.0722469
-0.0585256
-0.0457986
-0.0340635
-0.0232859
-0.0134128
-0.00438203
0.0038706
0.0114064
0.0182799
0.0245369
0.0302122
0.0353277
0.0398859
0.0438629
0.0471961
0.0497875
0.0515107
0.0522461
0.0519069
0.0504811
0.0480367
0.0447135
0.0407031
0.0361411
0.0312837
0.0260525
0.0207973
0.0150428
0.00948117
0.00310436
-0.262217
-0.266434
-0.271117
-0.276289
-0.281773
-0.287365
-0.292844
-0.297987
-0.302574
-0.306155
-0.308426
-0.30911
-0.307931
-0.304599
-0.298927
-0.290819
-0.280266
-0.267357
-0.25227
-0.235267
-0.216667
-0.196827
-0.176121
-0.15492
-0.133576
-0.112416
-0.0917356
-0.0718015
-0.0528625
-0.0351393
-0.0188333
-0.00413668
0.00876531
0.0196464
0.0283805
0.0353993
0.0401639
0.0423916
0.0421993
0.0395698
0.0344935
0.0269855
0.0170895
0.00489046
-0.00947197
-0.0257903
-0.0437786
-0.0630653
-0.0831944
-0.103637
-0.123805
-0.143067
-0.160789
-0.176328
-0.18909
-0.198719
-0.204525
-0.206269
-0.204098
-0.198173
-0.188918
-0.176955
-0.162995
-0.147745
-0.131844
-0.115819
-0.100083
-0.0849313
-0.0705599
-0.0570825
-0.0445486
-0.0329609
-0.022291
-0.0124913
-0.00350479
0.0047284
0.012266
0.0191598
0.0254539
0.0311821
0.0363672
0.0410149
0.0451084
0.0485948
0.0513867
0.0533632
0.0544009
0.0543931
0.0532949
0.0511293
0.048004
0.0440771
0.0394841
0.0344513
0.02895
0.0232942
0.0170532
0.0108306
0.00371275
-0.257794
-0.262118
-0.26669
-0.271697
-0.276983
-0.282346
-0.28759
-0.292481
-0.296745
-0.300229
-0.302493
-0.303238
-0.302224
-0.29917
-0.293891
-0.28629
-0.276347
-0.26413
-0.249797
-0.23358
-0.21577
-0.196699
-0.176719
-0.156182
-0.135427
-0.114776
-0.0945094
-0.0748939
-0.056178
-0.0385846
-0.0223165
-0.00757089
0.00545696
0.0165135
0.0252473
0.0329343
0.0380682
0.0406643
0.0409055
0.0387017
0.0340416
0.0269374
0.0174317
0.0056121
-0.00837697
-0.0243205
-0.0419261
-0.0608187
-0.0805409
-0.100566
-0.120314
-0.13916
-0.156477
-0.171651
-0.184057
-0.193266
-0.198865
-0.200552
-0.198423
-0.192678
-0.183745
-0.172217
-0.158763
-0.144047
-0.128668
-0.113129
-0.097825
-0.0830448
-0.0689838
-0.0557588
-0.0434243
-0.0319892
-0.0214314
-0.0117091
-0.00277068
0.00543891
0.0129737
0.0198825
0.0262074
0.0319812
0.0372269
0.041953
0.0461485
0.0497696
0.0527392
0.054944
0.0562615
0.0565716
0.0558029
0.0539348
0.0510412
0.0472456
0.0426693
0.0375101
0.031784
0.0257642
0.0190687
0.0121969
0.00435012
-0.257485
-0.26192
-0.266788
-0.271904
-0.27706
-0.282075
-0.286756
-0.291005
-0.294265
-0.296549
-0.297386
-0.296574
-0.293837
-0.288994
-0.281944
-0.272658
-0.261183
-0.24765
-0.232263
-0.215286
-0.197021
-0.177796
-0.157946
-0.1378
-0.117669
-0.0978259
-0.0785341
-0.0600412
-0.0425729
-0.0263319
-0.0115155
0.00168235
0.0130394
0.0224192
0.0301045
0.035367
0.0382908
0.0389721
0.0372516
0.0330759
0.0264492
0.0174135
0.00605764
-0.00747083
-0.0229528
-0.0400897
-0.0585051
-0.0777416
-0.0972758
-0.116536
-0.134908
-0.151765
-0.166547
-0.17874
-0.187503
-0.192789
-0.194424
-0.192436
-0.186985
-0.178481
-0.167479
-0.154603
-0.140472
-0.125649
-0.110616
-0.0957549
-0.0813503
-0.0675993
-0.0546237
-0.0424846
-0.031198
-0.0207484
-0.0111004
-0.00220801
0.00597904
0.0135108
0.0204332
0.0267862
0.032601
0.0379011
0.0426966
0.0469822
0.0507225
0.0538508
0.0562623
0.0578386
0.058451
0.0580065
0.0564449
0.0538048
0.0501781
0.0456618
0.0404333
0.03453
0.0281854
0.021071
0.0135666
0.00500536
-0.252636
-0.256784
-0.261425
-0.266347
-0.271326
-0.276179
-0.280553
-0.284234
-0.287649
-0.289835
-0.290731
-0.290123
-0.287712
-0.283315
-0.276833
-0.268227
-0.257524
-0.244832
-0.230325
-0.214237
-0.196846
-0.178455
-0.159379
-0.13993
-0.120409
-0.101091
-0.0822368
-0.0640988
-0.0469021
-0.0308401
-0.0161088
-0.00292005
0.00851067
0.0170909
0.0262838
0.0321992
0.0355931
0.0365842
0.0352628
0.0315481
0.0254116
0.0168853
0.00605428
-0.00693462
-0.0218633
-0.0384341
-0.0562702
-0.074918
-0.0938636
-0.112549
-0.130372
-0.146704
-0.161013
-0.17281
-0.181364
-0.186726
-0.188215
-0.186283
-0.181064
-0.172921
-0.162376
-0.15001
-0.136406
-0.122102
-0.107556
-0.0931395
-0.0791301
-0.0657217
-0.0530362
-0.0411375
-0.0300461
-0.019751
-0.0102223
-0.00141864
0.00670575
0.014197
0.0210978
0.0274456
0.0332699
0.0385926
0.0434243
0.0477633
0.051583
0.0548293
0.0574095
0.0592105
0.0600977
0.0599589
0.0586998
0.0563179
0.0528775
0.0484536
0.0432146
0.0371811
0.0305479
0.0230508
0.0149328
0.00566404
-0.246174
-0.24992
-0.254298
-0.25901
-0.263748
-0.268329
-0.272644
-0.276512
-0.27946
-0.281011
-0.281395
-0.280436
-0.27781
-0.273312
-0.26685
-0.258405
-0.248014
-0.235781
-0.221873
-0.20651
-0.189952
-0.172478
-0.15438
-0.135948
-0.117461
-0.0991713
-0.0813003
-0.0640371
-0.0476009
-0.0321878
-0.0179544
-0.00504746
0.00643206
0.0168353
0.0233033
0.0284652
0.0318189
0.0330711
0.0320573
0.0286771
0.022901
0.0147536
0.00431906
-0.00824753
-0.0227124
-0.0387579
-0.0559871
-0.0739308
-0.0920591
-0.109852
-0.126735
-0.142108
-0.155339
-0.166041
-0.173361
-0.177406
-0.178177
-0.175661
-0.170098
-0.161904
-0.151586
-0.139684
-0.126727
-0.113192
-0.0994853
-0.085927
-0.0727554
-0.0601333
-0.0481611
-0.0368908
-0.0263408
-0.0165043
-0.00735732
0.00113385
0.00900689
0.0163001
0.0230491
0.0292856
0.035034
0.0403111
0.045123
0.0494679
0.0533307
0.0566829
0.0594662
0.0615927
0.0629303
0.0633295
0.0626326
0.0607569
0.0577112
0.053535
0.0482864
0.0420553
0.0349307
0.0267491
0.0175202
0.00688776
-0.233789
-0.236845
-0.240549
-0.244676
-0.248742
-0.252406
-0.255506
-0.257941
-0.2597
-0.260875
-0.260877
-0.259426
-0.25645
-0.251896
-0.245711
-0.237878
-0.228433
-0.217464
-0.205106
-0.191534
-0.176949
-0.161573
-0.145638
-0.129378
-0.113016
-0.0967782
-0.0808879
-0.0655699
-0.0509934
-0.0373239
-0.0247541
-0.0134054
-0.00332795
0.0050703
0.0120835
0.017187
0.0203345
0.0214709
0.0205277
0.0174572
0.0122499
0.00494428
-0.00436513
-0.0155197
-0.0282924
-0.0423859
-0.0574315
-0.0729901
-0.0885706
-0.103604
-0.117546
-0.129932
-0.140384
-0.14841
-0.154207
-0.15711
-0.157088
-0.154325
-0.14908
-0.141701
-0.132596
-0.122197
-0.110916
-0.0991282
-0.0871499
-0.0752361
-0.0635803
-0.052321
-0.0415499
-0.031322
-0.0216624
-0.0125768
-0.0040573
0.0039133
0.0113571
0.0182985
0.0247609
0.030766
0.0363306
0.0414675
0.0461821
0.0504756
0.0543377
0.0577475
0.0606568
0.0629964
0.0646606
0.0655256
0.0654126
0.064239
0.0618332
0.0582362
0.053363
0.0472252
0.0398278
0.0310104
0.0206052
0.00840684
-0.221515
-0.224302
-0.227637
-0.231399
-0.2351
-0.238402
-0.24117
-0.243321
-0.244705
-0.245002
-0.244281
-0.242462
-0.239401
-0.234989
-0.229175
-0.221954
-0.213359
-0.203466
-0.192383
-0.180251
-0.167239
-0.153532
-0.139327
-0.124825
-0.110227
-0.0957316
-0.0815346
-0.0678134
-0.0547205
-0.0423955
-0.0309611
-0.0205887
-0.0114582
-0.00376688
0.00242115
0.00700752
0.00987884
0.0109682
0.0102163
0.00758339
0.00306747
-0.00328604
-0.0113768
-0.0210458
-0.0320717
-0.0441692
-0.0569897
-0.0701313
-0.0831701
-0.0956845
-0.107254
-0.117452
-0.126004
-0.132433
-0.136683
-0.138563
-0.138075
-0.135363
-0.130627
-0.124139
-0.116218
-0.107198
-0.0974023
-0.0871248
-0.0766204
-0.0660988
-0.0557251
-0.0456227
-0.0358787
-0.0265507
-0.0176725
-0.00926035
-0.00131801
0.00616
0.0131845
0.0197697
0.0259298
0.0316789
0.0370275
0.0419836
0.0465483
0.0507196
0.054485
0.0578283
0.0607108
0.0630861
0.0648909
0.0659657
0.0662399
0.0655408
0.0637006
0.0606358
0.0562174
0.0503632
0.042968
0.0338584
0.0227027
0.0094664
-0.209446
-0.212181
-0.215282
-0.218715
-0.222033
-0.224878
-0.227082
-0.228577
-0.22933
-0.229399
-0.228551
-0.226651
-0.223622
-0.219411
-0.213991
-0.207366
-0.19957
-0.190667
-0.180748
-0.169933
-0.158361
-0.146188
-0.133579
-0.120706
-0.107741
-0.0948531
-0.0822055
-0.0699537
-0.0582431
-0.047219
-0.0370314
-0.0278254
-0.0197619
-0.0127555
-0.00709053
-0.0028595
-0.000139283
0.00100933
0.000541288
-0.00156501
-0.00529689
-0.0106006
-0.0173772
-0.0254766
-0.0346958
-0.0447801
-0.055429
-0.0663079
-0.0770624
-0.0873236
-0.0967261
-0.104942
-0.111631
-0.11669
-0.119881
-0.121133
-0.120456
-0.117948
-0.113774
-0.10815
-0.101325
-0.0935587
-0.085103
-0.0761905
-0.0670254
-0.0577798
-0.0485931
-0.0395742
-0.0308043
-0.0223415
-0.0142249
-0.00647843
0.000885327
0.00786213
0.014453
0.0206629
0.0264974
0.0319629
0.037063
0.0418003
0.0461711
0.0501708
0.0537835
0.0569929
0.0597628
0.0620589
0.0637945
0.0649341
0.0653205
0.0648452
0.0633391
0.0606794
0.0566736
0.0511748
0.043985
0.0349107
0.0234989
0.00982164
-0.197753
-0.200511
-0.203459
-0.206614
-0.209601
-0.212098
-0.21397
-0.2152
-0.215773
-0.215572
-0.214536
-0.212576
-0.209631
-0.20566
-0.200648
-0.1946
-0.187547
-0.179545
-0.170672
-0.161028
-0.150729
-0.139907
-0.128703
-0.117261
-0.10573
-0.094257
-0.0829854
-0.0720575
-0.0616096
-0.0517709
-0.0426626
-0.0343967
-0.0270757
-0.0207889
-0.0156634
-0.0117838
-0.00921525
-0.00800801
-0.00819318
-0.00977873
-0.0127437
-0.017033
-0.0225528
-0.0291675
-0.036699
-0.0449293
-0.0536041
-0.0624404
-0.0711379
-0.0793951
-0.0869311
-0.0934839
-0.0987912
-0.10269
-0.105063
-0.105866
-0.105101
-0.102842
-0.0992144
-0.094381
-0.0885291
-0.0818562
-0.0745577
-0.0668174
-0.0588008
-0.0506516
-0.0424903
-0.0344148
-0.0265021
-0.0188104
-0.0113823
-0.00424733
0.00257494
0.00907286
0.01524
0.0210739
0.0265736
0.0317394
0.0365691
0.0410615
0.045208
0.0490019
0.0524232
0.0554546
0.0580604
0.0602238
0.0618309
0.0628647
0.063197
0.0627427
0.0613351
0.0588569
0.0550976
0.049895
0.0429922
0.0341904
0.0229862
0.00947114
-0.186604
-0.189401
-0.192252
-0.195204
-0.197947
-0.200209
-0.201871
-0.2029
-0.203269
-0.202924
-0.201818
-0.199893
-0.197101
-0.19341
-0.18881
-0.183311
-0.176942
-0.169753
-0.161812
-0.153203
-0.144026
-0.134393
-0.124423
-0.114242
-0.103977
-0.0937582
-0.0837126
-0.073965
-0.0646337
-0.0558301
-0.0476613
-0.0402305
-0.0336371
-0.0279655
-0.0233012
-0.019714
-0.0172589
-0.0159746
-0.0158817
-0.016979
-0.0192407
-0.0226115
-0.0270045
-0.0322992
-0.0383416
-0.0449458
-0.0518984
-0.0589656
-0.0659042
-0.0724758
-0.0784528
-0.0836023
-0.0877344
-0.0907167
-0.0924647
-0.092933
-0.092123
-0.0900855
-0.0869115
-0.0827223
-0.0776599
-0.0718769
-0.065527
-0.0587574
-0.0517043
-0.0444882
-0.0372134
-0.029967
-0.0228197
-0.015828
-0.00903518
-0.0024738
0.00383227
0.00986628
0.0156162
0.0210743
0.0262336
0.0310898
0.0356358
0.0398663
0.0437687
0.0473338
0.050538
0.053364
0.0557709
0.0577304
0.0591785
0.0600585
0.0602625
0.0597244
0.0582823
0.0558405
0.0521858
0.0471843
0.0405587
0.0321618
0.0214988
0.00868219
-0.17608
-0.178919
-0.181711
-0.18452
-0.187088
-0.189179
-0.190682
-0.191565
-0.191818
-0.191416
-0.190323
-0.188492
-0.185886
-0.182484
-0.178283
-0.173295
-0.16755
-0.161092
-0.153981
-0.146289
-0.138102
-0.129515
-0.120632
-0.111561
-0.102414
-0.0933023
-0.0843374
-0.0756277
-0.0672778
-0.0593888
-0.0520573
-0.0453731
-0.0394197
-0.0342701
-0.0299947
-0.026651
-0.0242826
-0.0229185
-0.0225707
-0.0232319
-0.0248732
-0.0274411
-0.0308566
-0.0350134
-0.0397792
-0.0449979
-0.0504936
-0.0560763
-0.0615487
-0.0667144
-0.0713781
-0.0753693
-0.0785379
-0.0807775
-0.0820087
-0.0821918
-0.081326
-0.0794464
-0.0766193
-0.0729355
-0.0685033
-0.0634407
-0.0578689
-0.051906
-0.0456634
-0.0392421
-0.0327316
-0.026209
-0.0197389
-0.0133747
-0.00715935
-0.00112678
0.00469643
0.01029
0.015638
0.0207283
0.0255499
0.0300943
0.0343507
0.0383104
0.0419575
0.045281
0.0482543
0.0508615
0.0530603
0.0548145
0.0560656
0.0567702
0.0568197
0.0561643
0.0546435
0.0521916
0.0485901
0.0437638
0.0374166
0.0295169
0.019568
0.00782356
-0.166217
-0.169094
-0.171849
-0.174555
-0.176992
-0.178954
-0.180345
-0.181145
-0.181352
-0.18095
-0.179915
-0.178208
-0.175805
-0.172692
-0.168874
-0.164363
-0.159188
-0.15339
-0.147019
-0.140141
-0.132829
-0.125166
-0.117241
-0.109148
-0.100984
-0.0928459
-0.0848314
-0.0770362
-0.0695533
-0.0624718
-0.0558754
-0.0498421
-0.044444
-0.0397454
-0.0358042
-0.0326669
-0.0303681
-0.0289287
-0.0283544
-0.0286341
-0.0297381
-0.0316164
-0.0341979
-0.0373906
-0.0410821
-0.0451421
-0.0494246
-0.0537734
-0.0580282
-0.0620264
-0.0656
-0.0686367
-0.0710079
-0.0726219
-0.0734094
-0.0733376
-0.0724025
-0.0706273
-0.0680598
-0.0647681
-0.0608344
-0.0563504
-0.0514117
-0.0461139
-0.0405482
-0.0347997
-0.0289453
-0.0230527
-0.0171805
-0.0113784
-0.0056877
-0.000142331
0.00522991
0.0104066
0.0153692
0.0201026
0.0245928
0.0288281
0.0327946
0.0364812
0.0398695
0.0429465
0.0456838
0.0480681
0.0500654
0.0516052
0.0526586
0.0531894
0.053088
0.0523223
0.0507294
0.0482827
0.0447501
0.040138
0.0341097
0.0268002
0.0176314
0.00713132
-0.157025
-0.159931
-0.16266
-0.165287
-0.167624
-0.169494
-0.170818
-0.171581
-0.171782
-0.171407
-0.170466
-0.168904
-0.166713
-0.163888
-0.160433
-0.156366
-0.151712
-0.146508
-0.140801
-0.134646
-0.128109
-0.121261
-0.11418
-0.106948
-0.0996483
-0.092367
-0.0851894
-0.0781995
-0.0714788
-0.0651051
-0.0591518
-0.0536877
-0.0487743
-0.0444667
-0.040813
-0.0378515
-0.0356093
-0.0341013
-0.0333291
-0.0332794
-0.0339235
-0.0352155
-0.037093
-0.0394763
-0.04227
-0.0453645
-0.0486385
-0.0519635
-0.0552077
-0.0582356
-0.0609249
-0.0631672
-0.0648707
-0.0659542
-0.0663607
-0.0660602
-0.065046
-0.063333
-0.0609557
-0.0579647
-0.0544234
-0.0504034
-0.0459807
-0.0412328
-0.0362348
-0.0310584
-0.0257693
-0.0204268
-0.0150835
-0.00978474
-0.00456975
0.000528437
0.00548182
0.010267
0.0148636
0.0192546
0.0234239
0.0273575
0.0310395
0.0344565
0.0375885
0.0404207
0.0429236
0.0450802
0.0468407
0.0482095
0.0490875
0.0494628
0.0492298
0.0483774
0.04674
0.044335
0.040911
0.0365681
0.0309072
0.0242534
0.0158716
0.00661845
-0.148496
-0.151419
-0.154127
-0.156691
-0.158954
-0.160762
-0.162049
-0.162806
-0.163038
-0.162744
-0.161884
-0.160473
-0.158497
-0.15595
-0.15284
-0.149181
-0.145002
-0.140334
-0.135219
-0.129709
-0.123858
-0.117731
-0.111395
-0.104921
-0.0983828
-0.0918555
-0.0854139
-0.0791315
-0.0730796
-0.0673266
-0.0619371
-0.0569704
-0.0524795
-0.0485109
-0.0451055
-0.0422949
-0.0401003
-0.0385322
-0.0375895
-0.0372584
-0.0375117
-0.0383083
-0.0395934
-0.0412984
-0.0433421
-0.0456325
-0.0480692
-0.0505472
-0.0529555
-0.0551755
-0.0571356
-0.0587245
-0.0598694
-0.0605039
-0.0605815
-0.0600757
-0.0589779
-0.057297
-0.0550578
-0.0522986
-0.0490682
-0.0454229
-0.0414236
-0.037133
-0.0326135
-0.0279252
-0.0231243
-0.0182626
-0.0133869
-0.00853858
-0.00375412
0.000934866
0.00550088
0.0099202
0.0141718
0.0182374
0.0220994
0.0257424
0.0291491
0.0323046
0.0351881
0.0377839
0.0400626
0.0420076
0.0435736
0.0447529
0.0454669
0.0457061
0.0453657
0.0444545
0.0428049
0.0404772
0.0372003
0.0331637
0.0279025
0.0219151
0.0142926
0.00617496
-0.140608
-0.143538
-0.146226
-0.148741
-0.150947
-0.152715
-0.153986
-0.154755
-0.155028
-0.154803
-0.154068
-0.152823
-0.151059
-0.148778
-0.145988
-0.142707
-0.138958
-0.134774
-0.13019
-0.125253
-0.120012
-0.114523
-0.108844
-0.103038
-0.0971712
-0.0913075
-0.0855129
-0.0798519
-0.0743873
-0.0691786
-0.0642825
-0.0597507
-0.0556281
-0.0519545
-0.0487646
-0.0460847
-0.0439316
-0.0423126
-0.041225
-0.040655
-0.0405778
-0.0409568
-0.0417442
-0.0428811
-0.044299
-0.0459206
-0.0476626
-0.0494376
-0.0511538
-0.0527251
-0.0540652
-0.0551071
-0.055783
-0.056038
-0.0558333
-0.0551453
-0.0539646
-0.0522963
-0.0501582
-0.0475793
-0.0445974
-0.0412571
-0.0376074
-0.0336995
-0.0295851
-0.0253147
-0.0209367
-0.0164962
-0.0120345
-0.00758927
-0.00319397
0.00112151
0.00533067
0.0094101
0.0133386
0.0170973
0.0206681
0.0240343
0.0271782
0.0300839
0.0327305
0.0351016
0.0371691
0.0389167
0.0403013
0.0413123
0.0418817
0.0420061
0.0415841
0.0406406
0.0390088
0.0367841
0.0336829
0.0299636
0.0251132
0.0197512
0.0128457
0.00571063
-0.133337
-0.136264
-0.138933
-0.141407
-0.143571
-0.145312
-0.146581
-0.147376
-0.147703
-0.147564
-0.146955
-0.145872
-0.144313
-0.142283
-0.139792
-0.136857
-0.133501
-0.129752
-0.125645
-0.121219
-0.116519
-0.111593
-0.106496
-0.10128
-0.0960038
-0.090724
-0.0854983
-0.0803834
-0.0754341
-0.0707028
-0.0662388
-0.0620869
-0.0582861
-0.0548698
-0.0518681
-0.0493026
-0.047187
-0.0455261
-0.0443164
-0.043545
-0.0431893
-0.0432172
-0.0435872
-0.0442489
-0.0451442
-0.0462084
-0.0473729
-0.0485645
-0.0497023
-0.0507292
-0.0515649
-0.0521518
-0.0524345
-0.0523691
-0.0519229
-0.0510748
-0.0498158
-0.0481482
-0.0460848
-0.0436477
-0.0408665
-0.0377766
-0.0344178
-0.0308321
-0.0270625
-0.0231518
-0.0191414
-0.0150705
-0.0109757
-0.00689098
-0.00284693
0.00112855
0.00501028
0.00877555
0.0124035
0.0158752
0.0191722
0.0222777
0.0251736
0.0278436
0.0302671
0.0324278
0.0342991
0.0358661
0.0370855
0.0379486
0.0383949
0.0384266
0.0379476
0.0369943
0.0354056
0.0332996
0.030392
0.0269811
0.0225367
0.0177352
0.0115042
0.00520811
-0.126652
-0.12957
-0.132219
-0.134659
-0.136789
-0.138513
-0.139792
-0.140621
-0.141011
-0.140964
-0.140478
-0.139553
-0.138191
-0.136397
-0.134183
-0.131565
-0.128564
-0.125207
-0.121525
-0.117555
-0.113335
-0.108911
-0.104326
-0.0996313
-0.0948755
-0.0901096
-0.0853842
-0.080749
-0.0762522
-0.0719394
-0.0678538
-0.0640345
-0.0605151
-0.057324
-0.0544872
-0.052023
-0.049942
-0.0482478
-0.0469366
-0.0459963
-0.045407
-0.0451406
-0.0451612
-0.0454256
-0.0458842
-0.0464827
-0.0471647
-0.0478731
-0.0485429
-0.0491103
-0.0495233
-0.0497293
-0.0496827
-0.0493471
-0.0486949
-0.0477078
-0.0463772
-0.0447036
-0.0426964
-0.0403723
-0.0377549
-0.0348726
-0.0317577
-0.028445
-0.0249705
-0.0213704
-0.0176803
-0.0139344
-0.010165
-0.00640253
-0.00267497
0.000991869
0.00457432
0.00805066
0.0114007
0.0146058
0.0176478
0.0205098
0.023174
0.0256242
0.0278402
0.0298062
0.0314974
0.0329002
0.0339725
0.0347081
0.0350528
0.0350125
0.0344985
0.0335541
0.0320279
0.0300488
0.0273438
0.0242235
0.0201717
0.0158661
0.010267
0.0046926
-0.120523
-0.123426
-0.126057
-0.128465
-0.130569
-0.132284
-0.133577
-0.134447
-0.134903
-0.134948
-0.134584
-0.133811
-0.132635
-0.13106
-0.1291
-0.12677
-0.12409
-0.121086
-0.117786
-0.114222
-0.110429
-0.106447
-0.102317
-0.0980815
-0.0937846
-0.0894711
-0.0851856
-0.0809718
-0.0768721
-0.0729264
-0.0691724
-0.0656443
-0.0623709
-0.0593778
-0.0566867
-0.0543127
-0.0522645
-0.0505449
-0.04915
-0.0480692
-0.0472847
-0.0467723
-0.0465011
-0.0464338
-0.0465278
-0.0467356
-0.0470084
-0.0473204
-0.0475992
-0.0477908
-0.0478513
-0.0477386
-0.0474158
-0.0468526
-0.0460254
-0.0449186
-0.0435239
-0.0418412
-0.039877
-0.0376445
-0.0351624
-0.0324536
-0.0295448
-0.0264647
-0.0232438
-0.0199129
-0.0165026
-0.0130427
-0.00956186
-0.00608729
-0.0026444
0.000743076
0.00405303
0.00726494
0.0103595
0.0133187
0.0161249
0.0187616
0.0212113
0.0234584
0.0254836
0.0272716
0.0287989
0.0300506
0.0309966
0.0316249
0.0318879
0.0317943
0.0312641
0.0303434
0.0288937
0.0270451
0.0245449
0.0216961
0.018018
0.0141535
0.00913965
0.00419423
-0.114921
-0.117805
-0.120415
-0.122797
-0.124878
-0.12659
-0.127902
-0.128814
-0.129336
-0.129472
-0.129225
-0.128596
-0.127592
-0.12622
-0.124493
-0.122425
-0.120036
-0.117348
-0.114389
-0.111186
-0.107773
-0.104183
-0.100454
-0.0966241
-0.0927315
-0.0888162
-0.0849175
-0.081074
-0.0773228
-0.0736992
-0.070236
-0.0669627
-0.0639022
-0.0610866
-0.0585247
-0.0562315
-0.0542148
-0.0524767
-0.0510138
-0.0498166
-0.0488698
-0.0481525
-0.0476384
-0.0472958
-0.0470874
-0.0469674
-0.0468651
-0.046885
-0.0468383
-0.0467137
-0.0464785
-0.0460991
-0.0455447
-0.0447899
-0.0438146
-0.0426053
-0.0411547
-0.0394619
-0.0375316
-0.0353744
-0.0330051
-0.0304426
-0.0277089
-0.0248282
-0.0218261
-0.0187291
-0.0155636
-0.0123556
-0.0091307
-0.00591299
-0.00272558
0.000409793
0.00347263
0.00644371
0.00930476
0.0120386
0.0146283
0.017058
0.0193111
0.0213723
0.0232237
0.0248507
0.0262315
0.0273528
0.0281862
0.0287238
0.0289223
0.0287914
0.02826
0.0273744
0.0260105
0.0242934
0.0219949
0.0193996
0.0160718
0.012603
0.00812372
0.00373275
-0.109814
-0.112677
-0.115267
-0.117624
-0.119688
-0.121398
-0.122731
-0.123686
-0.124273
-0.124496
-0.12436
-0.123865
-0.123021
-0.121835
-0.12032
-0.118489
-0.116362
-0.113958
-0.111302
-0.108422
-0.105345
-0.102102
-0.0987279
-0.0952551
-0.0917186
-0.0881536
-0.0845948
-0.0810765
-0.0776314
-0.0742904
-0.0710825
-0.0680339
-0.0651674
-0.0625027
-0.0600535
-0.0578323
-0.0558457
-0.0540952
-0.0525777
-0.0512848
-0.0502036
-0.0493163
-0.0486006
-0.048031
-0.0475796
-0.0472203
-0.0469472
-0.0465808
-0.0462309
-0.0458338
-0.0453495
-0.0447464
-0.0439979
-0.0430821
-0.0419819
-0.0406857
-0.0391869
-0.0374844
-0.0355817
-0.0334871
-0.0312129
-0.0287747
-0.0261907
-0.0234815
-0.0206689
-0.0177755
-0.0148244
-0.0118385
-0.00884026
-0.00585136
-0.00289266
1.59562e-05
0.00285561
0.00560841
0.00825721
0.0107858
0.0131781
0.0154192
0.0174932
0.0193858
0.0210801
0.0225627
0.0238135
0.0248207
0.0255581
0.0260203
0.0261689
0.0260142
0.0254934
0.0246514
0.0233784
0.0217915
0.0196878
0.0173286
0.0143254
0.0112132
0.00721652
0.00331708
-0.105174
-0.108015
-0.110585
-0.11292
-0.114967
-0.116679
-0.118033
-0.11903
-0.119679
-0.119985
-0.119951
-0.119582
-0.118884
-0.117869
-0.116545
-0.114929
-0.113036
-0.110886
-0.108501
-0.105906
-0.103127
-0.100192
-0.0971302
-0.0939722
-0.0907491
-0.087492
-0.0842318
-0.0809989
-0.0778223
-0.0747293
-0.0717455
-0.0688943
-0.0661963
-0.0636663
-0.0613175
-0.0591613
-0.0572038
-0.055446
-0.0538852
-0.0525143
-0.0513222
-0.0502936
-0.04941
-0.0486498
-0.0479886
-0.0474004
-0.0468558
-0.0462982
-0.045725
-0.0451078
-0.0444175
-0.0436283
-0.0427177
-0.0416671
-0.040462
-0.0390926
-0.0375529
-0.0358419
-0.0339622
-0.0319206
-0.0297272
-0.0273951
-0.0249398
-0.0223786
-0.0197303
-0.0170145
-0.0142513
-0.011461
-0.00866328
-0.00587778
-0.00312326
-0.000417854
0.0022211
0.00477703
0.00723399
0.00957678
0.0117904
0.0138607
0.0157729
0.0175135
0.0190671
0.0204211
0.0215575
0.0224656
0.0231219
0.0235226
0.023634
0.0234664
0.0229652
0.0221726
0.0209924
0.0195324
0.0176137
0.0154736
0.0127678
0.00997726
0.00641239
0.00294883
-0.100976
-0.103793
-0.106344
-0.108657
-0.110691
-0.112405
-0.11378
-0.114817
-0.115524
-0.115907
-0.115969
-0.115715
-0.11515
-0.114289
-0.113139
-0.111714
-0.110031
-0.108107
-0.105963
-0.103622
-0.101106
-0.0984418
-0.0956556
-0.0927747
-0.0898269
-0.0868401
-0.0838419
-0.0808592
-0.0779178
-0.0750422
-0.0722548
-0.0695765
-0.0670254
-0.0646147
-0.0623556
-0.0602586
-0.0583293
-0.0565686
-0.0549742
-0.0535402
-0.0522568
-0.0511113
-0.0500878
-0.0491681
-0.0483307
-0.0475528
-0.0468078
-0.0460654
-0.0453061
-0.0445075
-0.0436469
-0.0427031
-0.0416574
-0.0404943
-0.0392017
-0.0377709
-0.0361971
-0.0344791
-0.0326191
-0.0306228
-0.0284987
-0.0262577
-0.0239132
-0.02148
-0.0189745
-0.0164136
-0.0138151
-0.0111967
-0.00857613
-0.00597094
-0.00339809
-0.000874064
0.00158524
0.00396455
0.0062491
0.00842476
0.0104776
0.0123943
0.0141614
0.0157662
0.0171945
0.018435
0.0194713
0.020294
0.0208825
0.0212338
0.0213186
0.0211471
0.0206717
0.019932
0.0188437
0.0175056
0.0157601
0.0138222
0.0113863
0.00888507
0.00570399
0.00262576
-0.0971923
-0.0999864
-0.102518
-0.104812
-0.106835
-0.108551
-0.109946
-0.111021
-0.111782
-0.112235
-0.112385
-0.112236
-0.111795
-0.11107
-0.110075
-0.108821
-0.107325
-0.105602
-0.103671
-0.101553
-0.0992701
-0.0968444
-0.0943004
-0.0916627
-0.0889563
-0.0862063
-0.0834373
-0.0806735
-0.077938
-0.0752524
-0.0726369
-0.0701098
-0.067687
-0.0653799
-0.0632028
-0.0611598
-0.0592575
-0.0574974
-0.0558775
-0.0543928
-0.0530351
-0.0517928
-0.0506533
-0.0496014
-0.0486176
-0.0476835
-0.0467771
-0.0458761
-0.0449607
-0.0440114
-0.0430095
-0.0419374
-0.0407795
-0.0395229
-0.0381573
-0.0366756
-0.0350736
-0.0333503
-0.0315076
-0.0295504
-0.0274858
-0.0253233
-0.0230745
-0.0207523
-0.0183707
-0.0159449
-0.0134903
-0.0110229
-0.00855837
-0.00611249
-0.00370062
-0.00133777
0.000961535
0.00318327
0.00531381
0.00734009
0.0092492
0.0110289
0.0126666
0.0141509
0.0154686
0.0166096
0.017559
0.0183089
0.0188411
0.0191534
0.0192201
0.0190515
0.018606
0.0179206
0.0169213
0.0156988
0.0141135
0.0123604
0.0101679
0.00792535
0.00508329
0.00234413
-0.0938015
-0.0965727
-0.0990861
-0.101363
-0.103375
-0.105094
-0.106507
-0.107617
-0.108428
-0.108945
-0.109174
-0.109119
-0.108787
-0.108186
-0.10733
-0.106229
-0.104898
-0.103353
-0.10161
-0.0996893
-0.0976101
-0.0953937
-0.0930619
-0.0906369
-0.0881415
-0.0855983
-0.0830294
-0.0804566
-0.0779006
-0.0753809
-0.0729155
-0.0705206
-0.0682105
-0.0659976
-0.0638908
-0.061896
-0.0600189
-0.0582618
-0.0566232
-0.0550989
-0.0536813
-0.0523589
-0.0511228
-0.04996
-0.0488568
-0.0477944
-0.0467554
-0.0457218
-0.0446762
-0.0436018
-0.0424827
-0.0413041
-0.0400533
-0.0387191
-0.0372932
-0.0357695
-0.0341445
-0.0324175
-0.0305902
-0.0286668
-0.0266536
-0.024559
-0.0223929
-0.0201666
-0.0178927
-0.0155844
-0.0132554
-0.0109201
-0.00859243
-0.00628671
-0.00401682
-0.00179642
0.000361222
0.00244323
0.00443709
0.00633076
0.00811236
0.00977064
0.011294
0.012672
0.0138928
0.0149472
0.0158218
0.0165102
0.0169961
0.017278
0.0173334
0.0171727
0.0167593
0.0161279
0.0152133
0.0140985
0.0126599
0.0110744
0.00909918
0.00708664
0.00454229
0.00209986
-0.0907824
-0.0935318
-0.0960283
-0.098289
-0.100292
-0.102013
-0.103444
-0.104585
-0.10544
-0.106016
-0.106315
-0.106344
-0.10611
-0.105619
-0.104885
-0.103919
-0.102735
-0.101345
-0.0997678
-0.0980194
-0.0961187
-0.094085
-0.0919381
-0.0896985
-0.0873867
-0.0850233
-0.0826284
-0.0802216
-0.0778215
-0.0754459
-0.073111
-0.0708314
-0.0686201
-0.0664883
-0.0644435
-0.0624928
-0.0606398
-0.0588874
-0.0572353
-0.0556809
-0.0542182
-0.0528275
-0.0515117
-0.0502588
-0.0490555
-0.0478872
-0.0467391
-0.0455957
-0.0444421
-0.043264
-0.042048
-0.0407815
-0.0394538
-0.0380556
-0.03658
-0.0350218
-0.0333783
-0.0316491
-0.0298356
-0.0279417
-0.025973
-0.0239368
-0.021842
-0.0196987
-0.0175179
-0.0153115
-0.0130917
-0.0108714
-0.0086633
-0.0064802
-0.00433479
-0.00223949
-0.000206446
0.00175255
0.003626
0.00540285
0.00707218
0.00862369
0.0100468
0.011332
0.0124685
0.0134482
0.0142593
0.0148958
0.0153437
0.0156023
0.0156518
0.0155023
0.0151218
0.0145425
0.013707
0.0126914
0.0113854
0.00995034
0.00816775
0.00635805
0.00407347
0.00188912
-0.0881163
-0.0908453
-0.0933262
-0.0955724
-0.0975668
-0.099291
-0.100737
-0.101906
-0.102801
-0.103428
-0.10379
-0.103894
-0.103745
-0.103353
-0.102726
-0.101878
-0.100821
-0.0995676
-0.0981338
-0.0965356
-0.0947898
-0.0929145
-0.0909279
-0.0888488
-0.0866958
-0.0844879
-0.0822433
-0.0799798
-0.0777146
-0.0754635
-0.0732414
-0.0710616
-0.0689359
-0.0668743
-0.064885
-0.0629734
-0.0611428
-0.0593955
-0.0577331
-0.0561562
-0.0546732
-0.0532118
-0.0518291
-0.0505027
-0.0492184
-0.0479639
-0.0467262
-0.0454924
-0.0442498
-0.0429863
-0.0416904
-0.0403515
-0.0389606
-0.0375099
-0.0359935
-0.0344074
-0.0327492
-0.0310188
-0.0292178
-0.0273496
-0.0254192
-0.0234333
-0.0213999
-0.0193279
-0.0172273
-0.0151088
-0.0129834
-0.0108627
-0.00875819
-0.00668164
-0.00464453
-0.00265824
-0.000733895
0.00111771
0.002886
0.00456085
0.00613222
0.00759071
0.00892663
0.0101314
0.0111954
0.0121112
0.0128683
0.0134617
0.013879
0.0141201
0.0141676
0.0140313
0.0136831
0.0131531
0.0123901
0.0114645
0.0102769
0.00897548
0.007362
0.00572961
0.00366997
0.00170842
-0.0857866
-0.0884969
-0.0909636
-0.0931971
-0.0951842
-0.0969107
-0.0983704
-0.0995636
-0.100494
-0.101166
-0.101583
-0.101752
-0.101678
-0.10137
-0.100837
-0.100092
-0.0991449
-0.0980095
-0.0966998
-0.0952309
-0.0936186
-0.0918795
-0.0900306
-0.0880891
-0.0860725
-0.0839978
-0.081882
-0.0797414
-0.0775916
-0.0754473
-0.073322
-0.071228
-0.069176
-0.0671751
-0.065233
-0.0633555
-0.0615464
-0.0598042
-0.0581309
-0.0565221
-0.054959
-0.0535032
-0.0520817
-0.0506995
-0.0493507
-0.0480262
-0.0467155
-0.0454079
-0.0440925
-0.042759
-0.0413977
-0.0399996
-0.038557
-0.0370634
-0.035514
-0.0339053
-0.0322357
-0.0305051
-0.0287152
-0.0268691
-0.0249717
-0.0230288
-0.0210478
-0.0190368
-0.0170047
-0.0149614
-0.0129169
-0.0108817
-0.00886631
-0.00688146
-0.00493771
-0.00304547
-0.00121498
0.000543841
0.00222127
0.003808
0.00529483
0.00667315
0.00793413
0.00907002
0.0100721
0.0109337
0.0116456
0.0122034
0.0125963
0.0128245
0.0128727
0.0127506
0.0124331
0.0119486
0.011251
0.0104057
0.00932252
0.00813814
0.00667146
0.0051924
0.00332572
0.00155475
-0.0837787
-0.0864723
-0.0889264
-0.0911487
-0.0931294
-0.094858
-0.0963294
-0.0975439
-0.0985046
-0.0992152
-0.0996803
-0.099905
-0.0998959
-0.0996605
-0.0992072
-0.0985501
-0.0976976
-0.0966627
-0.0954587
-0.0940998
-0.092601
-0.0909777
-0.0892457
-0.0874211
-0.0855199
-0.0835582
-0.0815515
-0.079515
-0.0774631
-0.0754093
-0.0733661
-0.0713449
-0.0693556
-0.0674068
-0.0655053
-0.0636566
-0.0618636
-0.06013
-0.0584533
-0.0568311
-0.0552627
-0.0537547
-0.0522893
-0.0508593
-0.0494578
-0.0480765
-0.0467067
-0.0453392
-0.0439647
-0.0425744
-0.04116
-0.0397138
-0.0382293
-0.0367011
-0.0351251
-0.0334985
-0.03182
-0.0300899
-0.0283098
-0.0264828
-0.0246133
-0.0227069
-0.0207702
-0.0188107
-0.0168367
-0.014857
-0.012881
-0.0109183
-0.0089786
-0.00707171
-0.0052074
-0.00339527
-0.00164475
3.49692e-05
0.00163494
0.00314658
0.00456142
0.00587158
0.00706899
0.00814659
0.00909645
0.00991279
0.0105872
0.0111161
0.0114896
0.0117086
0.0117594
0.0116514
0.0113623
0.0109187
0.0102789
0.00950396
0.00851126
0.00742791
0.00608688
0.00473863
0.00303543
0.0014255
-0.0820801
-0.0847591
-0.0872024
-0.0894151
-0.0913904
-0.0931207
-0.094602
-0.0958346
-0.096821
-0.0975646
-0.0980699
-0.098342
-0.0983874
-0.0982138
-0.0978303
-0.0972449
-0.0964711
-0.0955202
-0.0944047
-0.0931379
-0.091734
-0.0902073
-0.0885729
-0.0868458
-0.085041
-0.0831734
-0.0812577
-0.079308
-0.0773376
-0.0753593
-0.0733847
-0.0714243
-0.0694876
-0.0675825
-0.0657157
-0.0638921
-0.0621155
-0.060388
-0.0587095
-0.0570787
-0.0554948
-0.0539565
-0.0524563
-0.0509876
-0.0495434
-0.0481166
-0.0466994
-0.0452839
-0.043862
-0.0424262
-0.0409692
-0.0394846
-0.0379666
-0.0364108
-0.0348136
-0.0331729
-0.0314877
-0.0297585
-0.0279869
-0.0261761
-0.02433
-0.022454
-0.0205541
-0.0186375
-0.0167118
-0.0147852
-0.0128663
-0.0109641
-0.00908757
-0.00724583
-0.00544795
-0.00370285
-0.00201929
-0.000405803
0.00112931
0.00257811
0.00393276
0.00518599
0.00633041
0.00735957
0.00826626
0.0090453
0.00968914
0.0101947
0.0105532
0.0107658
0.0108202
0.0107256
0.0104617
0.0100539
0.00946402
0.00874939
0.00783358
0.00683571
0.00560027
0.0043616
0.00279458
0.00131849
-0.0806799
-0.0833469
-0.0857811
-0.0879858
-0.0899567
-0.0916883
-0.0931779
-0.0944254
-0.0954329
-0.0962038
-0.0967421
-0.0970533
-0.0971434
-0.09702
-0.0966916
-0.0961672
-0.0954583
-0.0945763
-0.093533
-0.0923415
-0.0910149
-0.0895671
-0.0880122
-0.0863645
-0.0846382
-0.0828473
-0.0810056
-0.0791264
-0.0772225
-0.0753056
-0.0733869
-0.0714762
-0.0695825
-0.0677133
-0.065875
-0.0640726
-0.0623095
-0.060588
-0.0589087
-0.057271
-0.0556736
-0.054114
-0.0525873
-0.0510882
-0.0496106
-0.048148
-0.0466935
-0.0452402
-0.0437811
-0.0423095
-0.0408191
-0.0393042
-0.03776
-0.0361826
-0.034569
-0.0329174
-0.0312272
-0.0294991
-0.0277347
-0.0259371
-0.0241102
-0.0222589
-0.0203891
-0.0185074
-0.0166209
-0.0147375
-0.0128651
-0.0110121
-0.00918709
-0.00739848
-0.00565479
-0.0039644
-0.00233552
-0.00077611
0.000706055
0.00210356
0.00340912
0.004616
0.00571733
0.00670721
0.00757904
0.00832805
0.00894745
0.00943468
0.00978178
0.00999005
0.0100483
0.00996574
0.00972354
0.00934617
0.00879801
0.00813356
0.00728131
0.00635382
0.00520485
0.0040557
0.00259941
0.00123193
-0.0795697
-0.082227
-0.084654
-0.0868524
-0.0888197
-0.0905525
-0.0920486
-0.0933079
-0.0943322
-0.0951246
-0.0956892
-0.0960312
-0.0961567
-0.096073
-0.0957883
-0.0953118
-0.0946541
-0.0938262
-0.09284
-0.0917076
-0.0904419
-0.0890561
-0.0875636
-0.0859782
-0.0843135
-0.0825827
-0.0807991
-0.0789754
-0.0771235
-0.0752549
-0.0733801
-0.0715085
-0.0696486
-0.0678079
-0.0659923
-0.0642067
-0.0624547
-0.0607384
-0.0590589
-0.0574159
-0.0558081
-0.0542329
-0.0526867
-0.0511646
-0.0496616
-0.0481716
-0.0466888
-0.0452067
-0.0437192
-0.0422204
-0.0407045
-0.0391667
-0.0376026
-0.0360087
-0.0343827
-0.032723
-0.0310292
-0.0293022
-0.0275437
-0.0257566
-0.0239448
-0.022113
-0.0202667
-0.0184123
-0.0165567
-0.0147071
-0.0128712
-0.0110569
-0.00927227
-0.00752541
-0.00582432
-0.00417695
-0.00259106
-0.00107419
0.000366339
0.00172353
0.00299053
0.00416103
0.00522861
0.00618778
0.00703236
0.00775809
0.00835874
0.00883203
0.00917065
0.0093761
0.00943811
0.00936563
0.00914123
0.00878843
0.00827378
0.0076494
0.00684763
0.00597586
0.00489507
0.0038163
0.00244681
0.00116436
-0.0787422
-0.0813924
-0.0838142
-0.0860079
-0.0879726
-0.0897062
-0.0912072
-0.0924754
-0.0935123
-0.0943207
-0.0949048
-0.0952697
-0.0954215
-0.0953672
-0.0951151
-0.094674
-0.0940543
-0.0932667
-0.0923226
-0.091234
-0.0900133
-0.0886734
-0.0872271
-0.0856878
-0.0840685
-0.0823822
-0.0806416
-0.0788588
-0.0770454
-0.0752125
-0.0733701
-0.0715274
-0.0696927
-0.067873
-0.0660743
-0.0643014
-0.0625577
-0.0608457
-0.0591663
-0.0575196
-0.0559043
-0.0543181
-0.0527579
-0.0512195
-0.0496982
-0.0481886
-0.0466852
-0.0451824
-0.0436745
-0.042156
-0.0406218
-0.0390674
-0.0374889
-0.0358833
-0.0342483
-0.0325829
-0.0308867
-0.0291606
-0.0274066
-0.0256273
-0.0238267
-0.0220093
-0.0201804
-0.0183463
-0.0165133
-0.0146887
-0.0128798
-0.0110941
-0.00933935
-0.00762335
-0.00595378
-0.00433823
-0.00278416
-0.00129875
0.000110967
0.00143834
0.00267684
0.00382047
0.00486315
0.00579969
0.00662429
0.00733299
0.00791996
0.00838321
0.00871586
0.00891958
0.00898473
0.00892013
0.00870931
0.0083751
0.00788564
0.00729125
0.00652714
0.00569678
0.00466656
0.00363979
0.00233431
0.00111448
-0.0781939
-0.0808396
-0.0832577
-0.0854482
-0.0874111
-0.0891452
-0.0906494
-0.0919234
-0.0929685
-0.0937875
-0.0943845
-0.0947646
-0.0949337
-0.094899
-0.0946684
-0.0942507
-0.0936561
-0.0928951
-0.0919789
-0.0909192
-0.0897282
-0.0884185
-0.0870027
-0.0854938
-0.0839046
-0.0822476
-0.0805352
-0.0787794
-0.0769915
-0.0751821
-0.0733611
-0.0715375
-0.0697194
-0.0679137
-0.0661262
-0.0643617
-0.0626237
-0.0609146
-0.0592354
-0.0575863
-0.0559662
-0.0543731
-0.0528039
-0.051255
-0.0497218
-0.0481995
-0.0466829
-0.0451667
-0.0436455
-0.0421142
-0.0405681
-0.039003
-0.0374152
-0.035802
-0.0341613
-0.0324922
-0.0307945
-0.0290691
-0.027318
-0.025544
-0.0237507
-0.0219428
-0.0201255
-0.0183046
-0.0164867
-0.0146786
-0.0128874
-0.0111206
-0.00938556
-0.00768993
-0.00604116
-0.00444663
-0.00291355
-0.00144893
-5.95407e-05
0.00124816
0.00246786
0.00359377
0.00462004
0.00554171
0.00635321
0.00705073
0.00762876
0.0080855
0.00841439
0.00861713
0.00868454
0.00862532
0.00842367
0.0081019
0.0076293
0.00705482
0.00631584
0.00551278
0.00451628
0.00352336
0.00226061
0.00108054
-0.0779175
-0.0805617
-0.0829787
-0.0851681
-0.0871303
-0.0888649
-0.0903708
-0.0916478
-0.0926971
-0.0935215
-0.094125
-0.0945126
-0.0946905
-0.0946655
-0.0944456
-0.0940396
-0.0934575
-0.0927097
-0.0918073
-0.090762
-0.0895859
-0.0882912
-0.0868906
-0.0853968
-0.0838224
-0.08218
-0.0804817
-0.0787393
-0.076964
-0.0751662
-0.0733559
-0.0715418
-0.069732
-0.0679332
-0.0661513
-0.0643911
-0.0626559
-0.0609482
-0.0592692
-0.057619
-0.0559965
-0.0544
-0.0528265
-0.0512723
-0.0497333
-0.0482048
-0.0466817
-0.0451589
-0.0436311
-0.0420936
-0.0405417
-0.0389713
-0.0373789
-0.035762
-0.0341185
-0.0324476
-0.0307492
-0.0290242
-0.0272746
-0.0255032
-0.0237136
-0.0219104
-0.0200988
-0.0182846
-0.0164741
-0.0146741
-0.0128918
-0.0111343
-0.00940911
-0.0077236
-0.00608516
-0.00450108
-0.00297844
-0.00152414
-0.000144864
0.00115305
0.00236341
0.00348053
0.00449866
0.00541295
0.00621794
0.00690993
0.00748359
0.0079371
0.00826419
0.00846642
0.00853511
0.00847846
0.00828167
0.00796579
0.00750215
0.00693687
0.00621155
0.00542056
0.00444321
0.00346387
0.00222674
0.0010596
)
;

boundaryField
{
    inlet
    {
        type            zeroGradient;
    }
    outlet
    {
        type            fixedValue;
        value           uniform 0;
    }
    cylinder
    {
        type            zeroGradient;
    }
    top
    {
        type            symmetryPlane;
    }
    bottom
    {
        type            symmetryPlane;
    }
    defaultFaces
    {
        type            empty;
    }
    procBoundary3to1
    {
        type            processor;
        value           nonuniform List<scalar> 
105
(
-0.2752
-0.274796
-0.274333
-0.273825
-0.273358
-0.27297
-0.272011
-0.271352
-0.270538
-0.269826
-0.269084
-0.268345
-0.267535
-0.266603
-0.265462
-0.264011
-0.262172
-0.259911
-0.257139
-0.253806
-0.249908
-0.245502
-0.240698
-0.235664
-0.230629
-0.225862
-0.221655
-0.218292
-0.216034
-0.215068
-0.215483
-0.217261
-0.22029
-0.224296
-0.228891
-0.233614
-0.237901
-0.241182
-0.242963
-0.242788
-0.240409
-0.23564
-0.228564
-0.219348
-0.208393
-0.196157
-0.18318
-0.169999
-0.157114
-0.144956
-0.133878
-0.124166
-0.116062
-0.109785
-0.105547
-0.10353
-0.103843
-0.106442
-0.111074
-0.11725
-0.124292
-0.131424
-0.137884
-0.143013
-0.146305
-0.147437
-0.146283
-0.142897
-0.137505
-0.130468
-0.122236
-0.113288
-0.10408
-0.0950099
-0.0863894
-0.0784457
-0.071328
-0.0651242
-0.0598784
-0.055607
-0.0523141
-0.0500079
-0.0487203
-0.0485208
-0.0495109
-0.0517841
-0.0553559
-0.0600895
-0.0656627
-0.0715909
-0.0773172
-0.0822857
-0.086042
-0.0882084
-0.0885814
-0.0869852
-0.0834863
-0.0780595
-0.0710283
-0.0624136
-0.0526952
-0.0419091
-0.0303434
-0.0185125
-0.00542863
)
;
    }
    procBoundary3to2
    {
        type            processor;
        value           nonuniform List<scalar> 
67
(
-0.27508
-0.274693
-0.274357
-0.274111
-0.274111
-0.273914
-0.273726
-0.273537
-0.273338
-0.273121
-0.272874
-0.272588
-0.27265
-0.27265
-0.272266
-0.271824
-0.271324
-0.270778
-0.270778
-0.269892
-0.268889
-0.271128
-0.271128
-0.270262
-0.269118
-0.259338
-0.259338
-0.25796
-0.256492
-0.265999
-0.265999
-0.261773
-0.257365
-0.252925
-0.253268
-0.253268
-0.248784
-0.24279
-0.230494
-0.218144
-0.205928
-0.194107
-0.182871
-0.172296
-0.162413
-0.153229
-0.144728
-0.136885
-0.129669
-0.123047
-0.116985
-0.111451
-0.106413
-0.10184
-0.0977054
-0.0939828
-0.0906488
-0.087682
-0.0850634
-0.0827762
-0.0808057
-0.0791391
-0.0777656
-0.0766765
-0.0758643
-0.075326
-0.075053
)
;
    }
}


// ************************************************************************* //
