/*--------------------------------*- C++ -*----------------------------------*\
  =========                 |
  \\      /  F ield         | OpenFOAM: The Open Source CFD Toolbox
   \\    /   O peration     | Website:  https://openfoam.org
    \\  /    A nd           | Version:  7
     \\/     M anipulation  |
\*---------------------------------------------------------------------------*/
FoamFile
{
    version     2.0;
    format      ascii;
    class       surfaceScalarField;
    location    "15";
    object      phi;
}
// * * * * * * * * * * * * * * * * * * * * * * * * * * * * * * * * * * * * * //

dimensions      [0 3 -1 0 0 0 0];

internalField   nonuniform List<scalar> 
6502
(
0.000744998
0.00170484
0.000985568
0.000316704
0.000444034
0.00128653
0.00069793
0.00012729
0.000204919
0.000937046
0.000330048
-7.00645e-05
0.000473125
-1.57864e-05
2.27118e-05
0.000655332
0.000113081
-0.000176018
0.000190598
-0.000147581
0.000295387
-0.000120576
-0.000109887
0.000427986
2.38449e-05
-0.000211273
7.61851e-05
-0.000199921
0.000148198
-0.000192589
-0.000200531
0.000238841
-7.20664e-05
-0.000229433
-5.40847e-05
-0.000229255
-2.37108e-05
-0.000230295
2.03327e-05
-0.000236632
-0.000253919
7.37203e-05
-0.000127915
-0.000224771
-0.00012573
-0.00023144
-0.000115536
-0.000240488
-9.73487e-05
-0.00025482
-0.000278456
-7.2811e-05
-0.000163965
-0.000198966
-0.000180288
-0.000208448
-0.000192717
-0.000219011
-0.000200784
-0.000232421
-0.00020478
-0.000250824
-0.000277094
-0.000206143
-0.000201633
-0.000171038
-0.000228649
-0.000181431
-0.000254381
-0.000193279
-0.000278857
-0.000207946
-0.000302685
-0.000226996
-0.00025236
-0.000327419
-0.000234882
-0.000135566
-0.000271248
-0.000145065
-0.000308534
-0.000155994
-0.000347132
-0.000169347
-0.000387907
-0.000186221
-0.000207897
-0.000432371
-0.00026194
-9.39878e-05
-0.000305848
-0.000101157
-0.000352403
-0.000109439
-0.000402263
-0.000119487
-0.000456483
-0.000132
-0.000147782
-0.000516598
-0.000281097
-4.81068e-05
-0.000330307
-5.19472e-05
-0.000383353
-5.63928e-05
-0.000441074
-6.17658e-05
-0.000504664
-6.84101e-05
-7.67172e-05
-0.000575729
-0.000242926
-0.000291032
-0.000342979
-0.000399371
-0.000461136
-0.000529546
-0.000606263
0.00170505
0.0305978
-0.000920959
0.00171902
0.0348497
0.00155222
0.035122
0.00136936
0.0344491
0.00117649
0.0337909
0.00100669
0.0332065
0.000859605
0.0326861
0.000734231
0.0322272
0.00062828
0.0318194
0.000538649
0.0314576
0.000462808
0.0311363
0.000398489
0.0308508
0.000343779
0.0305971
0.000297096
0.0303717
0.00025713
0.0301714
0.000222808
0.0299934
0.000193244
0.0298354
0.000167711
0.029695
0.000145603
0.0295703
0.000126428
0.0294596
0.000109768
0.0293613
9.5271e-05
0.029274
8.2641e-05
0.0291964
7.1626e-05
0.0291275
6.20126e-05
0.0290663
5.36188e-05
0.0290119
4.62888e-05
0.0289636
3.98885e-05
0.0289207
3.43024e-05
0.0288826
2.94305e-05
0.0288488
2.51855e-05
0.0288187
2.14917e-05
0.0287921
1.82826e-05
0.0287684
1.54997e-05
0.0287474
1.30914e-05
0.0287289
1.10117e-05
0.0287125
9.22063e-06
0.028698
7.68254e-06
0.0286852
6.36587e-06
0.028674
5.24237e-06
0.0286642
4.28663e-06
0.0286557
3.47564e-06
0.0286483
2.7885e-06
0.0286419
2.20614e-06
0.0286366
1.71095e-06
0.0286321
1.28656e-06
0.0286285
9.1756e-07
0.0286256
5.89403e-07
0.0286235
2.88255e-07
0.0286221
0.0286214
0.0015706
0.029781
-0.000753841
0.00154176
0.0348785
0.00141627
0.0352475
0.00125019
0.0346152
0.00108309
0.033958
0.000930301
0.0333593
0.000795821
0.0328206
0.000681008
0.0323421
0.000583289
0.0319171
0.000500344
0.0315405
0.000429992
0.0312066
0.000370222
0.0309106
0.000319319
0.030648
0.000275842
0.0304152
0.000238598
0.0302086
0.000206599
0.0300254
0.000179028
0.029863
0.000155214
0.0297188
0.000134595
0.0295909
0.000116713
0.0294775
0.000101177
0.0293768
8.76632e-05
0.0292875
7.5894e-05
0.0292082
6.56355e-05
0.0291378
5.66885e-05
0.0290753
4.8883e-05
0.0290197
4.20734e-05
0.0289704
3.61344e-05
0.0289267
3.09581e-05
0.0288878
2.64505e-05
0.0288533
2.25302e-05
0.0288226
1.91262e-05
0.0287955
1.61762e-05
0.0287714
1.36254e-05
0.02875
1.14253e-05
0.0287311
9.53322e-06
0.0287144
7.91157e-06
0.0286996
6.52695e-06
0.0286866
5.3497e-06
0.0286752
4.35333e-06
0.0286652
3.5141e-06
0.0286565
2.81031e-06
0.028649
2.22245e-06
0.0286425
1.73269e-06
0.0286371
1.32458e-06
0.0286325
9.82738e-07
0.0286288
6.92664e-07
0.0286259
4.40884e-07
0.0286237
2.14275e-07
0.0286223
0.0286216
0.00140711
0.0290603
-0.000686374
0.00140588
0.0348798
0.00128731
0.035366
0.00113192
0.0347706
0.00098135
0.0341086
0.000845221
0.0334955
0.000725052
0.0329408
0.000621802
0.0324453
0.000533364
0.0320055
0.000457995
0.0316159
0.000393863
0.0312708
0.000339234
0.0309652
0.000292611
0.0306946
0.000252724
0.0304551
0.00021851
0.0302428
0.000189084
0.0300549
0.000163711
0.0298883
0.000141782
0.0297407
0.000122789
0.0296099
0.000106313
0.029494
9.19993e-05
0.0293912
7.95488e-05
0.0293
6.87091e-05
0.029219
5.92651e-05
0.0291472
5.10339e-05
0.0290835
4.3859e-05
0.0290269
3.76063e-05
0.0289767
3.21601e-05
0.0289321
2.74206e-05
0.0288925
2.33011e-05
0.0288574
1.97263e-05
0.0288262
1.66301e-05
0.0287986
1.3955e-05
0.028774
1.16502e-05
0.0287523
9.67098e-06
0.0287331
7.97739e-06
0.0287161
6.53483e-06
0.028701
5.31235e-06
0.0286878
4.28206e-06
0.0286762
3.41964e-06
0.0286661
2.70312e-06
0.0286572
2.11215e-06
0.0286496
1.62868e-06
0.028643
1.23624e-06
0.0286374
9.19519e-07
0.0286328
6.6434e-07
0.0286291
4.56968e-07
0.0286261
2.85248e-07
0.0286239
1.36919e-07
0.0286225
0.0286218
0.00124978
0.0284697
-0.000659195
0.00126812
0.0348614
0.00115623
0.0354779
0.00101512
0.0349117
0.00087863
0.0342451
0.000757306
0.0336168
0.00065137
0.0330467
0.000559754
0.0325369
0.000480907
0.0320844
0.000413461
0.0316833
0.000355874
0.0313284
0.000306672
0.0310144
0.000264572
0.0307367
0.000228479
0.0304911
0.000197466
0.0302739
0.000170755
0.0300816
0.000147698
0.0299114
0.000127753
0.0297607
0.000110468
0.0296272
9.54678e-05
0.029509
8.24338e-05
0.0294042
7.10973e-05
0.0293113
6.12301e-05
0.0292289
5.26375e-05
0.0291558
4.51539e-05
0.029091
3.86371e-05
0.0290334
3.29652e-05
0.0289824
2.80326e-05
0.028937
2.37481e-05
0.0288968
2.00325e-05
0.0288611
1.6817e-05
0.0288294
1.40411e-05
0.0288013
1.16517e-05
0.0287764
9.60272e-06
0.0287543
7.85298e-06
0.0287348
6.36533e-06
0.0287175
5.10852e-06
0.0287023
4.05439e-06
0.0286889
3.1764e-06
0.0286771
2.45287e-06
0.0286668
1.86357e-06
0.0286578
1.38939e-06
0.02865
1.01397e-06
0.0286434
7.22308e-07
0.0286377
5.00168e-07
0.028633
3.34699e-07
0.0286292
2.12948e-07
0.0286262
1.24127e-07
0.028624
5.68335e-08
0.0286225
0.0286218
0.00110294
0.0279903
-0.000623487
0.00112561
0.0348388
0.00102369
0.0355798
0.000897086
0.0350383
0.00077481
0.0343674
0.000667889
0.0337237
0.000575668
0.0331389
0.000495598
0.032617
0.000426485
0.0321535
0.000367188
0.0317426
0.000316374
0.0313792
0.000272808
0.031058
0.000235418
0.0307741
0.000203281
0.0305233
0.000175605
0.0303015
0.000151725
0.0301055
0.000131081
0.029932
0.000113202
0.0297786
9.76946e-05
0.0296427
8.42292e-05
0.0295225
7.25256e-05
0.0294159
6.23462e-05
0.0293215
5.34886e-05
0.0292378
4.57798e-05
0.0291635
3.90716e-05
0.0290977
3.3237e-05
0.0290393
2.81669e-05
0.0289874
2.37663e-05
0.0289414
1.9953e-05
0.0289006
1.66554e-05
0.0288644
1.38119e-05
0.0288323
1.13673e-05
0.0288038
9.27334e-06
0.0287785
7.48862e-06
0.0287561
5.97643e-06
0.0287363
4.70139e-06
0.0287188
3.63656e-06
0.0287034
2.75654e-06
0.0286898
2.03542e-06
0.0286778
1.4552e-06
0.0286674
9.9717e-07
0.0286583
6.43353e-07
0.0286504
3.79319e-07
0.0286436
1.91366e-07
0.0286379
6.64748e-08
0.0286332
-7.18088e-09
0.0286293
-3.90543e-08
0.0286263
-4.20952e-08
0.028624
-2.56986e-08
0.0286225
0.0286218
0.000962605
0.0276064
-0.000578698
0.000980145
0.0348212
0.000891798
0.0356682
0.000776648
0.0351534
0.00066904
0.034475
0.000577056
0.0338157
0.00049821
0.0332178
0.00042962
0.0326856
0.000370373
0.0322127
0.000319403
0.0317936
0.000275541
0.031423
0.000237783
0.0310957
0.000205262
0.0308067
0.000177217
0.0305513
0.000152997
0.0303258
0.000132049
0.0301264
0.000113905
0.0299502
9.81663e-05
0.0297943
8.4499e-05
0.0296564
7.26222e-05
0.0295343
6.22951e-05
0.0294262
5.33129e-05
0.0293305
4.54997e-05
0.0292456
3.87045e-05
0.0291703
3.27979e-05
0.0291036
2.76681e-05
0.0290444
2.32198e-05
0.0289919
1.93688e-05
0.0289453
1.60418e-05
0.028904
1.31756e-05
0.0288673
1.07157e-05
0.0288347
8.61329e-06
0.0288059
6.82367e-06
0.0287803
5.31146e-06
0.0287576
4.04469e-06
0.0287376
2.98809e-06
0.0287199
2.12091e-06
0.0287042
1.42015e-06
0.0286905
8.60243e-07
0.0286784
4.27237e-07
0.0286678
1.0257e-07
0.0286586
-1.25263e-07
0.0286506
-2.72099e-07
0.0286438
-3.51769e-07
0.028638
-3.75354e-07
0.0286332
-3.53252e-07
0.0286293
-2.95694e-07
0.0286262
-2.11616e-07
0.0286239
-1.10082e-07
0.0286224
0.0286217
0.000822419
0.0273136
-0.000529681
0.000831857
0.0348118
0.000756127
0.0357439
0.000652681
0.0352569
0.000560734
0.0345669
0.000484454
0.033892
0.000418943
0.0332833
0.000361938
0.0327426
0.000312735
0.0322619
0.00027025
0.0318361
0.000233497
0.0314598
0.000201701
0.0311275
0.000174185
0.0308342
0.000150355
0.0305752
0.000129698
0.0303464
0.000111773
0.0301443
9.62069e-05
0.0299657
8.26767e-05
0.0298078
7.09075e-05
0.0296682
6.06693e-05
0.0295446
5.17622e-05
0.0294351
4.40144e-05
0.0293382
3.72783e-05
0.0292523
3.14255e-05
0.0291762
2.63446e-05
0.0291087
2.1941e-05
0.0290488
1.81332e-05
0.0289957
1.48484e-05
0.0289486
1.20221e-05
0.0289068
9.59988e-06
0.0288697
7.53477e-06
0.0288368
5.78477e-06
0.0288076
4.30767e-06
0.0287818
3.07538e-06
0.0287589
2.0607e-06
0.0287386
1.22805e-06
0.0287207
5.63397e-07
0.0287049
4.1109e-08
0.028691
-3.44298e-07
0.0286788
-6.21876e-07
0.0286681
-8.04683e-07
0.0286588
-9.05673e-07
0.0286507
-9.36467e-07
0.0286438
-9.07363e-07
0.028638
-8.28621e-07
0.0286331
-7.097e-07
0.0286292
-5.59244e-07
0.028626
-3.85615e-07
0.0286238
-1.96578e-07
0.0286222
0.0286215
0.000677339
0.0271123
-0.000475983
0.000678957
0.0348102
0.000613636
0.0358092
0.000524271
0.0353462
0.000449827
0.0346414
0.000389802
0.033952
0.000337814
0.0333353
0.000292689
0.0327877
0.000253742
0.0323009
0.000219889
0.03187
0.000190386
0.0314893
0.000164684
0.0311532
0.000142293
0.0308566
0.000122783
0.0305947
0.00010578
0.0303634
9.09596e-05
0.0301591
7.80412e-05
0.0299787
6.67793e-05
0.0298191
5.69599e-05
0.029678
4.84054e-05
0.0295531
4.09574e-05
0.0294426
3.44781e-05
0.0293447
2.88481e-05
0.0292579
2.39637e-05
0.0291811
1.97306e-05
0.0291129
1.6073e-05
0.0290525
1.29225e-05
0.0289988
1.02191e-05
0.0289513
7.90617e-06
0.0289091
5.93912e-06
0.0288717
4.27844e-06
0.0288385
2.88926e-06
0.028809
1.73173e-06
0.0287829
7.85191e-07
0.0287598
1.75307e-08
0.0287394
-5.68324e-07
0.0287213
-1.01839e-06
0.0287053
-1.34514e-06
0.0286913
-1.56538e-06
0.028679
-1.69023e-06
0.0286682
-1.73259e-06
0.0286588
-1.70404e-06
0.0286507
-1.61491e-06
0.0286437
-1.47437e-06
0.0286378
-1.29104e-06
0.0286329
-1.07311e-06
0.0286289
-8.28019e-07
0.0286258
-5.62992e-07
0.0286235
-2.84731e-07
0.028622
0.0286212
0.000524498
0.027001
-0.000413198
0.000519788
0.0348149
0.000464268
0.0358648
0.00038981
0.0354207
0.000336711
0.0346945
0.000292993
0.0339957
0.000254969
0.0333733
0.000222113
0.0328206
0.000193617
0.0323294
0.000168526
0.031895
0.000146397
0.0315114
0.000126899
0.0311727
0.000109728
0.0308737
9.46209e-05
0.0306098
8.13461e-05
0.0303767
6.96952e-05
0.0301708
5.94824e-05
0.0299889
5.05398e-05
0.029828
4.27127e-05
0.0296858
3.58798e-05
0.02956
2.99238e-05
0.0294485
2.47415e-05
0.0293499
2.02424e-05
0.0292624
1.63494e-05
0.029185
1.29819e-05
0.0291163
1.00867e-05
0.0290554
7.60757e-06
0.0290013
5.49771e-06
0.0289534
3.70863e-06
0.0289109
2.20529e-06
0.0288732
9.54898e-07
0.0288397
-7.40919e-08
0.02881
-8.8548e-07
0.0287837
-1.52927e-06
0.0287605
-2.02049e-06
0.0287399
-2.38194e-06
0.0287217
-2.62319e-06
0.0287056
-2.7608e-06
0.0286914
-2.80759e-06
0.028679
-2.77559e-06
0.0286682
-2.67448e-06
0.0286587
-2.51418e-06
0.0286505
-2.30309e-06
0.0286435
-2.04926e-06
0.0286376
-1.75976e-06
0.0286326
-1.44136e-06
0.0286286
-1.10037e-06
0.0286255
-7.4272e-07
0.0286231
-3.74049e-07
0.0286216
0.0286208
0.0003594
0.0269743
-0.000332699
0.000353026
0.0348213
0.000307412
0.0359104
0.000253139
0.035475
0.000221621
0.034726
0.000194163
0.0340232
0.000170761
0.0333967
0.000150537
0.0328408
0.000132636
0.0323473
0.000116414
0.0319113
0.000101755
0.0315261
8.85369e-05
0.0311859
7.66523e-05
0.0308856
6.60093e-05
0.0306204
5.65172e-05
0.0303862
4.80838e-05
0.0301792
4.06197e-05
0.0299963
3.40349e-05
0.0298346
2.82308e-05
0.0296916
2.31489e-05
0.029565
1.87104e-05
0.029453
1.48477e-05
0.0293537
1.14982e-05
0.0292658
8.61274e-06
0.0291878
6.12559e-06
0.0291188
4.00432e-06
0.0290575
2.2055e-06
0.0290031
6.909e-07
0.0289549
-5.54404e-07
0.0289121
-1.56739e-06
0.0288742
-2.3852e-06
0.0288405
-3.02674e-06
0.0288107
-3.51766e-06
0.0287842
-3.86791e-06
0.0287608
-4.09675e-06
0.0287401
-4.21853e-06
0.0287218
-4.24625e-06
0.0287056
-4.1907e-06
0.0286914
-4.06238e-06
0.0286789
-3.87102e-06
0.028668
-3.62465e-06
0.0286585
-3.33108e-06
0.0286502
-2.99691e-06
0.0286432
-2.62864e-06
0.0286372
-2.23198e-06
0.0286322
-1.81229e-06
0.0286282
-1.37464e-06
0.028625
-9.23702e-07
0.0286227
-4.63991e-07
0.0286211
0.0286204
0.000178064
0.0270234
-0.000227245
0.000178889
0.0348204
0.000141663
0.0359476
0.000116055
0.0355006
0.000103928
0.0347381
9.36396e-05
0.0340335
8.56031e-05
0.0334047
7.82801e-05
0.0328481
7.10666e-05
0.0323545
6.38165e-05
0.0319185
5.66932e-05
0.0315332
4.97979e-05
0.0311928
4.32371e-05
0.0308922
3.70925e-05
0.0306266
3.14149e-05
0.0303919
2.62273e-05
0.0301844
2.15367e-05
0.030001
1.73369e-05
0.0298388
1.35763e-05
0.0296954
1.02644e-05
0.0295684
7.35894e-06
0.0294559
4.82839e-06
0.0293563
2.63891e-06
0.029268
7.55808e-07
0.0291897
-8.12508e-07
0.0291203
-2.12352e-06
0.0290588
-3.21301e-06
0.0290042
-4.09953e-06
0.0289558
-4.80714e-06
0.0289128
-5.3524e-06
0.0288747
-5.75078e-06
0.0288409
-6.01892e-06
0.028811
-6.17315e-06
0.0287844
-6.22459e-06
0.0287609
-6.18593e-06
0.0287401
-6.06675e-06
0.0287217
-5.87799e-06
0.0287054
-5.62716e-06
0.0286911
-5.32258e-06
0.0286786
-4.97071e-06
0.0286676
-4.57804e-06
0.0286581
-4.15033e-06
0.0286498
-3.69253e-06
0.0286427
-3.20937e-06
0.0286367
-2.70515e-06
0.0286317
-2.18388e-06
0.0286277
-1.64931e-06
0.0286245
-1.10493e-06
0.0286221
-5.54049e-07
0.0286206
0.0286198
-1.55093e-05
0.0271286
-8.96675e-05
3.93924e-06
0.034801
-3.13599e-05
0.0359829
-2.16626e-05
0.0354909
-1.67145e-05
0.0347332
-7.96604e-06
0.0340247
-7.80336e-07
0.0333976
5.2137e-06
0.0328421
8.9163e-06
0.0323508
1.08143e-05
0.0319166
1.12965e-05
0.0315327
1.07675e-05
0.0311934
9.56079e-06
0.0308934
7.93586e-06
0.0306282
6.08829e-06
0.0303937
4.15889e-06
0.0301863
2.24351e-06
0.0300029
4.03179e-07
0.0298407
-1.20563e-06
0.029697
-2.69267e-06
0.0295698
-4.02328e-06
0.0294572
-5.18827e-06
0.0293574
-6.18591e-06
0.029269
-7.01913e-06
0.0291906
-7.70482e-06
0.029121
-8.244e-06
0.0290593
-8.64756e-06
0.0290046
-8.92665e-06
0.0289561
-9.09377e-06
0.028913
-9.15944e-06
0.0288748
-9.13208e-06
0.0288409
-9.02219e-06
0.0288108
-8.83762e-06
0.0287842
-8.58756e-06
0.0287606
-8.27867e-06
0.0287397
-7.91793e-06
0.0287213
-7.51134e-06
0.028705
-7.06437e-06
0.0286907
-6.58262e-06
0.0286781
-6.06991e-06
0.0286671
-5.53061e-06
0.0286575
-4.96852e-06
0.0286492
-4.38694e-06
0.0286421
-3.78891e-06
0.0286361
-3.17723e-06
0.0286311
-2.55452e-06
0.0286271
-1.92324e-06
0.0286239
-1.28563e-06
0.0286215
-6.43831e-07
0.0286199
0.0286192
-0.000232708
0.0272679
9.3466e-05
-0.000217091
0.0347854
-0.000196263
0.0359621
-0.000166472
0.0354611
-0.000133745
0.0347004
-0.000106315
0.0339973
-8.34225e-05
0.0333747
-6.52256e-05
0.0328239
-5.12708e-05
0.0323368
-4.08001e-05
0.0319061
-3.30817e-05
0.031525
-2.74923e-05
0.0311878
-2.35147e-05
0.0308894
-2.07328e-05
0.0306254
-1.8822e-05
0.0303918
-1.75338e-05
0.0301851
-1.66808e-05
0.0300021
-1.61178e-05
0.0298401
-1.57689e-05
0.0296966
-1.55279e-05
0.0295696
-1.53466e-05
0.029457
-1.5189e-05
0.0293573
-1.50273e-05
0.0292688
-1.4848e-05
0.0291904
-1.46364e-05
0.0291208
-1.4389e-05
0.0290591
-1.40983e-05
0.0290043
-1.37643e-05
0.0289557
-1.33878e-05
0.0289126
-1.29713e-05
0.0288744
-1.2516e-05
0.0288404
-1.20257e-05
0.0288104
-1.1502e-05
0.0287837
-1.09491e-05
0.0287601
-1.03691e-05
0.0287392
-9.76608e-06
0.0287207
-9.14144e-06
0.0287044
-8.49817e-06
0.02869
-7.83893e-06
0.0286774
-7.16541e-06
0.0286664
-6.47961e-06
0.0286568
-5.78335e-06
0.0286486
-5.07822e-06
0.0286414
-4.36563e-06
0.0286354
-3.64688e-06
0.0286304
-2.92318e-06
0.0286263
-2.19565e-06
0.0286231
-1.46531e-06
0.0286208
-7.33094e-07
0.0286192
0.0286184
-0.000466192
0.0274311
0.000302923
-0.000430388
0.0347496
-0.000369874
0.0359016
-0.000308483
0.0353997
-0.000251582
0.0346435
-0.000204865
0.0339506
-0.000166422
0.0333362
-0.000135563
0.0327931
-0.000111193
0.0323125
-9.20723e-05
0.031887
-7.713e-05
0.0315101
-6.54742e-05
0.0311761
-5.63771e-05
0.0308803
-4.92551e-05
0.0306183
-4.36493e-05
0.0303862
-3.92033e-05
0.0301806
-3.56415e-05
0.0299985
-3.27478e-05
0.0298372
-3.03749e-05
0.0296943
-2.83831e-05
0.0295676
-2.66797e-05
0.0294553
-2.51944e-05
0.0293558
-2.38719e-05
0.0292675
-2.26755e-05
0.0291892
-2.15676e-05
0.0291197
-2.05321e-05
0.0290581
-1.95461e-05
0.0290033
-1.85979e-05
0.0289548
-1.76777e-05
0.0289117
-1.67787e-05
0.0288735
-1.58951e-05
0.0288396
-1.50235e-05
0.0288095
-1.41607e-05
0.0287828
-1.33048e-05
0.0287592
-1.24539e-05
0.0287383
-1.16082e-05
0.0287198
-1.07657e-05
0.0287036
-9.92635e-06
0.0286892
-9.08983e-06
0.0286766
-8.25573e-06
0.0286656
-7.42377e-06
0.028656
-6.59378e-06
0.0286477
-5.76555e-06
0.0286406
-4.93888e-06
0.0286346
-4.11357e-06
0.0286296
-3.28942e-06
0.0286255
-2.46623e-06
0.0286223
-1.64376e-06
0.0286199
-8.21742e-07
0.0286184
0.0286176
-0.000712755
0.0275946
0.000549254
-0.000645614
0.0346824
-0.000545374
0.0358013
-0.000448657
0.035303
-0.000368239
0.0345631
-0.000302142
0.0338845
-0.000248186
0.0332823
-0.000204843
0.0327497
-0.000170262
0.0322779
-0.000142665
0.0318594
-0.000120644
0.031488
-0.000103041
0.0311585
-8.89185e-05
0.0308662
-7.75308e-05
0.0306069
-6.82878e-05
0.0303769
-6.0728e-05
0.0301731
-5.44889e-05
0.0299923
-4.92877e-05
0.029832
-4.49138e-05
0.0296899
-4.11858e-05
0.0295639
-3.79716e-05
0.0294521
-3.51671e-05
0.029353
-3.2691e-05
0.029265
-3.04798e-05
0.029187
-2.84819e-05
0.0291177
-2.66605e-05
0.0290562
-2.49812e-05
0.0290017
-2.34202e-05
0.0289532
-2.19574e-05
0.0289102
-2.05769e-05
0.0288721
-1.92657e-05
0.0288382
-1.80134e-05
0.0288082
-1.68117e-05
0.0287816
-1.56533e-05
0.0287581
-1.4532e-05
0.0287372
-1.34438e-05
0.0287188
-1.23838e-05
0.0287025
-1.13486e-05
0.0286882
-1.03352e-05
0.0286756
-9.34092e-06
0.0286646
-8.3632e-06
0.028655
-7.39992e-06
0.0286468
-6.44908e-06
0.0286397
-5.50883e-06
0.0286337
-4.57748e-06
0.0286287
-3.65341e-06
0.0286246
-2.7351e-06
0.0286214
-1.82106e-06
0.028619
-9.09817e-07
0.0286175
0.0286167
-0.000966862
0.0277322
0.000829268
-0.000861055
0.0345766
-0.000718567
0.0356588
-0.00058799
0.0351724
-0.000482623
0.0344577
-0.000397196
0.033799
-0.00032805
0.0332131
-0.000272557
0.0326942
-0.000228045
0.0322334
-0.000192232
0.0318236
-0.000163344
0.0314592
-0.000139967
0.0311351
-0.000120958
0.0308472
-0.000105414
0.0305914
-9.26194e-05
0.0303642
-8.20124e-05
0.0301624
-7.3149e-05
0.0299834
-6.56818e-05
0.0298245
-5.93399e-05
0.0296835
-5.39011e-05
0.0295584
-4.91952e-05
0.0294474
-4.50864e-05
0.0293489
-4.14672e-05
0.0292614
-3.82503e-05
0.0291838
-3.53693e-05
0.0291148
-3.27672e-05
0.0290536
-3.03987e-05
0.0289993
-2.82278e-05
0.0289511
-2.62246e-05
0.0289082
-2.43645e-05
0.0288702
-2.2627e-05
0.0288365
-2.09952e-05
0.0288066
-1.94553e-05
0.0287801
-1.7995e-05
0.0287566
-1.66038e-05
0.0287358
-1.52737e-05
0.0287174
-1.39966e-05
0.0287012
-1.2766e-05
0.0286869
-1.15762e-05
0.0286744
-1.04221e-05
0.0286634
-9.29896e-06
0.0286539
-8.20276e-06
0.0286457
-7.1297e-06
0.0286386
-6.07627e-06
0.0286326
-5.03928e-06
0.0286276
-4.01571e-06
0.0286236
-3.0027e-06
0.0286204
-1.99751e-06
0.028618
-9.97461e-07
0.0286165
0.0286157
-0.00122161
0.0278273
0.00112651
-0.00107025
0.0344252
-0.000886483
0.0354751
-0.000723732
0.0350096
-0.000593586
0.0343276
-0.0004892
0.0336947
-0.000405422
0.0331293
-0.000338256
0.0326271
-0.000284203
0.0321793
-0.000240498
0.0317799
-0.000205014
0.0314237
-0.000176079
0.0311062
-0.000152358
0.0308235
-0.000132796
0.0305718
-0.000116559
0.0303479
-0.000102991
0.0301489
-9.15711e-05
0.029972
-8.18897e-05
0.0298149
-7.36216e-05
0.0296753
-6.65044e-05
0.0295513
-6.03316e-05
0.0294412
-5.49377e-05
0.0293435
-5.01898e-05
0.0292566
-4.59799e-05
0.0291795
-4.22238e-05
0.0291111
-3.88483e-05
0.0290503
-3.5796e-05
0.0289962
-3.30194e-05
0.0289483
-3.04788e-05
0.0289057
-2.81415e-05
0.0288679
-2.59796e-05
0.0288344
-2.39698e-05
0.0288046
-2.20928e-05
0.0287782
-2.03315e-05
0.0287548
-1.86711e-05
0.0287341
-1.70997e-05
0.0287159
-1.56059e-05
0.0286997
-1.41803e-05
0.0286855
-1.28144e-05
0.028673
-1.15007e-05
0.0286621
-1.02325e-05
0.0286526
-9.00364e-06
0.0286444
-7.8086e-06
0.0286374
-6.64224e-06
0.0286314
-5.49986e-06
0.0286265
-4.37702e-06
0.0286224
-3.26955e-06
0.0286193
-2.17347e-06
0.0286169
-1.08486e-06
0.0286154
0.0286146
-0.0014686
0.0278706
0.00142537
-0.00127059
0.0342272
-0.00104672
0.0352512
-0.000853408
0.0348163
-0.000699779
0.034174
-0.000577355
0.0335722
-0.000479731
0.0330317
-0.000401514
0.0325489
-0.000338424
0.0321162
-0.000287223
0.0317287
-0.000245465
0.0313819
-0.000211233
0.031072
-0.000183005
0.0307952
-0.000159587
0.0305484
-0.000140036
0.0303284
-0.000123608
0.0301325
-0.000109712
0.0299581
-9.78782e-05
0.029803
-8.77329e-05
0.0296651
-7.89752e-05
0.0295426
-7.13652e-05
0.0294336
-6.4709e-05
0.0293368
-5.88503e-05
0.0292508
-5.36618e-05
0.0291744
-4.90408e-05
0.0291064
-4.49005e-05
0.0290461
-4.11709e-05
0.0289925
-3.77936e-05
0.0289449
-3.47196e-05
0.0289026
-3.1908e-05
0.0288651
-2.93239e-05
0.0288318
-2.6938e-05
0.0288022
-2.47253e-05
0.028776
-2.26639e-05
0.0287528
-2.07351e-05
0.0287322
-1.8923e-05
0.028714
-1.7213e-05
0.028698
-1.55927e-05
0.0286839
-1.40511e-05
0.0286715
-1.25781e-05
0.0286607
-1.1165e-05
0.0286512
-9.80362e-06
0.0286431
-8.48673e-06
0.0286361
-7.20757e-06
0.0286302
-5.95991e-06
0.0286252
-4.73792e-06
0.0286212
-3.53611e-06
0.0286181
-2.34922e-06
0.0286157
-1.17216e-06
0.0286142
0.0286135
-0.00169898
0.0278596
0.00170991
-0.00145967
0.0339879
-0.00119701
0.0349885
-0.000975332
0.0345946
-0.000799895
0.0339985
-0.00066086
0.0334332
-0.000550435
0.0329213
-0.000461947
0.0324604
-0.00039042
0.0320447
-0.000332196
0.0316705
-0.000284539
0.0313343
-0.000245304
0.0310327
-0.000212803
0.0307627
-0.000185713
0.0305213
-0.000162993
0.0303056
-0.000143819
0.0301133
-0.000127535
0.0299418
-0.000113618
0.0297891
-0.00010165
0.0296532
-9.12949e-05
0.0295322
-8.22808e-05
0.0294246
-7.43884e-05
0.0293289
-6.74394e-05
0.0292438
-6.12877e-05
0.0291682
-5.58143e-05
0.029101
-5.09188e-05
0.0290412
-4.65195e-05
0.0289881
-4.25472e-05
0.0289409
-3.89443e-05
0.028899
-3.5662e-05
0.0288618
-3.26586e-05
0.0288288
-2.98985e-05
0.0287994
-2.73518e-05
0.0287734
-2.49917e-05
0.0287504
-2.27956e-05
0.02873
-2.07435e-05
0.028712
-1.8818e-05
0.0286961
-1.70035e-05
0.0286821
-1.52864e-05
0.0286698
-1.36544e-05
0.028659
-1.20966e-05
0.0286497
-1.06029e-05
0.0286416
-9.16436e-06
0.0286346
-7.7725e-06
0.0286288
-6.41966e-06
0.0286239
-5.0986e-06
0.0286199
-3.8025e-06
0.0286168
-2.52487e-06
0.0286145
-1.2594e-06
0.0286129
0.0286122
-0.00190434
0.0277997
0.0019643
-0.00163067
0.0337143
-0.00133476
0.0346926
-0.00108786
0.0343477
-0.000892789
0.0338035
-0.00073896
0.0332794
-0.000617035
0.0327994
-0.000519199
0.0323625
-0.000439925
0.0319654
-0.000375219
0.0316058
-0.000322086
0.0312811
-0.000278179
0.0309888
-0.000241662
0.0307262
-0.000211102
0.0304907
-0.000185372
0.0302799
-0.000163576
0.0300915
-0.000145002
0.0299232
-0.000129078
0.0297732
-0.000115347
0.0296394
-0.000103441
0.0295203
-9.3059e-05
0.0294142
-8.39591e-05
0.0293198
-7.59423e-05
0.0292358
-6.8845e-05
0.0291611
-6.25331e-05
0.0290947
-5.68935e-05
0.0290356
-5.18329e-05
0.0289831
-4.72726e-05
0.0289364
-4.31463e-05
0.0288949
-3.93975e-05
0.0288581
-3.59782e-05
0.0288253
-3.28469e-05
0.0287963
-2.99683e-05
0.0287706
-2.73113e-05
0.0287478
-2.48492e-05
0.0287276
-2.25584e-05
0.0287097
-2.04183e-05
0.0286939
-1.84104e-05
0.0286801
-1.65185e-05
0.0286679
-1.47281e-05
0.0286572
-1.3026e-05
0.028648
-1.14004e-05
0.02864
-9.84046e-06
0.0286331
-8.3362e-06
0.0286273
-6.87842e-06
0.0286224
-5.45851e-06
0.0286185
-4.06833e-06
0.0286154
-2.70016e-06
0.0286131
-1.34647e-06
0.0286116
0.0286108
-0.00207796
0.0277019
0.00217571
-0.00177925
0.0334156
-0.00145812
0.0343715
-0.00118927
0.0340789
-0.000977477
0.0335917
-0.000811051
0.0331129
-0.000679114
0.0326674
-0.000572966
0.0322564
-0.000486719
0.0318792
-0.000416129
0.0315352
-0.000357983
0.031223
-0.000309761
0.0309406
-0.000269506
0.030686
-0.000235693
0.0304569
-0.000207121
0.0302513
-0.000182836
0.0300672
-0.000162074
0.0299025
-0.000144224
0.0297553
-0.000128794
0.029624
-0.000115386
0.0295069
-0.000103676
0.0294025
-9.33998e-05
0.0293095
-8.43396e-05
0.0292268
-7.63162e-05
0.0291531
-6.91813e-05
0.0290875
-6.28099e-05
0.0290292
-5.70982e-05
0.0289773
-5.19579e-05
0.0289312
-4.73147e-05
0.0288903
-4.31049e-05
0.0288538
-3.9274e-05
0.0288215
-3.5775e-05
0.0287928
-3.25676e-05
0.0287674
-2.96162e-05
0.0287448
-2.68901e-05
0.0287248
-2.43624e-05
0.0287072
-2.20091e-05
0.0286916
-1.98091e-05
0.0286779
-1.77436e-05
0.0286658
-1.57957e-05
0.0286553
-1.39502e-05
0.0286461
-1.21935e-05
0.0286382
-1.05128e-05
0.0286314
-8.89679e-06
0.0286256
-7.33466e-06
0.0286209
-5.81644e-06
0.028617
-4.33271e-06
0.0286139
-2.87448e-06
0.0286116
-1.43306e-06
0.0286102
0.0286094
-0.00221577
0.0275814
0.00233626
-0.00190243
0.0331022
-0.00156425
0.0340333
-0.00127798
0.0337926
-0.00105318
0.0333669
-0.000876669
0.0329364
-0.000736309
0.0325271
-0.000622969
0.032143
-0.000530596
0.0317868
-0.000454773
0.0314594
-0.00039211
0.0311603
-0.000339953
0.0308885
-0.000296251
0.0306423
-0.000259412
0.0304201
-0.000228177
0.0302201
-0.000201541
0.0300406
-0.000178701
0.0298796
-0.00015901
0.0297356
-0.000141949
0.0296069
-0.000127093
0.029492
-0.000114097
0.0293895
-0.000102678
0.0292981
-9.26017e-05
0.0292167
-8.36741e-05
0.0291442
-7.57339e-05
0.0290796
-6.86453e-05
0.0290221
-6.22942e-05
0.028971
-5.65838e-05
0.0289255
-5.14318e-05
0.0288851
-4.67677e-05
0.0288492
-4.2531e-05
0.0288173
-3.86691e-05
0.028789
-3.5137e-05
0.0287638
-3.18948e-05
0.0287416
-2.8908e-05
0.0287218
-2.6146e-05
0.0287044
-2.3582e-05
0.028689
-2.1192e-05
0.0286755
-1.89547e-05
0.0286636
-1.68511e-05
0.0286532
-1.48638e-05
0.0286441
-1.29773e-05
0.0286363
-1.11774e-05
0.0286296
-9.45083e-06
0.0286239
-7.78554e-06
0.0286192
-6.17016e-06
0.0286153
-4.59396e-06
0.0286123
-3.04674e-06
0.0286101
-1.51862e-06
0.0286086
0.0286079
-0.0023165
0.0274541
0.00244386
-0.00199847
0.0327842
-0.00164935
0.0336842
-0.00135281
0.0334961
-0.00111937
0.0331334
-0.000935497
0.0327526
-0.00078834
0.0323799
-0.000668997
0.0320237
-0.000571407
0.0316892
-0.000491039
0.031379
-0.000424376
0.0310937
-0.000368674
0.0308328
-0.000321828
0.0305954
-0.000282198
0.0303804
-0.000248483
0.0301864
-0.00021964
0.0300117
-0.000194834
0.0298548
-0.000173391
0.0297142
-0.000154769
0.0295883
-0.000138521
0.0294758
-0.000124285
0.0293753
-0.00011176
0.0292856
-0.000100697
0.0292056
-9.08888e-05
0.0291343
-8.21634e-05
0.0290709
-7.4374e-05
0.0290143
-6.73974e-05
0.028964
-6.11285e-05
0.0289193
-5.54776e-05
0.0288795
-5.03677e-05
0.0288441
-4.57324e-05
0.0288126
-4.1514e-05
0.0287847
-3.76627e-05
0.02876
-3.41344e-05
0.028738
-3.08911e-05
0.0287186
-2.78987e-05
0.0287014
-2.51273e-05
0.0286863
-2.25504e-05
0.0286729
-2.01442e-05
0.0286612
-1.78874e-05
0.0286509
-1.57607e-05
0.028642
-1.37468e-05
0.0286343
-1.18295e-05
0.0286277
-9.99445e-06
0.0286221
-8.22787e-06
0.0286174
-6.51711e-06
0.0286136
-4.85018e-06
0.0286107
-3.21567e-06
0.0286085
-1.60252e-06
0.028607
0.0286063
-0.00238125
0.0273338
0.0025015
-0.00206727
0.0324702
-0.00171432
0.0333313
-0.00141351
0.0331952
-0.00117569
0.0328956
-0.000987092
0.032564
-0.000834917
0.0322277
-0.000710855
0.0318996
-0.000609005
0.0315874
-0.000524805
0.0312948
-0.000454668
0.0310235
-0.000395822
0.0307739
-0.000346143
0.0305457
-0.000303966
0.0303383
-0.00026796
0.0301504
-0.000237058
0.0299808
-0.000210402
0.0298282
-0.000187301
0.0296911
-0.000167193
0.0295682
-0.000149614
0.0294582
-0.000134186
0.0293599
-0.000120595
0.029272
-0.000108579
0.0291936
-9.79186e-05
0.0291237
-8.84311e-05
0.0290614
-7.99606e-05
0.0290059
-7.23752e-05
0.0289564
-6.5562e-05
0.0289124
-5.94245e-05
0.0288733
-5.38795e-05
0.0288385
-4.88549e-05
0.0288076
-4.42882e-05
0.0287802
-4.01249e-05
0.0287558
-3.63172e-05
0.0287342
-3.28231e-05
0.0287151
-2.96055e-05
0.0286982
-2.66317e-05
0.0286833
-2.38723e-05
0.0286701
-2.13012e-05
0.0286586
-1.88949e-05
0.0286485
-1.66324e-05
0.0286397
-1.44942e-05
0.0286322
-1.24628e-05
0.0286257
-1.05221e-05
0.0286201
-8.6571e-06
0.0286156
-6.85371e-06
0.0286118
-5.09871e-06
0.0286089
-3.3795e-06
0.0286067
-1.68388e-06
0.0286053
0.0286046
-0.0024131
0.0272314
0.00251551
-0.00211017
0.0321673
-0.00176028
0.0329814
-0.00146059
0.0328956
-0.00122213
0.0326572
-0.00103124
0.0323731
-0.000875876
0.0320724
-0.00074845
0.0317722
-0.000643326
0.0314823
-0.000556008
0.0312075
-0.000482922
0.0309504
-0.000421334
0.0307123
-0.000369134
0.0304935
-0.000324653
0.0302938
-0.000286547
0.0301123
-0.000253736
0.029948
-0.00022535
0.0297998
-0.000200688
0.0296664
-0.000179172
0.0295467
-0.000160326
0.0294394
-0.000143759
0.0293433
-0.000129145
0.0292574
-0.000116212
0.0291807
-0.00010473
0.0291122
-9.45064e-05
0.0290511
-8.53769e-05
0.0289967
-7.72016e-05
0.0289483
-6.98605e-05
0.0289051
-6.32508e-05
0.0288667
-5.72832e-05
0.0288326
-5.18804e-05
0.0288022
-4.69752e-05
0.0287753
-4.25088e-05
0.0287513
-3.84294e-05
0.0287301
-3.46917e-05
0.0287114
-3.12555e-05
0.0286948
-2.8085e-05
0.0286801
-2.51485e-05
0.0286672
-2.24175e-05
0.0286559
-1.98665e-05
0.028646
-1.74724e-05
0.0286374
-1.52141e-05
0.0286299
-1.30725e-05
0.0286235
-1.10299e-05
0.0286181
-9.06992e-06
0.0286136
-7.17731e-06
0.0286099
-5.33757e-06
0.0286071
-3.53692e-06
0.0286049
-1.76205e-06
0.0286035
0.0286028
-0.00241611
0.0271538
0.0024937
-0.00212942
0.0318806
-0.00178853
0.0326405
-0.00149481
0.0326018
-0.00125895
0.0324213
-0.00106802
0.0321821
-0.000911153
0.0319155
-0.000781683
0.0316427
-0.000674266
0.0313748
-0.000584532
0.0311177
-0.000509023
0.0308749
-0.000445098
0.0306484
-0.000390696
0.0304391
-0.000344159
0.0302472
-0.000304147
0.0300723
-0.000269581
0.0299134
-0.000239593
0.0297698
-0.000213471
0.0296403
-0.000190631
0.0295239
-0.000170587
0.0294193
-0.000152939
0.0293256
-0.000137352
0.0292418
-0.000123543
0.0291669
-0.000111274
0.0290999
-0.000100344
0.0290402
-9.05818e-05
0.028987
-8.18392e-05
0.0289395
-7.399e-05
0.0288973
-6.69253e-05
0.0288596
-6.05503e-05
0.0288262
-5.47829e-05
0.0287964
-4.95513e-05
0.02877
-4.47926e-05
0.0287466
-4.04514e-05
0.0287258
-3.6479e-05
0.0287074
-3.28322e-05
0.0286911
-2.94725e-05
0.0286768
-2.63658e-05
0.0286641
-2.34814e-05
0.028653
-2.07915e-05
0.0286433
-1.82714e-05
0.0286348
-1.58983e-05
0.0286275
-1.36514e-05
0.0286213
-1.15117e-05
0.028616
-9.46143e-06
0.0286115
-7.48404e-06
0.028608
-5.56388e-06
0.0286051
-3.68602e-06
0.0286031
-1.83607e-06
0.0286017
0.028601
-0.00239489
0.0271045
0.00244427
-0.00212793
0.0316136
-0.00180089
0.0323134
-0.00151722
0.0323182
-0.00128677
0.0321909
-0.00109775
0.0319931
-0.000940962
0.0317587
-0.000810659
0.0315124
-0.000701845
0.031266
-0.000610363
0.0310263
-0.000532947
0.0307975
-0.000467088
0.0305825
-0.000410796
0.0303828
-0.000362446
0.0301989
-0.000320721
0.0300305
-0.000284558
0.0298773
-0.000253094
0.0297383
-0.000225618
0.0296128
-0.000201539
0.0294998
-0.00018037
0.0293982
-0.000161702
0.029307
-0.000145192
0.0292253
-0.00013055
0.0291522
-0.000117532
0.0290869
-0.000105929
0.0290286
-9.55609e-05
0.0289766
-8.62752e-05
0.0289302
-7.7939e-05
0.0288889
-7.04379e-05
0.0288521
-6.36721e-05
0.0288194
-5.75547e-05
0.0287903
-5.20097e-05
0.0287645
-4.69704e-05
0.0287415
-4.23779e-05
0.0287212
-3.81804e-05
0.0287032
-3.43317e-05
0.0286873
-3.07909e-05
0.0286732
-2.75213e-05
0.0286608
-2.44901e-05
0.02865
-2.16678e-05
0.0286405
-1.90275e-05
0.0286322
-1.65451e-05
0.028625
-1.41983e-05
0.0286189
-1.19665e-05
0.0286137
-9.83068e-06
0.0286094
-7.77315e-06
0.0286059
-5.77708e-06
0.0286031
-3.82644e-06
0.0286011
-1.90577e-06
0.0285998
0.0285991
-0.00235386
0.0270838
0.00237456
-0.00210868
0.0313684
-0.00179928
0.032004
-0.00152883
0.0320477
-0.00130614
0.0319682
-0.00112072
0.0318077
-0.000965434
0.0316034
-0.000835397
0.0313824
-0.000726008
0.0311566
-0.000633407
0.0309337
-0.000554583
0.0307187
-0.000487188
0.0305151
-0.000429317
0.030325
-0.000379401
0.030149
-0.000336162
0.0299873
-0.000298565
0.0298397
-0.000265761
0.0297055
-0.000237042
0.0295841
-0.00021182
0.0294746
-0.000189604
0.0293759
-0.000169982
0.0292874
-0.000152607
0.0292079
-0.000137183
0.0291368
-0.000123457
0.0290732
-0.000111217
0.0290164
-0.000100276
0.0289657
-9.04746e-05
0.0289204
-8.16759e-05
0.0288801
-7.376e-05
0.0288442
-6.66224e-05
0.0288123
-6.0172e-05
0.0287839
-5.43289e-05
0.0287586
-4.90227e-05
0.0287362
-4.41914e-05
0.0287164
-3.97799e-05
0.0286988
-3.57396e-05
0.0286832
-3.2027e-05
0.0286695
-2.86032e-05
0.0286574
-2.54333e-05
0.0286468
-2.2486e-05
0.0286375
-1.97327e-05
0.0286294
-1.71476e-05
0.0286225
-1.4707e-05
0.0286165
-1.2389e-05
0.0286114
-1.01734e-05
0.0286072
-8.04129e-06
0.0286038
-5.97468e-06
0.0286011
-3.95653e-06
0.0285991
-1.97032e-06
0.0285978
0.0285971
-0.0022969
0.0270897
0.00229097
-0.00207495
0.0311465
-0.00178597
0.0317151
-0.00153096
0.0317927
-0.00131778
0.031755
-0.00113749
0.0316274
-0.000984951
0.0314509
-0.000856148
0.0312536
-0.000746916
0.0310474
-0.000653774
0.0308405
-0.000574007
0.0306389
-0.000505449
0.0304466
-0.000446296
0.0302658
-0.000395052
0.0300977
-0.000350495
0.0299427
-0.000311625
0.0298008
-0.000277614
0.0296715
-0.000247763
0.0295543
-0.000221491
0.0294483
-0.000198307
0.0293528
-0.0001778
0.0292668
-0.000159617
0.0291897
-0.000143458
0.0291206
-0.000129068
0.0290588
-0.000116226
0.0290035
-0.000104743
0.0289542
-9.44544e-05
0.0289101
-8.52171e-05
0.0288709
-7.69074e-05
0.0288359
-6.94166e-05
0.0288048
-6.26496e-05
0.0287771
-5.65229e-05
0.0287525
-5.09628e-05
0.0287307
-4.59042e-05
0.0287113
-4.12894e-05
0.0286942
-3.70669e-05
0.028679
-3.31911e-05
0.0286656
-2.96209e-05
0.0286538
-2.63196e-05
0.0286435
-2.32539e-05
0.0286344
-2.03938e-05
0.0286266
-1.77118e-05
0.0286198
-1.51829e-05
0.0286139
-1.2784e-05
0.028609
-1.04936e-05
0.0286049
-8.29157e-06
0.0286016
-6.15902e-06
0.0285989
-4.07782e-06
0.028597
-2.03049e-06
0.0285957
0.0285951
-0.00222728
0.0271185
0.00219851
-0.00202973
0.030949
-0.00176286
0.0314482
-0.00152472
0.0315546
-0.00132231
0.0315526
-0.00114838
0.0314535
-0.00099968
0.0313022
-0.000872948
0.0311269
-0.00076453
0.030939
-0.000671386
0.0307474
-0.00059112
0.0305586
-0.000521757
0.0303772
-0.000461613
0.0302057
-0.000409283
0.0300454
-0.00036361
0.0298971
-0.000323637
0.0297608
-0.00028856
0.0296365
-0.000257697
0.0295234
-0.000230476
0.0294211
-0.000206411
0.0293287
-0.000185092
0.0292455
-0.000166163
0.0291708
-0.000149325
0.0291038
-0.000134317
0.0290438
-0.000120916
0.0289901
-0.000108926
0.0289422
-9.81802e-05
0.0288994
-8.85316e-05
0.0288612
-7.98519e-05
0.0288272
-7.2029e-05
0.028797
-6.49641e-05
0.02877
-5.85705e-05
0.0287461
-5.27714e-05
0.0287249
-4.7499e-05
0.028706
-4.26928e-05
0.0286894
-3.82993e-05
0.0286746
-3.42703e-05
0.0286616
-3.0563e-05
0.0286501
-2.71387e-05
0.0286401
-2.39625e-05
0.0286313
-2.10028e-05
0.0286236
-1.82307e-05
0.028617
-1.562e-05
0.0286113
-1.31462e-05
0.0286065
-1.07868e-05
0.0286025
-8.52059e-06
0.0285993
-6.32757e-06
0.0285967
-4.18866e-06
0.0285949
-2.08545e-06
0.0285936
0.028593
-0.00215095
0.0271677
0.00210171
-0.00197633
0.0307743
-0.00173206
0.0312039
-0.00151155
0.0313341
-0.0013208
0.0313618
-0.00115417
0.0312869
-0.00101016
0.0311582
-0.000886189
0.0310029
-0.000779153
0.030832
-0.000686488
0.0306547
-0.000606126
0.0304783
-0.000536287
0.0303074
-0.000475422
0.0301448
-0.000422232
0.0299922
-0.000375634
0.0298505
-0.000334718
0.0297199
-0.000298709
0.0296004
-0.000266947
0.0294916
-0.000238872
0.029393
-0.000214007
0.0293038
-0.000191943
0.0292235
-0.000172329
0.0291512
-0.00015486
0.0290863
-0.000139277
0.0290282
-0.000125352
0.0289762
-0.000112887
0.0289297
-0.000101712
0.0288882
-9.16749e-05
0.0288512
-8.26457e-05
0.0288182
-7.45083e-05
0.0287888
-6.7161e-05
0.0287627
-6.05141e-05
0.0287395
-5.4488e-05
0.0287189
-4.90123e-05
0.0287006
-4.40242e-05
0.0286844
-3.94678e-05
0.0286701
-3.52932e-05
0.0286574
-3.14554e-05
0.0286463
-2.79141e-05
0.0286365
-2.46329e-05
0.028628
-2.15787e-05
0.0286206
-1.87212e-05
0.0286141
-1.60329e-05
0.0286086
-1.34882e-05
0.028604
-1.10635e-05
0.0286001
-8.73661e-06
0.028597
-6.48648e-06
0.0285945
-4.29314e-06
0.0285927
-2.13726e-06
0.0285915
0.0285909
-0.00207065
0.0272348
0.00200354
-0.00191704
0.0306207
-0.00169511
0.030982
-0.00149245
0.0311314
-0.00131384
0.0311832
-0.0011552
0.0311282
-0.00101652
0.0310195
-0.000895891
0.0308823
-0.000790738
0.0307268
-0.000698994
0.030563
-0.000618912
0.0303982
-0.000548911
0.0302374
-0.000487594
0.0300835
-0.000433773
0.0299384
-0.000386445
0.0298031
-0.000344751
0.0296782
-0.000307951
0.0295636
-0.000275409
0.0294591
-0.000246583
0.0293642
-0.000221006
0.0292782
-0.000198274
0.0292007
-0.000178037
0.029131
-0.000159995
0.0290683
-0.000143884
0.0290121
-0.000129476
0.0289618
-0.000116572
0.0289168
-0.000104998
0.0288766
-9.46003e-05
0.0288408
-8.52454e-05
0.0288088
-7.68146e-05
0.0287804
-6.92035e-05
0.0287551
-6.23197e-05
0.0287326
-5.60813e-05
0.0287126
-5.04153e-05
0.0286949
-4.52571e-05
0.0286792
-4.05485e-05
0.0286653
-3.62378e-05
0.0286531
-3.22783e-05
0.0286423
-2.86281e-05
0.0286329
-2.52492e-05
0.0286246
-2.21072e-05
0.0286174
-1.91707e-05
0.0286112
-1.64107e-05
0.0286059
-1.38008e-05
0.0286014
-1.13161e-05
0.0285976
-8.93357e-06
0.0285946
-6.63125e-06
0.0285922
-4.38826e-06
0.0285904
-2.1844e-06
0.0285893
0.0285887
-0.00198826
0.0273163
0.00190673
-0.00185403
0.0304865
-0.00165392
0.0307819
-0.00146892
0.0309464
-0.00130258
0.0310169
-0.00115235
0.030978
-0.00101949
0.0308866
-0.000902623
0.0307654
-0.000799766
0.0306239
-0.000709321
0.0304725
-0.000629845
0.0303187
-0.000559961
0.0301675
-0.000498429
0.030022
-0.000444182
0.0298841
-0.000396299
0.0297553
-0.000353974
0.0296359
-0.000316507
0.0295262
-0.000283291
0.0294259
-0.000253803
0.0293347
-0.000227588
0.029252
-0.000204249
0.0291774
-0.000183443
0.0291102
-0.000164871
0.0290497
-0.00014827
0.0289955
-0.000133412
0.0289469
-0.000120096
0.0289035
-0.000108147
0.0288647
-9.74083e-05
0.0288301
-8.77445e-05
0.0287992
-7.90348e-05
0.0287717
-7.11722e-05
0.0287472
-6.40621e-05
0.0287255
-5.76204e-05
0.0287062
-5.17721e-05
0.0286891
-4.64504e-05
0.0286739
-4.15955e-05
0.0286605
-3.71537e-05
0.0286487
-3.30768e-05
0.0286383
-2.93214e-05
0.0286291
-2.58481e-05
0.0286211
-2.26211e-05
0.0286142
-1.96079e-05
0.0286082
-1.67784e-05
0.0286031
-1.41051e-05
0.0285987
-1.15622e-05
0.0285951
-9.1255e-06
0.0285921
-6.77237e-06
0.0285898
-4.481e-06
0.0285881
-2.23037e-06
0.028587
0.0285865
-0.00190495
0.0274094
0.00181192
-0.00178849
0.03037
-0.00160945
0.0306028
-0.00144162
0.0307786
-0.00128743
0.0308627
-0.00114585
0.0308364
-0.00101911
0.0307599
-0.000906359
0.0306526
-0.000806149
0.0305237
-0.000717338
0.0303837
-0.000638767
0.0302402
-0.000569264
0.030098
-0.000507752
0.0299604
-0.000453283
0.0298297
-0.00040502
0.029707
-0.000362215
0.0295931
-0.00032421
0.0294882
-0.000290431
0.0293921
-0.000260376
0.0293046
-0.000233604
0.0292253
-0.00020973
0.0291535
-0.000188415
0.0290888
-0.000169365
0.0290307
-0.000152319
0.0289785
-0.00013705
0.0289317
-0.000123356
0.0288898
-0.00011106
0.0288524
-0.000100007
0.028819
-9.00571e-05
0.0287892
-8.10884e-05
0.0287627
-7.29922e-05
0.0287391
-6.56717e-05
0.0287182
-5.90408e-05
0.0286995
-5.30229e-05
0.028683
-4.75491e-05
0.0286684
-4.2558e-05
0.0286555
-3.79944e-05
0.0286441
-3.38086e-05
0.0286341
-2.99557e-05
0.0286253
-2.63951e-05
0.0286176
-2.30898e-05
0.0286109
-2.0006e-05
0.0286051
-1.71127e-05
0.0286002
-1.43813e-05
0.028596
-1.17852e-05
0.0285925
-9.29928e-06
0.0285897
-6.90002e-06
0.0285874
-4.56483e-06
0.0285858
-2.27191e-06
0.0285847
0.0285842
-0.00182276
0.0275111
0.00172106
-0.00172223
0.0302695
-0.00156331
0.0304439
-0.00141193
0.0306272
-0.00126958
0.0307203
-0.0011367
0.0307035
-0.00101627
0.0306395
-0.000907851
0.0305442
-0.000810556
0.0304264
-0.000723643
0.0302968
-0.00064622
0.0301627
-0.000577315
0.0300291
-0.000516017
0.0298991
-0.000461495
0.0297752
-0.000412995
0.0296585
-0.000369832
0.0295499
-0.000331393
0.0294497
-0.000297138
0.0293579
-0.000266589
0.0292741
-0.000239322
0.029198
-0.000214962
0.0291292
-0.000193182
0.0290671
-0.000173689
0.0290112
-0.000156229
0.028961
-0.000140573
0.028916
-0.000126522
0.0288758
-0.000113898
0.0288398
-0.000102544
0.0288077
-9.23206e-05
0.028779
-8.31033e-05
0.0287535
-7.4782e-05
0.0287308
-6.72582e-05
0.0287106
-6.04442e-05
0.0286927
-5.42613e-05
0.0286769
-4.86394e-05
0.0286628
-4.35154e-05
0.0286504
-3.88325e-05
0.0286394
-3.45397e-05
0.0286298
-3.05908e-05
0.0286213
-2.69439e-05
0.0286139
-2.35609e-05
0.0286075
-2.04069e-05
0.028602
-1.745e-05
0.0285972
-1.46605e-05
0.0285932
-1.20109e-05
0.0285898
-9.47541e-06
0.0285871
-7.02953e-06
0.028585
-4.64994e-06
0.0285834
-2.31409e-06
0.0285824
0.0285819
-0.00174186
0.0276194
0.0016335
-0.00165591
0.0301836
-0.00151595
0.030304
-0.0013801
0.0304913
-0.00124918
0.0305894
-0.00112495
0.0305793
-0.00101089
0.0305254
-0.000906967
0.0304403
-0.000812801
0.0303323
-0.000728013
0.030212
-0.000651952
0.0300867
-0.000583848
0.029961
-0.000522947
0.0298382
-0.000468534
0.0297207
-0.00041994
0.0296099
-0.000376542
0.0295065
-0.000337778
0.029411
-0.00030314
0.0293232
-0.000272178
0.0292431
-0.000244485
0.0291703
-0.000219701
0.0291044
-0.000197508
0.0290449
-0.00017762
0.0289913
-0.000159785
0.0289432
-0.000143779
0.0289
-0.000129403
0.0288614
-0.000116479
0.0288268
-0.00010485
0.028796
-9.43756e-05
0.0287685
-8.49302e-05
0.0287441
-7.64022e-05
0.0287223
-6.86917e-05
0.0287029
-6.17094e-05
0.0286857
-5.53753e-05
0.0286705
-4.96178e-05
0.028657
-4.43722e-05
0.0286451
-3.95805e-05
0.0286346
-3.51904e-05
0.0286254
-3.11544e-05
0.0286173
-2.74295e-05
0.0286102
-2.39765e-05
0.0286041
-2.07596e-05
0.0285987
-1.77459e-05
0.0285942
-1.49048e-05
0.0285903
-1.2208e-05
0.0285871
-9.6289e-06
0.0285845
-7.14221e-06
0.0285825
-4.72391e-06
0.028581
-2.35074e-06
0.02858
0.0285795
-0.0016642
0.027732
0.00155157
-0.00159119
0.0301106
-0.00146889
0.0301817
-0.00134754
0.03037
-0.00122751
0.0304694
-0.00111172
0.0304635
-0.00100398
0.0304177
-0.000904621
0.0303409
-0.000813713
0.0302414
-0.000731197
0.0301295
-0.000656649
0.0300121
-0.000589491
0.0298938
-0.000529121
0.0297779
-0.000474936
0.0296666
-0.000426349
0.0295613
-0.000382806
0.029463
-0.00034379
0.029372
-0.000308834
0.0292883
-0.000277511
0.0292118
-0.000249438
0.0291422
-0.000224268
0.0290792
-0.000201693
0.0290223
-0.000181436
0.028971
-0.00016325
0.028925
-0.000146912
0.0288837
-0.000132227
0.0288467
-0.000119016
0.0288136
-0.000107124
0.0287841
-9.64074e-05
0.0287578
-8.67414e-05
0.0287344
-7.8013e-05
0.0287136
-7.0121e-05
0.028695
-6.29747e-05
0.0286786
-5.64927e-05
0.028664
-5.0602e-05
0.0286512
-4.52368e-05
0.0286398
-4.03376e-05
0.0286297
-3.5851e-05
0.0286209
-3.17283e-05
0.0286132
-2.79255e-05
0.0286064
-2.44024e-05
0.0286005
-2.11221e-05
0.0285955
-1.80508e-05
0.0285911
-1.51572e-05
0.0285875
-1.24121e-05
0.0285844
-9.78807e-06
0.0285819
-7.25924e-06
0.02858
-4.80082e-06
0.0285786
-2.38885e-06
0.0285776
0.0285771
-0.00158898
0.0278479
0.00147314
-0.00152805
0.0300496
-0.00142204
0.0300757
-0.0013141
0.030262
-0.0012044
0.0303597
-0.00109679
0.0303559
-0.000995275
0.0303162
-0.000900499
0.0302462
-0.000812942
0.0301538
-0.000732818
0.0300494
-0.000659911
0.0299392
-0.00059383
0.0298277
-0.000534113
0.0297182
-0.000480266
0.0296127
-0.000431789
0.0295128
-0.00038819
0.0294194
-0.000349004
0.0293328
-0.0003138
0.0292531
-0.000282182
0.0291802
-0.000253785
0.0291138
-0.000228281
0.0290537
-0.000205372
0.0289994
-0.000184789
0.0289504
-0.00016629
0.0289065
-0.000149657
0.028867
-0.000134695
0.0288317
-0.000121227
0.0288002
-0.000109098
0.028772
-9.81652e-05
0.0287469
-8.8302e-05
0.0287245
-7.93946e-05
0.0287046
-7.13408e-05
0.028687
-6.40488e-05
0.0286713
-5.7436e-05
0.0286574
-5.1428e-05
0.0286451
-4.59578e-05
0.0286343
-4.0965e-05
0.0286247
-3.63948e-05
0.0286163
-3.21977e-05
0.028609
-2.83285e-05
0.0286025
-2.4746e-05
0.0285969
-2.14127e-05
0.0285921
-1.82938e-05
0.028588
-1.53572e-05
0.0285845
-1.2573e-05
0.0285816
-9.91307e-06
0.0285793
-7.35083e-06
0.0285774
-4.86086e-06
0.0285761
-2.41858e-06
0.0285752
0.0285747
-0.00151858
0.0279648
0.00140165
-0.00146815
0.0299992
-0.00137702
0.0299845
-0.00128136
0.0301664
-0.0011813
0.0302596
-0.00108148
0.0302561
-0.000985956
0.0302206
-0.000895671
0.0301559
-0.000811452
0.0300696
-0.000733741
0.0299717
-0.000662524
0.029868
-0.000597579
0.0297628
-0.000538577
0.0296592
-0.00048513
0.0295593
-0.000436819
0.0294645
-0.000393216
0.0293758
-0.000353906
0.0292935
-0.000318496
0.0292176
-0.000286619
0.0291483
-0.000257933
0.0290851
-0.000232124
0.0290279
-0.000208906
0.0289762
-0.000188019
0.0289296
-0.000169226
0.0288877
-0.000152315
0.0288501
-0.00013709
0.0288165
-0.00012338
0.0287865
-0.000111025
0.0287596
-9.98852e-05
0.0287357
-8.98331e-05
0.0287145
-8.07538e-05
0.0286956
-7.25444e-05
0.0286788
-6.51117e-05
0.0286639
-5.83722e-05
0.0286507
-5.22504e-05
0.028639
-4.66781e-05
0.0286287
-4.15938e-05
0.0286197
-3.69417e-05
0.0286117
-3.26713e-05
0.0286047
-2.87364e-05
0.0285986
-2.50951e-05
0.0285933
-2.17089e-05
0.0285887
-1.85422e-05
0.0285848
-1.55622e-05
0.0285815
-1.27383e-05
0.0285788
-1.00418e-05
0.0285766
-7.4453e-06
0.0285748
-4.92285e-06
0.0285735
-2.44927e-06
0.0285727
0.0285723
-0.00145098
0.028083
0.00133279
-0.00141061
0.0299588
-0.00133298
0.0299069
-0.00124855
0.030082
-0.00115754
0.0301686
-0.00106512
0.0301637
-0.000975391
0.0301309
-0.000889518
0.03007
-0.000808621
0.0299887
-0.000733353
0.0298964
-0.000663878
0.0297985
-0.000600131
0.0296991
-0.00054191
0.0296009
-0.00048893
0.0295063
-0.00044085
0.0294165
-0.000397305
0.0293322
-0.00035793
0.0292541
-0.000322371
0.0291821
-0.000290288
0.0291162
-0.000261362
0.0290562
-0.000235295
0.0290018
-0.000211814
0.0289527
-0.000190666
0.0289084
-0.000171622
0.0288686
-0.00015447
0.028833
-0.00013902
0.0288011
-0.000125099
0.0287725
-0.000112551
0.0287471
-0.000101235
0.0287244
-9.10223e-05
0.0287043
-8.17979e-05
0.0286863
-7.34577e-05
0.0286704
-6.5908e-05
0.0286563
-5.9064e-05
0.0286438
-5.28492e-05
0.0286328
-4.71946e-05
0.0286231
-4.20374e-05
0.0286145
-3.73211e-05
0.028607
-3.29942e-05
0.0286004
-2.90097e-05
0.0285946
-2.53249e-05
0.0285896
-2.19005e-05
0.0285853
-1.87002e-05
0.0285816
-1.56906e-05
0.0285785
-1.28404e-05
0.0285759
-1.01203e-05
0.0285738
-7.50234e-06
0.0285722
-4.96001e-06
0.028571
-2.46761e-06
0.0285702
0.0285698
-0.00138955
0.0282002
0.00127234
-0.00135751
0.0299268
-0.00129202
0.0298414
-0.00121774
0.0300077
-0.00113496
0.0300858
-0.00104942
0.0300781
-0.000965075
0.0300466
-0.00088335
0.0299883
-0.000805606
0.0299109
-0.000732665
0.0298235
-0.000664866
0.0297307
-0.000602283
0.0296365
-0.00054483
0.0295435
-0.000492319
0.0294538
-0.000444482
0.0293686
-0.000401014
0.0292888
-0.000361598
0.0292147
-0.000325916
0.0291464
-0.000293655
0.0290839
-0.000264517
0.0290271
-0.000238221
0.0289755
-0.000214503
0.028929
-0.000193119
0.028887
-0.000173844
0.0288494
-0.000156473
0.0288156
-0.000140817
0.0287854
-0.000126704
0.0287584
-0.000113979
0.0287344
-0.0001025
0.028713
-9.21387e-05
0.0286939
-8.278e-05
0.028677
-7.43188e-05
0.028662
-6.66604e-05
0.0286487
-5.97192e-05
0.0286369
-5.34178e-05
0.0286265
-4.76862e-05
0.0286173
-4.24609e-05
0.0286093
-3.76843e-05
0.0286022
-3.33042e-05
0.028596
-2.92729e-05
0.0285906
-2.55469e-05
0.0285859
-2.20861e-05
0.0285819
-1.88538e-05
0.0285784
-1.58157e-05
0.0285755
-1.29401e-05
0.0285731
-1.01971e-05
0.0285711
-7.55824e-06
0.0285696
-4.99647e-06
0.0285684
-2.48556e-06
0.0285677
0.0285673
-0.00133048
0.0283179
0.00121281
-0.00130674
0.0299031
-0.00125221
0.0297869
-0.00118709
0.0299426
-0.001112
0.0300107
-0.00103287
0.029999
-0.000953681
0.0299674
-0.000875962
0.0299106
-0.00080129
0.0298363
-0.00073066
0.0297528
-0.000664547
0.0296646
-0.000603156
0.0295751
-0.000546513
0.0294868
-0.000494519
0.0294018
-0.000446978
0.0293211
-0.000403642
0.0292454
-0.000364241
0.0291753
-0.000328492
0.0291107
-0.000296108
0.0290516
-0.000266812
0.0289978
-0.000240338
0.0289491
-0.000216434
0.0289051
-0.000194862
0.0288655
-0.000175405
0.0288299
-0.000157859
0.0287981
-0.000142038
0.0287696
-0.000127773
0.0287442
-0.000114909
0.0287215
-0.000103303
0.0287013
-9.28274e-05
0.0286834
-8.33665e-05
0.0286675
-7.48146e-05
0.0286534
-6.70762e-05
0.0286409
-6.00649e-05
0.0286299
-5.37026e-05
0.0286201
-4.79184e-05
0.0286116
-4.2648e-05
0.028604
-3.78333e-05
0.0285974
-3.34212e-05
0.0285916
-2.93633e-05
0.0285865
-2.56154e-05
0.0285821
-2.21371e-05
0.0285784
-1.88908e-05
0.0285752
-1.58419e-05
0.0285724
-1.29581e-05
0.0285702
-1.0209e-05
0.0285684
-7.56569e-06
0.0285669
-5.00076e-06
0.0285659
-2.48755e-06
0.0285652
0.0285648
-0.00127912
0.0284331
0.00116389
-0.00126174
0.0298857
-0.00121686
0.029742
-0.00115985
0.0298855
-0.00109149
0.0299424
-0.0010181
0.0299256
-0.000943464
0.0298927
-0.000869292
0.0298364
-0.000797354
0.0297643
-0.000728765
0.0296842
-0.000664143
0.0296
-0.000603804
0.0295147
-0.000547876
0.0294309
-0.000496339
0.0293502
-0.00044906
0.0292738
-0.000405843
0.0292022
-0.00036646
0.0291359
-0.000330657
0.0290749
-0.000298172
0.0290191
-0.000268744
0.0289684
-0.000242121
0.0289224
-0.000218059
0.028881
-0.00019633
0.0288437
-0.000176718
0.0288103
-0.000159024
0.0287804
-0.000143065
0.0287536
-0.000128671
0.0287298
-0.000115687
0.0287085
-0.000103974
0.0286896
-9.34017e-05
0.0286729
-8.3854e-05
0.028658
-7.52251e-05
0.0286448
-6.74188e-05
0.0286331
-6.03481e-05
0.0286228
-5.39342e-05
0.0286137
-4.81056e-05
0.0286057
-4.27974e-05
0.0285987
-3.79506e-05
0.0285925
-3.35117e-05
0.0285871
-2.94318e-05
0.0285824
-2.5666e-05
0.0285784
-2.21734e-05
0.0285749
-1.8916e-05
0.0285719
-1.58587e-05
0.0285694
-1.29687e-05
0.0285673
-1.02153e-05
0.0285656
-7.56918e-06
0.0285643
-5.00248e-06
0.0285633
-2.48817e-06
0.0285627
0.0285623
-0.0012289
0.0285488
0.00111323
-0.00121833
0.0298751
-0.00118204
0.0297057
-0.00113216
0.0298357
-0.00107008
0.0298803
-0.00100198
0.0298575
-0.000931651
0.0298224
-0.0008609
0.0297656
-0.00079163
0.0296951
-0.000725094
0.0296177
-0.000662005
0.0295369
-0.000602783
0.0294555
-0.000547649
0.0293758
-0.000496655
0.0292992
-0.000449726
0.0292269
-0.000406717
0.0291592
-0.000367437
0.0290966
-0.000331662
0.0290391
-0.000299153
0.0289866
-0.000269668
0.0289389
-0.000242965
0.0288957
-0.000218811
0.0288568
-0.000196985
0.0288219
-0.000177275
0.0287906
-0.000159487
0.0287626
-0.000143439
0.0287376
-0.000128963
0.0287153
-0.000115905
0.0286955
-0.000104125
0.0286779
-9.3494e-05
0.0286622
-8.38957e-05
0.0286484
-7.52237e-05
0.0286361
-6.73816e-05
0.0286253
-6.02819e-05
0.0286157
-5.38452e-05
0.0286073
-4.79994e-05
0.0285999
-4.26793e-05
0.0285934
-3.78253e-05
0.0285877
-3.33833e-05
0.0285827
-2.93041e-05
0.0285784
-2.55424e-05
0.0285746
-2.20566e-05
0.0285714
-1.88086e-05
0.0285687
-1.57629e-05
0.0285663
-1.28862e-05
0.0285644
-1.01476e-05
0.0285629
-7.51739e-06
0.0285616
-4.96749e-06
0.0285608
-2.47061e-06
0.0285602
0.0285599
-0.00118849
0.0286609
0.00107636
-0.00118257
0.0298692
-0.00115357
0.0296767
-0.00110979
0.0297919
-0.00105285
0.0298234
-0.000989201
0.0297938
-0.00092236
0.0297556
-0.000854365
0.0296976
-0.000787234
0.0296279
-0.000722301
0.0295528
-0.000660396
0.029475
-0.000602021
0.0293971
-0.000547477
0.0293212
-0.000496877
0.0292486
-0.000450196
0.0291802
-0.000407328
0.0291164
-0.000368113
0.0290574
-0.00033235
0.0290033
-0.000299816
0.028954
-0.000270282
0.0289093
-0.000243517
0.028869
-0.000219293
0.0288326
-0.000197394
0.0288
-0.000177612
0.0287708
-0.000159755
0.0287447
-0.000143641
0.0287215
-0.000129105
0.0287008
-0.000115994
0.0286824
-0.000104166
0.028666
-9.34939e-05
0.0286516
-8.38603e-05
0.0286387
-7.51589e-05
0.0286274
-6.72928e-05
0.0286174
-6.01743e-05
0.0286086
-5.37235e-05
0.0286008
-4.78681e-05
0.028594
-4.25422e-05
0.028588
-3.76862e-05
0.0285828
-3.32454e-05
0.0285783
-2.91702e-05
0.0285743
-2.5415e-05
0.0285709
-2.19381e-05
0.0285679
-1.87009e-05
0.0285654
-1.56676e-05
0.0285633
-1.28047e-05
0.0285616
-1.0081e-05
0.0285601
-7.46673e-06
0.028559
-4.93334e-06
0.0285582
-2.45331e-06
0.0285577
0.0285574
-0.00114717
0.0287738
0.00103428
-0.00114665
0.0298687
-0.00112388
0.0296539
-0.00108512
0.0297531
-0.00103306
0.0297713
-0.000973353
0.0297341
-0.000909892
0.0296921
-0.000844652
0.0296324
-0.000779696
0.029563
-0.000716525
0.0294896
-0.000655984
0.0294145
-0.000598652
0.0293398
-0.000544907
0.0292675
-0.000494906
0.0291986
-0.000448666
0.0291339
-0.00040612
0.0290738
-0.000367136
0.0290184
-0.000331535
0.0289677
-0.000299112
0.0289216
-0.000269651
0.0288799
-0.000242931
0.0288422
-0.000218735
0.0288084
-0.000196849
0.0287781
-0.000177073
0.028751
-0.000159216
0.0287269
-0.000143101
0.0287053
-0.000128564
0.0286862
-0.000115451
0.0286692
-0.000103624
0.0286542
-9.29557e-05
0.0286409
-8.33283e-05
0.0286291
-7.46359e-05
0.0286187
-6.67819e-05
0.0286096
-5.96784e-05
0.0286015
-5.32454e-05
0.0285944
-4.74105e-05
0.0285882
-4.21076e-05
0.0285827
-3.72768e-05
0.028578
-3.28634e-05
0.0285738
-2.88174e-05
0.0285702
-2.50931e-05
0.0285671
-2.16485e-05
0.0285645
-1.84448e-05
0.0285622
-1.54461e-05
0.0285603
-1.26188e-05
0.0285587
-9.93146e-06
0.0285575
-7.35404e-06
0.0285565
-4.85798e-06
0.0285557
-2.41569e-06
0.0285552
0.028555
-0.00111856
0.0288823
0.00101003
-0.00112127
0.0298714
-0.00110339
0.0296361
-0.00106874
0.0297185
-0.00102025
0.0297228
-0.000963419
0.0296773
-0.000902381
0.0296311
-0.000838959
0.029569
-0.000775438
0.0294995
-0.000713372
0.0294275
-0.000653636
0.0293547
-0.000596894
0.0292831
-0.000543578
0.0292142
-0.000493879
0.0291489
-0.000447848
0.0290879
-0.000405446
0.0290314
-0.000366559
0.0289795
-0.00033102
0.0289322
-0.000298636
0.0288892
-0.000269198
0.0288504
-0.000242491
0.0288155
-0.000218299
0.0287842
-0.000196414
0.0287562
-0.000176637
0.0287312
-0.000158778
0.028709
-0.000142662
0.0286892
-0.000128124
0.0286717
-0.000115012
0.0286561
-0.000103189
0.0286424
-9.2525e-05
0.0286302
-8.29049e-05
0.0286195
-7.4222e-05
0.02861
-6.63795e-05
0.0286017
-5.92896e-05
0.0285944
-5.28722e-05
0.028588
-4.70546e-05
0.0285824
-4.17708e-05
0.0285775
-3.69605e-05
0.0285732
-3.2569e-05
0.0285694
-2.85461e-05
0.0285662
-2.4846e-05
0.0285634
-2.14266e-05
0.0285611
-1.82489e-05
0.028559
-1.52769e-05
0.0285573
-1.2477e-05
0.0285559
-9.8174e-06
0.0285548
-7.26816e-06
0.0285539
-4.80057e-06
0.0285533
-2.38675e-06
0.0285528
0.0285526
-0.00108627
0.0289913
0.000977247
-0.00109252
0.0298776
-0.00107833
0.0296219
-0.00104644
0.0296866
-0.00100159
0.029678
-0.000947002
0.0296227
-0.000888626
0.0295727
-0.000827159
0.0295075
-0.000765353
0.0294377
-0.000704824
0.029367
-0.000646309
0.0292962
-0.000590602
0.0292274
-0.000538156
0.0291617
-0.000489175
0.0291
-0.000443739
0.0290425
-0.000401834
0.0289895
-0.000363359
0.028941
-0.000328162
0.028897
-0.000296063
0.0288571
-0.000266864
0.0288212
-0.000240356
0.028789
-0.000216334
0.0287602
-0.000194593
0.0287345
-0.000174941
0.0287116
-0.000157191
0.0286913
-0.000141171
0.0286732
-0.00012672
0.0286572
-0.000113688
0.0286431
-0.000101938
0.0286306
-9.13436e-05
0.0286196
-8.17896e-05
0.0286099
-7.31703e-05
0.0286014
-6.53897e-05
0.0285939
-5.83603e-05
0.0285874
-5.20024e-05
0.0285816
-4.62438e-05
0.0285766
-4.10185e-05
0.0285722
-3.62664e-05
0.0285684
-3.19329e-05
0.0285651
-2.79679e-05
0.0285623
-2.43257e-05
0.0285598
-2.09641e-05
0.0285577
-1.78442e-05
0.0285559
-1.493e-05
0.0285544
-1.21879e-05
0.0285532
-9.5861e-06
0.0285522
-7.09468e-06
0.0285514
-4.6849e-06
0.0285508
-2.32915e-06
0.0285505
0.0285503
-0.00107076
0.0290964
0.000965655
-0.00107866
0.0298855
-0.0010668
0.02961
-0.00103749
0.0296573
-0.000994316
0.0296348
-0.000940982
0.0295694
-0.000884159
0.0295159
-0.000823275
0.0294466
-0.000762346
0.0293767
-0.000702386
0.029307
-0.000644245
0.0292381
-0.000588872
0.029172
-0.000536668
0.0291095
-0.000487862
0.0290512
-0.000442564
0.0289972
-0.000400769
0.0289477
-0.00036238
0.0289026
-0.000327252
0.0288619
-0.000295212
0.0288251
-0.000266063
0.0287921
-0.000239599
0.0287626
-0.000215614
0.0287362
-0.000193908
0.0287128
-0.000174287
0.028692
-0.000156566
0.0286735
-0.000140573
0.0286572
-0.000126148
0.0286428
-0.000113142
0.0286301
-0.000101416
0.0286189
-9.08462e-05
0.0286091
-8.13161e-05
0.0286004
-7.27207e-05
0.0285928
-6.49641e-05
0.0285862
-5.79587e-05
0.0285804
-5.1625e-05
0.0285753
-4.58907e-05
0.0285709
-4.06898e-05
0.028567
-3.59623e-05
0.0285637
-3.16536e-05
0.0285608
-2.77135e-05
0.0285583
-2.40963e-05
0.0285562
-2.07599e-05
0.0285544
-1.76653e-05
0.0285528
-1.47765e-05
0.0285515
-1.20598e-05
0.0285505
-9.48359e-06
0.0285496
-7.01775e-06
0.028549
-4.63363e-06
0.0285485
-2.30325e-06
0.0285481
0.028548
-0.00105127
0.000945192
-0.00105309
-0.00104403
-0.00101959
-0.000972586
-0.000924989
-0.000867201
-0.000808404
-0.000749091
-0.00069014
-0.000633295
-0.000579042
-0.000527825
-0.000479923
-0.000435441
-0.000394366
-0.000356613
-0.000322047
-0.0002905
-0.000261783
-0.000235697
-0.000212045
-0.000190632
-0.00017127
-0.000153779
-0.000137993
-0.000123754
-0.000110917
-9.93462e-05
-8.89191e-05
-7.95222e-05
-7.10517e-05
-6.34129e-05
-5.65195e-05
-5.02928e-05
-4.46614e-05
-3.95598e-05
-3.49286e-05
-3.07135e-05
-2.68649e-05
-2.33373e-05
-2.00889e-05
-1.70809e-05
-1.42776e-05
-1.16455e-05
-9.15297e-06
-6.7703e-06
-4.46887e-06
-2.22119e-06
0.00212288
-0.000875522
0.00211276
-0.00074373
0.00210153
-0.000675144
0.00210025
-0.000657914
0.00210877
-0.000632002
0.00212776
-0.000597691
0.00215746
-0.00055938
0.00219644
-0.000514963
0.00224237
-0.000459128
0.00229303
-0.00038336
0.002346
-0.000280216
0.00239961
-0.000143274
0.0024561
3.69746e-05
0.00250677
0.000252248
0.00255461
0.000501414
0.00259822
0.000785658
0.00263736
0.00108737
0.00267196
0.00139076
0.00270283
0.00167904
0.00273191
0.00193523
0.00276175
0.00214587
0.00279496
0.00230304
0.00283377
0.00240505
0.00287959
0.00245568
0.00293306
0.00246203
0.0029937
0.00243306
0.00306042
0.00237756
0.00313188
0.00230309
0.00320671
0.00221614
0.00328359
0.00212163
0.00336143
0.00202386
0.00343938
0.00192559
0.00351681
0.00182931
0.00359316
0.00173557
0.00366807
0.00164616
0.00374124
0.00156032
0.00381252
0.0014803
0.00388183
0.00140383
0.00394913
0.00133435
0.00401451
0.0012674
0.00407796
0.0012089
0.00413973
0.00115104
0.00419973
0.0011039
0.00425843
0.00105452
0.00431552
0.00101927
0.00437183
0.000977964
0.00442665
0.000955214
0.00448131
0.000922588
0.00453454
0.000912424
0.000891741
0.0016318
-0.00080249
0.0016197
-0.000731627
0.00162511
-0.000680557
0.00164253
-0.000675335
0.00166981
-0.000659274
0.00170759
-0.000635475
0.00175518
-0.000606972
0.00181059
-0.000570371
0.00187128
-0.000519818
0.00193515
-0.000447234
0.00200028
-0.000345339
0.00206533
-0.000208326
0.00213119
-2.88842e-05
0.00219533
0.000188111
0.00225581
0.000440924
0.00231373
0.000727744
0.00236859
0.00103252
0.00242007
0.00133928
0.00246858
0.00163053
0.00251562
0.00188819
0.00256346
0.00209803
0.00261434
0.00225216
0.00266995
0.00234944
0.00273119
0.00239445
0.00279813
0.00239509
0.00287032
0.00236088
0.00294687
0.002301
0.00302667
0.00222329
0.00310854
0.00213428
0.00319133
0.00203883
0.00327413
0.00194107
0.00335619
0.00184352
0.003437
0.0017485
0.0035161
0.00165646
0.00359323
0.00156903
0.00366813
0.00148542
0.00374076
0.00140766
0.00381101
0.00133357
0.00387903
0.00126633
0.00394474
0.0012017
0.00400844
0.00114519
0.00407003
0.00108945
0.00412997
0.00104396
0.00418804
0.000996454
0.00424494
0.000962371
0.0043002
0.000922707
0.00435489
0.00090052
0.00440809
0.000869384
0.0044615
0.000859018
0.000839582
0.00124633
-0.000762287
0.00123788
-0.000723175
0.00125011
-0.000692789
0.00127461
-0.000699841
0.00130929
-0.000693946
0.00135418
-0.000680367
0.00140781
-0.0006606
0.00146784
-0.000630402
0.00153181
-0.000583789
0.00159788
-0.000513307
0.00166473
-0.000412191
0.00173181
-0.000275402
0.00179967
-9.6748e-05
0.0018679
0.000119884
0.00193501
0.000373815
0.00200249
0.000660266
0.00206996
0.000965044
0.00213684
0.0012724
0.0022029
0.00156446
0.00226889
0.0018222
0.00233602
0.0020309
0.00240547
0.00218271
0.00247831
0.0022766
0.00255505
0.00231771
0.00263568
0.00231447
0.00271977
0.00227679
0.00280659
0.00221419
0.00289519
0.00213468
0.00298461
0.00204486
0.00307391
0.00194954
0.00316231
0.00185267
0.00324921
0.00175663
0.00333419
0.00166352
0.00341687
0.00157378
0.00349707
0.00148883
0.00357457
0.00140792
0.00364941
0.00133282
0.0037215
0.00126149
0.00379104
0.00119679
0.00385797
0.00113477
0.00392264
0.00108052
0.00398494
0.00102715
0.0040454
0.000983496
0.00410381
0.000938046
0.00416086
0.000905319
0.00421621
0.000867359
0.00427074
0.000845984
0.00432396
0.000816174
0.00437693
0.000806047
0.000787549
0.000925441
-0.000750682
0.000923491
-0.000721225
0.000939639
-0.000708937
0.000965811
-0.000726013
0.00100119
-0.000729324
0.00104555
-0.000724726
0.00109703
-0.000712085
0.00115334
-0.000686705
0.00121231
-0.000642767
0.00127256
-0.000573551
0.00133338
-0.000473017
0.00139468
-0.000336702
0.00145785
-0.000159917
0.00152304
5.46968e-05
0.00159027
0.000306586
0.00166133
0.000589206
0.00173629
0.000890083
0.00181463
0.00119406
0.00189574
0.00148335
0.00197956
0.00173839
0.00206605
0.00194441
0.00215514
0.00209362
0.00224699
0.00218475
0.00234141
0.00222328
0.00243803
0.00221785
0.00253631
0.0021785
0.00263554
0.00211496
0.00273492
0.00203531
0.00283365
0.00194612
0.002931
0.00185219
0.00302638
0.00175729
0.00311934
0.00166367
0.00320957
0.00157329
0.00329681
0.00148654
0.00338096
0.00140468
0.0034619
0.00132698
0.00353971
0.00125501
0.00361436
0.00118684
0.0036861
0.00112504
0.0037549
0.00106597
0.00382118
0.00101425
0.00388482
0.000963509
0.0039464
0.000921912
0.00400573
0.000878721
0.00406352
0.000847527
0.00411949
0.000811385
0.00417447
0.000791011
0.00422815
0.000762489
0.00428133
0.000752868
0.000735148
0.000656816
-0.000752165
0.00065784
-0.000722249
0.000673739
-0.000724836
0.000696647
-0.000748922
0.000726863
-0.000759539
0.000764115
-0.000761978
0.000806578
-0.000754549
0.00085231
-0.000732437
0.000899711
-0.000690167
0.000947947
-0.000621788
0.000996979
-0.000522049
0.00104739
-0.000387112
0.00110087
-0.000213397
0.00115888
-3.31413e-06
0.00122171
0.000243756
0.00129211
0.000518807
0.00137061
0.000811586
0.001457
0.00110767
0.00155057
0.00138978
0.00165045
0.00163851
0.00175553
0.00183933
0.00186444
0.00198471
0.00197626
0.00207293
0.00208986
0.00210968
0.0022043
0.00210341
0.00231873
0.00206407
0.00243236
0.00200133
0.00254441
0.00192325
0.00265424
0.00183629
0.00276128
0.00174515
0.00286512
0.00165345
0.00296546
0.00156334
0.00306215
0.00147661
0.00315504
0.00139365
0.00324415
0.00131557
0.00332943
0.0012417
0.00341107
0.00117336
0.00348908
0.00110883
0.0035638
0.00105033
0.0036352
0.000994563
0.00370378
0.000945672
0.00376943
0.000897855
0.00383279
0.000858548
0.00389368
0.000817835
0.00395284
0.000788364
0.00401006
0.000754173
0.00406608
0.000734984
0.00412081
0.000707761
0.00417483
0.000698848
0.000681813
0.000428791
-0.000752969
0.000427247
-0.000720705
0.000437285
-0.000734874
0.000451277
-0.000762914
0.000470405
-0.000778668
0.000494432
-0.000786004
0.00052187
-0.000781987
0.000551369
-0.000761936
0.000582021
-0.000720819
0.000613671
-0.000653438
0.000646936
-0.000555314
0.000683039
-0.000423214
0.000724183
-0.000254541
0.000772191
-5.13222e-05
0.000828436
0.000187511
0.000895969
0.000451273
0.000976006
0.000731549
0.00106856
0.00101512
0.00117276
0.00128557
0.00128727
0.001524
0.00141011
0.00171649
0.00153856
0.00185626
0.00167068
0.00194081
0.00180424
0.00197613
0.00193761
0.00197004
0.00206952
0.00193216
0.00219895
0.00187191
0.00232511
0.00179709
0.00244744
0.00171396
0.0025655
0.00162708
0.00267906
0.00153989
0.00278795
0.00145444
0.00289219
0.00137237
0.00299175
0.00129409
0.00308677
0.00122055
0.00317731
0.00115116
0.00326364
0.00108703
0.00334584
0.00102663
0.00342432
0.000971845
0.00349911
0.000919779
0.00357073
0.000874046
0.00363914
0.000829455
0.00370499
0.000792691
0.00376814
0.000754691
0.00382936
0.000727142
0.00388847
0.000695066
0.00394622
0.000677232
0.0040026
0.000651374
0.00405813
0.000643323
0.000626937
0.000229832
-0.00074396
0.000219276
-0.000710149
0.000217497
-0.000733095
0.000217025
-0.000762442
0.000219597
-0.000781241
0.000225096
-0.000791502
0.000232578
-0.00078947
0.000241415
-0.000770773
0.000251467
-0.000730871
0.000263303
-0.000665273
0.00027819
-0.000570202
0.000297939
-0.000442962
0.000325096
-0.000281699
0.000362204
-8.84295e-05
0.000410925
0.000138789
0.000474956
0.000387243
0.000555768
0.000650737
0.000653454
0.000917431
0.000767189
0.00117184
0.000895248
0.00139594
0.00103498
0.00157676
0.00118239
0.00170885
0.00133467
0.00178853
0.00148839
0.0018224
0.00164122
0.00181721
0.00179139
0.00178199
0.00193758
0.00172572
0.0020789
0.00165576
0.00221482
0.00157804
0.00234502
0.00149689
0.00246938
0.00141553
0.00258789
0.00133592
0.0027007
0.00125957
0.00280791
0.00118687
0.0029098
0.00111866
0.00300652
0.00105445
0.00309843
0.000995116
0.0031857
0.000939364
0.00326878
0.000888761
0.00334776
0.000840795
0.00342324
0.000798574
0.00349516
0.000757528
0.00356427
0.000723579
0.00363042
0.00068855
0.00369443
0.000663127
0.00375612
0.000633373
0.00381631
0.000617042
0.00387499
0.000592694
0.00393271
0.000585607
0.000569903
5.21726e-05
-0.000722412
2.34681e-05
-0.000681445
5.99564e-06
-0.000715622
-1.39403e-05
-0.000742506
-3.22929e-05
-0.000762888
-4.9403e-05
-0.000774392
-6.55018e-05
-0.000773371
-8.04654e-05
-0.000755809
-9.36559e-05
-0.00071768
-0.000103794
-0.000655135
-0.00010899
-0.000565006
-0.000106821
-0.000445132
-9.4124e-05
-0.000294396
-6.7852e-05
-0.000114701
-2.54627e-05
9.63995e-05
3.5246e-05
0.000326534
0.000115948
0.000570034
0.000217972
0.000815407
0.000340339
0.00104947
0.00048095
0.00125533
0.000636657
0.00142105
0.000802133
0.00154338
0.000973985
0.00161668
0.00114754
0.00164885
0.00131981
0.00164494
0.0014885
0.00161329
0.00165194
0.00156229
0.00180909
0.00149861
0.0019594
0.00142773
0.0021026
0.00135368
0.00223868
0.00127945
0.00236776
0.00120685
0.00249008
0.00113724
0.00260591
0.00107105
0.00271559
0.00100898
0.00281941
0.000950628
0.0029178
0.00089672
0.00301101
0.000846157
0.00309956
0.000800214
0.00318358
0.00075677
0.00326372
0.000718437
0.00333997
0.000681276
0.00341312
0.000650433
0.00348301
0.000618663
0.00355055
0.000595578
0.00361552
0.000568404
0.00367886
0.000553704
0.00374046
0.000531093
0.00380104
0.000525025
0.000510121
-0.000117864
-0.00067736
-0.000159957
-0.000639351
-0.000200468
-0.000675111
-0.000242734
-0.00070024
-0.000285322
-0.000720301
-0.000327851
-0.000731863
-0.000369946
-0.000731276
-0.000410733
-0.000715022
-0.000448832
-0.000679582
-0.000482242
-0.000621725
-0.000508424
-0.000538823
-0.000524437
-0.000429118
-0.000526854
-0.000291979
-0.000512461
-0.000129094
-0.000478714
6.26527e-05
-0.000421595
0.000269415
-0.000339337
0.000487776
-0.000231512
0.000707583
-9.85551e-05
0.000916512
5.53938e-05
0.00110138
0.000224448
0.001252
0.000406388
0.00136144
0.000596791
0.00142627
0.000789332
0.00145631
0.000980501
0.00145377
0.00116748
0.00142631
0.00134819
0.00138158
0.00152143
0.00132537
0.00168657
0.00126259
0.00184337
0.00119689
0.00199187
0.00113095
0.00213227
0.00106644
0.00226493
0.00100458
0.0023902
0.000945783
0.00250854
0.000890638
0.00262031
0.000838858
0.00272603
0.000790997
0.00282601
0.000746173
0.00292084
0.000705389
0.0030107
0.000666907
0.00309628
0.000632863
0.0031776
0.000599948
0.00325551
0.000572529
0.00332984
0.000544333
0.0034016
0.000523815
0.00347048
0.000499526
0.00353761
0.000486578
0.00360268
0.000466017
0.00366673
0.000460977
0.000447087
-0.000275272
-0.00060823
-0.000336289
-0.000578334
-0.000400224
-0.000611176
-0.000466954
-0.00063351
-0.000535171
-0.000652084
-0.000604229
-0.000662805
-0.000673099
-0.000662407
-0.000740234
-0.000647887
-0.000803565
-0.00061625
-0.000860457
-0.000564833
-0.000907799
-0.000491481
-0.000942139
-0.000394778
-0.000959607
-0.000274512
-0.000956711
-0.00013199
-0.00093047
3.64116e-05
-0.000876905
0.000215851
-0.000794442
0.000405313
-0.00068272
0.000595861
-0.000542778
0.000776571
-0.000377656
0.000936256
-0.000191675
0.00106601
9.82175e-06
0.00115994
0.0002146
0.00122149
0.000424551
0.00124636
0.000633591
0.00124473
0.00083814
0.00122176
0.0010357
0.00118402
0.00122486
0.00113621
0.00140491
0.00108254
0.00157555
0.00102624
0.00173686
0.000969645
0.00188909
0.000914213
0.00203266
0.000861011
0.002168
0.000810443
0.00229565
0.000762994
0.00241604
0.000718465
0.00252976
0.000677278
0.00263718
0.000638747
0.00273893
0.000603638
0.00283527
0.00057057
0.0029269
0.000541239
0.00301389
0.00051295
0.00309712
0.000489298
0.00317644
0.000465018
0.00325294
0.000447316
0.0033262
0.000426259
0.0033976
0.000415183
0.00346656
0.000397059
0.00353452
0.000393017
0.00038046
-0.000417842
-0.000517808
-0.000500219
-0.000495956
-0.000587632
-0.000523764
-0.000678649
-0.000542493
-0.000772155
-0.000558577
-0.000867133
-0.000567827
-0.000961999
-0.000567542
-0.00105463
-0.000555256
-0.00114236
-0.000528521
-0.00122198
-0.000485211
-0.00128985
-0.000423612
-0.00134202
-0.000342605
-0.00137421
-0.000242325
-0.00138264
-0.000123561
-0.00136372
1.7487e-05
-0.00131373
0.000165868
-0.00123115
0.000322728
-0.00111564
0.000480352
-0.000968577
0.000629509
-0.000793614
0.000761294
-0.00059602
0.00086842
-0.000382706
0.000946625
-0.0001586
0.000997389
6.84144e-05
0.00101934
0.000293409
0.00101973
0.000514336
0.00100084
0.000727835
0.000970524
0.000932288
0.000931753
0.00112683
0.000888
0.00131112
0.000841959
0.00148519
0.000795573
0.00164932
0.000750079
0.00180397
0.000706367
0.00194961
0.000664799
0.00208684
0.000625768
0.00221615
0.000589146
0.00233819
0.000555245
0.00245338
0.000523555
0.00256238
0.000494639
0.00266551
0.000467443
0.00276348
0.000443262
0.00285644
0.000419991
0.00294527
0.000400466
0.00302983
0.000380459
0.00311131
0.000365838
0.00318919
0.000348384
0.00326507
0.000339304
0.00333807
0.000324052
0.00341014
0.00032095
0.000310126
-0.000542153
-0.000408025
-0.00064505
-0.000393059
-0.000754173
-0.000414641
-0.00086749
-0.000429175
-0.000984098
-0.000441969
-0.00110263
-0.000449293
-0.00122107
-0.000449106
-0.00133682
-0.000439506
-0.00144672
-0.000418622
-0.00154708
-0.000384854
-0.00163378
-0.000336912
-0.00170242
-0.000273962
-0.0017484
-0.000196341
-0.00176759
-0.000104377
-0.00175565
5.54698e-06
-0.00170941
0.000119635
-0.00162724
0.000240557
-0.00150888
0.000361991
-0.00135608
0.000476706
-0.00117287
0.000578089
-0.00096504
0.000660586
-0.000739627
0.000721212
-0.000502786
0.000760548
-0.000261566
0.000778124
-2.02977e-05
0.000778462
0.000214377
0.000766164
0.000442262
0.000742638
0.000660732
0.000713282
0.000868717
0.000680015
0.00106578
0.000644901
0.0012519
0.000609446
0.00142736
0.000574621
0.00159261
0.000541119
0.00174817
0.000509241
0.00189465
0.000479285
0.00203262
0.000451178
0.00216273
0.000425138
0.00228547
0.00040081
0.00240153
0.000378583
0.00251127
0.000357703
0.00261543
0.000339098
0.0027142
0.000321227
0.00280848
0.000306186
0.00289813
0.0002908
0.00298444
0.000279531
0.00306678
0.000266043
0.003147
0.000259085
0.0032239
0.000247152
0.00329994
0.000244916
0.000236267
-0.000642653
-0.000281971
-0.000763015
-0.000272697
-0.000890272
-0.000287384
-0.00102215
-0.000297302
-0.00115793
-0.000306188
-0.00129596
-0.000311258
-0.00143391
-0.000311156
-0.00156883
-0.000304582
-0.00169719
-0.000290269
-0.00181489
-0.000267146
-0.00191746
-0.000234347
-0.00200009
-0.000191326
-0.00205802
-0.000138412
-0.00208666
-7.57357e-05
-0.00208093
-1.90749e-07
-0.00203837
7.7077e-05
-0.00195716
0.000159349
-0.00183709
0.000241917
-0.00168021
0.000319825
-0.00149083
0.000388717
-0.00127508
0.000444836
-0.00104016
0.000486286
-0.000792809
0.000513199
-0.000540271
0.000525587
-0.000288021
0.000526212
-3.98934e-05
0.000518036
0.000200031
0.000502714
0.000430383
0.00048293
0.000649869
0.000460529
0.000857929
0.000436841
0.0010545
0.000412877
0.00123981
0.000389308
0.00141432
0.000366609
0.00157856
0.000344999
0.00173317
0.000324677
0.00187874
0.000305609
0.00201595
0.000287931
0.00214534
0.000271421
0.0022676
0.000256322
0.00238315
0.00024215
0.00249275
0.000229502
0.0025966
0.00021737
0.00269565
0.000207134
0.00278978
0.000196679
0.0028803
0.000189006
0.00296654
0.000179808
0.00305053
0.000175091
0.00313081
0.000166876
0.00321029
0.000165435
0.000159384
-0.000713601
-0.000144099
-0.000846627
-0.000139671
-0.000986914
-0.000147097
-0.00113209
-0.000152123
-0.0012816
-0.000156676
-0.00143359
-0.000159268
-0.00158552
-0.000159226
-0.00173422
-0.000155889
-0.00187587
-0.000148618
-0.00200614
-0.000136874
-0.00212026
-0.000120223
-0.00221319
-9.83963e-05
-0.00228002
-7.15818e-05
-0.00231598
-3.97807e-05
-0.00231472
-1.45297e-06
-0.00227534
3.76988e-05
-0.00219528
7.92898e-05
-0.00207444
0.000121072
-0.00191508
0.000160473
-0.0017217
0.000195331
-0.00150061
0.000223749
-0.00125913
0.000244806
-0.00100442
0.000258492
-0.000743746
0.00026491
-0.000482889
0.000265355
-0.000226197
0.000261343
2.28294e-05
0.000253688
0.000261959
0.0002438
0.000489954
0.000232534
0.00070619
0.000220605
0.000910544
0.000208523
0.00110322
0.000196628
0.00128467
0.000185166
0.00145542
0.000174248
0.00161612
0.000163976
0.00176739
0.000154337
0.00190992
0.000145398
0.0020443
0.00013705
0.00217121
0.000129411
0.00229111
0.000122245
0.00240477
0.000115843
0.00251243
0.000109707
0.00261505
0.000104523
0.00271249
9.92319e-05
0.00280615
9.53439e-05
0.00289528
9.06796e-05
0.00298208
8.82952e-05
0.00306485
8.41053e-05
0.00314688
8.34009e-05
-0.000750361
-0.000890032
-0.00103713
-0.00118926
-0.00134594
-0.00150521
-0.00166444
-0.00182034
-0.00196897
-0.00210586
-0.0022261
-0.00232452
-0.00239611
-0.00243591
-0.00243738
-0.00239969
-0.0023204
-0.00219933
-0.00203885
-0.00184351
-0.00161975
-0.00137492
-0.00111641
-0.000851484
-0.000586109
-0.000324747
-7.10417e-05
0.000172774
0.000405323
0.00062594
0.000834473
0.00103111
0.00121628
0.00139053
0.00155451
0.00170885
0.00185425
0.0019913
0.00212071
0.00224295
0.00235879
0.00246849
0.00257301
0.00267223
0.00276757
0.00285824
0.00294653
0.00303063
)
;

boundaryField
{
    inlet
    {
        type            calculated;
        value           nonuniform 0();
    }
    outlet
    {
        type            calculated;
        value           nonuniform List<scalar> 
64
(
0.00458799
0.00451366
0.00442896
0.00433373
0.00422817
0.004113
0.00398974
0.00386083
0.00372976
0.00360115
0.00348047
0.0033738
0.00328717
0.00322599
0.0292025
0.0298874
0.0296009
0.0296328
0.0295878
0.0295218
0.0294581
0.0293878
0.0293174
0.0292481
0.0291812
0.0291177
0.0290583
0.0290033
0.0289527
0.0289066
0.0288649
0.0288273
0.0287935
0.0287634
0.0287365
0.0287126
0.0286914
0.0286726
0.028656
0.0286414
0.0286286
0.0286173
0.0286073
0.0285986
0.028591
0.0285844
0.0285785
0.0285735
0.0285691
0.0285652
0.0285619
0.0285591
0.0285566
0.0285545
0.0285527
0.0285511
0.0285498
0.0285487
0.0285478
0.0285471
0.0285466
0.0285462
0.0285459
0.0285458
)
;
    }
    cylinder
    {
        type            calculated;
        value           nonuniform 0();
    }
    top
    {
        type            symmetryPlane;
        value           nonuniform 0();
    }
    bottom
    {
        type            symmetryPlane;
        value           uniform 0;
    }
    defaultFaces
    {
        type            empty;
        value           nonuniform 0();
    }
    procBoundary1to0
    {
        type            processor;
        value           nonuniform List<scalar> 
72
(
-0.00110575
-0.00216831
-0.00134408
-0.000563096
-0.000739176
-0.000508517
-3.78145e-05
-0.000222169
0.000120874
-5.7937e-05
1.14104e-05
0.000221563
7.99365e-05
0.000123253
0.000218294
0.000144637
0.000173705
0.000199409
0.000220362
0.000235216
4.45708e-05
0.000198356
-0.0313819
-0.0348637
-0.0349552
-0.0342662
-0.033598
-0.0330368
-0.032539
-0.0321019
-0.0317134
-0.031368
-0.0310605
-0.0307865
-0.0305424
-0.030325
-0.0301314
-0.0299591
-0.0298058
-0.0296695
-0.0295482
-0.0294405
-0.0293447
-0.0292595
-0.0291838
-0.0291165
-0.0290567
-0.0290035
-0.0289563
-0.0289143
-0.028877
-0.0288439
-0.0288145
-0.0287884
-0.0287652
-0.0287447
-0.0287265
-0.0287104
-0.0286962
-0.0286837
-0.0286727
-0.0286631
-0.0286547
-0.0286475
-0.0286412
-0.028636
-0.0286316
-0.028628
-0.0286252
-0.0286232
-0.0286218
-0.0286211
)
;
    }
    procBoundary1to2
    {
        type            processor;
        value           uniform -5.88827e-10;
    }
    procBoundary1to3
    {
        type            processor;
        value           nonuniform List<scalar> 
57
(
-5.73861e-10
-5.50021e-10
-5.22095e-10
-4.89282e-10
-4.52344e-10
-4.04982e-10
-7.08396e-10
7.5346e-12
9.36399e-10
2.21733e-09
3.86214e-09
5.86388e-09
8.13316e-09
1.05282e-08
1.28435e-08
1.48527e-08
1.63174e-08
1.69902e-08
1.66627e-08
1.51719e-08
1.33262e-08
8.44001e-09
4.31058e-09
-4.85657e-10
-5.3577e-09
-9.90643e-09
-1.36643e-08
-1.65621e-08
-1.82957e-08
-1.92065e-08
-1.92153e-08
-1.86189e-08
-1.73084e-08
-1.58302e-08
-1.40647e-08
-1.21763e-08
-1.02481e-08
-8.33718e-09
-6.48439e-09
-4.7186e-09
-3.06082e-09
-1.525e-09
-1.17961e-10
1.1496e-09
2.28328e-09
3.26584e-09
4.12502e-09
4.81671e-09
5.41889e-09
5.81891e-09
6.201e-09
6.30791e-09
6.52035e-09
6.3155e-09
6.46274e-09
8.02823e-05
0.00311403
)
;
    }
}


// ************************************************************************* //
