/*--------------------------------*- C++ -*----------------------------------*\
  =========                 |
  \\      /  F ield         | OpenFOAM: The Open Source CFD Toolbox
   \\    /   O peration     | Website:  https://openfoam.org
    \\  /    A nd           | Version:  7
     \\/     M anipulation  |
\*---------------------------------------------------------------------------*/
FoamFile
{
    version     2.0;
    format      ascii;
    class       volVectorField;
    location    "40";
    object      U;
}
// * * * * * * * * * * * * * * * * * * * * * * * * * * * * * * * * * * * * * //

dimensions      [0 1 -1 0 0 0 0];

internalField   nonuniform List<vector> 
1360
(
(1.11745 0.307518 4.53766e-20)
(1.11607 0.288485 -1.67217e-20)
(1.11505 0.269516 -1.65556e-19)
(1.07019 0.377017 3.26137e-20)
(1.07197 0.352413 4.4033e-20)
(1.07363 0.329312 -2.2473e-19)
(1.07516 0.307978 -1.09481e-19)
(1.07639 0.288568 5.10263e-19)
(1.07824 0.269282 -1.95609e-19)
(0.998464 0.456919 1.75078e-20)
(1.00627 0.42794 2.76216e-19)
(1.01257 0.39976 8.78598e-20)
(1.01799 0.372959 -1.72621e-19)
(1.02295 0.347802 1.53861e-19)
(1.02764 0.324395 7.92455e-20)
(1.03207 0.302917 -3.03445e-19)
(1.03623 0.283508 6.27552e-20)
(1.04128 0.264548 -1.50388e-19)
(0.903573 0.506304 1.24902e-19)
(0.920936 0.476885 2.17555e-19)
(0.934841 0.446534 -5.71492e-19)
(0.946454 0.416646 -3.5349e-19)
(0.956561 0.388053 2.20961e-19)
(0.965667 0.361186 1.52792e-19)
(0.974092 0.336214 -2.05934e-19)
(0.982028 0.313152 2.05963e-19)
(0.989624 0.292019 -5.11665e-20)
(0.99717 0.273041 -4.0715e-19)
(1.00553 0.255879 5.51113e-19)
(0.773629 0.538109 5.9119e-19)
(0.805965 0.514765 -4.73271e-20)
(0.831908 0.486467 -1.88087e-19)
(0.853282 0.456027 7.97098e-19)
(0.871424 0.425346 -8.54875e-19)
(0.887272 0.395599 -4.75589e-20)
(0.901459 0.367423 7.86317e-19)
(0.914396 0.341096 -5.28294e-19)
(0.926326 0.316673 -7.12707e-20)
(0.937444 0.29403 9.15359e-20)
(0.948159 0.272766 8.15794e-19)
(0.958947 0.252531 -7.34424e-19)
(0.968025 0.234908 -1.61275e-19)
(0.599467 0.528671 1.18602e-19)
(0.652551 0.523917 1.61098e-19)
(0.695874 0.506776 -4.0642e-19)
(0.731676 0.482088 5.49517e-19)
(0.761791 0.453488 1.48898e-19)
(0.787636 0.423526 4.18344e-19)
(0.810263 0.393854 -1.43646e-18)
(0.830418 0.365439 5.00816e-19)
(0.848618 0.338764 -1.89342e-19)
(0.865209 0.314002 1.92358e-19)
(0.88041 0.291151 -6.61857e-19)
(0.894429 0.270076 6.73618e-19)
(0.907626 0.250444 -7.78357e-19)
(0.920122 0.231963 4.49471e-19)
(0.930111 0.21561 5.33095e-19)
(0.456648 0.475845 3.65405e-19)
(0.520862 0.485089 -6.07578e-19)
(0.575275 0.477759 8.83503e-19)
(0.621609 0.459669 -5.08212e-19)
(0.661417 0.435324 3.5585e-19)
(0.696018 0.408003 -9.25732e-19)
(0.726474 0.379932 7.9628e-19)
(0.753601 0.3525 -7.04067e-19)
(0.778006 0.326476 1.18005e-18)
(0.800133 0.302214 -3.07568e-19)
(0.820301 0.279808 -4.86983e-19)
(0.838738 0.259214 -3.95394e-19)
(0.855671 0.240291 -6.12006e-20)
(0.871416 0.22278 9.39336e-19)
(0.886035 0.206486 4.87647e-19)
(0.898171 0.192066 -6.61246e-19)
(0.384278 0.418196 2.07574e-19)
(0.448124 0.423936 6.03112e-19)
(0.504465 0.415475 -9.8473e-19)
(0.55414 0.398058 4.40243e-19)
(0.598046 0.375653 1.81993e-19)
(0.637046 0.351074 -1.13779e-18)
(0.671899 0.326181 4.13081e-19)
(0.703238 0.302093 -4.48359e-19)
(0.73157 0.279403 1.17129e-18)
(0.757301 0.258359 -7.77065e-19)
(0.780744 0.239001 -2.39959e-19)
(0.80215 0.221263 5.67155e-19)
(0.82176 0.20501 -8.02075e-19)
(0.839873 0.190041 5.56251e-19)
(0.856575 0.176194 5.06086e-19)
(0.870946 0.163838 -1.24484e-18)
(0.251719 0.323821 -1.751e-19)
(0.320971 0.344028 -2.85561e-19)
(0.385014 0.347238 6.44933e-20)
(0.443478 0.339016 -3.28423e-20)
(0.496399 0.323754 4.347e-19)
(0.544102 0.304714 1.08205e-19)
(0.587067 0.284164 -8.66064e-19)
(0.625813 0.263567 -8.90271e-20)
(0.660834 0.243781 3.25263e-19)
(0.692575 0.225241 4.06747e-19)
(0.721418 0.208112 -5.50677e-19)
(0.747688 0.192401 1.09526e-18)
(0.771658 0.178037 -8.16431e-19)
(0.793588 0.164907 9.78611e-19)
(0.813762 0.152858 -8.18018e-19)
(0.832308 0.141754 3.86933e-19)
(0.848687 0.131753 1.99499e-19)
(0.135142 0.209895 6.67156e-20)
(0.202897 0.24194 -6.63917e-20)
(0.270222 0.256128 1.21713e-19)
(0.334724 0.257699 -6.10786e-21)
(0.395137 0.2509 4.05295e-20)
(0.45084 0.239042 -5.16878e-19)
(0.501702 0.22455 1.83585e-19)
(0.547906 0.209083 4.80789e-19)
(0.589793 0.193693 -5.92341e-19)
(0.627761 0.178984 2.43007e-19)
(0.662213 0.165252 -2.29805e-19)
(0.693526 0.152599 6.60205e-19)
(0.722035 0.141016 -8.28146e-19)
(0.748037 0.130443 -6.39736e-20)
(0.771807 0.120794 8.13366e-19)
(0.793616 0.111961 -7.48705e-19)
(0.813633 0.103839 -1.33934e-19)
(0.831641 0.0964639 -2.66565e-19)
(0.104629 0.130057 -8.64031e-21)
(0.168662 0.149532 -1.03363e-19)
(0.234793 0.157934 2.5131e-19)
(0.299757 0.158572 -5.84685e-20)
(0.361647 0.154109 -1.03403e-19)
(0.419374 0.146602 2.28281e-20)
(0.472492 0.137541 -4.99881e-19)
(0.520985 0.127939 6.50848e-19)
(0.565072 0.11843 1.06369e-19)
(0.605095 0.109371 -2.2703e-19)
(0.641431 0.100933 -7.60093e-21)
(0.674456 0.0931707 2.54839e-19)
(0.704516 0.0860746 4.43135e-20)
(0.731925 0.0796033 1.63033e-19)
(0.756967 0.073703 1.26631e-19)
(0.779907 0.0683106 -3.84509e-19)
(0.800944 0.0633586 9.45855e-20)
(0.820097 0.0588346 -2.2513e-19)
(0.0888706 0.0440509 7.62531e-20)
(0.151029 0.0505834 1.11884e-20)
(0.216591 0.053364 1.41677e-19)
(0.281835 0.0535246 -1.16099e-19)
(0.344517 0.0519717 7.02211e-20)
(0.403309 0.0494027 -2.67084e-20)
(0.457602 0.0463209 -1.01281e-19)
(0.507277 0.0430661 1.58353e-19)
(0.552498 0.0398499 -7.52509e-20)
(0.593574 0.0367907 -9.02784e-20)
(0.630875 0.0339446 2.19205e-20)
(0.664775 0.0313286 -7.2785e-20)
(0.695629 0.0289386 3.83254e-20)
(0.723757 0.0267599 -5.59618e-20)
(0.74945 0.0247745 2.2009e-19)
(0.772966 0.0229614 -7.32906e-20)
(0.794525 0.0212972 -2.51202e-20)
(0.814268 0.0197721 1.23288e-19)
(1.11671 0.23799 1.02962e-19)
(1.12032 0.211165 2.40726e-20)
(1.12288 0.190401 2.35458e-20)
(1.12463 0.171373 -7.11392e-20)
(1.12522 0.15429 -1.56624e-20)
(1.12489 0.13883 7.17506e-20)
(1.12391 0.124713 -3.83464e-20)
(1.12247 0.111751 9.77821e-21)
(1.12074 0.0997844 -5.45312e-20)
(1.11885 0.088674 7.04867e-20)
(1.11691 0.0782978 4.1357e-22)
(1.115 0.0685493 -2.49599e-21)
(1.11318 0.0593345 -1.9014e-20)
(1.1115 0.0505696 1.73064e-20)
(1.11002 0.0421793 -6.9724e-21)
(1.10876 0.034095 -1.6705e-20)
(1.10774 0.026255 -1.09244e-20)
(1.10699 0.018599 1.07475e-20)
(1.10651 0.0110569 3.83353e-21)
(1.1063 0.00360873 -2.7829e-21)
(1.08488 0.236833 6.92686e-20)
(1.09384 0.211251 -7.20183e-20)
(1.10005 0.191703 -3.04788e-20)
(1.1047 0.173248 2.00328e-20)
(1.10766 0.156401 -6.13371e-21)
(1.10929 0.140988 4.09467e-20)
(1.10992 0.126807 -1.15046e-20)
(1.10982 0.113719 1.13995e-20)
(1.10919 0.101594 -1.99928e-20)
(1.10819 0.0903089 2.93994e-20)
(1.10697 0.0797544 4.46432e-20)
(1.10565 0.06983 -5.57315e-20)
(1.1043 0.0604447 7.33096e-21)
(1.103 0.0515161 1.62387e-20)
(1.10181 0.0429689 -8.99417e-21)
(1.10078 0.0347341 -2.29604e-21)
(1.09993 0.0267485 1.71652e-21)
(1.0993 0.0189498 -8.06829e-21)
(1.0989 0.0112686 3.99058e-21)
(1.09872 0.00368509 1.29407e-21)
(1.05247 0.233164 8.057e-20)
(1.06584 0.209524 2.78363e-19)
(1.07548 0.191487 -3.51298e-19)
(1.08323 0.173859 2.01712e-19)
(1.08891 0.157434 -1.0134e-19)
(1.09285 0.142243 3.84537e-20)
(1.09539 0.128158 -1.74421e-20)
(1.09685 0.115081 3.48277e-20)
(1.09747 0.102911 -7.19797e-20)
(1.09748 0.091547 9.88978e-20)
(1.09706 0.0808913 -5.65728e-20)
(1.09637 0.0708534 2.29247e-20)
(1.09552 0.0613486 -8.60734e-20)
(1.09461 0.0522982 7.43646e-20)
(1.09372 0.0436294 -2.72969e-20)
(1.09292 0.0352744 -8.96282e-21)
(1.09223 0.0271701 3.99661e-21)
(1.09171 0.0192546 -5.50774e-21)
(1.09137 0.0114624 1.84101e-20)
(1.09121 0.00376666 -3.68392e-21)
(1.02006 0.229289 -1.93813e-19)
(1.03793 0.206587 -6.71737e-21)
(1.05166 0.18945 4.45094e-19)
(1.06265 0.172736 -3.81321e-19)
(1.07102 0.156957 2.73508e-19)
(1.07716 0.14225 -1.509e-19)
(1.08151 0.128501 7.69308e-20)
(1.08442 0.115637 -5.40907e-20)
(1.08622 0.103587 1.19751e-20)
(1.08717 0.0922735 3.94555e-20)
(1.08751 0.0816197 2.16287e-22)
(1.08742 0.0715499 -1.97583e-20)
(1.08704 0.0619906 -2.3876e-20)
(1.0865 0.0528712 1.8849e-20)
(1.08589 0.0441245 -2.35609e-20)
(1.08529 0.0356867 1.19813e-20)
(1.08475 0.0274969 -2.22243e-11)
(1.08431 0.0194959 2.20409e-11)
(1.08401 0.0116246 -1.34735e-20)
(1.08386 0.0038453 7.80064e-21)
(1.00293 0.226988 2.46463e-27)
(1.0244 0.20323 -2.46848e-27)
(1.04008 0.186473 0)
(1.05203 0.17083 0)
(1.06117 0.15581 0)
(1.06802 0.141645 0)
(1.07299 0.128277 0)
(1.07646 0.115669 0)
(1.07874 0.10378 0)
(1.08012 0.0925592 0)
(1.08082 0.0819497 1.21956e-27)
(1.08102 0.0718903 -1.21924e-27)
(1.0809 0.0623186 2.30549e-11)
(1.08056 0.0531717 -2.30508e-11)
(1.08011 0.0443882 0)
(1.07963 0.0359083 0)
(1.07918 0.0276738 -2.16788e-11)
(1.0788 0.0196281 2.16782e-11)
(1.07853 0.0117159 0)
(1.07838 0.00389256 0)
(0.99641 0.212956 -9.54559e-28)
(1.01716 0.193112 9.56765e-28)
(1.03275 0.178339 7.19246e-27)
(1.04492 0.164181 -7.34604e-27)
(1.05431 0.150357 -6.54314e-28)
(1.06143 0.137164 6.54314e-28)
(1.0667 0.12459 -3.07099e-27)
(1.07047 0.112631 -3.09199e-27)
(1.07306 0.101276 0)
(1.07472 0.0904957 0)
(1.07569 0.0802507 0)
(1.07614 0.070495 0)
(1.07623 0.0611783 2.42823e-11)
(1.07609 0.0522482 -2.42823e-11)
(1.07581 0.0436512 -4.29321e-28)
(1.07547 0.0353343 4.29321e-28)
(1.07513 0.0272452 -2.27565e-11)
(1.07483 0.0193322 2.27565e-11)
(1.07461 0.0115449 -2.43765e-27)
(1.07449 0.00383815 -2.03718e-27)
(0.990322 0.197863 0)
(1.01035 0.181756 0)
(1.02588 0.169184 -6.53781e-27)
(1.03821 0.156664 6.69139e-27)
(1.04782 0.144162 2.85717e-28)
(1.05519 0.132037 -2.85717e-28)
(1.06073 0.120336 3.07099e-27)
(1.06478 0.109097 3.09199e-27)
(1.06763 0.0983377 0)
(1.06956 0.0880525 0)
(1.07076 0.0782219 0)
(1.07144 0.0688156 0)
(1.07173 0.0597961 2.55742e-11)
(1.07176 0.0511213 -2.55742e-11)
(1.07163 0.0427466 -2.45347e-11)
(1.07141 0.0346263 2.45347e-11)
(1.07116 0.0267141 -2.39005e-11)
(1.07094 0.0189637 2.39005e-11)
(1.07077 0.0113293 1.28574e-27)
(1.07068 0.00376769 3.19636e-27)
(0.985725 0.183379 0)
(1.0048 0.170459 0)
(1.02002 0.159951 0)
(1.03229 0.14902 0)
(1.04197 0.137818 0)
(1.04948 0.12675 0)
(1.0552 0.11592 0)
(1.05945 0.105404 0)
(1.06251 0.0952479 0)
(1.06465 0.0854686 0)
(1.06606 0.076065 0)
(1.06692 0.0670216 0)
(1.06738 0.0583131 2.68236e-11)
(1.06756 0.0499077 -2.68236e-11)
(1.06756 0.0417693 -2.57031e-11)
(1.06745 0.0338592 2.57031e-11)
(1.06729 0.0261373 -2.50156e-11)
(1.06714 0.0185625 2.50156e-11)
(1.06702 0.0110935 0)
(1.06695 0.00369014 0)
(0.98238 0.169778 0)
(1.00033 0.159537 0)
(1.01505 0.150876 2.13889e-27)
(1.02709 0.141422 -2.13889e-27)
(1.0367 0.131455 0)
(1.04425 0.121405 0)
(1.05006 0.111424 0)
(1.05445 0.101619 0)
(1.05767 0.0920618 0)
(1.05997 0.0827896 0)
(1.06154 0.0738176 0)
(1.06257 0.0651439 0)
(1.06318 0.0567548 2.80285e-11)
(1.06349 0.0486281 -2.80285e-11)
(1.0636 0.0407357 0)
(1.06359 0.033046 0)
(1.06352 0.0255245 -2.61e-11)
(1.06342 0.0181353 2.61e-11)
(1.06334 0.0108418 9.53161e-28)
(1.06329 0.00360712 -9.59171e-28)
(0.980033 0.157102 -1.4178e-27)
(0.996792 0.149101 8.29689e-27)
(1.01086 0.142055 4.90274e-27)
(1.02255 0.133949 -5.47064e-27)
(1.03198 0.125133 0)
(1.03947 0.116051 -5.01819e-27)
(1.04531 0.106886 0)
(1.04977 0.0977744 -3.2151e-27)
(1.0531 0.0888063 -1.68494e-27)
(1.05553 0.0800375 1.68494e-27)
(1.05724 0.0714976 3.54814e-27)
(1.05839 0.0631973 -1.91601e-27)
(1.05912 0.0551332 2.91878e-11)
(1.05955 0.047292 -2.91878e-11)
(1.05977 0.0396535 3.16089e-28)
(1.05984 0.0321924 1.0577e-27)
(1.05984 0.02488 -2.71528e-11)
(1.0598 0.0176854 2.71528e-11)
(1.05975 0.0105761 -3.3703e-27)
(1.05972 0.00351934 2.02973e-27)
(0.978493 0.145331 -2.99897e-27)
(0.994039 0.139195 -3.87097e-27)
(1.00737 0.133547 -1.3657e-27)
(1.0186 0.126653 1.93359e-27)
(1.02777 0.118899 0)
(1.03513 0.110725 5.01819e-27)
(1.04093 0.10234 0)
(1.04541 0.0938964 3.2151e-27)
(1.0488 0.0855032 0)
(1.05132 0.0772304 0)
(1.05313 0.0691202 -2.80237e-27)
(1.05439 0.0611941 1.17024e-27)
(1.05523 0.0534583 3.0301e-11)
(1.05575 0.0459077 -3.0301e-11)
(1.05606 0.0385292 -7.71426e-28)
(1.05621 0.0313035 -6.0236e-28)
(1.05626 0.0242075 -2.81729e-11)
(1.05627 0.0172151 2.81729e-11)
(1.05626 0.0102981 2.37898e-27)
(1.05624 0.00342738 -1.03216e-27)
(0.977601 0.134428 0)
(0.991952 0.129838 0)
(1.0045 0.125388 -5.19119e-11)
(1.01519 0.119572 5.19119e-11)
(1.02403 0.112787 0)
(1.0312 0.10546 0)
(1.0369 0.0978112 -1.47683e-27)
(1.04135 0.0900084 1.47683e-27)
(1.04477 0.0821724 0)
(1.04734 0.0743851 0)
(1.04922 0.0666992 1.66854e-27)
(1.05056 0.0591458 -1.66854e-27)
(1.05148 0.0517396 3.13679e-11)
(1.05209 0.0444828 -3.13679e-11)
(1.05247 0.0373688 0)
(1.05268 0.0303842 0)
(1.0528 0.0235108 0)
(1.05284 0.0167272 0)
(1.05286 0.0100092 1.06426e-27)
(1.05286 0.00333175 -1.07097e-27)
(0.977228 0.124342 0)
(0.990422 0.121029 0)
(1.00215 0.117599 -5.28092e-11)
(1.01227 0.112734 5.28092e-11)
(1.02072 0.106827 0)
(1.02764 0.100282 0)
(1.0332 0.0933243 2.20715e-28)
(1.03759 0.0861312 -2.20715e-28)
(1.04099 0.0788317 6.84778e-28)
(1.04358 0.0715167 -6.84778e-28)
(1.04551 0.0642475 0)
(1.04691 0.0570633 0)
(1.0479 0.0499861 0)
(1.04857 0.0430246 0)
(1.04901 0.0361782 5.70231e-28)
(1.04928 0.0294389 -5.70231e-28)
(1.04944 0.0227931 -3.01125e-11)
(1.04952 0.0162239 3.01125e-11)
(1.04956 0.00971098 -1.59758e-28)
(1.04957 0.00323297 1.60765e-28)
(0.977268 0.11502 -1.27203e-10)
(0.989356 0.112757 -1.19323e-10)
(1.00026 0.110188 1.63557e-27)
(1.00978 0.106158 -1.63557e-27)
(1.01781 0.101039 0)
(1.02445 0.0952111 0)
(1.02982 0.0888991 0)
(1.03411 0.0822828 0)
(1.03747 0.0754971 0)
(1.04005 0.068639 0)
(1.04199 0.061777 0)
(1.04343 0.0549566 0)
(1.04446 0.048206 0)
(1.04519 0.04154 0)
(1.04568 0.0349631 -2.43049e-28)
(1.04599 0.028472 2.43049e-28)
(1.04619 0.0220578 -3.10308e-11)
(1.0463 0.0157076 3.10308e-11)
(1.04636 0.00940473 5.89264e-28)
(1.04639 0.00313147 -5.92979e-28)
(0.977632 0.106408 1.27206e-10)
(0.988674 0.105003 1.19323e-10)
(0.998772 0.103158 -4.12128e-27)
(1.00767 0.0998541 4.12128e-27)
(1.01525 0.0954395 0)
(1.02157 0.0902654 0)
(1.02674 0.0845522 0)
(1.03089 0.0784788 0)
(1.03417 0.0721824 0)
(1.03672 0.0657645 0)
(1.03867 0.0592984 0)
(1.04012 0.0528348 0)
(1.04119 0.0464072 3.42915e-11)
(1.04195 0.0400354 -3.42915e-11)
(1.04247 0.0337285 6.04191e-28)
(1.04283 0.0274877 -6.04191e-28)
(1.04306 0.0213081 -5.8723e-28)
(1.04319 0.0151804 5.8723e-28)
(1.04327 0.00909178 0)
(1.04331 0.00302771 0)
(0.978247 0.0984518 0)
(0.988307 0.0977439 0)
(0.997618 0.0965025 0)
(1.0059 0.093827 0)
(1.01302 0.090038 0)
(1.019 0.0854574 0)
(1.02393 0.0802969 0)
(1.02792 0.074732 0)
(1.03111 0.0688999 0)
(1.03361 0.0629041 0)
(1.03553 0.0568213 -1.86496e-27)
(1.03699 0.0507063 1.86496e-27)
(1.03807 0.0445968 7.035e-11)
(1.03885 0.0385168 -7.035e-11)
(1.0394 0.0324794 -1.68627e-27)
(1.03978 0.0264898 1.68627e-27)
(1.04004 0.0205468 -3.2763e-11)
(1.0402 0.0146445 3.2763e-11)
(1.04029 0.00877337 -1.19591e-27)
(1.04033 0.0029221 1.20345e-27)
(0.979056 0.091099 0)
(0.988197 0.0909527 0)
(0.996749 0.0902114 4.19285e-27)
(1.00442 0.0880768 -4.19285e-27)
(1.01107 0.0848408 -9.07504e-28)
(1.0167 0.0807962 9.07504e-28)
(1.02138 0.0761438 -2.40163e-28)
(1.02519 0.0710534 2.40163e-28)
(1.02826 0.0656598 -7.5341e-28)
(1.03068 0.0600673 7.5341e-28)
(1.03257 0.0543543 0)
(1.03401 0.0485787 0)
(1.03509 0.0427813 3.60141e-11)
(1.03589 0.0369896 -3.60141e-11)
(1.03646 0.0312203 0)
(1.03686 0.025482 0)
(1.03713 0.0197767 -3.35767e-11)
(1.03731 0.0141018 3.35767e-11)
(1.03741 0.00845066 0)
(1.03746 0.00281501 0)
(0.980007 0.0843001 3.48542e-27)
(0.988294 0.0846018 -1.30987e-26)
(0.996122 0.0842713 0)
(1.0032 0.0825997 -1.33371e-27)
(1.00938 0.0798504 6.76373e-29)
(1.01465 0.0762879 1.19897e-27)
(1.01906 0.0721009 -5.61151e-28)
(1.02268 0.0674514 5.61151e-28)
(1.02562 0.0624708 0)
(1.02795 0.0572622 2.8876e-28)
(1.02979 0.0519049 1.31018e-27)
(1.0312 0.0464586 9.34912e-28)
(1.03227 0.0409665 3.68097e-11)
(1.03307 0.0354588 -3.68097e-11)
(1.03365 0.0299554 -8.48432e-28)
(1.03406 0.0244676 -1.77114e-27)
(1.03435 0.0190004 -1.06952e-27)
(1.03453 0.0135541 8.25401e-28)
(1.03465 0.00812471 2.56643e-27)
(1.0347 0.00270681 2.06728e-28)
(0.981062 0.0780084 3.0416e-27)
(0.988556 0.0786629 6.5597e-27)
(0.995696 0.0786667 -7.12425e-28)
(1.0022 0.0773893 2.04614e-27)
(1.00791 0.0750663 -1.2666e-27)
(1.01282 0.071936 0)
(1.01696 0.0681736 0)
(1.02038 0.0639327 0)
(1.02317 0.0593398 3.46611e-27)
(1.0254 0.0544957 -3.75487e-27)
(1.02717 0.0494796 -2.24509e-27)
(1.02854 0.0443518 0)
(1.02959 0.0391575 3.75627e-11)
(1.03038 0.033929 -3.75627e-11)
(1.03097 0.0286884 -2.94544e-27)
(1.03138 0.0234496 5.56501e-27)
(1.03168 0.0182202 -3.50992e-11)
(1.03187 0.013003 3.50992e-11)
(1.03199 0.00779652 -2.40003e-28)
(1.03204 0.00259782 -2.54783e-27)
(0.982187 0.0721805 0)
(0.988948 0.0731079 0)
(0.995439 0.0733808 -5.59559e-11)
(1.00139 0.0724367 5.59559e-11)
(1.00665 0.0704859 0)
(1.0112 0.0677415 0)
(1.01505 0.0643656 0)
(1.01827 0.0605023 0)
(1.0209 0.0562723 -7.93103e-28)
(1.02302 0.0517735 7.93103e-28)
(1.02471 0.0470837 0)
(1.02604 0.0422635 0)
(1.02706 0.037359 0)
(1.02783 0.032404 0)
(1.02841 0.0274226 6.76681e-28)
(1.02883 0.0224308 -6.76681e-28)
(1.02912 0.0174383 -3.58084e-11)
(1.02932 0.01245 3.58084e-11)
(1.02944 0.00746699 0)
(1.0295 0.00248835 0)
(0.983356 0.0667758 0)
(0.989438 0.0679097 0)
(0.995319 0.0683957 -5.61173e-11)
(1.00074 0.0677319 5.61173e-11)
(1.00557 0.0661044 0)
(1.00976 0.0637038 0)
(1.01334 0.0606786 0)
(1.01633 0.0571635 0)
(1.0188 0.0532726 8.04399e-28)
(1.02081 0.0491001 -8.04399e-28)
(1.02241 0.0447218 0)
(1.02368 0.0401979 0)
(1.02467 0.0355748 3.89452e-11)
(1.02542 0.0308873 -3.89452e-11)
(1.02598 0.026161 0)
(1.02639 0.0214135 0)
(1.02669 0.0166564 0)
(1.02689 0.0118965 0)
(1.02701 0.00713693 -1.93759e-28)
(1.02707 0.00237866 1.94981e-28)
(0.984545 0.0617569 0)
(0.990003 0.0630418 -6.83419e-27)
(0.995313 0.0636935 0)
(1.00023 0.0632634 0)
(1.00464 0.0619158 6.01759e-27)
(1.00849 0.0598205 0)
(1.01178 0.057113 -8.14328e-27)
(1.01456 0.0539182 3.26782e-27)
(1.01686 0.0503436 -3.61678e-27)
(1.01875 0.0464789 3.61678e-27)
(1.02026 0.0423976 -8.49824e-11)
(1.02147 0.0381586 -8.26555e-11)
(1.02241 0.0338083 3.95769e-11)
(1.02313 0.029382 3.92954e-11)
(1.02367 0.0249062 3.93029e-11)
(1.02408 0.0204 3.80907e-11)
(1.02437 0.0158763 1.80777e-27)
(1.02456 0.0113438 -6.79316e-28)
(1.02468 0.00680707 3.7039e-27)
(1.02474 0.00226901 0)
(0.985738 0.0570894 0)
(0.990622 0.0584791 6.83419e-27)
(0.995397 0.0592562 1.45141e-27)
(0.999844 0.0590192 -1.45141e-27)
(1.00384 0.057913 -6.01759e-27)
(1.00736 0.056088 0)
(1.01038 0.0536677 4.28101e-27)
(1.01294 0.0507673 5.94453e-28)
(1.01508 0.0474872 0)
(1.01683 0.0439125 0)
(1.01825 0.0401138 8.49824e-11)
(1.01939 0.0361485 8.26555e-11)
(1.02028 0.0320622 0)
(1.02097 0.0278905 -7.88723e-11)
(1.02149 0.0236604 -1.16088e-10)
(1.02188 0.019392 3.86947e-11)
(1.02216 0.0150995 0)
(1.02235 0.0107928 -1.12845e-27)
(1.02247 0.00647805 -3.50342e-27)
(1.02253 0.0021596 -2.01744e-28)
(0.986921 0.0527416 0)
(0.991275 0.0541977 0)
(0.995553 0.0550661 0)
(0.999555 0.0549871 0)
(1.00317 0.0540878 0)
(1.00636 0.0525018 0)
(1.00912 0.0503407 -2.60606e-28)
(1.01147 0.0477103 2.60606e-28)
(1.01344 0.0447042 0)
(1.01506 0.0414025 0)
(1.01638 0.0378726 7.86135e-28)
(1.01744 0.0341698 -7.86135e-28)
(1.01828 0.0303388 0)
(1.01893 0.0264149 0)
(1.01942 0.0224255 -7.22462e-28)
(1.0198 0.0183913 7.22462e-28)
(1.02007 0.0143273 -3.83061e-11)
(1.02025 0.0102445 3.83061e-11)
(1.02037 0.00615042 -2.03579e-28)
(1.02042 0.00205061 2.04863e-28)
(0.98808 0.0486843 0)
(0.991949 0.0501751 0)
(0.995766 0.0511059 7.20831e-28)
(0.999349 0.0511544 -7.20831e-28)
(1.0026 0.0504318 0)
(1.00548 0.0490564 0)
(1.00799 0.0471289 3.34922e-27)
(1.01013 0.0447462 -3.34922e-27)
(1.01193 0.0419947 3.73463e-27)
(1.01342 0.0389498 -3.73463e-27)
(1.01464 0.0356752 0)
(1.01562 0.0322241 0)
(1.0164 0.0286397 4.12481e-11)
(1.01701 0.024957 -4.12481e-11)
(1.01748 0.0212031 3.25054e-27)
(1.01783 0.017399 -3.25054e-27)
(1.01809 0.0135606 -3.88478e-11)
(1.01826 0.00969972 3.88478e-11)
(1.01838 0.00582466 2.63463e-27)
(1.01843 0.00194222 -2.65124e-27)
(0.989208 0.0448909 5.52142e-27)
(0.992631 0.0463901 1.45184e-27)
(0.99602 0.047359 -5.86835e-27)
(0.999212 0.0475085 4.87662e-27)
(1.00212 0.0469359 0)
(1.00471 0.0457457 5.55986e-27)
(1.00696 0.0440286 -4.68244e-27)
(1.0089 0.0418728 0)
(1.01054 0.039358 1.42346e-27)
(1.0119 0.0365546 1.67972e-27)
(1.01302 0.0335225 0)
(1.01392 0.0303125 -1.59493e-27)
(1.01464 0.0269663 8.34688e-11)
(1.01521 0.0235179 -8.34688e-11)
(1.01565 0.0199942 0)
(1.01598 0.0164163 4.02709e-27)
(1.01622 0.0128004 -3.93574e-11)
(1.01638 0.00915901 3.93574e-11)
(1.01649 0.00550116 -3.66675e-27)
(1.01654 0.00183454 -3.93471e-27)
(0.990296 0.0413369 -8.07711e-27)
(0.993311 0.0428228 1.10786e-27)
(0.996305 0.0438093 5.08548e-27)
(0.999133 0.0440371 -4.09375e-27)
(1.00172 0.043591 0)
(1.00403 0.0425633 -5.55986e-27)
(1.00605 0.0410355 4.68244e-27)
(1.00779 0.0390875 0)
(1.00927 0.0367927 -1.42346e-27)
(1.0105 0.0342163 -1.67972e-27)
(1.01152 0.0314146 0)
(1.01234 0.0284356 1.59493e-27)
(1.013 0.0253193 4.21872e-11)
(1.01352 0.0220986 -4.21872e-11)
(1.01393 0.0187999 9.79539e-28)
(1.01423 0.015444 -5.00662e-27)
(1.01446 0.0120474 -3.98355e-11)
(1.01461 0.00862292 3.98355e-11)
(1.01471 0.00518025 3.66675e-27)
(1.01476 0.0017277 3.93471e-27)
(0.991339 0.0379996 0)
(0.99398 0.0394544 0)
(0.996609 0.0404413 -5.63867e-11)
(0.999099 0.0407277 5.63867e-11)
(1.00138 0.0403876 0)
(1.00343 0.0395023 0)
(1.00523 0.0381447 0)
(1.00678 0.0363871 0)
(1.0081 0.0342969 -8.61834e-28)
(1.00921 0.031934 8.61834e-28)
(1.01013 0.0293511 -8.18522e-28)
(1.01087 0.0265935 8.18522e-28)
(1.01147 0.0236992 0)
(1.01195 0.0206997 0)
(1.01232 0.0176206 7.58251e-28)
(1.0126 0.0144826 -7.58251e-28)
(1.01281 0.011302 0)
(1.01295 0.00809185 0)
(1.01304 0.00486216 0)
(1.01309 0.00162176 0)
(0.992332 0.0348583 0)
(0.994632 0.0362675 0)
(0.996925 0.0372403 -5.63588e-11)
(0.999102 0.0375686 5.63588e-11)
(1.0011 0.0373164 0)
(1.0029 0.0365555 0)
(1.00449 0.0353509 0)
(1.00586 0.0337681 0)
(1.00704 0.031868 3.85059e-27)
(1.00803 0.0297061 -3.85059e-27)
(1.00885 0.0273313 0)
(1.00951 0.024786 0)
(1.01005 0.022106 4.29968e-11)
(1.01048 0.0193214 -4.29968e-11)
(1.01082 0.0164569 -3.39892e-27)
(1.01107 0.0135326 3.39892e-27)
(1.01126 0.0105647 0)
(1.01139 0.00756607 0)
(1.01148 0.00454708 -2.76266e-27)
(1.01152 0.0015168 2.78008e-27)
(0.993271 0.031894 1.09472e-27)
(0.99526 0.0332456 -1.09641e-27)
(0.997246 0.0341923 0)
(0.999134 0.0345479 0)
(1.00087 0.034368 0)
(1.00244 0.0337157 0)
(1.00383 0.0326488 -4.76087e-27)
(1.00504 0.0312262 0)
(1.00607 0.0295033 4.74256e-11)
(1.00694 0.0275308 -4.74256e-11)
(1.00767 0.025354 -1.08525e-27)
(1.00826 0.0230122 -5.63983e-28)
(1.00874 0.0205393 8.67112e-11)
(1.00912 0.0179636 -8.67112e-11)
(1.00942 0.0153087 -1.56212e-27)
(1.00965 0.0125941 0)
(1.00982 0.00983553 -4.10853e-11)
(1.00994 0.00704575 4.10853e-11)
(1.01002 0.00423512 0)
(1.01006 0.00141285 0)
(0.994154 0.029089 1.4249e-27)
(0.995859 0.0303733 -1.42706e-27)
(0.997564 0.0312839 0)
(0.999188 0.0316545 0)
(1.00069 0.0315331 0)
(1.00204 0.0309753 0)
(1.00324 0.0300324 4.76087e-27)
(1.00429 0.0287571 0)
(1.00519 0.0271995 4.76787e-11)
(1.00595 0.0254058 -4.76787e-11)
(1.00659 0.0234176 0)
(1.00711 0.0212714 1.64923e-27)
(1.00753 0.0189986 4.36851e-11)
(1.00787 0.016626 -4.36851e-11)
(1.00813 0.0141761 5.44883e-28)
(1.00834 0.0116672 1.01724e-27)
(1.00849 0.00911465 -4.14422e-11)
(1.00859 0.00653097 4.14422e-11)
(1.00866 0.00392632 -5.07293e-28)
(1.00869 0.00130994 5.10492e-28)
(0.994979 0.0264269 0)
(0.996427 0.0276362 0)
(0.997875 0.0285024 0)
(0.999256 0.0288774 0)
(1.00053 0.0288027 0)
(1.00169 0.0283271 0)
(1.00272 0.0274959 0)
(1.00362 0.0263562 0)
(1.00439 0.0249531 4.79068e-11)
(1.00505 0.0233284 -4.79068e-11)
(1.0056 0.0215202 0)
(1.00605 0.019562 0)
(1.00642 0.017483 4.39862e-11)
(1.00671 0.0153082 -4.39862e-11)
(1.00694 0.0130585 0)
(1.00712 0.0107516 0)
(1.00725 0.00840196 -4.17702e-11)
(1.00735 0.00602168 4.17702e-11)
(1.00741 0.00362068 -2.83706e-27)
(1.00744 0.00120805 2.85495e-27)
(0.995743 0.0238927 0)
(0.996959 0.0250206 0)
(0.998175 0.0258354 0)
(0.999336 0.0262059 0)
(1.00041 0.0261677 0)
(1.00139 0.0257634 0)
(1.00226 0.0250332 0)
(1.00302 0.0240187 0)
(1.00368 0.0227603 4.81115e-11)
(1.00423 0.0212958 -4.81115e-11)
(1.0047 0.0196597 0)
(1.00509 0.0178826 0)
(1.0054 0.0159914 8.85193e-11)
(1.00566 0.0140092 -8.85193e-11)
(1.00585 0.0119556 0)
(1.00601 0.00984706 0)
(1.00612 0.00769726 -4.20696e-11)
(1.0062 0.00551779 4.20696e-11)
(1.00626 0.00331816 2.24007e-28)
(1.00628 0.00110718 -2.25419e-28)
(0.996447 0.0214723 6.38183e-27)
(0.997454 0.0225138 6.63067e-27)
(0.99846 0.0232714 -5.68677e-27)
(0.999421 0.0236298 0)
(1.00031 0.0236192 0)
(1.00112 0.023277 -1.05418e-10)
(1.00185 0.0226381 -1.02784e-10)
(1.00248 0.0217395 -1.0026e-10)
(1.00303 0.0206172 -9.78684e-11)
(1.0035 0.0193048 0)
(1.00389 0.0178336 9.35616e-11)
(1.00422 0.0162313 1.8335e-10)
(1.00448 0.0145225 1.34487e-10)
(1.00469 0.0127282 -4.45064e-11)
(1.00486 0.0108667 4.07943e-27)
(1.00499 0.00895306 4.30906e-27)
(1.00509 0.00700025 -1.27592e-10)
(1.00516 0.0050191 -4.22591e-11)
(1.0052 0.00301864 -8.4165e-11)
(1.00522 0.00100729 -8.44768e-11)
(0.997088 0.0191525 -6.38204e-27)
(0.997908 0.0201036 -6.63067e-27)
(0.998726 0.0207994 5.68677e-27)
(0.999508 0.0211392 0)
(1.00023 0.0211487 0)
(1.0009 0.0208603 1.05418e-10)
(1.00149 0.0203045 1.02784e-10)
(1.00201 0.0195136 1.0026e-10)
(1.00246 0.0185195 9.78684e-11)
(1.00284 0.0173522 -1.16416e-27)
(1.00316 0.0160394 -9.35616e-11)
(1.00343 0.0146062 -1.8335e-10)
(1.00365 0.0130747 -8.99807e-11)
(1.00383 0.0114641 1.34033e-27)
(1.00397 0.00979084 -3.03561e-27)
(1.00407 0.00806903 -5.35288e-27)
(1.00416 0.00631051 4.26667e-11)
(1.00421 0.00452535 1.27185e-10)
(1.00425 0.00272199 8.4165e-11)
(1.00427 0.000908343 8.44768e-11)
(0.997667 0.0169208 0)
(0.99832 0.0177784 0)
(0.998971 0.0184085 0)
(0.999594 0.0187245 0)
(1.00017 0.0187476 0)
(1.0007 0.018506 0)
(1.00117 0.018026 -3.49524e-27)
(1.00159 0.0173357 3.49524e-27)
(1.00195 0.016463 0)
(1.00226 0.0154343 0)
(1.00252 0.0142743 3.80446e-27)
(1.00273 0.013005 -3.80446e-27)
(1.00291 0.0116463 3.66896e-27)
(1.00305 0.0102154 -3.66896e-27)
(1.00317 0.00872715 3.56547e-27)
(1.00325 0.00719427 -3.56547e-27)
(1.00332 0.00562755 -4.28013e-11)
(1.00336 0.00403622 4.28013e-11)
(1.00339 0.00242801 0)
(1.00341 0.00081027 0)
(0.998183 0.0147658 0)
(0.99869 0.0155274 0)
(0.999194 0.0160887 6.66322e-28)
(0.999676 0.0163763 -6.66322e-28)
(1.00012 0.0164077 0)
(1.00053 0.0162068 0)
(1.0009 0.0157964 2.74405e-28)
(1.00122 0.0152005 -2.74405e-28)
(1.00151 0.0144433 0)
(1.00175 0.0135477 0)
(1.00195 0.0125352 0)
(1.00212 0.0114254 0)
(1.00226 0.0102355 4.50927e-11)
(1.00237 0.00898079 -4.50927e-11)
(1.00246 0.00767452 0)
(1.00252 0.00632797 0)
(1.00258 0.0049508 -8.59818e-11)
(1.00261 0.00355133 8.59818e-11)
(1.00264 0.00213649 2.29042e-28)
(1.00265 0.000713004 -2.30486e-28)
(0.998636 0.0126764 -1.17781e-10)
(0.999015 0.0133401 1.15639e-10)
(0.999391 0.01383 1.1322e-10)
(0.999752 0.0140856 6.65933e-28)
(1.00009 0.0141207 0)
(1.00039 0.0139556 0)
(1.00067 0.0136094 0)
(1.00091 0.0131026 0)
(1.00112 0.0124558 0)
(1.0013 0.0116885 -4.52321e-27)
(1.00146 0.0108193 0)
(1.00158 0.00986484 -1.71001e-27)
(1.00169 0.00884025 9.04775e-11)
(1.00177 0.00775873 -9.04775e-11)
(1.00184 0.00663176 0)
(1.00189 0.00546923 0)
(1.00193 0.00427962 -4.3154e-11)
(1.00196 0.00307023 -4.29748e-11)
(1.00197 0.00184719 -8.57061e-11)
(1.00198 0.000616464 2.31384e-28)
(0.999024 0.0106421 1.17785e-10)
(0.999295 0.0112061 -1.15639e-10)
(0.999563 0.0116229 -1.1322e-10)
(0.99982 0.0118435 0)
(1.00006 0.0118787 0)
(1.00028 0.0117451 0)
(1.00047 0.0114588 0)
(1.00065 0.0110367 0)
(1.0008 0.0104959 -2.38168e-27)
(1.00093 0.00985293 6.9049e-27)
(1.00104 0.00912317 -3.83616e-27)
(1.00113 0.00832082 5.54618e-27)
(1.0012 0.00745854 4.5361e-11)
(1.00126 0.00654755 -4.5361e-11)
(1.00131 0.0055976 0)
(1.00135 0.0046171 0)
(1.00138 0.0036133 -4.32908e-11)
(1.0014 0.00259246 1.2942e-10)
(1.00141 0.00155982 8.57061e-11)
(1.00142 0.000520562 0)
(0.999349 0.00865242 -1.07119e-27)
(0.999529 0.00911589 1.07249e-27)
(0.999708 0.00945813 0)
(0.999879 0.00964136 0)
(1.00004 0.00967362 0)
(1.00018 0.00956834 0)
(1.00031 0.00933832 0)
(1.00043 0.00899729 0)
(1.00053 0.00855906 0)
(1.00062 0.008037 0)
(1.00069 0.00744367 0)
(1.00075 0.00679061 0)
(1.0008 0.00608817 4.54599e-11)
(1.00084 0.00534552 -4.54599e-11)
(1.00087 0.00457067 -8.13887e-28)
(1.0009 0.00377054 8.13887e-28)
(1.00092 0.0029511 -8.68034e-11)
(1.00093 0.00211752 8.68034e-11)
(1.00094 0.0012741 2.31291e-28)
(1.00094 0.000425204 -2.32749e-28)
(0.999609 0.0066979 0)
(0.999717 0.00705987 0)
(0.999824 0.00732664 0)
(0.999927 0.00747078 0)
(1.00002 0.00749785 0)
(1.00011 0.00741821 0)
(1.00019 0.00724172 0)
(1.00026 0.00697894 0)
(1.00032 0.00664051 0)
(1.00037 0.00623678 0)
(1.00041 0.00577746 8.67076e-28)
(1.00045 0.00527148 -8.67076e-28)
(1.00048 0.00472691 4.55358e-11)
(1.0005 0.00415087 -4.55358e-11)
(1.00052 0.00354959 8.15392e-28)
(1.00054 0.00292849 -8.15392e-28)
(1.00055 0.00229222 -8.69738e-11)
(1.00056 0.00164485 8.69738e-11)
(1.00056 0.000989729 -2.31758e-28)
(1.00056 0.000330295 2.33219e-28)
(0.999805 0.00476927 0)
(0.999858 0.00502892 0)
(0.999912 0.0052197 -5.59214e-11)
(0.999963 0.00532343 5.59214e-11)
(1.00001 0.00534367 0)
(1.00005 0.00528778 -7.06933e-27)
(1.00009 0.00516281 3.6226e-28)
(1.00013 0.00497622 3.75114e-27)
(1.00016 0.00473558 -2.79074e-27)
(1.00018 0.00444825 0)
(1.00021 0.00412114 2.67981e-27)
(1.00022 0.00376064 0)
(1.00024 0.00337247 0)
(1.00025 0.00296173 -2.54656e-27)
(1.00026 0.00253289 0)
(1.00027 0.00208982 3.26703e-27)
(1.00027 0.00163585 -4.35457e-11)
(1.00028 0.0011739 4.35457e-11)
(1.00028 0.000706365 3.19801e-27)
(1.00028 0.000235725 3.03292e-28)
(0.999932 0.00285741 -1.39637e-27)
(0.99995 0.00301385 1.39789e-27)
(0.999969 0.0031284 -5.59145e-11)
(0.999987 0.00319089 5.59145e-11)
(1 0.00320325 0)
(1.00002 0.00316994 7.06933e-27)
(1.00003 0.0030952 2.71818e-28)
(1.00004 0.00298351 -4.38522e-27)
(1.00006 0.00283939 2.79074e-27)
(1.00006 0.00266725 0)
(1.00007 0.00247122 -2.67981e-27)
(1.00008 0.00225514 0)
(1.00008 0.00202244 0)
(1.00009 0.00177619 2.54656e-27)
(1.00009 0.00151905 0)
(1.00009 0.00125335 -3.26703e-27)
(1.0001 0.000981109 -4.35767e-11)
(1.0001 0.000704073 4.35767e-11)
(1.0001 0.000423642 -2.34942e-28)
(1.0001 0.000141361 -3.28505e-27)
(0.999992 0.00095345 -9.46124e-28)
(0.999994 0.00100524 9.46997e-28)
(0.999996 0.00104349 0)
(0.999999 0.00106432 0)
(1 0.00106837 0)
(1 0.0010572 0)
(1 0.00103222 2.43914e-28)
(1.00001 0.000994916 -2.43914e-28)
(1.00001 0.000946811 0)
(1.00001 0.00088937 0)
(1.00001 0.000823975 0)
(1.00001 0.0007519 0)
(1.00001 0.000674294 4.03572e-11)
(1.00001 0.000592176 -4.03572e-11)
(1.00001 0.000506435 0)
(1.00001 0.000417847 0)
(1.00001 0.000327081 -7.71084e-11)
(1.00001 0.000234722 7.71084e-11)
(1.00001 0.000141205 0)
(1.00001 4.70982e-05 0)
(0.968968 0.224781 -2.92911e-19)
(0.966608 0.209506 -2.26503e-19)
(0.964019 0.193897 9.72515e-20)
(0.962213 0.1789 -1.80518e-19)
(0.961236 0.164907 -1.16983e-19)
(0.960997 0.151975 1.55073e-18)
(0.961363 0.140066 -5.73026e-19)
(0.962202 0.129116 2.6017e-19)
(0.963398 0.119055 4.54979e-19)
(0.964859 0.109812 -1.44345e-18)
(0.966507 0.101317 3.78086e-19)
(0.968283 0.0935074 1.01921e-18)
(0.970139 0.086321 -8.66926e-19)
(0.972035 0.0797023 2.27522e-19)
(0.973942 0.0735996 -4.79216e-19)
(0.975835 0.0679657 2.28672e-19)
(0.977697 0.0627573 4.36686e-19)
(0.979513 0.0579349 -3.68883e-19)
(0.981271 0.0534626 -2.08717e-19)
(0.982963 0.0493077 -4.59199e-20)
(0.984584 0.0454403 -5.64715e-20)
(0.986128 0.0418333 6.53431e-20)
(0.987592 0.0384619 4.73663e-19)
(0.988975 0.0353037 -1.24363e-19)
(0.990275 0.0323378 -5.28254e-19)
(0.991492 0.0295455 -3.07945e-20)
(0.992624 0.0269093 5.46438e-19)
(0.993673 0.0244131 -2.40239e-19)
(0.99464 0.0220417 -7.48895e-20)
(0.995524 0.019782 1.61728e-19)
(0.996326 0.0176212 4.32191e-20)
(0.997047 0.0155467 1.86812e-20)
(0.997688 0.0135483 1.30459e-19)
(0.99825 0.0116159 -1.20567e-10)
(0.998733 0.0097395 1.20088e-10)
(0.999137 0.00790968 -6.87864e-20)
(0.999466 0.00611648 -2.67676e-20)
(0.999717 0.00435062 8.78076e-21)
(0.99989 0.00260354 1.14896e-20)
(0.999983 0.000867036 -1.30462e-20)
(0.93415 0.204992 -1.667e-18)
(0.936094 0.189698 8.59541e-19)
(0.937551 0.174385 8.46195e-20)
(0.93928 0.159926 1.00273e-18)
(0.94135 0.146642 -9.73647e-19)
(0.943719 0.134547 -4.71541e-19)
(0.946318 0.123556 1.61626e-18)
(0.949073 0.113565 -1.75986e-18)
(0.951918 0.104475 1.66766e-19)
(0.954802 0.0961906 1.44507e-18)
(0.957684 0.0886287 -6.99711e-19)
(0.960533 0.0817142 -6.13539e-19)
(0.963324 0.0753804 2.7657e-19)
(0.966038 0.0695679 1.34118e-19)
(0.968664 0.0642241 -2.05299e-19)
(0.97119 0.0593017 -5.26487e-20)
(0.97361 0.0547587 3.67686e-20)
(0.97592 0.0505576 3.12635e-20)
(0.978116 0.0466647 5.65506e-19)
(0.980199 0.0430499 -4.33398e-19)
(0.982166 0.0396859 -3.92071e-20)
(0.98402 0.0365484 2.00396e-19)
(0.985761 0.0336153 1.39138e-19)
(0.987391 0.0308665 -3.76617e-21)
(0.988912 0.0282841 -1.293e-19)
(0.990326 0.0258509 5.40955e-20)
(0.991635 0.0235517 -9.5789e-20)
(0.992841 0.0213723 -6.83724e-20)
(0.993946 0.019298 1.13954e-19)
(0.994955 0.01732 1.47709e-19)
(0.995866 0.0154291 -1.84267e-19)
(0.996683 0.0136151 1.42783e-19)
(0.997409 0.0118669 -3.27279e-21)
(0.998046 0.010175 -1.5785e-19)
(0.998592 0.00853124 2.70995e-20)
(0.999048 0.00692783 -6.65208e-20)
(0.999414 0.00535661 1.18169e-19)
(0.999692 0.00380964 -1.08194e-20)
(0.999881 0.00227932 -1.12782e-20)
(0.99998 0.000758124 -1.48588e-20)
(0.905212 0.182037 5.60163e-19)
(0.910629 0.167969 -1.75181e-19)
(0.915377 0.153921 -4.71521e-19)
(0.920005 0.140762 6.4155e-20)
(0.924592 0.12874 -7.23356e-20)
(0.929135 0.117844 -1.56126e-19)
(0.933608 0.107985 -2.28239e-19)
(0.93798 0.0990597 3.38923e-19)
(0.942224 0.0909677 1.96092e-19)
(0.94632 0.0836188 2.56849e-19)
(0.950256 0.0769325 -5.77018e-19)
(0.954023 0.070837 2.98962e-19)
(0.957615 0.0652692 -1.92929e-19)
(0.961032 0.060173 5.83237e-19)
(0.964272 0.0554987 -6.11442e-19)
(0.96734 0.0512024 1.81561e-19)
(0.970236 0.047245 -2.22293e-19)
(0.972967 0.0435918 7.32759e-20)
(0.975535 0.040212 -9.02054e-20)
(0.977947 0.0370779 2.54975e-19)
(0.980208 0.034165 1.6124e-19)
(0.982322 0.0314511 1.3957e-19)
(0.984294 0.0289163 -1.4068e-19)
(0.98613 0.0265426 -2.64839e-19)
(0.987834 0.0243133 1.49751e-19)
(0.989409 0.0222124 -3.16357e-19)
(0.99086 0.0202243 3.19153e-19)
(0.992188 0.0183439 -7.43638e-21)
(0.993404 0.0165615 1.16279e-20)
(0.994516 0.0148621 -8.44824e-20)
(0.995523 0.0132365 -1.21836e-19)
(0.996422 0.0116774 9.77254e-20)
(0.997214 0.0101756 3.02714e-21)
(0.997903 0.00872262 -3.11688e-20)
(0.998493 0.00731113 -2.09911e-20)
(0.998985 0.0059341 -4.04159e-20)
(0.99938 0.0045855 8.72954e-20)
(0.999677 0.00325934 -5.4213e-20)
(0.999877 0.00194917 2.19794e-20)
(0.999979 0.000648206 -7.99275e-21)
(0.880894 0.154717 1.59863e-19)
(0.889307 0.142321 7.45814e-19)
(0.896871 0.129993 5.76113e-19)
(0.903975 0.118543 -3.45593e-19)
(0.910704 0.108155 5.97266e-21)
(0.917091 0.0987947 2.51638e-19)
(0.923146 0.0903684 -4.07957e-19)
(0.928877 0.0827733 2.67085e-19)
(0.934291 0.0759139 -2.79448e-20)
(0.939397 0.069705 -6.62513e-19)
(0.944207 0.064072 3.27293e-19)
(0.948733 0.0589493 3.85051e-19)
(0.952985 0.0542797 -2.26396e-19)
(0.956978 0.0500132 -1.37631e-19)
(0.960723 0.0461059 -2.84065e-19)
(0.964233 0.0425189 3.57559e-19)
(0.967519 0.0392185 1.10578e-19)
(0.970593 0.0361744 -6.13677e-19)
(0.973465 0.03336 3.84755e-19)
(0.976145 0.0307517 2.80981e-19)
(0.978643 0.0283285 -2.55126e-19)
(0.980968 0.0260717 2.357e-19)
(0.983127 0.0239639 -1.38496e-19)
(0.985127 0.0219888 -1.05661e-19)
(0.986973 0.0201316 1.61794e-19)
(0.988668 0.0183862 -3.22632e-19)
(0.990233 0.0167427 3.08119e-20)
(0.991684 0.015185 3.31156e-19)
(0.993005 0.0137085 -3.00175e-19)
(0.994195 0.0123024 2.49963e-19)
(0.995265 0.0109567 -2.1207e-19)
(0.996219 0.00966343 6.08865e-20)
(0.997061 0.00841722 6.60668e-21)
(0.997793 0.00721229 2.56365e-20)
(0.998418 0.00604271 3.56613e-20)
(0.998938 0.00490277 -4.67597e-20)
(0.999355 0.00378718 1.23637e-20)
(0.999668 0.00269089 -1.40684e-20)
(0.999875 0.00160873 -1.23116e-20)
(0.99998 0.00053497 1.23373e-20)
(0.861186 0.124031 -2.98188e-19)
(0.872079 0.113822 -4.80323e-19)
(0.881955 0.103709 5.77566e-19)
(0.89108 0.0943715 -1.10446e-19)
(0.899551 0.0859426 -4.42977e-19)
(0.907431 0.0783789 1.49789e-19)
(0.914766 0.0715935 2.99893e-19)
(0.921596 0.065496 -1.08167e-19)
(0.927955 0.0600039 -4.63836e-19)
(0.933877 0.0550445 1.70091e-19)
(0.939392 0.0505547 -5.70325e-20)
(0.944528 0.0464794 -1.50692e-19)
(0.949313 0.0427708 7.52137e-19)
(0.953769 0.0393874 2.8085e-20)
(0.957919 0.0362928 -5.16488e-19)
(0.961783 0.0334552 5.68034e-19)
(0.965381 0.0308467 -4.83079e-19)
(0.968728 0.0284429 1.25695e-19)
(0.971841 0.0262221 -9.15159e-20)
(0.974734 0.024165 4.15117e-20)
(0.977421 0.0222548 1.54141e-19)
(0.979911 0.0204762 -1.17942e-19)
(0.982213 0.0188153 -1.66326e-21)
(0.984334 0.0172599 4.47526e-21)
(0.986298 0.0158028 -1.54957e-19)
(0.988123 0.0144325 -9.01472e-20)
(0.989796 0.0131445 2.9363e-19)
(0.991314 0.0119249 -2.36825e-19)
(0.992695 0.0107628 2.21641e-19)
(0.993944 0.00965451 -3.41391e-20)
(0.995066 0.00859491 -7.63001e-20)
(0.996066 0.00757819 6.77369e-21)
(0.996947 0.00659915 5.27e-20)
(0.997712 0.00565288 1.62441e-21)
(0.998364 0.00473475 -3.5586e-20)
(0.998906 0.00384035 -8.26052e-21)
(0.999339 0.00296554 1.6054e-20)
(0.999663 0.00210641 3.94213e-21)
(0.999876 0.00125895 -1.5055e-20)
(0.999981 0.000418611 2.88134e-21)
(0.846209 0.0905881 3.72323e-21)
(0.859022 0.0829856 5.49014e-19)
(0.870672 0.0754771 1.52532e-19)
(0.881343 0.0685751 -3.02434e-19)
(0.891142 0.0623671 7.49354e-19)
(0.900157 0.0568131 -1.85068e-19)
(0.908462 0.0518432 -1.87821e-19)
(0.916123 0.0473869 -2.13115e-20)
(0.923197 0.0433807 -2.58174e-19)
(0.929734 0.0397691 -8.08816e-20)
(0.935781 0.0365042 4.51644e-19)
(0.941379 0.0335445 -1.56998e-19)
(0.946564 0.0308542 -1.84083e-19)
(0.951369 0.0284022 -2.21727e-21)
(0.955824 0.0261614 -7.59195e-20)
(0.959955 0.0241082 1.92088e-19)
(0.963787 0.022222 1.29563e-20)
(0.96734 0.0204847 -5.04832e-20)
(0.970634 0.0188803 1.82437e-19)
(0.973688 0.0173948 -7.33314e-20)
(0.976514 0.0160156 8.56645e-20)
(0.979127 0.0147319 -3.19621e-19)
(0.981538 0.013535 1.55527e-19)
(0.983771 0.0124188 6.91596e-20)
(0.985835 0.0113751 -1.02427e-19)
(0.987726 0.0103924 2.92337e-20)
(0.989456 0.00946031 -3.9285e-20)
(0.991033 0.0085777 -9.75837e-20)
(0.992466 0.00773956 1.20647e-19)
(0.99376 0.00694113 5.84678e-20)
(0.994922 0.00617798 -7.19967e-20)
(0.995955 0.00544598 1.32634e-20)
(0.996865 0.00474135 -7.8132e-20)
(0.997654 0.00406053 7.00244e-20)
(0.998326 0.00340018 3.14531e-20)
(0.998884 0.00275717 -4.56261e-20)
(0.999328 0.00212851 -3.05982e-20)
(0.999661 0.00151144 1.53429e-20)
(0.999878 0.000903129 6.91003e-21)
(0.999983 0.000300266 6.84646e-22)
(0.836117 0.0551579 2.54848e-19)
(0.850238 0.0504704 1.16001e-19)
(0.863092 0.0458505 -1.2e-19)
(0.874808 0.0416153 2.01953e-19)
(0.885503 0.0378148 -2.96162e-19)
(0.895283 0.0344212 -1.84033e-19)
(0.904242 0.0313894 -6.33043e-21)
(0.912462 0.0286749 2.66116e-19)
(0.920015 0.0262375 -5.74072e-20)
(0.926966 0.0240426 7.53933e-20)
(0.93337 0.0220602 -1.56144e-19)
(0.939277 0.0202648 2.19996e-19)
(0.944731 0.0186339 -2.46784e-19)
(0.94977 0.0171484 2.99051e-19)
(0.954429 0.0157917 -1.79226e-19)
(0.958739 0.0145492 1.70186e-20)
(0.962726 0.0134082 8.50117e-20)
(0.966417 0.0123576 -1.66129e-20)
(0.969832 0.0113878 -3.53766e-20)
(0.972991 0.0104901 4.28886e-20)
(0.975911 0.00965697 -6.87828e-20)
(0.97861 0.00888238 -2.0692e-21)
(0.981108 0.00816188 -1.69291e-20)
(0.983411 0.00749102 6.79802e-20)
(0.985524 0.00685941 -1.12546e-19)
(0.987462 0.00626407 1.90921e-19)
(0.989234 0.00570174 -7.02929e-20)
(0.99085 0.00516937 2.20745e-20)
(0.992317 0.00466384 -3.04287e-20)
(0.993641 0.00418227 2.14834e-20)
(0.994828 0.00372199 -5.28392e-20)
(0.995884 0.00328054 5.10382e-20)
(0.996813 0.00285567 -2.50694e-20)
(0.997618 0.00244523 3.66152e-21)
(0.998302 0.00204723 -1.41142e-20)
(0.99887 0.00165977 1.07505e-20)
(0.999322 0.00128109 -9.1637e-22)
(0.99966 0.000909508 -1.96931e-21)
(0.99988 0.000543362 8.51653e-21)
(0.999984 0.00018064 4.9035e-21)
(0.831037 0.0185207 2.29953e-20)
(0.84582 0.0169371 -1.02238e-19)
(0.859282 0.0153779 -5.36136e-20)
(0.871526 0.0139506 6.9127e-20)
(0.882673 0.0126711 -6.42591e-20)
(0.892838 0.0115296 6.40246e-20)
(0.902125 0.0105108 -4.02272e-20)
(0.910626 0.00959908 2.23599e-20)
(0.918421 0.00878099 1.50689e-21)
(0.925579 0.00804467 -2.36398e-20)
(0.932163 0.00737998 -3.79206e-20)
(0.938225 0.00677819 2.6566e-20)
(0.943813 0.00623177 4.80152e-20)
(0.94897 0.00573424 -5.75078e-20)
(0.953731 0.00527995 5.23409e-20)
(0.958131 0.00486403 -5.33673e-20)
(0.962197 0.0044822 -1.55755e-20)
(0.965957 0.00413074 -1.99401e-21)
(0.969432 0.00380638 6.11917e-20)
(0.972646 0.00350625 1.66719e-20)
(0.975615 0.00322797 5.12235e-21)
(0.97836 0.00296982 -3.79418e-20)
(0.980894 0.00273011 1.04222e-20)
(0.983225 0.00250462 1.78254e-20)
(0.985366 0.00229265 -4.39763e-20)
(0.987329 0.00209322 1.61188e-20)
(0.989123 0.00190509 2.81796e-20)
(0.990759 0.00172705 -3.43718e-20)
(0.992243 0.00155803 -4.23059e-23)
(0.993582 0.00139704 7.16502e-21)
(0.994782 0.00124319 1.21946e-20)
(0.995849 0.00109566 -1.13792e-20)
(0.996787 0.000953678 5.187e-22)
(0.9976 0.000816539 -1.03642e-21)
(0.998291 0.000683574 5.26183e-21)
(0.998863 0.00055415 2.34973e-21)
(0.99932 0.000427675 -2.41064e-21)
(0.99966 0.000303598 5.81545e-21)
(0.999881 0.00018136 -4.264e-22)
(0.999985 6.02909e-05 1.41463e-21)
)
;

boundaryField
{
    inlet
    {
        type            uniformFixedValue;
        uniformValue    constant (1 0 0);
        value           uniform (1 0 0);
    }
    outlet
    {
        type            pressureInletOutletVelocity;
        value           nonuniform 0();
    }
    cylinder
    {
        type            fixedValue;
        value           nonuniform 0();
    }
    top
    {
        type            symmetryPlane;
    }
    bottom
    {
        type            symmetryPlane;
    }
    defaultFaces
    {
        type            empty;
    }
    procBoundary4to0
    {
        type            processor;
        value           nonuniform List<vector> 
58
(
(0.0888706 -0.0440509 -6.37171e-20)
(0.151029 -0.0505834 8.30405e-20)
(0.216591 -0.053364 -5.40833e-20)
(0.281835 -0.0535246 9.68247e-21)
(0.344517 -0.0519717 -5.55929e-20)
(0.403309 -0.0494027 1.10429e-20)
(0.457602 -0.0463209 8.65798e-20)
(0.507277 -0.0430661 -2.25984e-19)
(0.552498 -0.0398499 -2.6092e-20)
(0.593574 -0.0367907 4.91351e-20)
(0.630875 -0.0339446 9.39411e-20)
(0.664775 -0.0313286 -9.91961e-21)
(0.695629 -0.0289386 -8.86991e-20)
(0.723757 -0.0267599 7.56835e-20)
(0.74945 -0.0247745 -1.13029e-19)
(0.772966 -0.0229614 8.68326e-20)
(0.794525 -0.0212972 9.01899e-20)
(0.814268 -0.0197721 -1.06593e-19)
(0.831037 -0.0185207 1.4486e-19)
(0.84582 -0.0169371 -6.10774e-20)
(0.859282 -0.0153779 5.32228e-20)
(0.871526 -0.0139506 -6.93058e-20)
(0.882673 -0.0126711 6.13243e-20)
(0.892838 -0.0115296 -6.63516e-20)
(0.902125 -0.0105108 -3.19253e-20)
(0.910626 -0.00959908 4.70472e-20)
(0.918421 -0.00878099 -1.84753e-21)
(0.925579 -0.00804467 2.16717e-20)
(0.932163 -0.00737998 3.66984e-20)
(0.938225 -0.00677819 -2.41099e-20)
(0.943813 -0.00623177 -4.98893e-20)
(0.94897 -0.00573424 5.37128e-20)
(0.953731 -0.00527995 -5.119e-20)
(0.958131 -0.00486403 5.43417e-20)
(0.962197 -0.0044822 1.66321e-20)
(0.965957 -0.00413074 3.10556e-21)
(0.969432 -0.00380638 -6.02482e-20)
(0.972646 -0.00350625 -1.56463e-20)
(0.975615 -0.00322797 -4.04099e-21)
(0.97836 -0.00296982 3.88617e-20)
(0.980894 -0.00273011 -1.38891e-20)
(0.983225 -0.00250462 -1.95025e-20)
(0.985366 -0.00229265 4.61286e-20)
(0.987329 -0.00209322 -1.71672e-20)
(0.989123 -0.00190509 -2.71369e-20)
(0.990759 -0.00172705 3.73843e-20)
(0.992243 -0.00155803 -9.93871e-22)
(0.993582 -0.00139704 -3.45127e-20)
(0.994782 -0.00124319 1.58458e-20)
(0.995849 -0.00109566 1.0203e-20)
(0.996787 -0.000953678 5.08521e-22)
(0.9976 -0.000816539 -2.49688e-22)
(0.998291 -0.000683574 -5.5151e-21)
(0.998863 -0.00055415 -2.50274e-22)
(0.99932 -0.000427675 3.43844e-21)
(0.99966 -0.000303597 -6.84565e-21)
(0.999881 -0.00018136 3.41748e-21)
(0.999985 -6.02908e-05 -5.21792e-22)
)
;
    }
    procBoundary4to1
    {
        type            processor;
        value           uniform (0.0375021 0.0323246 2.61824e-19);
    }
    procBoundary4to5
    {
        type            processor;
        value           nonuniform List<vector> 
49
(
(1.15798 0.301823 -1.35978e-20)
(1.15432 0.283586 2.30842e-20)
(1.15084 0.26546 -1.36884e-20)
(1.12068 0.373719 1.16584e-20)
(1.11971 0.350392 1.02694e-20)
(1.11861 0.328218 -6.05429e-21)
(1.11861 0.328218 -6.05429e-21)
(1.06016 0.456654 4.03094e-20)
(1.06495 0.429711 -9.84496e-20)
(1.06802 0.402917 1.60531e-19)
(1.06802 0.402917 1.60531e-19)
(0.973921 0.512648 -1.60475e-20)
(0.988162 0.485684 3.23829e-19)
(0.988162 0.485684 3.23829e-19)
(0.851244 0.552989 2.78148e-19)
(0.88109 0.532667 1.76495e-19)
(0.88109 0.532667 1.76495e-19)
(0.679762 0.55343 -4.48667e-19)
(0.732533 0.552647 6.33315e-19)
(0.732533 0.552647 6.33315e-19)
(0.534005 0.514978 -3.14909e-19)
(0.534005 0.514978 -3.14909e-19)
(0.380797 0.44297 6.34244e-20)
(0.312231 0.391735 -3.7816e-19)
(0.312231 0.391735 -3.7816e-19)
(0.178455 0.279845 -6.37935e-19)
(0.178455 0.279845 -6.37935e-19)
(0.072397 0.153399 2.11098e-19)
(0.0494083 0.095308 2.32777e-19)
(1.14818 0.235999 2.07424e-20)
(1.14655 0.208841 -6.79574e-21)
(1.14521 0.187452 -1.51701e-20)
(1.14394 0.168301 -2.09613e-20)
(1.1422 0.15129 4.59529e-20)
(1.14004 0.135995 -4.80418e-20)
(1.13757 0.122085 1.66428e-20)
(1.13492 0.109352 3.66949e-21)
(1.1322 0.0976255 1.08506e-20)
(1.12949 0.0867541 -5.21447e-21)
(1.12687 0.0766084 3.16011e-21)
(1.1244 0.0670787 -2.07653e-20)
(1.12213 0.05807 -2.92157e-21)
(1.12008 0.0494991 5.59334e-21)
(1.1183 0.0412919 6.46023e-21)
(1.1168 0.0333816 2.5919e-21)
(1.1156 0.0257085 4.35565e-21)
(1.11472 0.0182154 -5.01363e-21)
(1.11414 0.0108339 -1.80443e-21)
(1.11388 0.00353925 8.33689e-22)
)
;
    }
}


// ************************************************************************* //
