/*--------------------------------*- C++ -*----------------------------------*\
  =========                 |
  \\      /  F ield         | OpenFOAM: The Open Source CFD Toolbox
   \\    /   O peration     | Website:  https://openfoam.org
    \\  /    A nd           | Version:  7
     \\/     M anipulation  |
\*---------------------------------------------------------------------------*/
FoamFile
{
    version     2.0;
    format      ascii;
    class       volVectorField;
    location    "30";
    object      U;
}
// * * * * * * * * * * * * * * * * * * * * * * * * * * * * * * * * * * * * * //

dimensions      [0 1 -1 0 0 0 0];

internalField   nonuniform List<vector> 
1360
(
(1.22153 0.00140511 8.73564e-28)
(1.2183 0.000910963 -8.73564e-28)
(1.21568 0.00056255 0)
(1.21369 0.000324703 0)
(1.21235 0.000164175 9.20762e-28)
(1.21168 4.95752e-05 -9.26592e-28)
(0.955886 0.0649359 0)
(1.04866 0.0579439 0)
(1.12174 0.0489137 3.0131e-11)
(1.17459 0.039991 -3.0131e-11)
(1.20955 0.0319325 0)
(1.23039 0.0251094 0)
(1.24104 0.0195676 1.22125e-27)
(1.24487 0.0151696 -1.22125e-27)
(1.24448 0.0117181 -1.02755e-27)
(1.2417 0.00901731 1.02755e-27)
(1.23773 0.0069007 0)
(1.23333 0.00523754 0)
(1.22895 0.00392969 -2.19153e-11)
(1.22486 0.00290405 2.19153e-11)
(1.2212 0.00210485 0)
(1.21806 0.00148728 0)
(1.2155 0.00101306 2.027e-11)
(1.21355 0.00064765 -2.027e-11)
(1.21225 0.000358382 0)
(1.21159 0.000114384 0)
(0.952741 0.0652323 0)
(1.04455 0.0585327 0)
(1.11729 0.0498349 0)
(1.17033 0.0411516 0)
(1.2058 0.0332328 0)
(1.22726 0.0264663 0)
(1.23851 0.0209219 0)
(1.24286 0.0164831 0)
(1.2429 0.0129667 0)
(1.24045 0.0101858 0)
(1.23675 0.00797898 0)
(1.23255 0.00621833 0)
(1.22833 0.00480725 -4.34445e-11)
(1.22437 0.00367364 4.34445e-11)
(1.22081 0.00276246 0)
(1.21775 0.0020296 0)
(1.21526 0.00143744 4.03555e-11)
(1.21336 0.000952101 -4.03555e-11)
(1.21208 0.000541565 -1.26295e-27)
(1.21144 0.000175531 1.27095e-27)
(0.94975 0.065427 0)
(1.0406 0.0590039 0)
(1.11298 0.0506246 0)
(1.16617 0.0421771 0)
(1.20211 0.0344022 0)
(1.22415 0.0277002 0)
(1.23597 0.0221629 0)
(1.24083 0.0176931 0)
(1.24129 0.0141215 0)
(1.23917 0.0112701 0)
(1.23572 0.00898224 0)
(1.23172 0.00713299 0)
(1.22766 0.00562733 -2.15124e-11)
(1.22382 0.00439411 2.15124e-11)
(1.22036 0.00337906 -8.57207e-28)
(1.21739 0.00253875 8.57207e-28)
(1.21495 0.00183629 4.01318e-11)
(1.2131 0.00123846 -4.01318e-11)
(1.21185 0.000713958 0)
(1.21123 0.000233092 0)
(0.946903 0.0655275 0)
(1.0368 0.0593662 0)
(1.1088 0.0512922 0)
(1.16211 0.0430763 0)
(1.19846 0.0354482 0)
(1.22106 0.0288178 0)
(1.23343 0.023296 0)
(1.23879 0.0188043 0)
(1.23964 0.0151867 0)
(1.23785 0.0122735 0)
(1.23465 0.00991328 0)
(1.23085 0.00798386 0)
(1.22695 0.00639181 0)
(1.22323 0.00506696 0)
(1.21987 0.0039558 0)
(1.21697 0.00301563 0)
(1.2146 0.00221025 1.99357e-11)
(1.21279 0.00150718 -1.99357e-11)
(1.21157 0.000875815 0)
(1.21096 0.000287151 0)
(0.944192 0.0655408 0)
(1.03316 0.0596278 0)
(1.10476 0.0518464 0)
(1.15814 0.0438575 0)
(1.19488 0.0363782 0)
(1.21799 0.0298254 0)
(1.2309 0.0243269 0)
(1.23672 0.0198215 0)
(1.23797 0.0161662 0)
(1.23649 0.0131995 0)
(1.23354 0.010775 0)
(1.22994 0.0087733 0)
(1.22618 0.00710261 -2.10478e-11)
(1.22259 0.00569374 2.10478e-11)
(1.21932 0.00449393 0)
(1.2165 0.00346118 0)
(1.21419 0.00256002 8.21431e-28)
(1.21242 0.00175871 -8.21431e-28)
(1.21123 0.00102741 8.99637e-28)
(1.21064 0.000337797 -9.05333e-28)
(0.941611 0.0654735 -2.81035e-27)
(1.02965 0.0597964 0)
(1.10085 0.0522953 -5.92347e-29)
(1.15427 0.0445284 -2.79821e-27)
(1.19135 0.0371992 4.92045e-11)
(1.21495 0.030729 4.81806e-11)
(1.22836 0.0252608 4.71102e-11)
(1.23465 0.0207493 4.60241e-11)
(1.23629 0.0170639 0)
(1.23511 0.0140514 0)
(1.23241 0.0115701 0)
(1.22899 0.00950368 0)
(1.22538 0.0077617 -2.07957e-11)
(1.2219 0.00627604 6.11836e-11)
(1.21874 0.00499469 2.69824e-19)
(1.21599 0.00387637 -3.91661e-11)
(1.21373 0.00288633 -8.14652e-28)
(1.21201 0.00199358 8.14652e-28)
(1.21085 0.00116904 0)
(1.21027 0.000385126 -1.91471e-27)
(0.939152 0.065332 2.81034e-27)
(1.02629 0.0598793 0)
(1.09705 0.0526467 0)
(1.15049 0.0450966 2.85744e-27)
(1.18788 0.037918 -4.92045e-11)
(1.21194 0.0315348 -4.81806e-11)
(1.22584 0.0261029 -4.71102e-11)
(1.23257 0.0215922 -4.60241e-11)
(1.23458 0.0178838 1.92766e-27)
(1.23371 0.0148325 -1.92766e-27)
(1.23124 0.0123017 2.1352e-11)
(1.22801 0.0101774 -2.1352e-11)
(1.22455 0.00837107 -2.0532e-11)
(1.22118 0.0068155 -1.98559e-11)
(1.21811 0.00545941 3.65482e-28)
(1.21543 0.00426222 3.91661e-11)
(1.21323 0.00318992 1.68042e-27)
(1.21155 0.00221229 -1.68042e-27)
(1.21042 0.001301 -1.22217e-27)
(1.20985 0.000429239 3.14462e-27)
(0.936809 0.0651224 0)
(1.02305 0.0598832 0)
(1.09338 0.0529078 0)
(1.1468 0.0455691 0)
(1.18448 0.0385411 -4.07383e-28)
(1.20896 0.0322483 4.07383e-28)
(1.22332 0.0268582 0)
(1.23048 0.0223546 0)
(1.23286 0.0186297 0)
(1.23228 0.0155463 0)
(1.23004 0.0129723 4.20215e-11)
(1.227 0.0107968 -4.20215e-11)
(1.22368 0.00893271 -4.05156e-11)
(1.22043 0.00731374 4.05156e-11)
(1.21744 0.00588938 -3.37751e-28)
(1.21484 0.00461977 3.37751e-28)
(1.21269 0.00347159 0)
(1.21105 0.00241537 0)
(1.20995 0.00142361 0)
(1.20939 0.00047024 0)
(0.934577 0.0648503 0)
(1.01994 0.0598145 0)
(1.08983 0.0530856 -8.4926e-28)
(1.14321 0.0459527 8.4926e-28)
(1.18113 0.0390746 0)
(1.20602 0.0328752 0)
(1.22082 0.0275316 0)
(1.2284 0.0230406 0)
(1.23113 0.0193053 -5.14813e-28)
(1.23084 0.0161958 5.14813e-28)
(1.22883 0.0135849 2.06631e-11)
(1.22596 0.0113644 -2.06631e-11)
(1.22278 0.00944862 -3.99486e-11)
(1.21964 0.00777241 3.99486e-11)
(1.21674 0.00628596 0)
(1.21421 0.00495005 0)
(1.21212 0.0037321 0)
(1.21051 0.00260339 0)
(1.20943 0.0015372 7.40045e-28)
(1.20889 0.000508234 -7.4473e-28)
(0.932449 0.0645212 0)
(1.01694 0.0596793 0)
(1.08638 0.0531864 0)
(1.1397 0.0462537 0)
(1.17785 0.0395245 0)
(1.20311 0.0334206 0)
(1.21834 0.0281278 0)
(1.22631 0.0236546 0)
(1.22939 0.0199143 3.61125e-28)
(1.22938 0.0167843 -3.61125e-28)
(1.2276 0.0141422 0)
(1.2249 0.0118823 0)
(1.22186 0.00992077 -1.96824e-11)
(1.21882 0.00819317 1.96824e-11)
(1.21601 0.00665047 0)
(1.21354 0.00525414 0)
(1.2115 0.00397227 1.88348e-11)
(1.20994 0.0027769 -1.88348e-11)
(1.20888 0.00164209 0)
(1.20835 0.00054333 0)
(0.93042 0.0641402 -5.42414e-28)
(1.01406 0.0594833 5.43129e-28)
(1.08304 0.0532165 0)
(1.13628 0.0464782 0)
(1.17462 0.0398964 0)
(1.20024 0.0338898 0)
(1.21587 0.0286513 0)
(1.22423 0.0242004 0)
(1.22764 0.0204601 0)
(1.22792 0.0173149 0)
(1.22634 0.0146468 4.78776e-28)
(1.22382 0.0123531 -4.78776e-28)
(1.22091 0.0103511 -1.93833e-11)
(1.21798 0.00857766 1.93833e-11)
(1.21525 0.00698427 4.54154e-28)
(1.21285 0.00553309 -4.54154e-28)
(1.21086 0.00419289 1.86083e-11)
(1.20933 0.00293645 -1.86083e-11)
(1.2083 0.00173861 -7.23836e-28)
(1.20778 0.00057564 7.28419e-28)
(0.928486 0.063712 3.75213e-28)
(1.01128 0.0592316 -3.75709e-28)
(1.07981 0.0531814 0)
(1.13295 0.0466319 0)
(1.17147 0.0401956 0)
(1.19741 0.0342875 0)
(1.21343 0.0291065 0)
(1.22216 0.024682 0)
(1.2259 0.0209462 -3.46357e-28)
(1.22644 0.0177906 3.46357e-28)
(1.22508 0.0151015 0)
(1.22272 0.0127788 0)
(1.21994 0.0107416 -3.81553e-11)
(1.21712 0.0089275 3.81553e-11)
(1.21447 0.00728869 0)
(1.21213 0.00578796 0)
(1.21019 0.00439478 1.83721e-11)
(1.2087 0.00308262 -1.83721e-11)
(1.20769 0.00182711 0)
(1.20718 0.000605272 0)
(0.92664 0.0632412 -8.76267e-28)
(1.00861 0.0589294 8.77431e-28)
(1.07667 0.0530865 0)
(1.1297 0.0467201 0)
(1.16837 0.0404273 0)
(1.19462 0.0346184 0)
(1.211 0.0294976 0)
(1.2201 0.0251031 0)
(1.22415 0.0213761 -1.97361e-11)
(1.22495 0.0182143 1.97361e-11)
(1.2238 0.0155088 0)
(1.22161 0.0131619 0)
(1.21896 0.0110942 -3.7533e-11)
(1.21623 0.00924431 3.7533e-11)
(1.21366 0.00756505 -7.63428e-28)
(1.21138 0.00601983 7.63428e-28)
(1.20949 0.00457874 3.62544e-11)
(1.20803 0.00321597 -3.62544e-11)
(1.20704 0.0019079 0)
(1.20655 0.000632339 0)
(0.92488 0.0627321 1.76253e-27)
(1.00604 0.0585813 -1.76488e-27)
(1.07363 0.052937 2.32183e-28)
(1.12653 0.0467479 -2.32183e-28)
(1.16533 0.0405962 0)
(1.19187 0.0348871 0)
(1.2086 0.0298286 0)
(1.21804 0.0254674 0)
(1.22241 0.0217528 -1.93089e-11)
(1.22346 0.018589 1.93089e-11)
(1.22252 0.0158712 0)
(1.22048 0.0135044 0)
(1.21796 0.0114108 -1.84506e-11)
(1.21533 0.00952967 1.84506e-11)
(1.21283 0.00781467 0)
(1.21061 0.00622972 0)
(1.20877 0.00474556 3.57488e-11)
(1.20734 0.00333706 -3.57488e-11)
(1.20638 0.00198134 1.12861e-27)
(1.20589 0.00065695 -1.13576e-27)
(0.923201 0.0621886 0)
(1.00355 0.0581917 0)
(1.07069 0.0527375 0)
(1.12345 0.0467201 0)
(1.16236 0.040707 8.11328e-28)
(1.18916 0.0350977 -8.11328e-28)
(1.20623 0.0301034 -8.86851e-28)
(1.216 0.0257783 8.86851e-28)
(1.22066 0.0220795 0)
(1.22197 0.0189173 0)
(1.22123 0.0161911 0)
(1.21935 0.0138085 0)
(1.21694 0.0116931 0)
(1.21441 0.00978514 0)
(1.21199 0.00803882 7.40099e-28)
(1.20983 0.00641868 -7.40099e-28)
(1.20802 0.00489604 1.76145e-11)
(1.20663 0.00344645 -1.76145e-11)
(1.20569 0.00204774 -8.06282e-28)
(1.20521 0.000679216 8.11387e-28)
(0.921598 0.0616145 0)
(1.00116 0.0577646 0)
(1.06783 0.0524925 0)
(1.12044 0.0466413 0)
(1.15944 0.0407641 -1.64137e-27)
(1.1865 0.0352543 1.64137e-27)
(1.20388 0.0303256 1.87681e-11)
(1.21398 0.0260392 -1.87681e-11)
(1.21893 0.0223592 0)
(1.22048 0.019202 0)
(1.21993 0.016471 0)
(1.2182 0.0140763 0)
(1.21592 0.011943 -1.78077e-11)
(1.21348 0.0100122 1.78077e-11)
(1.21113 0.00823879 0)
(1.20902 0.00658772 0)
(1.20726 0.00503097 0)
(1.2059 0.00354469 0)
(1.20497 0.00210744 0)
(1.20451 0.000699245 0)
(0.920067 0.0610133 0)
(0.998857 0.057304 0)
(1.06506 0.0522062 4.21202e-29)
(1.1175 0.0465158 -4.21202e-29)
(1.15658 0.0407716 0)
(1.18387 0.0353608 0)
(1.20156 0.0304989 1.8291e-11)
(1.21196 0.0262532 -1.8291e-11)
(1.2172 0.0225948 0)
(1.21899 0.0194456 0)
(1.21863 0.0167131 -7.37168e-28)
(1.21705 0.0143099 7.37168e-28)
(1.21488 0.0121623 -3.4964e-11)
(1.21253 0.0102125 3.4964e-11)
(1.21025 0.0084158 0)
(1.2082 0.00673785 0)
(1.20648 0.00515109 0)
(1.20515 0.00363232 0)
(1.20424 0.00216076 0)
(1.20379 0.000717144 0)
(0.918606 0.0603882 1.22142e-27)
(0.996633 0.0568133 2.59727e-27)
(1.06237 0.0518824 2.04576e-28)
(1.11464 0.0463474 -2.04576e-28)
(1.15379 0.0407333 0)
(1.18129 0.0354208 0)
(1.19926 0.0306266 1.13307e-27)
(1.20997 0.0264235 -1.13307e-27)
(1.21548 0.0227891 0)
(1.2175 0.0196508 0)
(1.21733 0.0169197 0)
(1.2159 0.014511 0)
(1.21384 0.0123526 -3.43087e-11)
(1.21158 0.0103873 3.43087e-11)
(1.20936 0.00857108 -1.46462e-27)
(1.20737 0.00687004 1.46462e-27)
(1.20569 0.00525718 -1.45172e-27)
(1.20438 0.00370987 1.45172e-27)
(1.2035 0.00220801 3.27411e-11)
(1.20305 0.000733019 3.29112e-11)
(0.917211 0.0597422 -4.75604e-28)
(0.994487 0.0562959 -3.3441e-27)
(1.05976 0.0515248 0)
(1.11185 0.04614 0)
(1.15105 0.040653 0)
(1.17875 0.0354378 0)
(1.197 0.0307119 -7.99652e-28)
(1.20799 0.026553 7.99652e-28)
(1.21377 0.0229447 0)
(1.21601 0.0198197 0)
(1.21602 0.0170929 0)
(1.21474 0.0146818 0)
(1.21279 0.0125156 -1.68254e-11)
(1.21061 0.0105381 1.68254e-11)
(1.20847 0.0087058 0)
(1.20652 0.00698525 0)
(1.20488 0.00534995 1.65196e-11)
(1.2036 0.00377787 -1.65196e-11)
(1.20273 0.00224951 -3.27411e-11)
(1.2023 0.000746973 -3.29112e-11)
(0.915878 0.0590782 -6.88464e-28)
(0.992415 0.0557549 6.89399e-28)
(1.05723 0.0511369 -1.68112e-11)
(1.10913 0.0458972 1.68112e-11)
(1.14836 0.0405341 0)
(1.17625 0.0354152 0)
(1.19476 0.0307578 7.78737e-28)
(1.20603 0.0266445 -7.78737e-28)
(1.21206 0.0230643 -6.97715e-28)
(1.21453 0.0199549 6.97715e-28)
(1.21472 0.0172348 0)
(1.21358 0.0148239 0)
(1.21174 0.0126529 -1.64956e-11)
(1.20965 0.0106663 1.64956e-11)
(1.20756 0.00882111 0)
(1.20566 0.0070844 0)
(1.20406 0.00543014 3.24708e-11)
(1.20281 0.00383682 -3.24708e-11)
(1.20196 0.00228557 -7.45141e-28)
(1.20153 0.000759106 7.49858e-28)
(0.914605 0.0583988 1.3844e-27)
(0.990415 0.0551931 -1.38629e-27)
(1.05477 0.0507218 -1.62802e-11)
(1.10648 0.0456221 1.62802e-11)
(1.14573 0.04038 0)
(1.17379 0.0353559 0)
(1.19255 0.0307674 0)
(1.20409 0.0267007 0)
(1.21037 0.0231502 0)
(1.21306 0.0200584 0)
(1.21342 0.0173474 0)
(1.21241 0.0149393 0)
(1.21069 0.0127661 -1.61655e-11)
(1.20867 0.0107732 1.61655e-11)
(1.20665 0.00891813 1.38622e-27)
(1.2048 0.00716841 -1.38622e-27)
(1.20323 0.00549844 3.18965e-11)
(1.20201 0.00388722 -3.18965e-11)
(1.20117 0.00231646 1.01077e-27)
(1.20075 0.000769518 -1.01717e-27)
(0.913388 0.0577064 0)
(0.988483 0.0546134 0)
(1.05238 0.0502824 -3.58919e-29)
(1.10389 0.045318 3.58919e-29)
(1.14316 0.0401937 0)
(1.17138 0.0352631 0)
(1.19037 0.0307433 0)
(1.20217 0.0267241 0)
(1.2087 0.0232048 6.64501e-28)
(1.21159 0.0201325 -6.64501e-28)
(1.21213 0.0174326 0)
(1.21125 0.0150294 0)
(1.20963 0.0128566 0)
(1.2077 0.01086 0)
(1.20574 0.00899794 -6.53231e-28)
(1.20393 0.00723815 6.53231e-28)
(1.2024 0.00555552 1.56587e-11)
(1.2012 0.00392955 -1.56587e-11)
(1.20038 0.0023425 -7.19361e-28)
(1.19997 0.000778305 7.23916e-28)
(0.912224 0.0570032 0)
(0.986616 0.0540181 0)
(1.05006 0.0498216 0)
(1.10137 0.0449877 0)
(1.14064 0.039978 0)
(1.169 0.0351395 0)
(1.18822 0.0306882 0)
(1.20027 0.0267172 0)
(1.20703 0.0232304 -1.56154e-11)
(1.21013 0.0201791 1.56154e-11)
(1.21084 0.0174921 0)
(1.2101 0.0150961 0)
(1.20857 0.0129258 0)
(1.20672 0.0109281 0)
(1.20482 0.00906158 0)
(1.20306 0.00729447 0)
(1.20155 0.00560206 1.3279e-27)
(1.20038 0.00396428 -1.3279e-27)
(1.19958 0.00236395 0)
(1.19917 0.00078556 0)
(0.911112 0.0562914 0)
(0.984811 0.0534096 0)
(1.04781 0.0493419 1.47782e-11)
(1.0989 0.044634 -1.47782e-11)
(1.13817 0.0397358 0)
(1.16667 0.0349878 0)
(1.1861 0.0306046 0)
(1.19839 0.0266823 0)
(1.20538 0.023229 -1.52283e-11)
(1.20868 0.0202002 1.52283e-11)
(1.20955 0.0175279 0)
(1.20894 0.0151409 0)
(1.20752 0.0129753 0)
(1.20574 0.0109786 0)
(1.20389 0.00911007 0)
(1.20218 0.0073382 0)
(1.20071 0.00563868 -6.25757e-28)
(1.19956 0.00399187 6.25757e-28)
(1.19877 0.00238109 6.93147e-28)
(1.19837 0.000791372 -6.97536e-28)
(0.910049 0.0555729 0)
(0.983066 0.0527899 0)
(1.04561 0.0488457 1.43066e-11)
(1.0965 0.0442593 -1.43066e-11)
(1.13575 0.0394697 0)
(1.16438 0.0348103 0)
(1.18401 0.0304949 0)
(1.19653 0.0266216 0)
(1.20375 0.0232027 0)
(1.20724 0.0201976 0)
(1.20827 0.0175415 0)
(1.20779 0.0151652 0)
(1.20646 0.0130062 0)
(1.20476 0.0110127 0)
(1.20297 0.00914437 0)
(1.2013 0.00737013 0)
(1.19986 0.00566599 1.47808e-11)
(1.19873 0.00401275 -1.47808e-11)
(1.19795 0.00239417 0)
(1.19756 0.000795831 0)
(0.909031 0.0548493 0)
(0.981378 0.0521612 0)
(1.04348 0.0483352 1.58094e-28)
(1.09415 0.0438661 -1.58094e-28)
(1.13338 0.0391819 0)
(1.16212 0.0346095 0)
(1.18195 0.0303611 0)
(1.19469 0.0265372 0)
(1.20213 0.0231535 -1.25044e-27)
(1.20581 0.0201732 1.25044e-27)
(1.207 0.0175346 0)
(1.20664 0.0151706 0)
(1.20541 0.0130198 0)
(1.20378 0.0110315 0)
(1.20205 0.00916542 1.25367e-27)
(1.20041 0.00739102 -1.25367e-27)
(1.19901 0.0056846 2.89732e-11)
(1.1979 0.00402734 -2.89732e-11)
(1.19714 0.00240346 -9.2017e-28)
(1.19675 0.000799019 9.25996e-28)
(0.908058 0.0541224 0)
(0.979744 0.0515251 0)
(1.04141 0.0478125 0)
(1.09186 0.0434565 0)
(1.13106 0.0388747 0)
(1.15991 0.0343876 0)
(1.17992 0.0302056 0)
(1.19288 0.026431 0)
(1.20052 0.023083 0)
(1.20439 0.0201286 0)
(1.20574 0.0175087 0)
(1.2055 0.0151584 0)
(1.20436 0.0130175 -1.42023e-11)
(1.2028 0.011036 1.42023e-11)
(1.20112 0.00917411 -5.89545e-28)
(1.19953 0.00740161 5.89545e-28)
(1.19815 0.00569508 1.41923e-11)
(1.19707 0.00403606 -1.41923e-11)
(1.19632 0.0024092 0)
(1.19594 0.000801019 0)
(0.907126 0.0533936 -1.08605e-27)
(0.978163 0.0508833 1.08754e-27)
(1.03939 0.0472794 -1.48108e-28)
(1.08962 0.0430326 1.48108e-28)
(1.12878 0.0385502 0)
(1.15773 0.0341466 0)
(1.17792 0.0300302 0)
(1.19108 0.0263049 0)
(1.19893 0.0229932 0)
(1.20299 0.0200653 0)
(1.20448 0.0174652 0)
(1.20436 0.0151298 0)
(1.20332 0.0130003 -2.77628e-11)
(1.20183 0.0110272 2.77628e-11)
(1.2002 0.00917132 0)
(1.19865 0.0074026 0)
(1.1973 0.00569797 0)
(1.19623 0.0040393 0)
(1.1955 0.00241163 0)
(1.19512 0.00080191 0)
(0.906234 0.0526642 5.039e-28)
(0.976631 0.0502375 -5.04597e-28)
(1.03743 0.0467378 0)
(1.08744 0.0425963 0)
(1.12655 0.0382105 0)
(1.15559 0.0338885 0)
(1.17595 0.0298368 0)
(1.18931 0.0261606 0)
(1.19736 0.0228856 -1.33787e-11)
(1.20159 0.019985 1.33787e-11)
(1.20323 0.0174056 0)
(1.20324 0.0150863 0)
(1.20229 0.0129694 -2.7126e-11)
(1.20086 0.0110062 2.7126e-11)
(1.19929 0.00915787 0)
(1.19777 0.00739467 0)
(1.19645 0.00569381 5.64753e-28)
(1.1954 0.00403743 -5.64753e-28)
(1.19468 0.00241096 0)
(1.19431 0.000801766 0)
(0.905381 0.0519355 0)
(0.975147 0.049589 0)
(1.03552 0.0461893 -2.76641e-29)
(1.0853 0.0421494 2.76641e-29)
(1.12437 0.0378573 0)
(1.15348 0.0336151 0)
(1.174 0.0296271 -5.90311e-28)
(1.18756 0.0259999 5.90311e-28)
(1.1958 0.0227617 -1.30266e-11)
(1.20021 0.019889 1.30266e-11)
(1.202 0.0173312 5.4649e-28)
(1.20211 0.0150289 -5.4649e-28)
(1.20125 0.0129258 -1.32474e-11)
(1.1999 0.0109738 1.32474e-11)
(1.19837 0.00913453 1.32916e-11)
(1.19689 0.00737848 -1.32916e-11)
(1.1956 0.00568309 0)
(1.19457 0.00403082 0)
(1.19386 0.00240742 0)
(1.1935 0.00080066 0)
(0.904563 0.0512087 0)
(0.973709 0.0489391 0)
(1.03366 0.0456353 0)
(1.08321 0.0416934 0)
(1.12223 0.0374923 0)
(1.15142 0.033328 0)
(1.17209 0.0294029 1.24508e-11)
(1.18583 0.0258243 -1.24508e-11)
(1.19426 0.0226231 0)
(1.19884 0.0197788 0)
(1.20077 0.0172431 0)
(1.201 0.0149588 0)
(1.20023 0.0128705 0)
(1.19894 0.010931 0)
(1.19747 0.00910208 1.29916e-11)
(1.19602 0.00735464 -1.29916e-11)
(1.19475 0.0056663 0)
(1.19374 0.00401981 0)
(1.19304 0.00240122 0)
(1.19268 0.000798662 0)
(0.903781 0.0504847 0)
(0.972315 0.0482889 0)
(1.03185 0.0450773 2.58992e-29)
(1.08117 0.04123 -2.58992e-29)
(1.12013 0.0371171 0)
(1.14938 0.0330289 0)
(1.1702 0.0291656 1.20947e-11)
(1.18413 0.0256353 -1.20947e-11)
(1.19274 0.0224712 -5.12273e-28)
(1.19748 0.0196555 5.12273e-28)
(1.19955 0.0171427 0)
(1.1999 0.0148771 0)
(1.19921 0.0128046 0)
(1.19799 0.0108785 0)
(1.19656 0.00906123 -5.2693e-28)
(1.19515 0.00732374 5.2693e-28)
(1.19391 0.00564391 1.27316e-11)
(1.19291 0.00400473 -1.27316e-11)
(1.19222 0.00239255 0)
(1.19187 0.000795838 0)
(0.903031 0.0497644 0)
(0.970963 0.0476396 0)
(1.03008 0.0445164 0)
(1.07918 0.0407605 0)
(1.11807 0.0367332 0)
(1.14739 0.0327193 0)
(1.16834 0.0289167 0)
(1.18244 0.0254342 0)
(1.19123 0.0223072 1.03752e-27)
(1.19614 0.0195205 -1.03752e-27)
(1.19835 0.017031 0)
(1.1988 0.0147848 0)
(1.1982 0.0127289 0)
(1.19704 0.0108172 0)
(1.19566 0.00901267 0)
(1.19429 0.00728635 0)
(1.19307 0.00561636 1.24436e-11)
(1.19209 0.0039859 -1.24436e-11)
(1.19141 0.00238161 7.9245e-28)
(1.19107 0.000792252 -7.97467e-28)
(0.902312 0.0490489 0)
(0.969652 0.0469922 0)
(1.02836 0.043954 1.06457e-11)
(1.07723 0.0402862 -1.06457e-11)
(1.11605 0.0363419 0)
(1.14542 0.0324006 0)
(1.16651 0.0286576 0)
(1.18078 0.0252224 0)
(1.18974 0.0221323 -4.84819e-28)
(1.19481 0.0193749 4.84819e-28)
(1.19715 0.0169091 -4.93112e-28)
(1.19772 0.0146828 4.93112e-28)
(1.1972 0.0126442 -1.20167e-11)
(1.1961 0.0107479 1.20167e-11)
(1.19477 0.00895704 0)
(1.19343 0.007243 0)
(1.19223 0.00558407 -5.04674e-28)
(1.19127 0.00396363 5.04674e-28)
(1.19061 0.00236858 0)
(1.19026 0.000787964 0)
(0.901624 0.0483387 -8.50707e-28)
(0.968379 0.0463476 8.51887e-28)
(1.02668 0.043391 1.02969e-11)
(1.07532 0.0398083 -1.02969e-11)
(1.11407 0.0359446 0)
(1.14349 0.0320739 0)
(1.1647 0.0283895 0)
(1.17913 0.025001 0)
(1.18827 0.0219479 0)
(1.19349 0.0192198 0)
(1.19597 0.016778 0)
(1.19664 0.0145722 0)
(1.19621 0.0125515 -2.34354e-11)
(1.19517 0.0106713 2.34354e-11)
(1.19389 0.00889498 0)
(1.19258 0.00719422 0)
(1.19141 0.00554744 1.18738e-11)
(1.19046 0.0039382 -1.18738e-11)
(1.1898 0.00235362 0)
(1.18947 0.000783033 0)
(0.900964 0.0476345 3.94571e-28)
(0.967144 0.0457065 -3.95118e-28)
(1.02504 0.0428284 2.26728e-29)
(1.07346 0.0393279 -2.26728e-29)
(1.11213 0.0355424 0)
(1.14159 0.0317407 0)
(1.16292 0.0281137 -4.95078e-28)
(1.17751 0.0247714 4.95078e-28)
(1.18681 0.0217548 4.58378e-28)
(1.19219 0.0190561 -4.58378e-28)
(1.1948 0.0166387 0)
(1.19558 0.0144536 0)
(1.19522 0.0124515 -1.14225e-11)
(1.19425 0.010588 1.14225e-11)
(1.19301 0.00882706 4.78551e-28)
(1.19173 0.00714049 -4.78551e-28)
(1.19058 0.00550685 2.31848e-11)
(1.18965 0.00390989 -2.31848e-11)
(1.18901 0.00233692 -5.35383e-28)
(1.18867 0.000777513 5.38772e-28)
(0.900332 0.046937 -3.80924e-28)
(0.965944 0.0450696 3.81453e-28)
(1.02344 0.0422671 0)
(1.07163 0.038846 0)
(1.11023 0.0351363 0)
(1.13973 0.0314019 0)
(1.16117 0.0278312 4.80427e-28)
(1.17591 0.0245344 -4.80427e-28)
(1.18537 0.0215542 -4.45534e-28)
(1.1909 0.0188849 4.45534e-28)
(1.19364 0.0164919 0)
(1.19452 0.0143281 0)
(1.19425 0.0123448 0)
(1.19334 0.0104987 0)
(1.19214 0.00875385 -4.6676e-28)
(1.1909 0.00708227 4.6676e-28)
(1.18977 0.00546267 2.26271e-11)
(1.18885 0.00387895 -2.26271e-11)
(1.18822 0.00231861 0)
(1.18789 0.000771457 0)
(0.899726 0.0462468 7.6545e-28)
(0.964778 0.0444378 -7.66511e-28)
(1.02188 0.041708 0)
(1.06984 0.0383635 0)
(1.10836 0.0347275 0)
(1.13789 0.0310585 0)
(1.15944 0.0275431 0)
(1.17433 0.0242911 0)
(1.18395 0.021347 9.01222e-28)
(1.18962 0.0187071 -9.01222e-28)
(1.19249 0.0163387 0)
(1.19347 0.0141963 0)
(1.19328 0.0122324 -1.08437e-11)
(1.19243 0.0104041 1.08437e-11)
(1.19128 0.00867588 0)
(1.19007 0.00701999 0)
(1.18896 0.00541524 1.10374e-11)
(1.18806 0.00384564 -1.10374e-11)
(1.18743 0.00229887 0)
(1.18711 0.000764916 0)
(0.899146 0.0455642 0)
(0.963646 0.0438115 0)
(1.02036 0.0411517 -2.04938e-29)
(1.06809 0.0378814 2.04938e-29)
(1.10653 0.0343167 0)
(1.13609 0.0307117 0)
(1.15774 0.0272503 0)
(1.17277 0.0240425 0)
(1.18254 0.0211341 -4.20593e-28)
(1.18836 0.0185234 4.20593e-28)
(1.19135 0.0161797 0)
(1.19244 0.014059 0)
(1.19233 0.0121147 -2.11206e-11)
(1.19153 0.0103046 2.11206e-11)
(1.19042 0.00859365 0)
(1.18924 0.00695408 0)
(1.18816 0.00536489 0)
(1.18727 0.00381019 0)
(1.18665 0.00227781 4.97563e-28)
(1.18634 0.000757935 -5.00713e-28)
(0.898589 0.0448898 0)
(0.962545 0.0431913 0)
(1.01887 0.0405989 0)
(1.06638 0.0374003 0)
(1.10473 0.033905 0)
(1.13431 0.0303622 0)
(1.15606 0.0269537 0)
(1.17123 0.0237894 0)
(1.18115 0.0209164 0)
(1.18711 0.0183348 0)
(1.19022 0.0160158 8.72168e-28)
(1.19141 0.0139168 -8.72168e-28)
(1.19138 0.0119924 -2.05619e-11)
(1.19065 0.0102009 2.05619e-11)
(1.18958 0.00850763 0)
(1.18843 0.00688493 0)
(1.18737 0.00531193 -9.06765e-28)
(1.1865 0.00377282 9.06765e-28)
(1.18588 0.00225559 -6.69688e-28)
(1.18557 0.000750561 6.73927e-28)
(0.898055 0.0442238 0)
(0.961475 0.0425776 0)
(1.01742 0.0400502 0)
(1.0647 0.036921 0)
(1.10296 0.0334929 0)
(1.13256 0.0300108 0)
(1.15441 0.0266541 0)
(1.16971 0.0235327 0)
(1.17978 0.0206946 0)
(1.18587 0.0181419 0)
(1.18911 0.0158476 -4.07338e-28)
(1.1904 0.0137704 4.07338e-28)
(1.19044 0.0118661 -2.00114e-11)
(1.18977 0.0100936 2.00114e-11)
(1.18874 0.00841827 4.20964e-28)
(1.18762 0.00681291 -4.20964e-28)
(1.18658 0.00525664 1.02264e-11)
(1.18572 0.00373375 -1.02264e-11)
(1.18512 0.00223232 4.72968e-28)
(1.18481 0.000742836 -4.75963e-28)
(0.897544 0.0435667 -3.18936e-28)
(0.960434 0.041971 3.19377e-28)
(1.016 0.0395062 1.84994e-29)
(1.06306 0.0364442 -1.84994e-29)
(1.10122 0.0330814 0)
(1.13084 0.0296584 0)
(1.15278 0.0263524 0)
(1.16821 0.023273 0)
(1.17842 0.0204695 0)
(1.18465 0.0179455 0)
(1.18801 0.0156757 0)
(1.18939 0.0136205 0)
(1.18952 0.0117363 -1.94692e-11)
(1.1889 0.00998292 1.94692e-11)
(1.18792 0.00832599 -4.09877e-28)
(1.18683 0.00673838 4.09877e-28)
(1.18581 0.00519931 1.99245e-11)
(1.18496 0.00369317 -1.99245e-11)
(1.18437 0.00220813 9.10972e-28)
(1.18406 0.0007348 9.81541e-28)
(0.897054 0.0429186 6.40473e-28)
(0.959422 0.0413716 -6.41357e-28)
(1.01462 0.0389674 8.96113e-29)
(1.06144 0.0359703 -8.96113e-29)
(1.09952 0.032671 0)
(1.12915 0.0293056 0)
(1.15117 0.0260493 0)
(1.16673 0.0230112 0)
(1.17708 0.0202417 -9.00049e-12)
(1.18344 0.0177461 9.00049e-12)
(1.18692 0.0155008 0)
(1.1884 0.0134675 0)
(1.1886 0.0116036 -9.46766e-12)
(1.18804 0.00986951 9.46766e-12)
(1.1871 0.00823119 0)
(1.18604 0.00666165 0)
(1.18504 0.0051402 1.94028e-11)
(1.18421 0.00365127 -1.94028e-11)
(1.18362 0.00218313 -9.10972e-28)
(1.18332 0.000726491 -9.81541e-28)
(0.896584 0.0422799 0)
(0.958437 0.04078 0)
(1.01326 0.0384342 0)
(1.05987 0.0355 0)
(1.09785 0.0322623 0)
(1.12749 0.0289531 0)
(1.14959 0.0257453 0)
(1.16527 0.0227478 0)
(1.17575 0.0200119 -8.73175e-12)
(1.18225 0.0175445 8.73175e-12)
(1.18584 0.0153235 0)
(1.18742 0.013312 0)
(1.18769 0.0114685 0)
(1.18719 0.00975376 0)
(1.18629 0.00813424 0)
(1.18526 0.00658305 0)
(1.18428 0.00507955 9.44381e-12)
(1.18346 0.00360824 -9.44381e-12)
(1.18289 0.00215743 -4.37109e-28)
(1.18259 0.000717945 4.39877e-28)
(0.896134 0.0416508 0)
(0.957479 0.0401963 0)
(1.01194 0.0379069 0)
(1.05832 0.0350338 0)
(1.0962 0.0318559 0)
(1.12585 0.0286014 0)
(1.14803 0.0254411 0)
(1.16382 0.0224835 0)
(1.17444 0.0197807 0)
(1.18107 0.0173411 0)
(1.18477 0.0151443 0)
(1.18645 0.0131545 0)
(1.1868 0.0113313 0)
(1.18635 0.00963607 0)
(1.18549 0.00803551 7.85867e-28)
(1.18449 0.00650287 -7.85867e-28)
(1.18353 0.0050176 7.94079e-28)
(1.18273 0.00356423 -7.94079e-28)
(1.18216 0.00213113 5.87215e-28)
(1.18186 0.000709197 -5.90933e-28)
(0.895702 0.0410313 6.64709e-12)
(0.956546 0.0396208 -6.65622e-12)
(1.01064 0.037386 1.60959e-29)
(1.0568 0.034572 -1.60959e-29)
(1.09459 0.0314522 0)
(1.12424 0.0282511 0)
(1.14649 0.0251373 0)
(1.1624 0.0222188 0)
(1.17314 0.0195486 0)
(1.1799 0.0171365 0)
(1.18372 0.0149636 0)
(1.18549 0.0129955 0)
(1.18591 0.0111926 0)
(1.18552 0.00951683 0)
(1.1847 0.0079353 0)
(1.18373 0.00642139 0)
(1.18279 0.00495457 -3.7106e-28)
(1.182 0.00351941 3.7106e-28)
(1.18144 0.00210432 -4.13935e-28)
(1.18115 0.000700278 4.16556e-28)
(0.895289 0.0404216 6.40733e-12)
(0.955638 0.0390537 -6.41612e-12)
(1.00938 0.0368717 7.79002e-29)
(1.05531 0.034115 -7.79002e-29)
(1.093 0.0310518 0)
(1.12265 0.0279028 0)
(1.14497 0.0248343 0)
(1.16099 0.0219543 0)
(1.17186 0.0193162 6.87673e-28)
(1.17874 0.0169313 -6.87673e-28)
(1.18267 0.014782 7.11258e-28)
(1.18454 0.0128354 -7.11258e-28)
(1.18503 0.0110527 0)
(1.1847 0.00939639 0)
(1.18392 0.00783395 -7.42579e-28)
(1.18298 0.00633886 7.42579e-28)
(1.18206 0.00489066 8.69154e-12)
(1.18128 0.00347392 -8.69154e-12)
(1.18073 0.0020771 0)
(1.18044 0.000691218 0)
(0.894894 0.0398219 0)
(0.954753 0.0384953 0)
(1.00814 0.0363643 6.58524e-12)
(1.05385 0.0336633 -6.58524e-12)
(1.09144 0.0306551 0)
(1.12108 0.0275567 0)
(1.14347 0.0245328 0)
(1.1596 0.0216904 0)
(1.1706 0.0190839 0)
(1.1776 0.0167257 0)
(1.18164 0.0145999 0)
(1.1836 0.0126746 0)
(1.18417 0.0109119 0)
(1.18389 0.00927509 0)
(1.18315 0.00773173 0)
(1.18224 0.00625553 0)
(1.18134 0.00482606 8.44772e-12)
(1.18057 0.00342791 -8.44772e-12)
(1.18003 0.00204955 3.91372e-28)
(1.17974 0.000682045 -3.93849e-28)
(0.857269 0.0716736 -1.48866e-19)
(0.855406 0.0716734 1.18899e-19)
(0.853661 0.0715858 1.09694e-20)
(0.852027 0.0714173 -2.36965e-19)
(0.850498 0.0711739 3.32208e-19)
(0.84907 0.0708616 3.37871e-19)
(0.847737 0.0704862 -9.5124e-20)
(0.846493 0.0700532 -4.14965e-19)
(0.845334 0.0695676 5.3602e-19)
(0.844256 0.0690345 -2.67229e-19)
(0.843253 0.0684586 -3.31695e-20)
(0.842323 0.0678442 8.30437e-20)
(0.841462 0.0671954 -2.2625e-19)
(0.840665 0.0665162 -1.14391e-19)
(0.839929 0.0658103 2.46912e-19)
(0.83925 0.0650809 -5.12334e-21)
(0.838627 0.0643314 -5.34689e-20)
(0.838055 0.0635646 9.15184e-20)
(0.837532 0.0627832 -9.42071e-20)
(0.837054 0.0619899 2.52509e-20)
(0.836621 0.061187 1.26227e-19)
(0.836228 0.0603766 -3.75384e-20)
(0.835874 0.0595607 -1.12717e-19)
(0.835557 0.0587411 1.06477e-19)
(0.835274 0.0579196 -4.55841e-20)
(0.835024 0.0570976 5.11542e-20)
(0.834804 0.0562766 -3.10513e-20)
(0.834614 0.0554578 -1.01928e-19)
(0.83445 0.0546424 1.32051e-19)
(0.834313 0.0538314 -2.49841e-21)
(0.8342 0.0530258 -8.34869e-20)
(0.83411 0.0522263 6.28256e-20)
(0.834042 0.0514339 4.96827e-21)
(0.833994 0.0506491 -1.09755e-20)
(0.833965 0.0498726 -3.64497e-20)
(0.833955 0.0491048 4.21523e-20)
(0.833962 0.0483463 -1.77972e-21)
(0.833985 0.0475975 1.26224e-20)
(0.834024 0.0468586 -1.28704e-20)
(0.834077 0.0461301 -1.35989e-20)
(0.834144 0.0454122 -1.66275e-20)
(0.834224 0.0447051 2.15316e-20)
(0.834316 0.0440089 2.81637e-21)
(0.834421 0.0433239 -3.08015e-20)
(0.834536 0.04265 9.57697e-21)
(0.834662 0.0419875 -2.90416e-20)
(0.834798 0.0413362 -4.77208e-21)
(0.834943 0.0406964 2.38434e-20)
(0.743035 0.0724972 4.2862e-19)
(0.743068 0.0723494 5.98596e-20)
(0.74316 0.072125 -6.57844e-19)
(0.743308 0.0718298 6.08259e-19)
(0.743509 0.0714696 -3.96191e-20)
(0.74376 0.0710497 7.00223e-20)
(0.74406 0.0705753 -4.98549e-19)
(0.744405 0.0700514 2.65341e-19)
(0.744792 0.0694826 -1.76484e-19)
(0.74522 0.0688735 -1.68339e-19)
(0.745685 0.0682281 1.51353e-19)
(0.746186 0.0675505 1.62929e-19)
(0.74672 0.0668444 -1.06532e-19)
(0.747284 0.0661132 2.10218e-19)
(0.747877 0.0653603 -2.24716e-19)
(0.748496 0.0645885 3.33034e-20)
(0.74914 0.0638009 8.9456e-20)
(0.749807 0.0629999 -1.12274e-19)
(0.750494 0.062188 1.58455e-19)
(0.7512 0.0613675 -3.87989e-20)
(0.751923 0.0605404 -5.44599e-21)
(0.752662 0.0597087 -2.28006e-20)
(0.753416 0.058874 -5.49106e-20)
(0.754182 0.0580381 2.36703e-20)
(0.75496 0.0572023 2.87822e-20)
(0.755748 0.056368 5.79826e-20)
(0.756545 0.0555364 6.109e-21)
(0.75735 0.0547086 -1.21219e-19)
(0.758162 0.0538857 1.25365e-19)
(0.75898 0.0530685 -1.0011e-19)
(0.759803 0.0522578 -3.29002e-20)
(0.760631 0.0514544 2.42462e-20)
(0.761462 0.0506589 -8.81726e-21)
(0.762295 0.0498719 5.28157e-20)
(0.763131 0.0490939 -5.79278e-20)
(0.763968 0.0483254 2.55934e-21)
(0.764806 0.0475666 7.31021e-23)
(0.765644 0.046818 8.49012e-20)
(0.766482 0.0460799 -6.12195e-20)
(0.767319 0.0453525 1.17538e-20)
(0.768156 0.0446359 1.67744e-20)
(0.768991 0.0439304 9.29331e-21)
(0.769824 0.0432361 -6.09731e-20)
(0.770655 0.0425531 8.05578e-20)
(0.771484 0.0418814 -4.81731e-20)
(0.77231 0.0412212 -2.83973e-20)
(0.773133 0.0405723 2.64293e-21)
(0.773953 0.0399348 5.91945e-20)
(0.77477 0.0393088 -1.29421e-20)
(0.619041 0.0699594 -1.03353e-20)
(0.621141 0.0697946 6.9061e-20)
(0.623249 0.0695541 -2.31099e-19)
(0.625363 0.069244 4.86161e-20)
(0.627482 0.0688702 -5.22524e-21)
(0.629605 0.0684383 1.46876e-19)
(0.631732 0.0679535 -6.1202e-20)
(0.63386 0.067421 -1.27494e-19)
(0.635989 0.0668454 1.60048e-19)
(0.638118 0.0662312 1.60385e-20)
(0.640246 0.0655827 -1.64125e-20)
(0.642371 0.0649038 1.04372e-20)
(0.644492 0.0641981 -1.76262e-19)
(0.646608 0.0634691 2.04426e-20)
(0.648719 0.06272 1.72363e-19)
(0.650822 0.0619537 -1.11462e-19)
(0.652917 0.0611731 -2.95929e-20)
(0.655004 0.0603806 -3.44086e-20)
(0.65708 0.0595786 6.07011e-20)
(0.659146 0.0587693 -3.20323e-20)
(0.6612 0.0579546 6.99054e-20)
(0.663242 0.0571364 -2.77793e-20)
(0.665271 0.0563163 1.90972e-20)
(0.667285 0.0554958 3.09477e-20)
(0.669286 0.0546764 3.74423e-20)
(0.671271 0.0538593 -8.26124e-20)
(0.673241 0.0530456 5.69453e-22)
(0.675196 0.0522364 -7.88615e-21)
(0.677133 0.0514326 9.94986e-20)
(0.679055 0.0506351 -4.80398e-20)
(0.680959 0.0498445 2.45052e-20)
(0.682845 0.0490615 -8.07217e-20)
(0.684715 0.0482868 3.26914e-20)
(0.686566 0.0475208 4.2973e-20)
(0.688399 0.046764 -7.8507e-20)
(0.690215 0.0460168 1.96368e-20)
(0.692012 0.0452796 7.14869e-21)
(0.693791 0.0445526 3.59357e-20)
(0.695552 0.043836 -1.02022e-20)
(0.697294 0.0431302 -2.05081e-20)
(0.699018 0.0424352 -7.40374e-21)
(0.700724 0.0417512 5.98306e-22)
(0.702412 0.0410782 -3.72928e-20)
(0.704081 0.0404164 8.59888e-20)
(0.705732 0.0397659 -7.55916e-20)
(0.707366 0.0391265 2.72164e-20)
(0.708981 0.0384983 7.39285e-21)
(0.710579 0.0378813 -1.87691e-20)
(0.71216 0.0372755 -2.28665e-21)
(0.493813 0.0635531 -5.09752e-20)
(0.497877 0.063441 -1.17306e-19)
(0.50192 0.0632548 2.83046e-19)
(0.50594 0.0630003 -2.59621e-19)
(0.509935 0.0626832 9.40345e-20)
(0.513905 0.062309 -7.24768e-20)
(0.517846 0.0618829 -9.79808e-21)
(0.521759 0.0614098 -3.36062e-20)
(0.525641 0.0608945 1.64637e-19)
(0.529492 0.0603413 5.14527e-20)
(0.533311 0.0597544 3.38159e-20)
(0.537096 0.0591377 -1.47162e-19)
(0.540847 0.0584949 2.32891e-20)
(0.544562 0.0578292 -6.54693e-20)
(0.548242 0.0571438 -1.1351e-20)
(0.551885 0.0564416 -4.96145e-21)
(0.555491 0.0557253 4.45093e-20)
(0.559059 0.0549974 2.56297e-20)
(0.562589 0.0542602 -3.84557e-20)
(0.566081 0.0535157 1.04787e-19)
(0.569533 0.0527658 -4.8664e-20)
(0.572945 0.0520123 -1.27589e-20)
(0.576319 0.0512569 2.80696e-20)
(0.579652 0.0505009 2.47624e-20)
(0.582945 0.0497457 -2.57827e-21)
(0.586199 0.0489925 1.5628e-20)
(0.589412 0.0482424 -8.49943e-20)
(0.592585 0.0474963 5.14614e-21)
(0.595719 0.0467552 3.13986e-21)
(0.598812 0.0460198 6.87294e-20)
(0.601866 0.0452909 -8.91244e-20)
(0.60488 0.044569 -2.52063e-20)
(0.607855 0.0438548 3.73014e-20)
(0.610791 0.0431486 1.21475e-20)
(0.613688 0.042451 3.63801e-20)
(0.616547 0.0417623 -3.21952e-20)
(0.619367 0.0410828 5.81775e-21)
(0.62215 0.0404127 3.79301e-21)
(0.624895 0.0397524 -1.69623e-20)
(0.627604 0.039102 -1.88323e-20)
(0.630275 0.0384617 5.61761e-22)
(0.632911 0.0378315 3.18504e-20)
(0.63551 0.0372116 -4.58945e-21)
(0.638075 0.036602 6.58888e-21)
(0.640605 0.0360027 -2.09625e-20)
(0.6431 0.0354139 -7.74139e-21)
(0.645561 0.0348354 1.76536e-21)
(0.647989 0.0342673 3.73013e-23)
(0.650384 0.0337094 1.08107e-20)
(0.652747 0.0331619 9.10431e-21)
(0.38262 0.0533642 -1.90083e-20)
(0.388305 0.0532732 -2.43805e-20)
(0.393962 0.0531185 2.73548e-19)
(0.399589 0.0529052 -1.84374e-19)
(0.40518 0.0526379 8.22592e-21)
(0.410732 0.0523213 -7.22578e-20)
(0.416241 0.0519599 1.0896e-19)
(0.421706 0.051558 1.01938e-19)
(0.427123 0.0511197 -7.96093e-20)
(0.43249 0.0506488 8.60324e-20)
(0.437805 0.050149 -2.10882e-21)
(0.443066 0.0496236 -1.32691e-19)
(0.448272 0.0490758 4.1204e-20)
(0.453422 0.0485085 -5.35468e-20)
(0.458513 0.0479245 2.73382e-20)
(0.463546 0.0473263 1.59332e-19)
(0.46852 0.0467163 -1.07329e-19)
(0.473432 0.0460965 8.85718e-20)
(0.478284 0.0454689 -1.56368e-19)
(0.483075 0.0448354 1.26332e-19)
(0.487804 0.0441975 -6.49231e-20)
(0.492471 0.0435569 -3.07081e-20)
(0.497076 0.0429148 7.04004e-20)
(0.501619 0.0422725 2.38734e-20)
(0.5061 0.0416312 -7.25163e-20)
(0.51052 0.0409918 -1.00699e-20)
(0.514878 0.0403553 4.48548e-20)
(0.519174 0.0397224 -7.46986e-20)
(0.52341 0.039094 1.3094e-19)
(0.527585 0.0384707 -5.52428e-20)
(0.531701 0.0378531 1.14461e-21)
(0.535756 0.0372417 4.96384e-21)
(0.539753 0.036637 1.39319e-20)
(0.543692 0.0360393 -1.5177e-20)
(0.547572 0.035449 1.77177e-20)
(0.551396 0.0348664 -4.92073e-20)
(0.555163 0.0342918 2.15658e-20)
(0.558875 0.0337254 -1.73386e-20)
(0.562531 0.0331674 2.13033e-20)
(0.566133 0.0326179 -9.00271e-21)
(0.569682 0.032077 2.27667e-20)
(0.573178 0.0315449 -3.06746e-20)
(0.576622 0.0310215 1.10476e-20)
(0.580015 0.030507 -7.01476e-22)
(0.583357 0.0300013 -1.63651e-20)
(0.58665 0.0295045 1.11646e-20)
(0.589894 0.0290166 5.86967e-21)
(0.593091 0.0285374 6.5584e-21)
(0.596239 0.0280671 -1.14251e-20)
(0.599342 0.0276054 3.67594e-21)
(0.284443 0.0402525 3.76065e-20)
(0.291359 0.0402472 -1.41724e-19)
(0.298263 0.0401896 -2.31345e-20)
(0.305146 0.040083 6.20587e-20)
(0.312002 0.0399311 -2.48914e-20)
(0.318824 0.0397373 1.09028e-19)
(0.325607 0.0395051 -1.07043e-19)
(0.332344 0.0392379 7.80992e-20)
(0.339032 0.038939 -3.56469e-20)
(0.345665 0.0386115 -4.26019e-21)
(0.352241 0.0382585 -1.40465e-20)
(0.358756 0.0378827 1.82563e-20)
(0.365207 0.0374868 -2.62686e-20)
(0.37159 0.0370733 -1.46167e-20)
(0.377905 0.0366445 5.87773e-20)
(0.384148 0.0362025 -2.45802e-20)
(0.390319 0.0357493 -1.34429e-20)
(0.396415 0.0352867 6.33864e-20)
(0.402436 0.0348164 -6.33601e-20)
(0.408381 0.03434 1.96362e-20)
(0.414248 0.0338588 -1.95239e-20)
(0.420037 0.0333742 2.90699e-20)
(0.425748 0.0328873 8.49264e-21)
(0.431381 0.0323992 -5.38493e-20)
(0.436935 0.0319109 2.2533e-20)
(0.442411 0.0314232 2.56914e-20)
(0.447808 0.0309369 3.55842e-21)
(0.453127 0.0304528 -7.89978e-21)
(0.458369 0.0299715 -1.05522e-20)
(0.463533 0.0294936 -4.42678e-21)
(0.46862 0.0290195 -4.11027e-21)
(0.473632 0.0285498 4.14632e-20)
(0.478567 0.0280848 2.46993e-21)
(0.483428 0.0276249 -4.77429e-20)
(0.488215 0.0271704 1.90926e-20)
(0.492929 0.0267216 -1.58835e-21)
(0.497571 0.0262786 -3.37938e-21)
(0.502141 0.0258418 1.08917e-20)
(0.506641 0.0254112 -2.58691e-21)
(0.511071 0.024987 -1.61439e-20)
(0.515433 0.0245694 4.5243e-23)
(0.519727 0.0241583 4.16345e-21)
(0.523954 0.0237539 9.67765e-21)
(0.528116 0.0233563 -1.9243e-20)
(0.532214 0.0229654 1.81579e-20)
(0.536248 0.0225812 -6.89128e-21)
(0.54022 0.0222038 1.72371e-20)
(0.544131 0.0218332 -3.77438e-21)
(0.547981 0.0214693 4.65805e-21)
(0.551772 0.0211121 -2.23741e-20)
(0.555504 0.0207615 1.57062e-20)
(0.218877 0.0249986 9.96228e-20)
(0.226589 0.0250026 -1.89715e-20)
(0.2343 0.0249738 4.08947e-20)
(0.242001 0.0249142 -1.03945e-19)
(0.249682 0.0248259 7.03072e-20)
(0.257336 0.024711 -2.6838e-20)
(0.264954 0.0245716 3.17793e-20)
(0.272529 0.0244099 1.31028e-20)
(0.280056 0.0242279 5.78509e-20)
(0.287529 0.0240276 -6.69063e-20)
(0.294941 0.0238108 -1.15536e-20)
(0.30229 0.0235794 4.31137e-20)
(0.30957 0.023335 -2.07106e-20)
(0.316778 0.0230792 1.68381e-20)
(0.323911 0.0228135 -9.11876e-20)
(0.330966 0.0225393 4.09599e-20)
(0.337941 0.0222578 -1.25846e-20)
(0.344833 0.0219701 -3.59894e-21)
(0.35164 0.0216774 4.9595e-20)
(0.358362 0.0213807 1.37088e-20)
(0.364997 0.0210808 -2.5325e-20)
(0.371544 0.0207787 1.89078e-20)
(0.378002 0.0204749 -5.30142e-20)
(0.384372 0.0201703 1.66453e-20)
(0.390652 0.0198654 1.51272e-20)
(0.396843 0.0195609 5.93085e-21)
(0.402944 0.0192572 -3.32584e-21)
(0.408956 0.0189547 -4.74512e-21)
(0.414879 0.018654 4.82194e-21)
(0.420714 0.0183553 5.46389e-21)
(0.426461 0.018059 -1.65561e-20)
(0.43212 0.0177654 -5.36658e-21)
(0.437693 0.0174747 1.80498e-20)
(0.44318 0.0171872 -3.18918e-21)
(0.448583 0.016903 6.82166e-21)
(0.453901 0.0166224 -1.04085e-20)
(0.459137 0.0163454 3.77764e-21)
(0.46429 0.0160723 -4.04074e-21)
(0.469363 0.0158031 -4.30506e-21)
(0.474355 0.0155378 -3.66689e-21)
(0.479269 0.0152767 3.55424e-21)
(0.484106 0.0150196 -2.60119e-21)
(0.488866 0.0147668 2.01217e-21)
(0.493551 0.0145181 5.40475e-21)
(0.498162 0.0142737 -3.21138e-21)
(0.5027 0.0140335 7.28616e-21)
(0.507166 0.0137976 -2.75987e-21)
(0.511562 0.0135658 3.37473e-21)
(0.515889 0.0133383 -1.00879e-20)
(0.520148 0.013115 8.20891e-21)
(0.184877 0.00847375 -2.09516e-20)
(0.192984 0.00847655 2.10503e-20)
(0.201097 0.0084682 4.42661e-21)
(0.209205 0.00844934 -1.39954e-20)
(0.2173 0.00842066 -1.22455e-20)
(0.225371 0.00838286 5.9719e-21)
(0.23341 0.00833665 2.43818e-21)
(0.24141 0.00828276 4.86117e-21)
(0.249363 0.00822187 2.13685e-20)
(0.257262 0.00815466 -2.34636e-20)
(0.265102 0.00808177 8.30002e-21)
(0.272878 0.00800381 -3.67797e-21)
(0.280583 0.00792136 -8.14332e-21)
(0.288215 0.00783496 2.00637e-20)
(0.29577 0.00774511 -2.34934e-20)
(0.303244 0.00765229 1.06451e-20)
(0.310633 0.00755694 6.35045e-21)
(0.317937 0.00745945 -1.14657e-20)
(0.325153 0.0073602 1.75325e-20)
(0.332278 0.00725953 -1.63795e-20)
(0.339312 0.00715776 -3.87224e-21)
(0.346254 0.00705516 1.94854e-20)
(0.353101 0.006952 -5.10118e-21)
(0.359855 0.00684851 -1.12956e-20)
(0.366514 0.00674492 2.21529e-21)
(0.373079 0.00664141 4.15252e-22)
(0.379548 0.00653817 1.07528e-20)
(0.385923 0.00643534 -4.6648e-21)
(0.392203 0.00633308 3.15882e-21)
(0.398389 0.00623151 -9.64017e-21)
(0.404482 0.00613073 9.95753e-21)
(0.410481 0.00603086 -8.36269e-22)
(0.416389 0.00593198 -6.05234e-21)
(0.422205 0.00583417 7.35906e-21)
(0.427931 0.0057375 -7.69358e-21)
(0.433567 0.00564202 1.8631e-21)
(0.439115 0.00554779 -6.70069e-21)
(0.444575 0.00545486 1.01031e-20)
(0.449949 0.00536325 -1.78848e-21)
(0.455238 0.005273 -2.10744e-21)
(0.460443 0.00518414 1.56459e-21)
(0.465565 0.00509668 -1.19835e-21)
(0.470605 0.00501064 -9.02532e-22)
(0.475565 0.00492603 -2.44848e-21)
(0.480447 0.00484286 3.18519e-21)
(0.48525 0.00476113 6.31419e-22)
(0.489977 0.00468084 -1.07665e-21)
)
;

boundaryField
{
    inlet
    {
        type            uniformFixedValue;
        uniformValue    constant (1 0 0);
        value           nonuniform 0();
    }
    outlet
    {
        type            pressureInletOutletVelocity;
        value           nonuniform 0();
    }
    cylinder
    {
        type            fixedValue;
        value           nonuniform 0();
    }
    top
    {
        type            symmetryPlane;
    }
    bottom
    {
        type            symmetryPlane;
    }
    defaultFaces
    {
        type            empty;
    }
    procBoundary2to1
    {
        type            processor;
        value           nonuniform List<vector> 
34
(
(1.22179 0.000662202 -1.82625e-27)
(1.21849 0.00029988 1.82625e-27)
(1.2158 8.53545e-05 0)
(1.21376 -1.7101e-05 0)
(1.21239 -4.12628e-05 0)
(1.2117 -1.89624e-05 0)
(0.959192 0.0645301 0)
(0.959192 0.0645301 0)
(1.05295 0.0572281 0)
(1.12634 0.0478512 3.10011e-11)
(1.17894 0.0386862 -3.10011e-11)
(1.21335 0.0304932 0)
(1.23353 0.0236227 0)
(1.24355 0.0180941 -1.2452e-27)
(1.24684 0.0137477 1.2452e-27)
(1.24602 0.0103716 1.0432e-27)
(1.2429 0.00776116 -1.0432e-27)
(1.23866 0.00574457 0)
(1.23406 0.00418836 0)
(1.22952 0.00299282 -2.20901e-11)
(1.22529 0.0020839 2.20901e-11)
(1.22529 0.0020839 2.20901e-11)
(0.859257 0.0715797 4.04386e-19)
(0.859257 0.0715797 4.04386e-19)
(0.743063 0.0725623 1.64388e-19)
(0.743063 0.0725623 1.64388e-19)
(0.616948 0.0700422 -1.33596e-20)
(0.616948 0.0700422 -1.33596e-20)
(0.489731 0.063585 1.34378e-19)
(0.376914 0.0533869 6.6009e-20)
(0.376914 0.0533869 6.6009e-20)
(0.277524 0.0402024 2.34455e-20)
(0.211174 0.0249601 1.03664e-19)
(0.176788 0.00845925 -1.54557e-20)
)
;
    }
    procBoundary2to3
    {
        type            processor;
        value           nonuniform List<vector> 
30
(
(0.894515 0.0392323 0)
(0.835098 0.0400679 -2.41878e-20)
(0.953892 0.0379455 0)
(1.00692 0.0358641 6.35298e-12)
(1.05242 0.033217 -6.35298e-12)
(1.0899 0.0302623 0)
(1.11954 0.0272135 0)
(1.142 0.024233 0)
(1.15823 0.0214275 0)
(1.16935 0.0188521 -3.10037e-28)
(1.17647 0.0165204 3.10037e-28)
(1.18062 0.0144177 -3.21366e-28)
(1.18267 0.0125135 3.21366e-28)
(1.18331 0.0107707 -7.95381e-12)
(1.18309 0.00915323 7.95381e-12)
(1.18239 0.00762893 0)
(1.18151 0.00617163 0)
(1.18063 0.00476096 8.20742e-12)
(1.17988 0.00338151 -8.20742e-12)
(1.17934 0.00202176 -3.80323e-28)
(1.17906 0.000672788 3.8273e-28)
(0.835098 0.0400679 -2.41878e-20)
(0.775584 0.038694 -1.05629e-20)
(0.713723 0.0366807 -2.39658e-20)
(0.713723 0.0366807 -2.39658e-20)
(0.655078 0.0326245 -1.75761e-21)
(0.602399 0.0271525 1.13684e-20)
(0.55918 0.0204176 -9.25152e-21)
(0.524339 0.0128959 6.27022e-21)
(0.524339 0.0128959 6.27022e-21)
)
;
    }
    procBoundary2to6
    {
        type            processor;
        value           nonuniform List<vector> 
51
(
(0.184877 -0.00847375 2.15912e-20)
(0.192984 -0.00847655 -2.11645e-20)
(0.201097 -0.0084682 -4.61467e-21)
(0.209205 -0.00844934 1.34888e-20)
(0.2173 -0.00842066 1.2143e-20)
(0.225371 -0.00838286 -6.14072e-21)
(0.23341 -0.00833666 -2.53357e-21)
(0.24141 -0.00828276 -4.49384e-21)
(0.249363 -0.00822187 -1.86514e-21)
(0.257262 -0.00815466 4.3396e-21)
(0.265102 -0.00808177 -8.44081e-21)
(0.272878 -0.00800381 3.54222e-21)
(0.280583 -0.00792136 7.83208e-21)
(0.288215 -0.00783496 -2.01899e-20)
(0.29577 -0.00774512 2.34221e-20)
(0.303244 -0.0076523 -1.07625e-20)
(0.310633 -0.00755694 -6.03889e-21)
(0.317937 -0.00745946 1.17661e-20)
(0.325153 -0.00736021 -1.75941e-20)
(0.332278 -0.00725954 1.63201e-20)
(0.339312 -0.00715776 4.14172e-21)
(0.346254 -0.00705516 -1.93236e-20)
(0.353101 -0.006952 5.04784e-21)
(0.359855 -0.00684852 1.12442e-20)
(0.366514 -0.00674493 -2.05217e-21)
(0.373079 -0.00664142 -4.50354e-22)
(0.379548 -0.00653818 -1.0799e-20)
(0.385923 -0.00643535 4.55721e-21)
(0.392203 -0.00633309 -2.95668e-21)
(0.398389 -0.00623151 9.59868e-21)
(0.404482 -0.00613074 -9.84041e-21)
(0.410481 -0.00603087 7.97626e-22)
(0.416389 -0.00593199 6.22761e-21)
(0.422205 -0.00583418 -7.39505e-21)
(0.427931 -0.0057375 7.8568e-21)
(0.433567 -0.00564203 -1.89661e-21)
(0.439115 -0.0055478 -8.47078e-23)
(0.444575 -0.00545486 -3.23559e-21)
(0.449949 -0.00536325 1.75836e-21)
(0.455238 -0.00527301 2.23357e-21)
(0.460443 -0.00518414 4.38284e-21)
(0.465565 -0.00509668 -4.69436e-21)
(0.470605 -0.00501064 8.76421e-22)
(0.475565 -0.00492603 2.3944e-21)
(0.480447 -0.00484286 -3.20948e-21)
(0.48525 -0.00476113 -5.21281e-22)
(0.489977 -0.00468084 1.05405e-21)
(0.494629 0.00460199 -7.16293e-22)
(0.499207 0.00452457 4.09359e-22)
(0.503712 0.00444859 2.2161e-21)
(0.494629 0.00460199 -7.16293e-22)
)
;
    }
}


// ************************************************************************* //
