/*--------------------------------*- C++ -*----------------------------------*\
  =========                 |
  \\      /  F ield         | OpenFOAM: The Open Source CFD Toolbox
   \\    /   O peration     | Website:  https://openfoam.org
    \\  /    A nd           | Version:  7
     \\/     M anipulation  |
\*---------------------------------------------------------------------------*/
FoamFile
{
    version     2.0;
    format      ascii;
    class       volScalarField;
    location    "5.001";
    object      p;
}
// * * * * * * * * * * * * * * * * * * * * * * * * * * * * * * * * * * * * * //

dimensions      [0 2 -2 0 0 0 0];

internalField   nonuniform List<scalar> 
3700
(
-0.200049
-0.184366
-0.172669
-0.16153
-0.151496
-0.142459
-0.134258
-0.126793
-0.11999
-0.113782
-0.108111
-0.102929
-0.0981967
-0.0938773
-0.0899401
-0.0863578
-0.0831065
-0.0801647
-0.0775136
-0.0751363
-0.0730181
-0.0711461
-0.0695089
-0.0680968
-0.0669013
-0.0659154
-0.0651334
-0.0645508
-0.0641643
-0.0639715
-0.174255
-0.162595
-0.153965
-0.145396
-0.137561
-0.130367
-0.12372
-0.11758
-0.111913
-0.106684
-0.101861
-0.0974157
-0.093323
-0.0895611
-0.08611
-0.0829518
-0.0800703
-0.0774507
-0.0750799
-0.0729459
-0.0710381
-0.0693469
-0.0678639
-0.0665819
-0.0654944
-0.0645962
-0.0638829
-0.0633508
-0.0629976
-0.0628213
-0.148902
-0.140973
-0.135171
-0.129046
-0.123326
-0.117927
-0.112814
-0.107993
-0.103465
-0.0992213
-0.0952535
-0.0915528
-0.0881102
-0.0849166
-0.0819627
-0.0792396
-0.0767388
-0.074452
-0.0723715
-0.0704902
-0.0688013
-0.0672988
-0.0659772
-0.0648315
-0.0638575
-0.0630514
-0.0624102
-0.0619315
-0.0616134
-0.0614546
-0.124804
-0.120239
-0.116971
-0.113077
-0.109297
-0.105564
-0.101893
-0.0983272
-0.0948918
-0.0916011
-0.088466
-0.0854946
-0.0826916
-0.0800595
-0.077599
-0.0753094
-0.0731893
-0.0712364
-0.0694483
-0.0678222
-0.0663551
-0.0650443
-0.0638868
-0.0628802
-0.062022
-0.0613102
-0.060743
-0.0603189
-0.0600368
-0.0598959
-0.102541
-0.100875
-0.099802
-0.0978836
-0.0958272
-0.0935883
-0.091229
-0.0888172
-0.0863961
-0.0839979
-0.0816493
-0.0793717
-0.0771812
-0.0750899
-0.073107
-0.071239
-0.0694908
-0.0678655
-0.0663653
-0.0649912
-0.063744
-0.0626235
-0.0616297
-0.0607619
-0.0600197
-0.0594023
-0.0589093
-0.05854
-0.0582941
-0.0581712
-0.0825017
-0.0832014
-0.0839446
-0.0837101
-0.0831374
-0.0822048
-0.0810075
-0.0796287
-0.078125
-0.0765422
-0.074919
-0.0732866
-0.0716698
-0.0700887
-0.0685589
-0.0670933
-0.0657018
-0.0643921
-0.0631703
-0.0620411
-0.061008
-0.0600736
-0.0592401
-0.0585087
-0.0578806
-0.0573564
-0.0569366
-0.0566215
-0.0564114
-0.0563063
-0.0648542
-0.0673893
-0.0695685
-0.0707125
-0.0713735
-0.0715498
-0.071355
-0.0708789
-0.0701866
-0.0693332
-0.0683654
-0.0673212
-0.066232
-0.0651232
-0.0640162
-0.0629281
-0.0618732
-0.0608628
-0.0599063
-0.0590113
-0.0581839
-0.0574289
-0.0567502
-0.056151
-0.0556337
-0.0552001
-0.0548516
-0.0545895
-0.0544143
-0.0543266
-0.0496212
-0.0534955
-0.056758
-0.058982
-0.0606303
-0.0617178
-0.0623632
-0.0626558
-0.0626647
-0.0624498
-0.0620622
-0.0615441
-0.0609309
-0.0602521
-0.0595327
-0.0587932
-0.0580509
-0.0573201
-0.0566128
-0.0559386
-0.055306
-0.0547214
-0.0541904
-0.0537175
-0.0533064
-0.0529597
-0.05268
-0.0524687
-0.0523272
-0.0522563
-0.0367057
-0.0414988
-0.0455262
-0.0485526
-0.0509586
-0.052768
-0.0540947
-0.0550232
-0.0556225
-0.0559536
-0.0560686
-0.0560116
-0.05582
-0.0555256
-0.0551555
-0.0547326
-0.0542762
-0.0538026
-0.0533257
-0.0528569
-0.052406
-0.0519811
-0.051589
-0.0512353
-0.0509245
-0.0506604
-0.0504457
-0.0502829
-0.0501734
-0.0501185
-0.0259346
-0.0313018
-0.0358206
-0.0394074
-0.0423663
-0.0447234
-0.0465825
-0.0480204
-0.0491029
-0.0498889
-0.0504292
-0.0507677
-0.050942
-0.0509848
-0.0509241
-0.0507838
-0.0505846
-0.0503439
-0.0500769
-0.0497962
-0.0495126
-0.0492354
-0.0489721
-0.0487293
-0.0485122
-0.0483251
-0.0481715
-0.0480541
-0.0479747
-0.0479348
-0.0170944
-0.0227545
-0.0275421
-0.0314878
-0.0348235
-0.0375744
-0.0398313
-0.0416623
-0.0431276
-0.044282
-0.0451731
-0.045843
-0.0463283
-0.0466611
-0.0468693
-0.0469771
-0.0470054
-0.0469724
-0.0468938
-0.0467828
-0.0466511
-0.0465084
-0.046363
-0.046222
-0.0460912
-0.0459752
-0.0458781
-0.0458028
-0.0457513
-0.0457253
-0.00995041
-0.0156839
-0.020567
-0.024707
-0.028272
-0.0312848
-0.0338221
-0.0359426
-0.0376999
-0.0391428
-0.0403152
-0.0412559
-0.0419995
-0.0425766
-0.0430141
-0.0433356
-0.043562
-0.0437111
-0.0437989
-0.0438389
-0.043843
-0.0438212
-0.0437822
-0.0437335
-0.043681
-0.04363
-0.0435844
-0.0435476
-0.0435217
-0.0435084
-0.00426615
-0.00990936
-0.0147579
-0.0189613
-0.0226356
-0.0258004
-0.0285185
-0.030839
-0.032808
-0.0344682
-0.0358585
-0.0370142
-0.0379669
-0.038745
-0.039374
-0.0398763
-0.0402717
-0.040578
-0.0408105
-0.0409827
-0.0411064
-0.0411917
-0.0412475
-0.0412811
-0.041299
-0.0413063
-0.0413072
-0.0413051
-0.0413024
-0.0413006
0.000184245
-0.00525285
-0.00997262
-0.0141392
-0.0178287
-0.0210567
-0.0238731
-0.0263179
-0.0284296
-0.0302445
-0.0317966
-0.0331169
-0.0342338
-0.0351732
-0.0359583
-0.03661
-0.0371472
-0.0375864
-0.0379425
-0.0382286
-0.038456
-0.0386348
-0.0387736
-0.0388799
-0.03896
-0.039019
-0.0390613
-0.0390901
-0.039108
-0.0391165
0.00360896
-0.00154608
-0.00607278
-0.0101292
-0.0137623
-0.0169839
-0.0198322
-0.0223389
-0.0245352
-0.0264514
-0.0281163
-0.0295568
-0.0307977
-0.031862
-0.0327708
-0.0335431
-0.0341962
-0.0347457
-0.0352054
-0.0355877
-0.0359035
-0.0361625
-0.0363731
-0.0365424
-0.0366766
-0.0367808
-0.0368593
-0.0369153
-0.0369513
-0.036969
0.00619188
0.00136292
-0.00293038
-0.00682544
-0.0103497
-0.0135116
-0.0163397
-0.0188579
-0.0210909
-0.0230634
-0.0247993
-0.0263212
-0.0276507
-0.0288078
-0.029811
-0.0306775
-0.0314229
-0.0320615
-0.032606
-0.033068
-0.0334577
-0.0337843
-0.0340556
-0.0342786
-0.0344592
-0.0346024
-0.0347121
-0.0347916
-0.0348434
-0.0348688
0.00809163
0.00360561
-0.000430983
-0.00413002
-0.00750837
-0.0105716
-0.0133395
-0.0158294
-0.0180605
-0.0200522
-0.0218239
-0.0233943
-0.0247817
-0.0260031
-0.0270748
-0.0280119
-0.0288282
-0.0295365
-0.0301486
-0.0306749
-0.0311249
-0.0315071
-0.0318289
-0.0320968
-0.0323164
-0.0324923
-0.0326286
-0.0327281
-0.0327932
-0.0328253
0.00943697
0.00529343
0.00152651
-0.00195476
-0.00516273
-0.00809947
-0.0107774
-0.0132086
-0.015407
-0.0173878
-0.0191662
-0.0207575
-0.0221766
-0.0234379
-0.0245554
-0.025542
-0.02641
-0.0271707
-0.0278346
-0.0284111
-0.0289089
-0.0293357
-0.0296984
-0.030003
-0.0302546
-0.0304577
-0.0306158
-0.030732
-0.0308082
-0.030846
0.0103339
0.0065236
0.00303134
-0.000221114
-0.00324405
-0.00603558
-0.00860225
-0.0109517
-0.013094
-0.01504
-0.0168016
-0.0183907
-0.0198195
-0.0210999
-0.0222435
-0.0232615
-0.0241643
-0.0249619
-0.0256635
-0.0262776
-0.0268118
-0.0272732
-0.0276679
-0.0280015
-0.0282787
-0.0285036
-0.0286795
-0.0288092
-0.0288945
-0.0289368
0.0108702
0.00738099
0.00416116
0.00114015
-0.00169054
-0.00432531
-0.0067663
-0.00901774
-0.011086
-0.0129789
-0.0147049
-0.0162733
-0.0176936
-0.0189756
-0.0201287
-0.0211623
-0.0220853
-0.0229063
-0.0236332
-0.0242734
-0.0248339
-0.0253207
-0.0257394
-0.0260951
-0.0263921
-0.0266339
-0.0268237
-0.026964
-0.0270564
-0.0271024
0.0111214
0.00793812
0.00498251
0.00218961
-0.000447155
-0.00291933
-0.00522584
-0.00736813
-0.00934972
-0.0111755
-0.0128515
-0.0143844
-0.0157816
-0.0170507
-0.0181994
-0.0192354
-0.020166
-0.0209986
-0.02174
-0.0223964
-0.022974
-0.0234782
-0.0239138
-0.0242854
-0.0245967
-0.024851
-0.0250512
-0.0251994
-0.0252973
-0.025346
0.0111512
0.00825601
0.00555215
0.00297999
0.000534639
-0.00177357
-0.00394123
-0.0059676
-0.00785386
-0.00960262
-0.0112177
-0.0127037
-0.0140662
-0.0153108
-0.0164436
-0.0174709
-0.0183986
-0.0192327
-0.0199791
-0.0206432
-0.0212301
-0.0217444
-0.0221906
-0.0225724
-0.0228934
-0.0231563
-0.0233637
-0.0235175
-0.0236193
-0.0236699
0.011012
0.00838542
0.00591835
0.00355689
0.0012973
-0.000848994
-0.00287691
-0.00478402
-0.00656971
-0.00823472
-0.00978108
-0.0112117
-0.0125304
-0.0137413
-0.0148491
-0.0158585
-0.0167744
-0.0176018
-0.0183453
-0.0190096
-0.0195989
-0.0201172
-0.0205684
-0.0209557
-0.021282
-0.02155
-0.0217618
-0.0219191
-0.0220233
-0.0220751
0.0107467
0.00836826
0.00612179
0.00395929
0.0018776
-0.000111319
-0.00200122
-0.00378848
-0.00547106
-0.00704829
-0.00852072
-0.00988988
-0.0111581
-0.0123282
-0.0134036
-0.0143879
-0.0152849
-0.0160985
-0.0168325
-0.0174906
-0.0180766
-0.0185936
-0.019045
-0.0194334
-0.0197616
-0.0200316
-0.0202453
-0.0204043
-0.0205096
-0.0205621
0.0103896
0.00823883
0.00619643
0.00422021
0.00230713
0.000469295
-0.0012863
-0.00295517
-0.00453427
-0.00602182
-0.00741722
-0.00872082
-0.00993377
-0.0110579
-0.0120953
-0.0130488
-0.0139211
-0.0147153
-0.0154343
-0.0160812
-0.0166589
-0.0171701
-0.0176176
-0.0180036
-0.0183304
-0.0185997
-0.0188133
-0.0189723
-0.0190777
-0.0191303
0.00996812
0.00802497
0.00617034
0.00436737
0.00261279
0.000918604
-0.000707761
-0.00226128
-0.00373819
-0.00513587
-0.00645283
-0.0076885
-0.00884308
-0.00991743
-0.0109129
-0.0118312
-0.0126743
-0.0134446
-0.0141442
-0.0147756
-0.015341
-0.0158427
-0.0162829
-0.0166634
-0.0169861
-0.0172526
-0.0174641
-0.0176218
-0.0177264
-0.0177786
0.0095037
0.00774904
0.00606657
0.00442387
0.00281733
0.00125869
-0.000244453
-0.00168677
-0.003064
-0.00437294
-0.00561143
-0.00677816
-0.00787259
-0.0088948
-0.00984539
-0.0107253
-0.011536
-0.0122789
-0.0129556
-0.0135681
-0.014118
-0.0146071
-0.0150371
-0.0154096
-0.0157261
-0.0159877
-0.0161957
-0.0163509
-0.016454
-0.0165054
0.00901286
0.00742894
0.00590391
0.00440888
0.00293991
0.0015084
0.000121904
-0.00121411
-0.00249508
-0.00371742
-0.00487845
-0.00597633
-0.00700992
-0.00797869
-0.00888261
-0.00972208
-0.0104978
-0.0112107
-0.011862
-0.0124529
-0.0129847
-0.0134588
-0.0138764
-0.0142389
-0.0145472
-0.0148025
-0.0150057
-0.0151574
-0.0152582
-0.0153085
0.00850843
0.00707906
0.0056977
0.00433825
0.00299662
0.00168377
0.000407062
-0.000828032
-0.0020168
-0.00315539
-0.00424079
-0.00527077
-0.00624372
-0.00715863
-0.00801497
-0.00881263
-0.00955183
-0.010233
-0.0108569
-0.0114243
-0.0119361
-0.0123932
-0.0127967
-0.0131473
-0.0134461
-0.0136938
-0.0138911
-0.0140386
-0.0141367
-0.0141856
0.00800039
0.00671093
0.00546043
0.00422512
0.00300099
0.00179844
0.000624564
-0.000515261
-0.00161628
-0.00267451
-0.00368674
-0.00465042
-0.00556363
-0.00642498
-0.00723355
-0.00798881
-0.00869057
-0.0093389
-0.00993408
-0.0104766
-0.0109669
-0.0114057
-0.0117936
-0.0121313
-0.0124194
-0.0126585
-0.0128491
-0.0129917
-0.0130865
-0.0131339
0.00749658
0.00633383
0.00520228
0.00408036
0.00296435
0.001864
0.00078604
-0.000264281
-0.00128226
-0.00226389
-0.00320582
-0.00410532
-0.00496024
-0.0057689
-0.00653009
-0.00724294
-0.00790694
-0.00852181
-0.00908753
-0.0096042
-0.0100721
-0.0104915
-0.0108629
-0.0111867
-0.0114632
-0.011693
-0.0118763
-0.0120136
-0.0121049
-0.0121505
0.00700318
0.00595514
0.0049315
0.00391298
0.0028962
0.00189025
0.000901454
-6.51229e-05
-0.0010049
-0.00191389
-0.00278871
-0.00362653
-0.00442503
-0.00518233
-0.00589699
-0.0065679
-0.00719428
-0.00777558
-0.0083115
-0.0088019
-0.00924678
-0.00964624
-0.0100005
-0.0103096
-0.0105741
-0.010794
-0.0109696
-0.0111011
-0.0111887
-0.0112324
0.00652497
0.0055807
0.00465475
0.00373033
0.00280446
0.00188547
0.000979308
9.08059e-05
-0.000775619
-0.00161607
-0.00242717
-0.00320606
-0.00395031
-0.00465793
-0.00532729
-0.00595711
-0.00654639
-0.00709439
-0.00760057
-0.00806458
-0.00848621
-0.00886537
-0.00920204
-0.00949627
-0.00974817
-0.00995784
-0.0101254
-0.010251
-0.0103346
-0.0103764
0.00606555
0.00521494
0.00437732
0.00353843
0.00269566
0.0018566
0.00102682
0.00021088
-0.000586991
-0.00136302
-0.00211391
-0.00283679
-0.0035292
-0.00418906
-0.00481464
-0.00540452
-0.00595754
-0.0064728
-0.00694959
-0.00738739
-0.00778582
-0.00814461
-0.00846361
-0.00874271
-0.00898189
-0.00918114
-0.00934048
-0.00945995
-0.00953958
-0.00957938
0.00562743
0.00486119
0.00410332
0.00334208
0.00257516
0.00180943
0.00105007
0.000301391
-0.000432612
-0.00114832
-0.00184253
-0.00251241
-0.00315552
-0.00376973
-0.00435326
-0.00490457
-0.00542242
-0.00590576
-0.00635377
-0.00676577
-0.00714126
-0.00747985
-0.00778123
-0.00804521
-0.00827163
-0.0084604
-0.00861146
-0.00872477
-0.00880033
-0.0088381
0.0052122
0.00452179
0.00383587
0.00314506
0.00244727
0.0017487
0.00105416
0.000367674
-0.000306985
-0.000966376
-0.00160742
-0.00222736
-0.00282379
-0.00339458
-0.00393791
-0.00445221
-0.00493613
-0.00538857
-0.00580859
-0.00619541
-0.00654843
-0.00686714
-0.00715114
-0.00740014
-0.0076139
-0.00779224
-0.00793505
-0.00804222
-0.0081137
-0.00814944
0.00482065
0.00419828
0.00357727
0.00295029
0.00231544
0.0016783
0.00104331
0.000414228
-0.000205418
-0.000812373
-0.00140369
-0.00197673
-0.00252912
-0.00305878
-0.00356388
-0.00404282
-0.00449422
-0.00491691
-0.00530988
-0.00567229
-0.00600343
-0.00630274
-0.00656973
-0.00680402
-0.00700532
-0.00717339
-0.00730803
-0.00740913
-0.00747657
-0.00751031
0.00445297
0.00389158
0.00332911
0.00275997
0.00218238
0.00160136
0.00102102
0.000444826
-0.000123922
-0.000682165
-0.00122711
-0.00175622
-0.00226721
-0.00275805
-0.00322692
-0.00367224
-0.00409259
-0.00448678
-0.00485376
-0.00519262
-0.00550262
-0.00578311
-0.00603356
-0.00625352
-0.00644265
-0.00660066
-0.00672731
-0.00682244
-0.00688593
-0.00691769
0.00410885
0.0036021
0.00309246
0.0025757
0.00205018
0.0015204
0.000990146
0.000462618
-5.91176e-05
-0.000572194
-0.00107398
-0.00156205
-0.00203423
-0.00248854
-0.00292321
-0.00333667
-0.00372752
-0.00409453
-0.00443664
-0.00475292
-0.00504258
-0.00530492
-0.00553938
-0.00574546
-0.00592278
-0.006071
-0.00618988
-0.0062792
-0.00633882
-0.00636865
0.00378765
0.0033299
0.00286795
0.00239864
0.00192044
0.00143741
0.000953024
0.000470224
-8.14707e-06
-0.000479416
-0.000941105
-0.00139093
-0.00182681
-0.00224685
-0.00264933
-0.0030327
-0.0033956
-0.0037368
-0.00405522
-0.00434993
-0.00462011
-0.00486503
-0.00508411
-0.00527682
-0.00544274
-0.00558151
-0.00569286
-0.00577655
-0.00583243
-0.0058604
0.00348853
0.00307475
0.00265586
0.00222952
0.00179434
0.00135395
0.000911541
0.000469815
3.13978e-05
-0.000401224
-0.000825733
-0.00123998
-0.00164199
-0.00202994
-0.00240219
-0.00275723
-0.00309374
-0.0034105
-0.00370645
-0.00398064
-0.00423223
-0.00446052
-0.00466487
-0.00484476
-0.00499973
-0.00512941
-0.0052335
-0.00531177
-0.00536405
-0.00539021
0.00321049
0.0028362
0.00245622
0.00206882
0.00167273
0.00127123
0.000867219
0.000463184
6.15437e-05
-0.000335396
-0.000725473
-0.00110667
-0.00147712
-0.0018351
-0.00217904
-0.00250748
-0.00281914
-0.00311283
-0.00338751
-0.00364224
-0.00387619
-0.00408863
-0.00427894
-0.00444658
-0.00459108
-0.00471205
-0.0048092
-0.00488227
-0.00493108
-0.00495551
0.00295244
0.00261369
0.00226888
0.00191677
0.00155621
0.00119017
0.000821273
0.000451806
8.39927e-05
-0.000280033
-0.000638262
-0.000988807
-0.00132991
-0.00165995
-0.00197741
-0.00228093
-0.00256925
-0.00284122
-0.00309584
-0.00333217
-0.0035494
-0.00374682
-0.00392378
-0.00407976
-0.00421428
-0.00432695
-0.00441746
-0.00448556
-0.00453106
-0.00455384
0.00271324
0.00240651
0.00209352
0.00177342
0.00144517
0.00111146
0.000774666
0.00043689
0.000100171
-0.00023352
-0.000562319
-0.000884469
-0.00119832
-0.00150234
-0.00179511
-0.00207531
-0.00234175
-0.00259333
-0.00282906
-0.00304804
-0.00324949
-0.00343269
-0.00359701
-0.00374193
-0.00386697
-0.00397175
-0.00405595
-0.00411931
-0.00416166
-0.00418286
0.00249172
0.00221392
0.00192975
0.00163868
0.00133983
0.00103559
0.000728153
0.000419421
0.000111272
-0.000194481
-0.000496109
-0.000791979
-0.00108055
-0.00136039
-0.00163014
-0.00188858
-0.00213455
-0.00236701
-0.00258501
-0.00278768
-0.00297425
-0.00314403
-0.00329641
-0.00343086
-0.00354693
-0.00364423
-0.00372244
-0.00378131
-0.00382067
-0.00384037
0.00228681
0.00203517
0.00177711
0.00151239
0.00124027
0.000962923
0.000682317
0.000400199
0.000118288
-0.000161745
-0.000438305
-0.000709876
-0.000975025
-0.0012324
-0.00148075
-0.00171889
-0.00194575
-0.00216032
-0.0023617
-0.00254905
-0.00272164
-0.00287879
-0.00301991
-0.00314449
-0.00325209
-0.00334231
-0.00341486
-0.00346948
-0.003506
-0.00352429
0.00209762
0.00186952
0.00163508
0.00139429
0.0011465
0.000893675
0.000637598
0.000379863
0.000122046
-0.000134321
-0.000387766
-0.000636886
-0.000880347
-0.00111689
-0.00134534
-0.00156459
-0.00177362
-0.00197148
-0.00215731
-0.00233031
-0.00248978
-0.00263506
-0.0027656
-0.00288088
-0.00298049
-0.00306405
-0.00313125
-0.00318186
-0.0032157
-0.00323265
0.00192307
0.00171616
0.00150312
0.00128406
0.00105842
0.000827966
0.000594318
0.000358924
0.000123227
-0.000111368
-0.000343508
-0.000571894
-0.000795291
-0.00101253
-0.0012225
-0.00142418
-0.0016166
-0.00179887
-0.00197017
-0.00212975
-0.00227693
-0.00241108
-0.00253168
-0.00263823
-0.00273033
-0.00280761
-0.00286978
-0.00291661
-0.00294793
-0.00296361
0.00176192
0.00157424
0.00138064
0.00118132
0.000975866
0.000765839
0.000552702
0.000337783
0.000122394
-9.21759e-05
-0.000304683
-0.000513931
-0.000718775
-0.000918128
-0.00111096
-0.00129632
-0.00147328
-0.00164103
-0.00179877
-0.0019458
-0.00208148
-0.00220522
-0.0023165
-0.00241486
-0.00249991
-0.00257129
-0.00262873
-0.00267201
-0.00270095
-0.00271545
0.00161325
0.001443
0.00126702
0.00108568
0.00089864
0.000707267
0.0005129
0.000316749
0.000120009
-7.61432e-05
-0.000270563
-0.000462148
-0.000649843
-0.000832641
-0.00100959
-0.00117978
-0.00134238
-0.0014966
-0.00164171
-0.00177703
-0.00190197
-0.00201597
-0.00211853
-0.00220922
-0.00228765
-0.0023535
-0.0024065
-0.00244644
-0.00247316
-0.00248654
0.00147598
0.00132161
0.00116168
0.000996747
0.000826505
0.00065218
0.000474999
0.000296058
0.000116445
-6.27637e-05
-0.000240518
-0.000415806
-0.000587654
-0.000755131
-0.000917352
-0.00107348
-0.00122273
-0.00136437
-0.0014977
-0.00162212
-0.00173704
-0.00184193
-0.00193634
-0.00201985
-0.00209209
-0.00215276
-0.0022016
-0.00223841
-0.00226304
-0.00227537
0.00134937
0.00120934
0.00106405
0.000914105
0.000759199
0.00060047
0.000439036
0.000275885
0.000112007
-5.16104e-05
-0.000214008
-0.000374258
-0.000531463
-0.000684764
-0.000833343
-0.000976423
-0.00111327
-0.00124321
-0.0013656
-0.00147985
-0.00158541
-0.00168182
-0.00176861
-0.0018454
-0.00191186
-0.00196768
-0.00201263
-0.00204651
-0.00206918
-0.00208053
0.00123265
0.00110555
0.000973639
0.000837353
0.000696455
0.00055201
0.000405013
0.000256354
0.000106942
-4.2324e-05
-0.000190568
-0.000336938
-0.000480612
-0.000620797
-0.000756738
-0.000887718
-0.00101306
-0.00113212
-0.00124432
-0.0013491
-0.00144596
-0.00153444
-0.00161412
-0.00168465
-0.00174569
-0.00179698
-0.00183829
-0.00186943
-0.00189026
-0.0019007
0.00112479
0.00100959
0.000889909
0.000766073
0.000637999
0.000506648
0.000372895
0.000237551
0.000101446
-3.46024e-05
-0.000169794
-0.00030335
-0.000434516
-0.000562563
-0.000686796
-0.000806554
-0.000921208
-0.00103017
-0.00113289
-0.00122885
-0.0013176
-0.00139869
-0.00147174
-0.00153641
-0.00159241
-0.00163946
-0.00167736
-0.00170594
-0.00172506
-0.00173464
0.00102513
0.000920893
0.000812334
0.000699871
0.000583561
0.000464222
0.000342628
0.000219528
9.5674e-05
-2.81918e-05
-0.000151341
-0.00027306
-0.000392659
-0.00050947
-0.000622854
-0.000732202
-0.000836935
-0.000936507
-0.00103041
-0.00111817
-0.00119935
-0.00127356
-0.00134043
-0.00139964
-0.00145092
-0.00149401
-0.00152873
-0.00155491
-0.00157244
-0.00158121
0.000932894
0.0008388
0.000740366
0.000638358
0.00053286
0.00042455
0.000314139
0.000202312
8.97478e-05
-2.28794e-05
-0.000134906
-0.000245683
-0.000354578
-0.000460981
-0.000564307
-0.000663994
-0.000759511
-0.000850355
-0.000936057
-0.00101618
-0.00109032
-0.0011581
-0.0012192
-0.00127332
-0.00132019
-0.00135959
-0.00139134
-0.00141528
-0.00143131
-0.00143933
0.000847838
0.000762736
0.000673554
0.000581188
0.000485625
0.000387457
0.000287346
0.00018591
8.37624e-05
-1.84862e-05
-0.000120232
-0.000220884
-0.000319867
-0.000416623
-0.000510616
-0.000601334
-0.000688287
-0.000771014
-0.000849084
-0.000922092
-0.000989666
-0.00105147
-0.00110718
-0.00115654
-0.0011993
-0.00123525
-0.00126422
-0.00128607
-0.00130069
-0.00130802
0.000769035
0.00069208
0.000611487
0.000528007
0.000441581
0.000352762
0.000262153
0.00017031
7.77879e-05
-1.48618e-05
-0.000107091
-0.000198363
-0.000288154
-0.000375957
-0.000461282
-0.000543662
-0.000622648
-0.00069782
-0.000768779
-0.000835156
-0.000896608
-0.000952822
-0.00100351
-0.00104843
-0.00108734
-0.00112007
-0.00114644
-0.00116633
-0.00117965
-0.00118632
0.000695917
0.000626475
0.000553811
0.000478496
0.000400491
0.000320302
0.00023847
0.000155497
7.18806e-05
-1.18801e-05
-9.52891e-05
-0.00017786
-0.000259119
-0.000338604
-0.000415872
-0.000490494
-0.000562063
-0.000630195
-0.000694526
-0.000754718
-0.000810457
-0.000861455
-0.000907452
-0.000948215
-0.000983538
-0.00101324
-0.00103719
-0.00105525
-0.00106734
-0.0010734
0.00062788
0.000565432
0.000500077
0.000432305
0.000362091
0.000289886
0.000216184
0.000141431
6.60747e-05
-9.43535e-06
-8.46512e-05
-0.000159134
-0.000232456
-0.000304198
-0.000373958
-0.000441349
-0.000506001
-0.000567562
-0.000625703
-0.000680115
-0.000730513
-0.000776632
-0.000818237
-0.000855112
-0.000887071
-0.000913952
-0.00093562
-0.000951966
-0.00096291
-0.000968394
0.000564533
0.000508541
0.000449941
0.000389166
0.000326168
0.000261365
0.000195206
0.000128086
6.04015e-05
-7.4386e-06
-7.5033e-05
-0.000141988
-0.000207916
-0.000272441
-0.0003352
-0.000395842
-0.000454034
-0.000509456
-0.000561811
-0.000610818
-0.000656217
-0.00069777
-0.000735261
-0.000768495
-0.000797301
-0.000821533
-0.000841068
-0.000855805
-0.000865672
-0.000870616
0.000505341
0.000455306
0.000403009
0.000348746
0.000292453
0.000234543
0.00017541
0.000115399
5.48689e-05
-5.81522e-06
-6.62948e-05
-0.000126217
-0.000185235
-0.00024301
-0.000299217
-0.000353541
-0.00040568
-0.000455348
-0.000502276
-0.000546212
-0.00058692
-0.000624185
-0.000657811
-0.000687623
-0.000713467
-0.000735209
-0.000752737
-0.000765962
-0.000774816
-0.000779255
0.000449937
0.000405435
0.000359057
0.000310836
0.000260787
0.000209308
0.000156727
0.000103348
4.94973e-05
-4.5024e-06
-5.83324e-05
-0.000111678
-0.00016423
-0.000215686
-0.000265756
-0.000314158
-0.000360622
-0.000404892
-0.000446728
-0.000485901
-0.000522203
-0.000555439
-0.000585433
-0.000612028
-0.000635085
-0.000654484
-0.000670125
-0.000681926
-0.000689828
-0.000693786
0.000397549
0.000358483
0.000317659
0.000275072
0.000230888
0.000185441
0.000139002
9.18494e-05
4.42715e-05
-3.44752e-06
-5.10261e-05
-9.81854e-05
-0.000144652
-0.000190158
-0.000234447
-0.000277267
-0.00031838
-0.000357558
-0.000394587
-0.000429265
-0.000461404
-0.000490834
-0.000517396
-0.00054095
-0.000561372
-0.000578556
-0.000592411
-0.000602866
-0.000609867
-0.000613377
0.000348505
0.000314464
0.000278685
0.000241365
0.000202686
0.000162887
0.000122208
8.08997e-05
3.92123e-05
-2.60621e-06
-4.43087e-05
-8.56505e-05
-0.000126392
-0.000166298
-0.000205142
-0.000242704
-0.000278773
-0.000313151
-0.000345646
-0.000376083
-0.000404295
-0.00043013
-0.00045345
-0.000474132
-0.000492065
-0.000507155
-0.000519323
-0.000528505
-0.000534653
-0.000537731
0.000302019
0.000272603
0.000241578
0.00020928
0.000175812
0.000141359
0.000106141
7.03755e-05
3.42766e-05
-1.94109e-06
-3.80633e-05
-7.38781e-05
-0.000109178
-0.000143758
-0.000177423
-0.000209981
-0.00024125
-0.000271055
-0.000299232
-0.000325626
-0.000350094
-0.000372503
-0.000392732
-0.000410673
-0.000426231
-0.000439323
-0.000449881
-0.000457848
-0.000463184
-0.000465863
0.000258161
0.00023297
0.000206452
0.00017889
0.000150324
0.000120914
9.08529e-05
6.03221e-05
2.95032e-05
-1.42067e-06
-3.22665e-05
-6.28534e-05
-9.30039e-05
-0.000122544
-0.000151305
-0.000179123
-0.000205843
-0.000231315
-0.000255398
-0.000277959
-0.000298875
-0.000318032
-0.000335327
-0.000350668
-0.000363971
-0.000375166
-0.000384194
-0.000391007
-0.000395569
-0.000397849
0.000215704
0.000194666
0.000172533
0.000149532
0.000125683
0.000101129
7.60308e-05
5.05395e-05
2.48057e-05
-1.01782e-06
-2.67784e-05
-5.23254e-05
-7.75101e-05
-0.000102187
-0.000126216
-0.000149459
-0.000171787
-0.000193073
-0.0002132
-0.000232057
-0.00024954
-0.000265555
-0.000280013
-0.000292838
-0.00030396
-0.000313321
-0.00032087
-0.000326567
-0.000330384
-0.000332307
0.000175457
0.00015829
0.000140289
0.000121597
0.000102221
8.22742e-05
6.18864e-05
4.11779e-05
2.02709e-05
-7.10384e-07
-2.16422e-05
-4.2402e-05
-6.28691e-05
-8.29253e-05
-0.000102456
-0.00012135
-0.0001395
-0.000156805
-0.000173169
-0.000188501
-0.000202717
-0.000215739
-0.000227497
-0.000237926
-0.000246971
-0.000254584
-0.000260722
-0.000265355
-0.000268456
-0.000269998
0.000135591
0.000122349
0.000108443
9.40076e-05
7.90395e-05
6.36307e-05
4.78812e-05
3.18839e-05
1.57327e-05
-4.76599e-07
-1.66486e-05
-3.26885e-05
-4.85032e-05
-6.40014e-05
-7.90941e-05
-9.36956e-05
-0.000107723
-0.000121099
-0.000133747
-0.000145598
-0.000156587
-0.000166654
-0.000175743
-0.000183806
-0.000190799
-0.000196684
-0.000201431
-0.000205013
-0.000207416
-0.000208642
9.7944e-05
8.82466e-05
7.81867e-05
6.77811e-05
5.69971e-05
4.58955e-05
3.45478e-05
2.30202e-05
1.13806e-05
-3.01854e-07
-1.19581e-05
-2.35198e-05
-3.49195e-05
-4.60915e-05
-5.69716e-05
-6.74979e-05
-7.76108e-05
-8.72537e-05
-9.63726e-05
-0.000104917
-0.00011284
-0.000120098
-0.000126652
-0.000132465
-0.000137507
-0.00014175
-0.000145171
-0.000147752
-0.000149475
-0.000150312
5.90521e-05
5.32226e-05
4.71545e-05
4.08914e-05
3.43896e-05
2.7694e-05
2.08514e-05
1.39004e-05
6.88134e-06
-1.63833e-07
-7.19343e-06
-1.41662e-05
-2.10415e-05
-2.77795e-05
-3.43417e-05
-4.06906e-05
-4.67903e-05
-5.26065e-05
-5.81068e-05
-6.32607e-05
-6.80398e-05
-7.24179e-05
-7.6371e-05
-7.98777e-05
-8.29191e-05
-8.54786e-05
-8.75421e-05
-8.90981e-05
-9.01463e-05
-9.07117e-05
2.25735e-05
2.00657e-05
1.7775e-05
1.54385e-05
1.29931e-05
1.04704e-05
7.88865e-06
5.26193e-06
2.60712e-06
-5.85905e-08
-2.71879e-06
-5.35754e-06
-7.9593e-06
-1.05089e-05
-1.29918e-05
-1.53937e-05
-1.77012e-05
-1.99012e-05
-2.19815e-05
-2.39306e-05
-2.57378e-05
-2.73932e-05
-2.88879e-05
-3.02136e-05
-3.13633e-05
-3.23308e-05
-3.31105e-05
-3.36949e-05
-3.40656e-05
-3.41882e-05
-0.207929
-0.179843
-0.152326
-0.126233
-0.10229
-0.0809087
-0.0621826
-0.0461644
-0.0327491
-0.0217198
-0.012808
-0.00572754
-0.00019789
0.00404144
0.00722192
0.00953853
0.0111529
0.0122072
0.0128253
0.0131026
0.0131167
0.012932
0.0126003
0.0121628
0.0116517
0.0110923
0.0105043
0.00990308
0.00930065
0.00870627
0.00812693
0.00756772
0.0070322
0.00652266
0.00604037
0.0055859
0.00515924
0.00475996
0.00438733
0.00404043
0.00371812
0.00341922
0.00314242
0.00288637
0.00264955
0.00243075
0.00222915
0.00204346
0.00187213
0.00171431
0.00156833
0.00143351
0.0013099
0.0011958
0.00109032
0.000992236
0.000901791
0.00081783
0.000740308
0.000668118
0.000600875
0.000538024
0.000479304
0.000423735
0.000371797
0.000321928
0.000275169
0.000229793
0.000187095
0.000144371
0.000104629
6.26764e-05
2.45591e-05
-0.235879
-0.205498
-0.17525
-0.146211
-0.119057
-0.0944879
-0.0728561
-0.0542523
-0.0386222
-0.0257528
-0.0153461
-0.007078
-0.000626946
0.00430952
0.00800424
0.0106933
0.0125738
0.0138118
0.0145406
0.0148669
0.014885
0.0146722
0.0142901
0.0137869
0.0132006
0.0125604
0.0118891
0.0112042
0.0105191
0.00984405
0.00918663
0.00855247
0.00794547
0.00736818
0.00682205
0.0063077
0.00582511
0.00537375
0.00495276
0.00456103
0.00419726
0.00386003
0.00354787
0.0032593
0.00299275
0.00274639
0.00251884
0.00230964
0.00211719
0.00193946
0.00177627
0.00162531
0.00148537
0.00135736
0.00123941
0.00113073
0.00102975
0.000936338
0.00084832
0.000767531
0.000692495
0.000622668
0.000557374
0.000496349
0.000439053
0.000385156
0.000333935
0.000285579
0.000238509
0.000194296
0.000149854
0.000108735
6.49376e-05
2.57101e-05
-0.234676
-0.201592
-0.169294
-0.138645
-0.110453
-0.0854355
-0.0638366
-0.04561
-0.0305643
-0.0183853
-0.00870656
-0.00115982
0.00460439
0.00890526
0.0120244
0.0142031
0.01563
0.0164542
0.016814
0.0168224
0.0165704
0.0161285
0.0155514
0.014882
0.0141535
0.0133915
0.0126157
0.011841
0.0110785
0.0103367
0.00962147
0.00893711
0.00828641
0.00767103
0.00709168
0.00654835
0.00604045
0.00556696
0.0051266
0.00471784
0.00433906
0.00398855
0.00366459
0.00336555
0.00308975
0.00283484
0.0025992
0.00238324
0.00218511
0.00200161
0.00183354
0.00167822
0.00153509
0.00140263
0.00127876
0.00116521
0.00106059
0.000963714
0.000875448
0.000792771
0.000715658
0.000643813
0.000576555
0.000513707
0.000454665
0.000399002
0.000345759
0.000295619
0.000246846
0.000201095
0.000155046
0.000112546
6.71341e-05
2.67218e-05
-0.233629
-0.197776
-0.163337
-0.131091
-0.101977
-0.0766425
-0.0551721
-0.0373712
-0.0229227
-0.0114239
-0.00244945
0.0044078
0.00952178
0.0132257
0.0158054
0.0174941
0.018472
0.0189028
0.0189254
0.0186474
0.0181515
0.0175009
0.0167447
0.0159214
0.0150603
0.0141842
0.0133099
0.0124502
0.0116142
0.0108087
0.0100381
0.00930571
0.00861321
0.00796145
0.00735039
0.00677941
0.00624735
0.00575273
0.00529382
0.00486874
0.00447553
0.00411224
0.00377691
0.00346779
0.00318327
0.0029202
0.00267614
0.00245397
0.00225073
0.0020625
0.00189027
0.00172602
0.00157755
0.00144138
0.0013171
0.00120135
0.00109452
0.000995237
0.00090338
0.000817807
0.000738205
0.000664125
0.000594814
0.000530083
0.000469121
0.000411675
0.000356732
0.000305041
0.000254715
0.000207528
0.000159981
0.000116169
6.92624e-05
2.76649e-05
-0.231646
-0.192958
-0.156295
-0.122517
-0.0926643
-0.06721
-0.0460409
-0.0288093
-0.0150755
-0.00435071
0.00384731
0.00996216
0.0143898
0.0174731
0.019498
0.0206824
0.0212176
0.0212705
0.0209715
0.0204187
0.0196867
0.0188331
0.0179023
0.0169287
0.0159383
0.0149508
0.0139805
0.0130378
0.0121302
0.0112626
0.0104383
0.00965919
0.0089262
0.00823925
0.00759761
0.007
0.00644472
0.00592981
0.0054531
0.00501238
0.00460536
0.00422983
0.00388359
0.00356482
0.00327233
0.00300196
0.00274854
0.00252157
0.00231359
0.00211538
0.0019347
0.0017737
0.00162379
0.00148413
0.00135517
0.00123581
0.00112573
0.0010236
0.000928942
0.000841025
0.000759247
0.000683124
0.000611894
0.000545336
0.000482551
0.000423503
0.000367045
0.000313914
0.000262133
0.000213596
0.000164644
0.000119592
7.12836e-05
2.8544e-05
-0.271374
-0.228591
-0.187025
-0.148083
-0.112928
-0.0825485
-0.057164
-0.0364575
-0.019928
-0.00701565
0.00285184
0.0102104
0.0155374
0.019247
0.0216878
0.0231359
0.0238069
0.0239025
0.0235821
0.0229648
0.0221396
0.0211742
0.0201207
0.0190186
0.0178981
0.0167817
0.0156859
0.0146224
0.0135994
0.0126224
0.0116949
0.0108187
0.00999481
0.00922295
0.00850232
0.00783146
0.00720846
0.00663109
0.00609691
0.00560334
0.00514779
0.00472769
0.00434059
0.00398397
0.00365591
0.00335632
0.00307997
0.00281957
0.00258314
0.00236417
0.00217033
0.00198807
0.00182064
0.00166572
0.00152221
0.00138976
0.00126743
0.00115444
0.0010498
0.000952812
0.000862765
0.000778969
0.000700943
0.000627914
0.000559642
0.00049521
0.000434666
0.000376761
0.000322257
0.000269105
0.000219295
0.000169027
0.000122802
7.31854e-05
2.93633e-05
-0.27067
-0.22429
-0.179784
-0.138683
-0.102411
-0.0717436
-0.0466235
-0.026537
-0.0108336
0.00116275
0.0101032
0.0165735
0.0210808
0.024052
0.025835
0.0266883
0.0268475
0.0265097
0.0258216
0.024891
0.0237987
0.0226055
0.0213573
0.020089
0.0188262
0.017588
0.0163876
0.0152342
0.0141338
0.0130901
0.012105
0.0111791
0.0103122
0.00950317
0.00875043
0.00805178
0.0074047
0.00680641
0.00625401
0.00574451
0.00527498
0.00484254
0.00444451
0.00407809
0.00374064
0.00343503
0.00315571
0.0028848
0.00264448
0.00242459
0.00222246
0.00203511
0.0018629
0.00170406
0.00155738
0.001422
0.00129695
0.00118138
0.00107441
0.000975234
0.000883153
0.000797448
0.000717632
0.000642917
0.000573049
0.000507096
0.000445129
0.000385855
0.000330058
0.000275625
0.000224619
0.000173125
0.0001258
7.49658e-05
3.01265e-05
-0.268325
-0.218446
-0.171029
-0.128066
-0.0909963
-0.0602921
-0.0356329
-0.0163229
-0.00156619
0.00942381
0.0173717
0.0229093
0.0265681
0.0287832
0.0298822
0.0301392
0.0297946
0.0290316
0.0279831
0.0267465
0.0253939
0.0239792
0.0225423
0.021113
0.0197128
0.0183569
0.0170556
0.0158157
0.0146408
0.0135329
0.0124925
0.011519
0.010611
0.00976664
0.00898338
0.00825839
0.00758855
0.00697054
0.00640098
0.00587651
0.00539384
0.00494978
0.00454149
0.00416616
0.00381739
0.00351126
0.00320248
0.00294929
0.00270413
0.00247738
0.00226949
0.00207809
0.00190213
0.00173993
0.00159026
0.0014521
0.00132448
0.00120653
0.00109736
0.000996127
0.000902144
0.000814659
0.000733176
0.000656889
0.000585536
0.000518165
0.000454866
0.000394315
0.000337313
0.00028169
0.00022957
0.000176938
0.000128585
7.66232e-05
3.0834e-05
-0.264034
-0.21072
-0.160696
-0.116297
-0.0787687
-0.0482759
-0.0242697
-0.00588389
0.00781615
0.0177202
0.0246203
0.0291891
0.0319758
0.0334098
0.0338149
0.0334837
0.0326451
0.0314655
0.0300646
0.0285294
0.0269237
0.025294
0.0236744
0.0220895
0.0205566
0.0190874
0.0176891
0.0163659
0.0151195
0.0139502
0.0128569
0.0118379
0.0108909
0.0100129
0.00920082
0.008451
0.00775975
0.00712323
0.00653762
0.00599915
0.00550419
0.00504924
0.00463136
0.00424751
0.00389115
0.0035574
0.003272
0.00300662
0.00275606
0.00252502
0.00231303
0.002118
0.00193856
0.00177322
0.00162072
0.00147996
0.00134997
0.0012298
0.00111859
0.00101546
0.000919719
0.000830588
0.00074756
0.000669817
0.000597088
0.000528406
0.000463873
0.00040214
0.00034402
0.000287297
0.000234144
0.000180462
0.000131157
7.81558e-05
3.14854e-05
-0.314963
-0.257437
-0.200961
-0.148877
-0.103516
-0.0658643
-0.0358264
-0.0126561
0.00467238
0.0172227
0.0259777
0.0317903
0.0353657
0.0372646
0.0378985
0.0376183
0.0367122
0.0353907
0.0338043
0.0320602
0.0302351
0.0283841
0.0265467
0.0247509
0.0230163
0.021356
0.0197779
0.0182866
0.0168837
0.0155689
0.0143409
0.0131973
0.0121352
0.0111512
0.0102416
0.00940238
0.0086293
0.00791805
0.00726429
0.00666374
0.00611229
0.00560594
0.00514076
0.00471376
0.00432255
0.00396303
0.00363097
0.00333321
0.00305836
0.0028036
0.00256887
0.00235312
0.00215465
0.00197202
0.00180379
0.00164869
0.00150556
0.00137338
0.00125118
0.0011381
0.00103323
0.000935871
0.000845226
0.000760777
0.000681695
0.0006077
0.000537816
0.000472148
0.000409327
0.000350178
0.000292444
0.000238341
0.000183697
0.000133516
7.95621e-05
3.20806e-05
-0.309165
-0.248262
-0.189289
-0.135783
-0.0899248
-0.0524735
-0.023125
-0.000956598
0.0152035
0.0265338
0.0340989
0.0388029
0.0413759
0.0423725
0.0422163
0.0412705
0.0398066
0.0380167
0.0360364
0.0339606
0.0318561
0.0297694
0.0277327
0.0257682
0.0238904
0.0221083
0.0204265
0.0188464
0.0173676
0.0159879
0.0147042
0.0135129
0.0124102
0.0113914
0.0104522
0.0095877
0.00879299
0.00806321
0.0073935
0.00677918
0.0062158
0.00569907
0.00522418
0.00478711
0.00439935
0.00402987
0.00369334
0.00338689
0.00310597
0.00284713
0.00260878
0.00238959
0.00218799
0.00200249
0.00183165
0.00167418
0.00152888
0.00139471
0.00127067
0.00115588
0.00104942
0.00095059
0.000858564
0.000772819
0.000692515
0.000617367
0.000546388
0.000479685
0.000415872
0.000355783
0.000297129
0.00024216
0.000186641
0.00013566
8.08414e-05
3.26198e-05
-0.300248
-0.236707
-0.176016
-0.1217
-0.0757878
-0.0388516
-0.0104084
0.0106196
0.0255307
0.0356007
0.0419622
0.0455583
0.0471356
0.0472402
0.0463241
0.0447408
0.042742
0.0405032
0.0381459
0.0357535
0.0333828
0.0310717
0.0288458
0.0267212
0.0247078
0.0228103
0.0210302
0.0193663
0.0178158
0.0163747
0.0150387
0.0138028
0.012662
0.011611
0.0106443
0.00975636
0.00894175
0.00819495
0.00751066
0.00688376
0.00630952
0.00578344
0.00530014
0.00485191
0.00444536
0.00408524
0.00374628
0.00343475
0.00314912
0.00288642
0.00264471
0.00242245
0.00221804
0.00202997
0.00185679
0.00169717
0.00154992
0.00141396
0.00128826
0.00117192
0.00106403
0.000963865
0.000870593
0.000783678
0.000702272
0.000626084
0.000554117
0.000486479
0.00042177
0.000360833
0.00030135
0.0002456
0.000189292
0.000137591
8.19931e-05
3.31032e-05
-0.288567
-0.223213
-0.161538
-0.10699
-0.0614503
-0.0253208
0.00203441
0.0218218
0.035442
0.0442477
0.0494237
0.0519404
0.0525467
0.0518043
0.0501733
0.0479896
0.0454866
0.0428248
0.040113
0.0374232
0.0348025
0.0322812
0.029878
0.0276036
0.0254632
0.0234578
0.0215858
0.0198434
0.0182259
0.0167276
0.0153429
0.0140657
0.0128898
0.011809
0.0108171
0.00990793
0.00907521
0.00831301
0.00761554
0.00697733
0.00639335
0.00585871
0.00536867
0.00491947
0.00450769
0.0041369
0.0037932
0.0034773
0.0031876
0.00292142
0.00267669
0.0024517
0.0022448
0.00205445
0.00187918
0.00171766
0.00156867
0.0014311
0.00130391
0.0011862
0.00107704
0.000975688
0.000881305
0.000793348
0.000710959
0.000633844
0.000560998
0.000492528
0.000427021
0.000365327
0.000305105
0.000248659
0.00019165
0.000139306
8.30171e-05
3.35314e-05
-0.274706
-0.208318
-0.146353
-0.0921166
-0.0473367
-0.0122606
0.0138732
0.0323691
0.0447027
0.0522813
0.0563244
0.0578205
0.0575153
0.055994
0.0537064
0.0509701
0.0480031
0.0449523
0.0419143
0.0389509
0.0361005
0.0333859
0.0308198
0.0284076
0.0261504
0.0240457
0.0220889
0.0202743
0.0185951
0.0170445
0.0156152
0.0143002
0.0130924
0.0119848
0.0109703
0.0100419
0.00919305
0.00841711
0.00770793
0.00705972
0.00646718
0.00592481
0.00542791
0.00497963
0.00456102
0.00418267
0.00383424
0.00351456
0.00322136
0.00295212
0.00270473
0.00247734
0.00226826
0.00207591
0.00189881
0.00173562
0.0015851
0.00144613
0.00131764
0.00119873
0.00108844
0.000986051
0.000890694
0.000801822
0.000718572
0.000640644
0.000567027
0.000497826
0.00043162
0.000369262
0.000308394
0.000251337
0.000193715
0.000140808
8.39131e-05
3.39048e-05
-0.259414
-0.192721
-0.131091
-0.0776367
-0.0339338
-8.71734e-05
0.0247572
0.0419692
0.0530713
0.059504
0.0625041
0.0630688
0.0619477
0.0597337
0.0568615
0.0536327
0.0502518
0.0468537
0.0435244
0.0403164
0.0372604
0.0343726
0.0316603
0.0291244
0.0267621
0.0245679
0.0225349
0.0206551
0.0189205
0.0173228
0.0158536
0.014505
0.0132689
0.0121375
0.011103
0.0101579
0.00929489
0.00850697
0.00778762
0.00713076
0.00653081
0.00598205
0.0054803
0.00502717
0.00460586
0.00422185
0.00386949
0.00354652
0.00325036
0.00297851
0.00272881
0.00249935
0.00228839
0.00209433
0.00191566
0.00175104
0.00159921
0.00145903
0.00132943
0.00120948
0.00109823
0.000994946
0.000898752
0.000809096
0.000725106
0.00064648
0.0005722
0.000502373
0.000435566
0.000372638
0.000311214
0.000253633
0.000195485
0.000142094
8.4681e-05
3.4224e-05
-0.311138
-0.243527
-0.177301
-0.116508
-0.0641782
-0.0217592
0.0107767
0.0343425
0.0503426
0.0603217
0.0657331
0.067819
0.0675735
0.0657552
0.0629503
0.0595786
0.0559285
0.0521932
0.048497
0.0449171
0.0414982
0.0382646
0.035227
0.0323878
0.0297443
0.0272904
0.025018
0.0229183
0.0209817
0.0191988
0.01756
0.0160563
0.0146786
0.0134181
0.0122664
0.0112148
0.0102554
0.00938039
0.00858234
0.00785441
0.00719029
0.00658414
0.00603025
0.00552421
0.00506396
0.00464173
0.00425431
0.00389889
0.00357319
0.00327456
0.00300053
0.0027489
0.00251771
0.00230519
0.0021097
0.00192973
0.00176391
0.00161098
0.00146979
0.00133926
0.00121845
0.0011064
0.00100237
0.000905476
0.000815164
0.000730556
0.000651348
0.000576516
0.000506165
0.000438856
0.000375453
0.000313566
0.000255547
0.00019696
0.000143166
8.53209e-05
3.44893e-05
-0.295725
-0.22876
-0.163147
-0.103414
-0.0523909
-0.0113207
0.0199384
0.0423242
0.0572514
0.066267
0.0708211
0.0721521
0.0712454
0.0688638
0.0655816
0.0618059
0.0578146
0.0537913
0.0498523
0.0460675
0.0424757
0.0390958
0.0359344
0.0329902
0.0302571
0.0277268
0.0253893
0.0232338
0.0212498
0.0194265
0.0177536
0.0162212
0.0148195
0.013539
0.0123705
0.0113051
0.010334
0.00944922
0.00864296
0.00790811
0.00723814
0.00662701
0.00606921
0.00556003
0.00509557
0.00467051
0.00428025
0.00392241
0.00359454
0.00329395
0.00301818
0.002765
0.00253242
0.00231864
0.002122
0.00194099
0.00177422
0.00162041
0.00147841
0.00134714
0.00122563
0.00111294
0.00100831
0.00091086
0.000820022
0.00073492
0.000655246
0.000579971
0.0005092
0.000441491
0.000377706
0.000315448
0.000257079
0.000198141
0.000144023
8.58327e-05
3.47012e-05
-0.281923
-0.215573
-0.151205
-0.0927553
-0.0428969
-0.00307249
0.027071
0.048467
0.0625244
0.07078
0.0746719
0.0754279
0.0740244
0.0712216
0.0675825
0.0635043
0.0592567
0.0550164
0.0508936
0.0469531
0.0432293
0.0397374
0.0364808
0.0334553
0.0306529
0.0280633
0.025675
0.0234762
0.0214552
0.0196006
0.0179013
0.0163467
0.0149265
0.0136306
0.0124493
0.0113732
0.0103933
0.00950112
0.00868864
0.00794855
0.00727416
0.00665929
0.00609873
0.00558788
0.0051201
0.00469223
0.00429972
0.00394007
0.00361057
0.00330851
0.00303143
0.00277708
0.00254347
0.00232874
0.00213125
0.00194945
0.00178196
0.00162749
0.00148489
0.00135305
0.00123102
0.00111786
0.00101277
0.0009149
0.000823669
0.000738196
0.000658171
0.000582564
0.000511478
0.000443467
0.000379396
0.00031686
0.000258228
0.000199027
0.000144666
8.62166e-05
3.48598e-05
-0.271579
-0.205911
-0.142345
-0.0850587
-0.036279
0.00262498
0.0319424
0.0526223
0.0660658
0.0737977
0.0772418
0.0776132
0.0758813
0.0728007
0.0689262
0.064648
0.0602306
0.0558459
0.0516003
0.0475552
0.0437424
0.0401747
0.0368533
0.0337725
0.0309227
0.0282924
0.0258693
0.0236407
0.0215944
0.0197183
0.0180009
0.0164313
0.0149985
0.0136921
0.0125022
0.0114189
0.010433
0.00953585
0.00871919
0.00797559
0.00729824
0.00668087
0.00611858
0.00560705
0.00513676
0.00470679
0.00431272
0.00395184
0.00362126
0.00331822
0.00304027
0.00278515
0.00255083
0.00233548
0.00213741
0.00195509
0.00178712
0.00163221
0.0014892
0.00135699
0.00123462
0.00112113
0.00101575
0.000917596
0.000826101
0.00074038
0.000660122
0.000584293
0.000512998
0.000444786
0.000380524
0.000317802
0.000258994
0.000199617
0.000145095
8.64725e-05
3.49655e-05
-0.265988
-0.200768
-0.137713
-0.080993
-0.0328611
0.00554291
0.0344139
0.0547123
0.0678383
0.075304
0.0785235
0.0787033
0.0768088
0.073591
0.0696
0.0652228
0.0607211
0.0562644
0.0519575
0.04786
0.0440024
0.0403965
0.0370423
0.0339334
0.0310595
0.0284085
0.0259676
0.0237239
0.0216647
0.0197777
0.0180512
0.0164738
0.0150347
0.0137231
0.0125287
0.0114418
0.010453
0.00955326
0.00873449
0.00798914
0.00731031
0.00669169
0.00612853
0.00561645
0.00514515
0.00471409
0.00431923
0.00395773
0.00362661
0.00332308
0.00304469
0.00278918
0.00255452
0.00233885
0.00214049
0.00195791
0.0017897
0.00163457
0.00149136
0.00135897
0.00123642
0.00112277
0.00101724
0.000918944
0.000827318
0.000741473
0.000661097
0.000585158
0.000513757
0.000445445
0.000381087
0.000318273
0.000259377
0.000199913
0.000145309
8.66004e-05
3.50183e-05
)
;

boundaryField
{
    inlet
    {
        type            zeroGradient;
    }
    outlet
    {
        type            fixedValue;
        value           uniform 0;
    }
    cylinder
    {
        type            zeroGradient;
    }
    top
    {
        type            symmetryPlane;
    }
    bottom
    {
        type            symmetryPlane;
    }
    defaultFaces
    {
        type            empty;
    }
    procBoundary1to0
    {
        type            processor;
        value           nonuniform List<scalar> 
54
(
-0.225094
-0.205262
-0.190432
-0.176768
-0.164605
-0.153792
-0.1441
-0.135367
-0.127474
-0.120325
-0.113842
-0.107956
-0.102612
-0.0977617
-0.0933627
-0.0893789
-0.0857784
-0.0825332
-0.0796188
-0.0770137
-0.0746991
-0.0726585
-0.0708778
-0.0693448
-0.0680491
-0.0669821
-0.0661367
-0.0655074
-0.0650901
-0.064882
-0.235412
-0.235412
-0.264734
-0.266835
-0.269212
-0.2708
-0.2708
-0.312858
-0.316434
-0.318266
-0.317901
-0.317901
-0.369873
-0.367642
-0.361999
-0.352859
-0.340767
-0.326473
-0.326473
-0.374702
-0.359512
-0.345755
-0.33517
-0.329384
)
;
    }
    procBoundary1to3
    {
        type            processor;
        value           nonuniform List<scalar> 
77
(
-0.265988
-0.200768
-0.137713
-0.080993
-0.0328611
0.00554291
0.0344139
0.0547123
0.0678383
0.075304
0.0785235
0.0787033
0.0768088
0.073591
0.0696
0.0652228
0.0607211
0.0562644
0.0519575
0.04786
0.0440024
0.0403965
0.0370423
0.0339334
0.0310595
0.0284085
0.0259676
0.0237239
0.0216647
0.0197777
0.0180512
0.0164738
0.0150347
0.0137231
0.0125287
0.0114418
0.010453
0.00955326
0.00873449
0.00798914
0.00731031
0.00669169
0.00612853
0.00561645
0.00514515
0.00471409
0.00431923
0.00395773
0.00362661
0.00332308
0.00304469
0.00278918
0.00255452
0.00233885
0.00214049
0.00195791
0.0017897
0.00163457
0.00149136
0.00135897
0.00123642
0.00112277
0.00101724
0.000918944
0.000827318
0.000741473
0.000661097
0.000585158
0.000513757
0.000445445
0.000381087
0.000318273
0.000259377
0.000199913
0.000145309
8.66004e-05
3.50183e-05
)
;
    }
}


// ************************************************************************* //
