/*--------------------------------*- C++ -*----------------------------------*\
  =========                 |
  \\      /  F ield         | OpenFOAM: The Open Source CFD Toolbox
   \\    /   O peration     | Website:  https://openfoam.org
    \\  /    A nd           | Version:  7
     \\/     M anipulation  |
\*---------------------------------------------------------------------------*/
FoamFile
{
    version     2.0;
    format      ascii;
    class       volVectorField;
    location    "95";
    object      U;
}
// * * * * * * * * * * * * * * * * * * * * * * * * * * * * * * * * * * * * * //

dimensions      [0 1 -1 0 0 0 0];

internalField   nonuniform List<vector> 
3500
(
(1.09256 -0.0107368 0)
(1.18506 -0.0111955 0)
(1.22899 -0.0107005 0)
(1.24483 -0.00901306 0)
(1.24743 -0.00733228 0)
(1.24461 -0.0058451 0)
(1.23985 -0.00464533 0)
(1.23452 -0.00373886 0)
(1.22911 -0.00307764 0)
(1.22374 -0.00260913 0)
(1.21847 -0.00228704 0)
(1.21332 -0.00207194 0)
(1.20831 -0.0019317 0)
(1.20347 -0.00184141 0)
(1.19882 -0.00178176 0)
(1.19439 -0.00173795 0)
(1.19021 -0.00169895 0)
(1.18629 -0.00165656 0)
(1.18263 -0.00160497 0)
(1.17926 -0.00154028 0)
(1.17618 -0.00146013 0)
(1.1734 -0.00136339 0)
(1.17092 -0.00124985 0)
(1.16874 -0.00112013 0)
(1.16687 -0.000975416 0)
(1.16532 -0.000817335 0)
(1.16407 -0.000647906 0)
(1.16313 -0.000469507 0)
(1.1625 -0.000284165 0)
(1.16219 -9.54269e-05 0)
(1.09222 -0.0102456 0)
(1.18531 -0.0100993 0)
(1.22976 -0.00905238 0)
(1.24581 -0.00707072 0)
(1.24836 -0.00522247 0)
(1.24539 -0.00363679 0)
(1.24045 -0.00239879 0)
(1.23496 -0.00149842 0)
(1.22941 -0.000874598 0)
(1.22395 -0.000467265 0)
(1.2186 -0.00022421 0)
(1.2134 -0.000101063 0)
(1.20835 -6.14662e-05 0)
(1.20348 -7.78922e-05 0)
(1.19882 -0.000128819 0)
(1.19439 -0.000197537 0)
(1.1902 -0.000271977 0)
(1.18628 -0.000343002 0)
(1.18264 -0.000404031 0)
(1.17927 -0.000450818 0)
(1.1762 -0.000480767 0)
(1.17343 -0.000492551 0)
(1.17096 -0.000485966 0)
(1.16879 -0.000461647 0)
(1.16693 -0.000420899 0)
(1.16538 -0.000365502 0)
(1.16414 -0.000297659 0)
(1.1632 -0.000219961 0)
(1.16258 -0.000134723 0)
(1.16227 -4.56227e-05 0)
(1.09245 -0.00944071 0)
(1.18592 -0.00867598 0)
(1.23073 -0.00711362 0)
(1.24691 -0.00489415 0)
(1.24937 -0.00291989 0)
(1.24619 -0.00127228 0)
(1.24105 -3.09966e-05 0)
(1.23538 0.000835065 0)
(1.22969 0.0013998 0)
(1.22411 0.00172784 0)
(1.21868 0.00187755 0)
(1.21341 0.00189771 0)
(1.20832 0.00182767 0)
(1.20343 0.00169754 0)
(1.19875 0.00153077 0)
(1.19431 0.00134535 0)
(1.19013 0.00115444 0)
(1.18621 0.000967878 0)
(1.18257 0.000792733 0)
(1.17922 0.000633525 0)
(1.17616 0.000493015 0)
(1.1734 0.000372596 0)
(1.17094 0.000272396 0)
(1.16878 0.000191697 0)
(1.16693 0.000129033 0)
(1.16539 8.24242e-05 0)
(1.16415 4.94563e-05 0)
(1.16322 2.72981e-05 0)
(1.1626 1.33326e-05 0)
(1.16229 3.71361e-06 0)
(1.09324 -0.00826525 0)
(1.18686 -0.00687945 0)
(1.23189 -0.00485042 0)
(1.2481 -0.00245176 0)
(1.25041 -0.000399956 0)
(1.247 0.00126067 0)
(1.24164 0.00246802 0)
(1.23577 0.00327198 0)
(1.22992 0.0037525 0)
(1.22422 0.0039813 0)
(1.2187 0.00402195 0)
(1.21337 0.00392662 0)
(1.20823 0.00373711 0)
(1.20331 0.00348566 0)
(1.19862 0.00319718 0)
(1.19417 0.00289064 0)
(1.18999 0.00258004 0)
(1.18608 0.00227566 0)
(1.18245 0.00198483 0)
(1.1791 0.00171222 0)
(1.17606 0.00146067 0)
(1.17331 0.00123149 0)
(1.17086 0.0010247 0)
(1.16871 0.000839408 0)
(1.16687 0.000673942 0)
(1.16533 0.000526081 0)
(1.16411 0.000393155 0)
(1.16318 0.000272068 0)
(1.16257 0.000159877 0)
(1.16226 5.25361e-05 0)
(1.09458 -0.00666979 0)
(1.18811 -0.00466545 0)
(1.23318 -0.00222562 0)
(1.24936 0.00027779 0)
(1.25147 0.00234679 0)
(1.2478 0.003977 0)
(1.24218 0.00511179 0)
(1.23611 0.00581955 0)
(1.23008 0.00618845 0)
(1.22426 0.0062966 0)
(1.21865 0.00621113 0)
(1.21325 0.00598686 0)
(1.20807 0.00566745 0)
(1.20312 0.0052866 0)
(1.19841 0.00487024 0)
(1.19396 0.00443798 0)
(1.18978 0.00400427 0)
(1.18587 0.00357967 0)
(1.18225 0.00317154 0)
(1.17892 0.00278457 0)
(1.17589 0.00242151 0)
(1.17315 0.0020835 0)
(1.17072 0.00177035 0)
(1.16858 0.00148095 0)
(1.16675 0.00121336 0)
(1.16523 0.000965069 0)
(1.16401 0.000733119 0)
(1.16309 0.000514119 0)
(1.16248 0.000304771 0)
(1.16217 0.000100801 0)
(1.09645 -0.00460872 0)
(1.18959 -0.00198614 0)
(1.23462 0.000774908 0)
(1.25068 0.00330088 0)
(1.25251 0.00534677 0)
(1.24856 0.00689156 0)
(1.24267 0.00790709 0)
(1.23637 0.00848175 0)
(1.23018 0.00871057 0)
(1.22423 0.00867547 0)
(1.21852 0.00844602 0)
(1.21306 0.00807879 0)
(1.20783 0.0076186 0)
(1.20286 0.00709996 0)
(1.19813 0.00654932 0)
(1.19368 0.00598656 0)
(1.1895 0.00542629 0)
(1.1856 0.00487901 0)
(1.18199 0.00435196 0)
(1.17868 0.00384968 0)
(1.17566 0.00337469 0)
(1.17294 0.00292783 0)
(1.17052 0.00250865 0)
(1.1684 0.00211571 0)
(1.16658 0.00174676 0)
(1.16506 0.00139896 0)
(1.16385 0.00106901 0)
(1.16294 0.000753206 0)
(1.16233 0.000447868 0)
(1.16203 0.000148461 0)
(1.09881 -0.00201664 0)
(1.1913 0.00116396 0)
(1.23616 0.00415332 0)
(1.25197 0.00666041 0)
(1.25349 0.00861384 0)
(1.24923 0.0100087 0)
(1.24307 0.0108566 0)
(1.23656 0.0112608 0)
(1.23019 0.0113201 0)
(1.22411 0.0111183 0)
(1.21831 0.0107264 0)
(1.21278 0.0102018 0)
(1.20751 0.00958966 0)
(1.20251 0.00892466 0)
(1.19778 0.00823325 0)
(1.19332 0.00753519 0)
(1.18915 0.00684486 0)
(1.18526 0.0061725 0)
(1.18167 0.00552499 0)
(1.17837 0.00490653 0)
(1.17537 0.00431925 0)
(1.17266 0.00376363 0)
(1.17026 0.00323883 0)
(1.16815 0.00274302 0)
(1.16635 0.00227357 0)
(1.16484 0.00182728 0)
(1.16364 0.00140047 0)
(1.16274 0.00098907 0)
(1.16214 0.000589011 0)
(1.16184 0.000195464 0)
(1.10164 0.00114165 0)
(1.19322 0.00481659 0)
(1.23771 0.00794357 0)
(1.25318 0.0103637 0)
(1.25438 0.0121459 0)
(1.2498 0.0133286 0)
(1.24337 0.0139611 0)
(1.23664 0.0141569 0)
(1.2301 0.0140162 0)
(1.22389 0.0136238 0)
(1.218 0.0130508 0)
(1.21241 0.0123542 0)
(1.20711 0.0115789 0)
(1.20209 0.0107589 0)
(1.19735 0.00992032 0)
(1.19289 0.00908222 0)
(1.18873 0.00825845 0)
(1.18485 0.0074587 0)
(1.18128 0.00668929 0)
(1.17799 0.00595388 0)
(1.17501 0.00525409 0)
(1.17232 0.00458991 0)
(1.16994 0.00396001 0)
(1.16785 0.00336213 0)
(1.16606 0.00279317 0)
(1.16457 0.00224952 0)
(1.16337 0.0017271 0)
(1.16248 0.00122143 0)
(1.16188 0.000728034 0)
(1.16159 0.000241755 0)
(1.1049 0.00485549 0)
(1.19528 0.00901216 0)
(1.23921 0.012159 0)
(1.25429 0.0144051 0)
(1.25513 0.0159396 0)
(1.25024 0.0168495 0)
(1.24354 0.0172186 0)
(1.23659 0.0171673 0)
(1.22989 0.016796 0)
(1.22356 0.016189 0)
(1.21759 0.0154162 0)
(1.21194 0.0145333 0)
(1.20661 0.0135836 0)
(1.20157 0.0126003 0)
(1.19683 0.0116083 0)
(1.19238 0.0106256 0)
(1.18823 0.00966515 0)
(1.18437 0.00873588 0)
(1.18082 0.0078433 0)
(1.17756 0.00699035 0)
(1.17459 0.00617799 0)
(1.17193 0.00540559 0)
(1.16956 0.00467127 0)
(1.16749 0.00397223 0)
(1.16571 0.00330489 0)
(1.16424 0.00266514 0)
(1.16306 0.00204847 0)
(1.16217 0.00144999 0)
(1.16158 0.000864758 0)
(1.16129 0.000287275 0)
(1.10844 0.00915225 0)
(1.19741 0.0137534 0)
(1.24065 0.0167932 0)
(1.25525 0.0187803 0)
(1.25572 0.0199901 0)
(1.25051 0.0205662 0)
(1.24355 0.0206236 0)
(1.2364 0.0202866 0)
(1.22955 0.0196544 0)
(1.22311 0.0188093 0)
(1.21706 0.0178184 0)
(1.21137 0.016735 0)
(1.20601 0.0156004 0)
(1.20097 0.0144457 0)
(1.19623 0.0132942 0)
(1.19179 0.0121627 0)
(1.18766 0.0110627 0)
(1.18382 0.010002 0)
(1.18029 0.00898523 0)
(1.17705 0.00801435 0)
(1.17411 0.00708955 0)
(1.17147 0.00620947 0)
(1.16912 0.00537158 0)
(1.16707 0.00457246 0)
(1.16532 0.003808 0)
(1.16385 0.00307356 0)
(1.16269 0.00236415 0)
(1.16181 0.00167443 0)
(1.16123 0.000998995 0)
(1.16093 0.000331961 0)
(1.11218 0.0141715 0)
(1.19957 0.0190172 0)
(1.24195 0.0218399 0)
(1.25602 0.0234805 0)
(1.2561 0.024287 0)
(1.25058 0.0244688 0)
(1.24338 0.0241669 0)
(1.23604 0.0235066 0)
(1.22905 0.0225842 0)
(1.22252 0.0214782 0)
(1.21641 0.0202518 0)
(1.21069 0.0189546 0)
(1.20531 0.0176248 0)
(1.20026 0.0162912 0)
(1.19553 0.0149748 0)
(1.19112 0.0136906 0)
(1.187 0.0124485 0)
(1.1832 0.0112549 0)
(1.17969 0.0101131 0)
(1.17648 0.00902417 0)
(1.17357 0.00798728 0)
(1.17095 0.00700026 0)
(1.16863 0.00605983 0)
(1.1666 0.00516189 0)
(1.16486 0.00430173 0)
(1.16342 0.00347417 0)
(1.16226 0.00267367 0)
(1.1614 0.00189442 0)
(1.16082 0.00113055 0)
(1.16053 0.000375748 0)
(1.11606 0.0199042 0)
(1.20168 0.024781 0)
(1.24306 0.0272884 0)
(1.25654 0.0284873 0)
(1.25623 0.0288131 0)
(1.25043 0.0285427 0)
(1.24301 0.0278357 0)
(1.2355 0.0268161 0)
(1.2284 0.0255759 0)
(1.22179 0.0241877 0)
(1.21563 0.0227094 0)
(1.20988 0.0211859 0)
(1.2045 0.0196517 0)
(1.19946 0.0181323 0)
(1.19475 0.0166462 0)
(1.19036 0.0152059 0)
(1.18628 0.0138196 0)
(1.1825 0.0124919 0)
(1.17902 0.0112247 0)
(1.17584 0.0100179 0)
(1.17296 0.00886955 0)
(1.17038 0.00777656 0)
(1.16808 0.00673483 0)
(1.16608 0.00573953 0)
(1.16436 0.00478529 0)
(1.16293 0.00386631 0)
(1.16179 0.00297653 0)
(1.16093 0.00210962 0)
(1.16036 0.00125921 0)
(1.16008 0.000418568 0)
(1.12003 0.0262554 0)
(1.20366 0.0310198 0)
(1.24392 0.0331126 0)
(1.25678 0.0337729 0)
(1.25609 0.0335456 0)
(1.25001 0.0327688 0)
(1.2424 0.0316139 0)
(1.23476 0.0302016 0)
(1.22757 0.0286179 0)
(1.2209 0.026928 0)
(1.21471 0.0251827 0)
(1.20895 0.0234218 0)
(1.20358 0.0216749 0)
(1.19856 0.0199639 0)
(1.19388 0.0183039 0)
(1.18951 0.0167048 0)
(1.18547 0.0151727 0)
(1.18173 0.0137102 0)
(1.17829 0.0123177 0)
(1.17514 0.0109935 0)
(1.1723 0.0097346 0)
(1.16974 0.00853689 0)
(1.16748 0.00739535 0)
(1.1655 0.00630435 0)
(1.1638 0.00525781 0)
(1.16239 0.00424931 0)
(1.16127 0.00327222 0)
(1.16042 0.00231967 0)
(1.15986 0.00138477 0)
(1.15958 0.000460352 0)
(1.12399 0.033172 0)
(1.20543 0.0377045 0)
(1.24446 0.0392743 0)
(1.25668 0.0393028 0)
(1.25563 0.038457 0)
(1.24932 0.0371241 0)
(1.24155 0.0354818 0)
(1.23381 0.0336468 0)
(1.22655 0.0316968 0)
(1.21984 0.0296876 0)
(1.21365 0.0276624 0)
(1.2079 0.0256543 0)
(1.20254 0.0236878 0)
(1.19755 0.0217801 0)
(1.19291 0.019943 0)
(1.18858 0.0181832 0)
(1.18458 0.0165043 0)
(1.18088 0.0149069 0)
(1.17748 0.0133894 0)
(1.17438 0.0119487 0)
(1.17157 0.0105806 0)
(1.16905 0.00927969 0)
(1.16682 0.00804006 0)
(1.16486 0.00685525 0)
(1.16319 0.00571842 0)
(1.16181 0.00462249 0)
(1.1607 0.00356021 0)
(1.15986 0.00252419 0)
(1.15931 0.00150701 0)
(1.15903 0.000501025 0)
(1.12785 0.0405939 0)
(1.20691 0.0447914 0)
(1.24464 0.0457263 0)
(1.25621 0.045037 0)
(1.25482 0.0435148 0)
(1.24832 0.0415813 0)
(1.24044 0.0394171 0)
(1.23262 0.0371334 0)
(1.22533 0.0347973 0)
(1.21861 0.032454 0)
(1.21243 0.0301378 0)
(1.2067 0.0278746 0)
(1.20139 0.0256827 0)
(1.19644 0.0235748 0)
(1.19184 0.0215582 0)
(1.18757 0.0196366 0)
(1.18361 0.0178106 0)
(1.17996 0.0160786 0)
(1.17661 0.0144371 0)
(1.17355 0.0128813 0)
(1.17078 0.0114056 0)
(1.1683 0.0100033 0)
(1.1661 0.00866762 0)
(1.16418 0.00739112 0)
(1.16254 0.0061662 0)
(1.16117 0.00498511 0)
(1.16008 0.00383997 0)
(1.15926 0.00272282 0)
(1.15871 0.0016257 0)
(1.15844 0.000540515 0)
(1.13149 0.0484358 0)
(1.20804 0.0522235 0)
(1.24441 0.052412 0)
(1.25533 0.0509293 0)
(1.25363 0.0486817 0)
(1.24699 0.0461097 0)
(1.23904 0.0433946 0)
(1.2312 0.0406407 0)
(1.2239 0.0379023 0)
(1.21721 0.0352129 0)
(1.21105 0.0325972 0)
(1.20537 0.0300728 0)
(1.20011 0.0276517 0)
(1.19522 0.025341 0)
(1.19067 0.0231438 0)
(1.18646 0.0210602 0)
(1.18256 0.0190877 0)
(1.17897 0.0172221 0)
(1.17567 0.015458 0)
(1.17266 0.0137889 0)
(1.16994 0.0122075 0)
(1.1675 0.0107061 0)
(1.16533 0.00927661 0)
(1.16345 0.0079108 0)
(1.16183 0.00660024 0)
(1.16049 0.00533645 0)
(1.15941 0.00411093 0)
(1.15861 0.00291515 0)
(1.15807 0.00174062 0)
(1.1578 0.000578746 0)
(1.13484 0.0566103 0)
(1.20873 0.0599358 0)
(1.24372 0.059268 0)
(1.25401 0.0569294 0)
(1.25205 0.0539169 0)
(1.24531 0.0506755 0)
(1.23734 0.0473869 0)
(1.22952 0.0441463 0)
(1.22226 0.0409935 0)
(1.21561 0.0379494 0)
(1.20952 0.035028 0)
(1.2039 0.0322387 0)
(1.19871 0.0295861 0)
(1.19388 0.0270717 0)
(1.18941 0.0246939 0)
(1.18527 0.0224489 0)
(1.18143 0.0203311 0)
(1.1779 0.0183338 0)
(1.17466 0.0164492 0)
(1.17171 0.014669 0)
(1.16904 0.0129843 0)
(1.16664 0.0113863 0)
(1.16452 0.00986561 0)
(1.16266 0.00841313 0)
(1.16108 0.00701958 0)
(1.15976 0.00567576 0)
(1.1587 0.00437254 0)
(1.15791 0.00310081 0)
(1.15739 0.00185153 0)
(1.15713 0.000615642 0)
(1.13779 0.0650541 0)
(1.20895 0.0678558 0)
(1.24254 0.0662261 0)
(1.25222 0.0629836 0)
(1.25005 0.059176 0)
(1.24328 0.0552423 0)
(1.23534 0.0513645 0)
(1.22758 0.0476262 0)
(1.2204 0.0440514 0)
(1.21383 0.0406473 0)
(1.20782 0.0374172 0)
(1.20229 0.0343613 0)
(1.19718 0.0314768 0)
(1.19244 0.0287592 0)
(1.18805 0.0262021 0)
(1.18399 0.0237975 0)
(1.18023 0.0215367 0)
(1.17677 0.01941 0)
(1.17359 0.0174075 0)
(1.1707 0.015519 0)
(1.16808 0.0137339 0)
(1.16573 0.0120421 0)
(1.16365 0.0104332 0)
(1.16183 0.00889692 0)
(1.16028 0.00742327 0)
(1.15898 0.00600231 0)
(1.15795 0.00462425 0)
(1.15718 0.00327941 0)
(1.15666 0.00195822 0)
(1.15641 0.000651129 0)
(1.14025 0.0737036 0)
(1.20864 0.0759006 0)
(1.24083 0.0732158 0)
(1.24995 0.0690355 0)
(1.24762 0.0644123 0)
(1.24088 0.0597723 0)
(1.23304 0.0552969 0)
(1.22538 0.0510556 0)
(1.21831 0.0470554 0)
(1.21186 0.0432899 0)
(1.20596 0.039751 0)
(1.20054 0.0364293 0)
(1.19553 0.0333145 0)
(1.1909 0.030396 0)
(1.1866 0.0276621 0)
(1.18262 0.0251008 0)
(1.17895 0.0227 0)
(1.17556 0.0204471 0)
(1.17246 0.01833 0)
(1.16963 0.0163363 0)
(1.16706 0.0144542 0)
(1.16477 0.0126719 0)
(1.16273 0.0109778 0)
(1.16096 0.00936099 0)
(1.15943 0.00781038 0)
(1.15817 0.00631535 0)
(1.15716 0.00486549 0)
(1.1564 0.00345055 0)
(1.1559 0.00206044 0)
(1.15565 0.00068513 0)
(1.14212 0.0824698 0)
(1.20774 0.0839788 0)
(1.23858 0.0801638 0)
(1.24717 0.0750263 0)
(1.24476 0.0695777 0)
(1.23811 0.0642263 0)
(1.23041 0.0591523 0)
(1.22292 0.0544088 0)
(1.216 0.0499847 0)
(1.20969 0.0458601 0)
(1.20394 0.0420153 0)
(1.19865 0.0384311 0)
(1.19376 0.0350897 0)
(1.18924 0.031974 0)
(1.18505 0.0290672 0)
(1.18117 0.0263533 0)
(1.17759 0.0238164 0)
(1.17429 0.0214413 0)
(1.17126 0.0192134 0)
(1.1685 0.0171185 0)
(1.166 0.015143 0)
(1.16376 0.0132737 0)
(1.16177 0.0114982 0)
(1.16004 0.00980418 0)
(1.15855 0.00817996 0)
(1.15731 0.00661416 0)
(1.15633 0.00509573 0)
(1.15559 0.00361388 0)
(1.15509 0.00215798 0)
(1.15485 0.000717573 0)
(1.14333 0.0912496 0)
(1.20623 0.091995 0)
(1.23575 0.0869941 0)
(1.24389 0.0808961 0)
(1.24146 0.0746228 0)
(1.23497 0.0685645 0)
(1.22748 0.0628988 0)
(1.22019 0.0576595 0)
(1.21347 0.0528181 0)
(1.20734 0.0483406 0)
(1.20175 0.0441959 0)
(1.19661 0.0403552 0)
(1.19187 0.0367928 0)
(1.18748 0.0334854 0)
(1.18341 0.0304111 0)
(1.17965 0.0275495 0)
(1.17616 0.0248815 0)
(1.17295 0.0223889 0)
(1.17001 0.0200548 0)
(1.16732 0.0178629 0)
(1.16488 0.0157982 0)
(1.1627 0.013846 0)
(1.16076 0.0119928 0)
(1.15907 0.0102253 0)
(1.15763 0.0085311 0)
(1.15642 0.00689802 0)
(1.15546 0.00531444 0)
(1.15474 0.00376901 0)
(1.15425 0.00225063 0)
(1.15401 0.000748387 0)
(1.14383 0.0999338 0)
(1.20408 0.0998516 0)
(1.23235 0.0936307 0)
(1.24009 0.0865846 0)
(1.23773 0.0794986 0)
(1.23147 0.0727473 0)
(1.22424 0.0665043 0)
(1.21721 0.060782 0)
(1.21072 0.0555343 0)
(1.20481 0.0507141 0)
(1.19941 0.0462786 0)
(1.19445 0.0421897 0)
(1.18987 0.0384142 0)
(1.18562 0.0349223 0)
(1.18169 0.0316871 0)
(1.17804 0.0286842 0)
(1.17466 0.0258909 0)
(1.17155 0.0232863 0)
(1.16869 0.0208511 0)
(1.16609 0.0185671 0)
(1.16372 0.0164177 0)
(1.1616 0.0143871 0)
(1.15972 0.0124603 0)
(1.15807 0.0106234 0)
(1.15666 0.00886293 0)
(1.15549 0.00716626 0)
(1.15455 0.0055211 0)
(1.15385 0.00391559 0)
(1.15338 0.00233818 0)
(1.15315 0.000777504 0)
(1.14356 0.108411 0)
(1.20127 0.107451 0)
(1.22837 0.0999987 0)
(1.2358 0.0920326 0)
(1.23357 0.0841565 0)
(1.22761 0.076736 0)
(1.22071 0.0699375 0)
(1.21398 0.0637505 0)
(1.20777 0.0581125 0)
(1.2021 0.0529635 0)
(1.19692 0.0482496 0)
(1.19216 0.0439235 0)
(1.18775 0.0399445 0)
(1.18367 0.036277 0)
(1.17988 0.032889 0)
(1.17636 0.0297521 0)
(1.1731 0.0268403 0)
(1.17009 0.0241299 0)
(1.16733 0.0215993 0)
(1.1648 0.0192287 0)
(1.16251 0.0169997 0)
(1.16046 0.0148952 0)
(1.15863 0.0128994 0)
(1.15703 0.0109972 0)
(1.15566 0.00917461 0)
(1.15453 0.00741822 0)
(1.15361 0.00571523 0)
(1.15293 0.0040533 0)
(1.15247 0.00242042 0)
(1.15225 0.000804858 0)
(1.14251 0.11657 0)
(1.19779 0.114699 0)
(1.22382 0.106026 0)
(1.23103 0.0971828 0)
(1.22902 0.08855 0)
(1.22342 0.0804932 0)
(1.21689 0.073168 0)
(1.21052 0.0665405 0)
(1.20462 0.0605327 0)
(1.19923 0.0550725 0)
(1.19429 0.0500954 0)
(1.18975 0.0455453 0)
(1.18554 0.0413747 0)
(1.18163 0.037542 0)
(1.17799 0.0340106 0)
(1.17461 0.0307481 0)
(1.17148 0.0277254 0)
(1.16858 0.0249162 0)
(1.16591 0.0222968 0)
(1.16348 0.0198453 0)
(1.16126 0.0175422 0)
(1.15927 0.015369 0)
(1.15751 0.0133088 0)
(1.15596 0.0113458 0)
(1.15463 0.00946534 0)
(1.15353 0.00765329 0)
(1.15264 0.00589638 0)
(1.15198 0.00418181 0)
(1.15154 0.00249718 0)
(1.15132 0.000830391 0)
(1.14066 0.124304 0)
(1.19366 0.121505 0)
(1.21872 0.111646 0)
(1.2258 0.101981 0)
(1.22408 0.0926352 0)
(1.2189 0.0839837 0)
(1.21281 0.0761672 0)
(1.20683 0.0691284 0)
(1.20128 0.0627756 0)
(1.19619 0.0570254 0)
(1.19153 0.0518031 0)
(1.18722 0.0470448 0)
(1.18322 0.0426961 0)
(1.1795 0.0387102 0)
(1.17603 0.0350461 0)
(1.1728 0.0316676 0)
(1.16979 0.0285425 0)
(1.16702 0.0256422 0)
(1.16445 0.0229407 0)
(1.16211 0.0204149 0)
(1.15998 0.0180434 0)
(1.15806 0.0158069 0)
(1.15635 0.0136874 0)
(1.15485 0.0116684 0)
(1.15357 0.0097344 0)
(1.1525 0.00787092 0)
(1.15164 0.00606413 0)
(1.151 0.00430085 0)
(1.15057 0.0025683 0)
(1.15036 0.000854046 0)
(1.13802 0.131513 0)
(1.18889 0.127786 0)
(1.2131 0.116797 0)
(1.22014 0.106377 0)
(1.21878 0.0963715 0)
(1.21409 0.0871746 0)
(1.20848 0.0789082 0)
(1.20293 0.0714923 0)
(1.19776 0.0648233 0)
(1.19301 0.0588074 0)
(1.18864 0.0533607 0)
(1.18458 0.0484119 0)
(1.18081 0.0439007 0)
(1.17729 0.0397751 0)
(1.174 0.03599 0)
(1.17092 0.0325059 0)
(1.16806 0.0292878 0)
(1.1654 0.0263047 0)
(1.16295 0.0235288 0)
(1.1607 0.0209353 0)
(1.15865 0.0185018 0)
(1.1568 0.0162076 0)
(1.15516 0.0140341 0)
(1.15372 0.0119639 0)
(1.15248 0.00998112 0)
(1.15145 0.00807058 0)
(1.15062 0.00621811 0)
(1.15 0.00441015 0)
(1.14958 0.00263361 0)
(1.14938 0.000875774 0)
(1.13461 0.138105 0)
(1.18353 0.133468 0)
(1.207 0.121424 0)
(1.21409 0.110327 0)
(1.21316 0.0997223 0)
(1.20901 0.0900365 0)
(1.20392 0.0813667 0)
(1.19885 0.0736122 0)
(1.19409 0.0666594 0)
(1.1897 0.060405 0)
(1.18563 0.054757 0)
(1.18186 0.0496376 0)
(1.17832 0.0449809 0)
(1.17501 0.0407305 0)
(1.17191 0.0368374 0)
(1.169 0.0332591 0)
(1.16628 0.029958 0)
(1.16375 0.026901 0)
(1.16141 0.0240588 0)
(1.15926 0.0214049 0)
(1.15729 0.0189158 0)
(1.15552 0.01657 0)
(1.15394 0.014348 0)
(1.15255 0.0122318 0)
(1.15136 0.0102049 0)
(1.15037 0.00825185 0)
(1.14957 0.00635799 0)
(1.14897 0.0045095 0)
(1.14857 0.00269299 0)
(1.14837 0.000895533 0)
(1.13046 0.144002 0)
(1.17761 0.138484 0)
(1.20046 0.125479 0)
(1.20768 0.11379 0)
(1.20726 0.102656 0)
(1.2037 0.0925431 0)
(1.19917 0.0835208 0)
(1.1946 0.0754702 0)
(1.19028 0.068269 0)
(1.18626 0.061806 0)
(1.18253 0.0559821 0)
(1.17904 0.0507136 0)
(1.17576 0.04593 0)
(1.17267 0.0415708 0)
(1.16976 0.0375837 0)
(1.16702 0.0339233 0)
(1.16445 0.03055 0)
(1.16206 0.0274288 0)
(1.15983 0.0245286 0)
(1.15778 0.021822 0)
(1.15591 0.0192842 0)
(1.15421 0.016893 0)
(1.1527 0.0146282 0)
(1.15137 0.0124713 0)
(1.15022 0.0104053 0)
(1.14926 0.00841433 0)
(1.1485 0.0064835 0)
(1.14792 0.00459869 0)
(1.14753 0.00274633 0)
(1.14734 0.000913287 0)
(1.12563 0.149136 0)
(1.17118 0.14278 0)
(1.19353 0.128924 0)
(1.20097 0.116733 0)
(1.20111 0.105145 0)
(1.19818 0.0946718 0)
(1.19425 0.0853518 0)
(1.1902 0.0770505 0)
(1.18635 0.0696393 0)
(1.18273 0.0629998 0)
(1.17935 0.0570271 0)
(1.17616 0.0516327 0)
(1.17314 0.0467421 0)
(1.17028 0.0422912 0)
(1.16757 0.0382249 0)
(1.16501 0.0344956 0)
(1.1626 0.0310614 0)
(1.16033 0.0278859 0)
(1.15823 0.0249367 0)
(1.15628 0.0221853 0)
(1.1545 0.019606 0)
(1.15288 0.0171759 0)
(1.15143 0.0148742 0)
(1.15016 0.012682 0)
(1.14906 0.0105819 0)
(1.14814 0.00855773 0)
(1.1474 0.00659441 0)
(1.14685 0.00467759 0)
(1.14648 0.00279355 0)
(1.14629 0.000929006 0)
(1.12017 0.153453 0)
(1.1643 0.146313 0)
(1.18627 0.131728 0)
(1.19401 0.11913 0)
(1.19476 0.107167 0)
(1.19248 0.0964042 0)
(1.18918 0.086844 0)
(1.18569 0.0783401 0)
(1.18231 0.0707592 0)
(1.17912 0.0639773 0)
(1.17609 0.0578845 0)
(1.17321 0.0523889 0)
(1.17047 0.0474121 0)
(1.16784 0.0428876 0)
(1.16534 0.0387578 0)
(1.16296 0.0349731 0)
(1.16071 0.03149 0)
(1.15858 0.0282706 0)
(1.1566 0.0252817 0)
(1.15476 0.0224936 0)
(1.15307 0.0198802 0)
(1.15153 0.0174178 0)
(1.15015 0.0150853 0)
(1.14893 0.0128634 0)
(1.14788 0.0107343 0)
(1.147 0.00868182 0)
(1.14629 0.00669055 0)
(1.14576 0.00474609 0)
(1.14541 0.00283458 0)
(1.14523 0.000942672 0)
(1.11415 0.156911 0)
(1.15704 0.149052 0)
(1.17873 0.133869 0)
(1.18684 0.12096 0)
(1.18824 0.108705 0)
(1.18666 0.0977258 0)
(1.184 0.0879848 0)
(1.18109 0.0793283 0)
(1.1782 0.07162 0)
(1.17543 0.064731 0)
(1.17278 0.0585484 0)
(1.17022 0.0529769 0)
(1.16775 0.0479361 0)
(1.16537 0.0433568 0)
(1.16308 0.0391797 0)
(1.16089 0.0353537 0)
(1.15879 0.031834 0)
(1.15681 0.0285816 0)
(1.15495 0.0255625 0)
(1.15322 0.0227463 0)
(1.15162 0.0201062 0)
(1.15016 0.0176184 0)
(1.14885 0.0152613 0)
(1.14769 0.0130152 0)
(1.14669 0.0108625 0)
(1.14585 0.00878646 0)
(1.14517 0.00677185 0)
(1.14466 0.00480411 0)
(1.14432 0.00286938 0)
(1.14415 0.000954272 0)
(1.10764 0.159483 0)
(1.14946 0.150976 0)
(1.17097 0.135332 0)
(1.17953 0.122209 0)
(1.1816 0.109749 0)
(1.18074 0.098626 0)
(1.17875 0.0887651 0)
(1.17641 0.0800075 0)
(1.17404 0.0722149 0)
(1.1717 0.0652554 0)
(1.16942 0.0590139 0)
(1.16719 0.0533932 0)
(1.16501 0.0483108 0)
(1.16288 0.0436962 0)
(1.1608 0.0394887 0)
(1.15879 0.0356359 0)
(1.15687 0.0320922 0)
(1.15503 0.0288179 0)
(1.15329 0.0257783 0)
(1.15166 0.0229427 0)
(1.15016 0.0202837 0)
(1.14878 0.0177774 0)
(1.14754 0.0154018 0)
(1.14644 0.0131374 0)
(1.14548 0.0109662 0)
(1.14468 0.0088716 0)
(1.14404 0.00683825 0)
(1.14355 0.00485165 0)
(1.14322 0.00289795 0)
(1.14306 0.000963805 0)
(1.10072 0.161153 0)
(1.14162 0.152077 0)
(1.16306 0.136112 0)
(1.17211 0.12287 0)
(1.1749 0.110291 0)
(1.17477 0.0990984 0)
(1.17344 0.0891789 0)
(1.1717 0.0803722 0)
(1.16984 0.0725394 0)
(1.16795 0.0655468 0)
(1.16605 0.059278 0)
(1.16415 0.0536351 0)
(1.16225 0.0485343 0)
(1.16037 0.0439042 0)
(1.15851 0.0396834 0)
(1.15669 0.0358187 0)
(1.15493 0.032264 0)
(1.15323 0.0289791 0)
(1.15162 0.025929 0)
(1.1501 0.0230826 0)
(1.14869 0.0204126 0)
(1.14739 0.0178947 0)
(1.14622 0.015507 0)
(1.14517 0.01323 0)
(1.14427 0.0110455 0)
(1.14351 0.00893727 0)
(1.14289 0.00688981 0)
(1.14243 0.00488874 0)
(1.14212 0.00292031 0)
(1.14196 0.000971276 0)
(1.09347 0.16192 0)
(1.13361 0.152354 0)
(1.15506 0.136208 0)
(1.16465 0.12294 0)
(1.16817 0.110329 0)
(1.16877 0.0991404 0)
(1.16813 0.0892236 0)
(1.16698 0.08042 0)
(1.16563 0.0725913 0)
(1.16418 0.065603 0)
(1.16267 0.0593391 0)
(1.1611 0.0537013 0)
(1.15949 0.0486056 0)
(1.15786 0.0439802 0)
(1.15622 0.0397634 0)
(1.15459 0.0359018 0)
(1.15299 0.0323492 0)
(1.15143 0.0290651 0)
(1.14995 0.0260144 0)
(1.14854 0.0231661 0)
(1.14722 0.0204928 0)
(1.146 0.0179704 0)
(1.14489 0.015577 0)
(1.14391 0.013293 0)
(1.14305 0.0111007 0)
(1.14232 0.00898361 0)
(1.14174 0.00692662 0)
(1.1413 0.00491545 0)
(1.141 0.0029365 0)
(1.14085 0.000976703 0)
(1.08596 0.161788 0)
(1.12548 0.151819 0)
(1.14703 0.135629 0)
(1.1572 0.122424 0)
(1.16146 0.109866 0)
(1.1628 0.0987533 0)
(1.16283 0.0888995 0)
(1.16227 0.0801509 0)
(1.16144 0.0723703 0)
(1.16043 0.0654241 0)
(1.1593 0.0591971 0)
(1.15806 0.0535918 0)
(1.15674 0.0485247 0)
(1.15535 0.0439243 0)
(1.15393 0.039729 0)
(1.15249 0.0358856 0)
(1.15105 0.0323481 0)
(1.14964 0.0290762 0)
(1.14827 0.026035 0)
(1.14697 0.0231936 0)
(1.14574 0.020525 0)
(1.1446 0.018005 0)
(1.14356 0.015612 0)
(1.14264 0.0133269 0)
(1.14182 0.0111319 0)
(1.14114 0.00901083 0)
(1.14058 0.00694887 0)
(1.14016 0.00493192 0)
(1.13988 0.00294661 0)
(1.13974 0.000980112 0)
(1.07827 0.160775 0)
(1.11731 0.150489 0)
(1.13903 0.134386 0)
(1.14981 0.121331 0)
(1.1548 0.108909 0)
(1.15688 0.0979416 0)
(1.15757 0.0882101 0)
(1.15761 0.0795675 0)
(1.15728 0.0718787 0)
(1.15671 0.0650117 0)
(1.15596 0.0588535 0)
(1.15505 0.053308 0)
(1.15401 0.0482929 0)
(1.15287 0.0437376 0)
(1.15166 0.0395812 0)
(1.1504 0.0357711 0)
(1.14912 0.0322617 0)
(1.14785 0.0290134 0)
(1.14661 0.0259916 0)
(1.14541 0.023166 0)
(1.14427 0.0205096 0)
(1.14321 0.017999 0)
(1.14224 0.0156128 0)
(1.14136 0.013332 0)
(1.1406 0.0111395 0)
(1.13995 0.00901928 0)
(1.13942 0.0069568 0)
(1.13903 0.00493832 0)
(1.13876 0.00295074 0)
(1.13862 0.000981538 0)
(1.07048 0.158906 0)
(1.10916 0.148389 0)
(1.13112 0.1325 0)
(1.14253 0.119674 0)
(1.14826 0.107468 0)
(1.15105 0.0967134 0)
(1.1524 0.0871617 0)
(1.15301 0.0786748 0)
(1.15318 0.0711203 0)
(1.15304 0.0643691 0)
(1.15266 0.058311 0)
(1.15207 0.0528523 0)
(1.15131 0.0479124 0)
(1.15041 0.0434221 0)
(1.14941 0.0393217 0)
(1.14833 0.0355597 0)
(1.14722 0.0320914 0)
(1.14608 0.028878 0)
(1.14496 0.0258854 0)
(1.14386 0.0230841 0)
(1.14281 0.0204478 0)
(1.14182 0.0179532 0)
(1.14092 0.0155799 0)
(1.1401 0.0133091 0)
(1.13938 0.0111241 0)
(1.13877 0.00900936 0)
(1.13827 0.00695075 0)
(1.13789 0.00493488 0)
(1.13764 0.00294904 0)
(1.13751 0.000981029 0)
(1.06264 0.156211 0)
(1.10108 0.145552 0)
(1.12335 0.129991 0)
(1.1354 0.117472 0)
(1.14185 0.105559 0)
(1.14535 0.0950796 0)
(1.14734 0.0857631 0)
(1.14851 0.0774802 0)
(1.14916 0.0701013 0)
(1.14945 0.0635014 0)
(1.14943 0.0575741 0)
(1.14915 0.0522285 0)
(1.14866 0.0473864 0)
(1.14799 0.0429806 0)
(1.1472 0.0389531 0)
(1.1463 0.0352539 0)
(1.14533 0.0318393 0)
(1.14433 0.0286717 0)
(1.14332 0.025718 0)
(1.14232 0.0229494 0)
(1.14136 0.0203406 0)
(1.14045 0.0178688 0)
(1.1396 0.0155143 0)
(1.13884 0.0132588 0)
(1.13816 0.0110862 0)
(1.13758 0.0089816 0)
(1.13711 0.00693112 0)
(1.13676 0.0049219 0)
(1.13652 0.00294166 0)
(1.13639 0.000978639 0)
(1.05482 0.152728 0)
(1.09315 0.142012 0)
(1.11576 0.126886 0)
(1.12846 0.114745 0)
(1.13563 0.103198 0)
(1.13981 0.0930542 0)
(1.14242 0.0840259 0)
(1.14413 0.075993 0)
(1.14525 0.0688296 0)
(1.14594 0.0624154 0)
(1.14627 0.0566486 0)
(1.14629 0.0514416 0)
(1.14606 0.0467193 0)
(1.14563 0.042417 0)
(1.14502 0.0384788 0)
(1.1443 0.0348564 0)
(1.14348 0.0315078 0)
(1.14261 0.0283967 0)
(1.14171 0.0254913 0)
(1.14081 0.0227637 0)
(1.13993 0.0201895 0)
(1.13909 0.0177471 0)
(1.1383 0.015417 0)
(1.13758 0.0131822 0)
(1.13695 0.0110268 0)
(1.13641 0.00893661 0)
(1.13596 0.00689837 0)
(1.13563 0.00489969 0)
(1.1354 0.00292881 0)
(1.13528 0.000974435 0)
(1.04709 0.148498 0)
(1.08541 0.137808 0)
(1.10842 0.123214 0)
(1.12177 0.111518 0)
(1.12963 0.100404 0)
(1.13447 0.0906536 0)
(1.13767 0.0819637 0)
(1.13989 0.0742247 0)
(1.14146 0.0673149 0)
(1.14253 0.0611194 0)
(1.1432 0.0555414 0)
(1.14352 0.0504977 0)
(1.14354 0.0459164 0)
(1.14332 0.0417358 0)
(1.14291 0.0379026 0)
(1.14234 0.0343707 0)
(1.14167 0.0311 0)
(1.14092 0.0280557 0)
(1.14013 0.0252076 0)
(1.13932 0.0225289 0)
(1.13851 0.0199964 0)
(1.13774 0.0175894 0)
(1.13701 0.0152895 0)
(1.13635 0.0130802 0)
(1.13575 0.0109466 0)
(1.13524 0.0088751 0)
(1.13482 0.00685304 0)
(1.1345 0.00486864 0)
(1.13429 0.00291071 0)
(1.13418 0.000968491 0)
(1.03949 0.143567 0)
(1.07791 0.132984 0)
(1.10135 0.119007 0)
(1.11535 0.107818 0)
(1.12387 0.0972016 0)
(1.12934 0.0878964 0)
(1.1331 0.0795922 0)
(1.13582 0.0721887 0)
(1.13782 0.0655685 0)
(1.13926 0.0596231 0)
(1.14024 0.0542611 0)
(1.14083 0.0494039 0)
(1.14109 0.0449837 0)
(1.14108 0.0409424 0)
(1.14085 0.0372293 0)
(1.14044 0.033801 0)
(1.1399 0.0306195 0)
(1.13927 0.0276519 0)
(1.13857 0.0248695 0)
(1.13785 0.0222473 0)
(1.13713 0.0197631 0)
(1.13642 0.0173975 0)
(1.13574 0.015133 0)
(1.13512 0.0129541 0)
(1.13456 0.0108467 0)
(1.13409 0.00879786 0)
(1.13369 0.00679574 0)
(1.13339 0.00482918 0)
(1.13319 0.00288762 0)
(1.13308 0.000960891 0)
(1.03207 0.13798 0)
(1.07069 0.127583 0)
(1.09461 0.1143 0)
(1.10924 0.103675 0)
(1.1184 0.0936141 0)
(1.12447 0.0848034 0)
(1.12876 0.0769293 0)
(1.13193 0.0699001 0)
(1.13433 0.0636035 0)
(1.13612 0.0579375 0)
(1.1374 0.052817 0)
(1.13825 0.0481685 0)
(1.13874 0.0439286 0)
(1.13892 0.0400429 0)
(1.13885 0.0364642 0)
(1.13859 0.0331518 0)
(1.13818 0.0300701 0)
(1.13766 0.0271885 0)
(1.13706 0.0244802 0)
(1.13642 0.0219215 0)
(1.13576 0.019492 0)
(1.13511 0.0171733 0)
(1.13449 0.0149493 0)
(1.13391 0.0128052 0)
(1.13339 0.0107281 0)
(1.13294 0.00870576 0)
(1.13257 0.00672713 0)
(1.13229 0.00478178 0)
(1.13209 0.00285981 0)
(1.132 0.000951729 0)
(1.02488 0.131788 0)
(1.0638 0.121653 0)
(1.08822 0.109127 0)
(1.10347 0.0991201 0)
(1.11324 0.0896684 0)
(1.11987 0.0813973 0)
(1.12465 0.0739944 0)
(1.12826 0.0673756 0)
(1.13103 0.061434 0)
(1.13314 0.056075 0)
(1.1347 0.0512199 0)
(1.13579 0.0468007 0)
(1.13648 0.0427589 0)
(1.13684 0.0390443 0)
(1.13694 0.0356133 0)
(1.13681 0.0324283 0)
(1.13651 0.0294565 0)
(1.13609 0.0266696 0)
(1.13559 0.0240428 0)
(1.13502 0.0215545 0)
(1.13443 0.0191854 0)
(1.13384 0.016919 0)
(1.13326 0.01474 0)
(1.13273 0.0126351 0)
(1.13224 0.0105921 0)
(1.13181 0.00859978 0)
(1.13146 0.00664796 0)
(1.1312 0.00472695 0)
(1.13101 0.0028276 0)
(1.13092 0.000941105 0)
(1.01796 0.125042 0)
(1.05727 0.115238 0)
(1.08222 0.103527 0)
(1.09808 0.0941869 0)
(1.10842 0.0853927 0)
(1.11557 0.0777025 0)
(1.12081 0.0708085 0)
(1.12481 0.0646333 0)
(1.12792 0.0590759 0)
(1.13032 0.0540493 0)
(1.13214 0.0494815 0)
(1.13345 0.0453106 0)
(1.13434 0.0414834 0)
(1.13486 0.0379541 0)
(1.1351 0.0346831 0)
(1.1351 0.0316362 0)
(1.13491 0.0287835 0)
(1.13458 0.0260994 0)
(1.13416 0.0235612 0)
(1.13366 0.0211492 0)
(1.13313 0.0188462 0)
(1.13259 0.0166367 0)
(1.13206 0.0145071 0)
(1.13156 0.0124452 0)
(1.1311 0.0104399 0)
(1.1307 0.00848096 0)
(1.13037 0.00655901 0)
(1.13012 0.00466525 0)
(1.12995 0.00279131 0)
(1.12986 0.000929129 0)
(1.01134 0.117794 0)
(1.05113 0.108389 0)
(1.07664 0.097537 0)
(1.09308 0.0889102 0)
(1.10396 0.0808166 0)
(1.11159 0.0737448 0)
(1.11724 0.0673941 0)
(1.1216 0.0616928 0)
(1.12502 0.056546 0)
(1.12769 0.0518748 0)
(1.12974 0.0476144 0)
(1.13125 0.0437092 0)
(1.13231 0.0401115 0)
(1.13299 0.0367805 0)
(1.13335 0.0336807 0)
(1.13346 0.0307815 0)
(1.13337 0.0280564 0)
(1.13313 0.0254823 0)
(1.13278 0.0230391 0)
(1.13235 0.0207091 0)
(1.13187 0.018477 0)
(1.13138 0.0163289 0)
(1.13089 0.0142527 0)
(1.13042 0.0122374 0)
(1.12999 0.010273 0)
(1.12961 0.00835039 0)
(1.1293 0.00646112 0)
(1.12906 0.00459727 0)
(1.12889 0.00275129 0)
(1.12881 0.000915916 0)
(1.00504 0.110099 0)
(1.04541 0.101152 0)
(1.0715 0.0911989 0)
(1.08851 0.083326 0)
(1.09989 0.0759714 0)
(1.10795 0.0695516 0)
(1.11397 0.0637751 0)
(1.11865 0.0585747 0)
(1.12235 0.0538624 0)
(1.12525 0.0495672 0)
(1.1275 0.0456322 0)
(1.12919 0.0420082 0)
(1.1304 0.0386535 0)
(1.13121 0.0355323 0)
(1.13169 0.0326137 0)
(1.13191 0.0298709 0)
(1.1319 0.0272808 0)
(1.13174 0.0248233 0)
(1.13145 0.0224807 0)
(1.13107 0.0202378 0)
(1.13065 0.018081 0)
(1.13019 0.0159983 0)
(1.12974 0.013979 0)
(1.1293 0.0120134 0)
(1.1289 0.0100929 0)
(1.12854 0.00820926 0)
(1.12824 0.00635518 0)
(1.12801 0.00452363 0)
(1.12786 0.0027079 0)
(1.12778 0.000901589 0)
(0.999092 0.102011 0)
(1.04013 0.0935776 0)
(1.06683 0.0845542 0)
(1.08437 0.0774718 0)
(1.09621 0.0708894 0)
(1.10466 0.0651515 0)
(1.11102 0.0599765 0)
(1.11598 0.055301 0)
(1.11991 0.0510439 0)
(1.12302 0.0471431 0)
(1.12545 0.0435491 0)
(1.12729 0.0402199 0)
(1.12863 0.0371199 0)
(1.12956 0.0342187 0)
(1.13014 0.03149 0)
(1.13043 0.0289112 0)
(1.13051 0.0264627 0)
(1.13041 0.0241274 0)
(1.13017 0.0218905 0)
(1.12985 0.0197391 0)
(1.12946 0.0176614 0)
(1.12905 0.0156475 0)
(1.12862 0.0136882 0)
(1.12821 0.0117751 0)
(1.12783 0.00990099 0)
(1.12749 0.00805879 0)
(1.12721 0.00624213 0)
(1.12699 0.00444498 0)
(1.12684 0.00266155 0)
(1.12676 0.000886277 0)
(0.993512 0.0935861 0)
(1.03531 0.085714 0)
(1.06264 0.0776457 0)
(1.0807 0.0713858 0)
(1.09296 0.0656043 0)
(1.10175 0.0605742 0)
(1.10839 0.0560243 0)
(1.11358 0.0518943 0)
(1.11772 0.0481106 0)
(1.121 0.0446198 0)
(1.12357 0.0413803 0)
(1.12554 0.0383574 0)
(1.127 0.0355221 0)
(1.12802 0.0328494 0)
(1.12868 0.030318 0)
(1.12905 0.0279096 0)
(1.12919 0.0256082 0)
(1.12914 0.0234001 0)
(1.12896 0.0212731 0)
(1.12867 0.0192167 0)
(1.12832 0.0172216 0)
(1.12794 0.0152794 0)
(1.12754 0.0133826 0)
(1.12715 0.0115246 0)
(1.12679 0.00969902 0)
(1.12647 0.00790026 0)
(1.12619 0.00612293 0)
(1.12598 0.004362 0)
(1.12584 0.00261262 0)
(1.12576 0.000870111 0)
(0.988314 0.0848811 0)
(1.03097 0.077612 0)
(1.05894 0.0705175 0)
(1.0775 0.0651075 0)
(1.09014 0.0601508 0)
(1.09923 0.0558506 0)
(1.1061 0.0519457 0)
(1.11149 0.0483786 0)
(1.11578 0.0450832 0)
(1.1192 0.0420151 0)
(1.12189 0.0391412 0)
(1.12396 0.0364343 0)
(1.1255 0.0338717 0)
(1.1266 0.0314345 0)
(1.12733 0.0291065 0)
(1.12776 0.0268736 0)
(1.12795 0.0247239 0)
(1.12794 0.0226468 0)
(1.1278 0.0206331 0)
(1.12755 0.0186749 0)
(1.12723 0.016765 0)
(1.12687 0.0148969 0)
(1.12649 0.0130649 0)
(1.12612 0.0112638 0)
(1.12577 0.00948863 0)
(1.12546 0.00773498 0)
(1.1252 0.00599858 0)
(1.125 0.0042754 0)
(1.12486 0.00256154 0)
(1.12479 0.00085323 0)
(0.983505 0.075955 0)
(1.02712 0.0693231 0)
(1.05576 0.0632148 0)
(1.07478 0.0586777 0)
(1.08776 0.0545649 0)
(1.0971 0.0510123 0)
(1.10416 0.0477686 0)
(1.10969 0.0447781 0)
(1.1141 0.0419829 0)
(1.11763 0.0393478 0)
(1.1204 0.0368481 0)
(1.12255 0.0344644 0)
(1.12416 0.0321808 0)
(1.12531 0.0299845 0)
(1.12609 0.0278644 0)
(1.12656 0.025811 0)
(1.12679 0.0238164 0)
(1.12682 0.0218733 0)
(1.1267 0.0199756 0)
(1.12648 0.0181178 0)
(1.12618 0.0162951 0)
(1.12584 0.014503 0)
(1.12548 0.0127375 0)
(1.12512 0.0109948 0)
(1.12479 0.0092715 0)
(1.12448 0.00756432 0)
(1.12423 0.00587011 0)
(1.12403 0.00418589 0)
(1.1239 0.00250873 0)
(1.12383 0.000835775 0)
(0.979091 0.0668674 0)
(1.02376 0.0608994 0)
(1.05309 0.0557844 0)
(1.07257 0.052138 0)
(1.08584 0.0488834 0)
(1.09537 0.0460921 0)
(1.10257 0.0435218 0)
(1.1082 0.0411183 0)
(1.1127 0.0388318 0)
(1.11628 0.0366369 0)
(1.11912 0.0345175 0)
(1.12131 0.0324621 0)
(1.12296 0.0304618 0)
(1.12415 0.02851 0)
(1.12496 0.0266009 0)
(1.12546 0.0247298 0)
(1.12571 0.0228924 0)
(1.12576 0.0210854 0)
(1.12567 0.0193054 0)
(1.12546 0.0175497 0)
(1.12518 0.0158156 0)
(1.12485 0.0141008 0)
(1.1245 0.0124029 0)
(1.12416 0.0107198 0)
(1.12383 0.00904938 0)
(1.12353 0.00738963 0)
(1.12328 0.00573856 0)
(1.12309 0.0040942 0)
(1.12295 0.00245462 0)
(1.12289 0.000817887 0)
(0.975069 0.057679 0)
(1.02089 0.0523943 0)
(1.05095 0.0482742 0)
(1.07086 0.0455314 0)
(1.08438 0.0431442 0)
(1.09406 0.0411234 0)
(1.10134 0.0392348 0)
(1.10703 0.0374247 0)
(1.11156 0.0356523 0)
(1.11518 0.0339018 0)
(1.11803 0.0321663 0)
(1.12025 0.0304419 0)
(1.12191 0.0287273 0)
(1.12312 0.0270219 0)
(1.12395 0.0253254 0)
(1.12446 0.0236378 0)
(1.12472 0.021959 0)
(1.12478 0.020289 0)
(1.1247 0.0186277 0)
(1.1245 0.0169748 0)
(1.12422 0.0153302 0)
(1.1239 0.0136934 0)
(1.12356 0.0120638 0)
(1.12322 0.0104409 0)
(1.1229 0.00882402 0)
(1.12261 0.00721232 0)
(1.12236 0.00560497 0)
(1.12217 0.00400106 0)
(1.12204 0.00239964 0)
(1.12197 0.000799712 0)
(0.971435 0.0484527 0)
(1.01853 0.0438627 0)
(1.04934 0.040734 0)
(1.06965 0.0389021 0)
(1.08339 0.0373857 0)
(1.09316 0.0361407 0)
(1.10047 0.0349377 0)
(1.10617 0.0337235 0)
(1.11069 0.032467 0)
(1.1143 0.0311625 0)
(1.11715 0.0298115 0)
(1.11936 0.0284186 0)
(1.12102 0.0269899 0)
(1.12222 0.025531 0)
(1.12304 0.0240472 0)
(1.12355 0.0225432 0)
(1.12381 0.021023 0)
(1.12387 0.0194901 0)
(1.12379 0.0179475 0)
(1.12359 0.0163976 0)
(1.12332 0.0148425 0)
(1.123 0.0132838 0)
(1.12266 0.0117228 0)
(1.12232 0.0101604 0)
(1.12199 0.00859719 0)
(1.12171 0.00703378 0)
(1.12146 0.00547041 0)
(1.12127 0.00390722 0)
(1.12114 0.00234424 0)
(1.12107 0.000781394 0)
(0.968179 0.0392536 0)
(1.01666 0.0353597 0)
(1.04825 0.0332152 0)
(1.06896 0.032295 0)
(1.08286 0.0316476 0)
(1.09267 0.0311789 0)
(1.09997 0.030661 0)
(1.10562 0.0300413 0)
(1.1101 0.0292992 0)
(1.11367 0.0284387 0)
(1.11647 0.0274703 0)
(1.11864 0.026407 0)
(1.12027 0.0252624 0)
(1.12145 0.0240484 0)
(1.12225 0.0227758 0)
(1.12274 0.021454 0)
(1.12299 0.0200913 0)
(1.12304 0.0186946 0)
(1.12294 0.0172699 0)
(1.12273 0.0158224 0)
(1.12246 0.0143563 0)
(1.12213 0.0128754 0)
(1.12179 0.0113825 0)
(1.12145 0.00988024 0)
(1.12112 0.00837063 0)
(1.12083 0.00685539 0)
(1.12059 0.00533593 0)
(1.12039 0.00381341 0)
(1.12026 0.00228884 0)
(1.1202 0.000763078 0)
(0.965288 0.0301445 0)
(1.01529 0.0269419 0)
(1.04769 0.0257708 0)
(1.06877 0.0257555 0)
(1.0828 0.02597 0)
(1.0926 0.0262739 0)
(1.09983 0.0264354 0)
(1.10539 0.0264047 0)
(1.10978 0.026172 0)
(1.11326 0.0257505 0)
(1.116 0.0251599 0)
(1.1181 0.024422 0)
(1.11968 0.0235575 0)
(1.12081 0.022585 0)
(1.12157 0.0215205 0)
(1.12203 0.0203784 0)
(1.12224 0.0191709 0)
(1.12227 0.0179084 0)
(1.12216 0.0166 0)
(1.12193 0.0152534 0)
(1.12164 0.0138752 0)
(1.12131 0.012471 0)
(1.12096 0.0110455 0)
(1.12061 0.00960272 0)
(1.12028 0.00814609 0)
(1.11998 0.00667853 0)
(1.11973 0.00520256 0)
(1.11954 0.00372037 0)
(1.11941 0.00223389 0)
(1.11934 0.000744906 0)
(0.962742 0.021188 0)
(1.0144 0.018669 0)
(1.04764 0.018455 0)
(1.06908 0.019329 0)
(1.0832 0.0203941 0)
(1.09294 0.0214616 0)
(1.10004 0.0222916 0)
(1.10547 0.0228405 0)
(1.10973 0.0231085 0)
(1.11309 0.0231176 0)
(1.11572 0.0228973 0)
(1.11773 0.022478 0)
(1.11923 0.0218878 0)
(1.12029 0.0211515 0)
(1.12099 0.0202907 0)
(1.12141 0.0193243 0)
(1.12158 0.0182685 0)
(1.12158 0.0171373 0)
(1.12143 0.0159427 0)
(1.12119 0.0146949 0)
(1.12088 0.0134028 0)
(1.12053 0.0120738 0)
(1.12016 0.0107143 0)
(1.1198 0.00932989 0)
(1.11946 0.00792528 0)
(1.11916 0.00650457 0)
(1.11891 0.00507134 0)
(1.11871 0.0036288 0)
(1.11857 0.00217981 0)
(1.1185 0.000727021 0)
(0.960541 0.0124557 2.70975e-28)
(1.01398 0.010598 0)
(1.04808 0.0113246 0)
(1.0699 0.013061 0)
(1.08405 0.0149629 -3.67574e-29)
(1.09368 0.0167779 5.00636e-30)
(1.10061 0.0182605 3.45532e-29)
(1.10585 0.0193757 2.17435e-28)
(1.10994 0.0201317 0)
(1.11314 0.0205598 0)
(1.11563 0.0206995 0)
(1.11753 0.0205897 0)
(1.11892 0.0202657 0)
(1.1199 0.0197585 -8.99684e-29)
(1.12053 0.0190952 3.69026e-28)
(1.12088 0.0182993 0)
(1.121 0.0173908 1.77908e-28)
(1.12095 0.016387 0)
(1.12077 0.0153029 0)
(1.12049 0.0141511 0)
(1.12015 0.0129426 7.72321e-28)
(1.11978 0.0116867 -4.6298e-28)
(1.1194 0.0103914 1.22154e-28)
(1.11902 0.00906383 0)
(1.11867 0.00770987 -1.45101e-28)
(1.11836 0.00633481 1.25841e-28)
(1.1181 0.00494328 0)
(1.1179 0.00353942 -8.30376e-28)
(1.11776 0.00212701 0)
(1.11769 0.000709558 0)
(0.958745 0.00402426 -2.7097e-28)
(1.01397 0.00279136 0)
(1.04901 0.00443235 0)
(1.07119 0.00699719 0)
(1.08534 0.0097196 3.67574e-29)
(1.09481 0.0122576 -5.00636e-30)
(1.10152 0.0143733 -3.45532e-29)
(1.10653 0.0160368 -2.17435e-28)
(1.1104 0.0172639 0)
(1.11341 0.0180962 0)
(1.11573 0.0185828 0)
(1.11748 0.018771 0)
(1.11875 0.018703 0)
(1.11962 0.0184163 8.99684e-29)
(1.12016 0.017943 -3.69026e-28)
(1.12044 0.017311 0)
(1.1205 0.0165442 -1.77908e-28)
(1.12039 0.0156631 0)
(1.12016 0.0146853 0)
(1.11985 0.0136259 0)
(1.11948 0.0124979 -7.72321e-28)
(1.11908 0.0113125 4.6298e-28)
(1.11867 0.0100793 -1.22154e-28)
(1.11828 0.00880651 0)
(1.11791 0.00750149 1.45101e-28)
(1.11759 0.00617055 -1.25841e-28)
(1.11732 0.00481933 0)
(1.11711 0.00345289 8.30376e-28)
(1.11697 0.00207589 0)
(1.1169 0.000692652 0)
(0.957315 -0.00406167 0)
(1.01436 -0.00465622 0)
(1.05042 -0.00218806 0)
(1.07293 0.00118647 0)
(1.08706 0.00470213 0)
(1.09632 0.00793595 0)
(1.10276 0.0106604 0)
(1.10749 0.0128495 0)
(1.1111 0.0145273 0)
(1.11388 0.0157457 0)
(1.11601 0.0165633 0)
(1.11759 0.0170354 0)
(1.11872 0.0172115 0)
(1.11946 0.0171348 0)
(1.1199 0.0168425 0)
(1.12008 0.0163667 0)
(1.12006 0.0157349 0)
(1.11989 0.0149707 0)
(1.11961 0.0140943 0)
(1.11925 0.0131232 0)
(1.11884 0.0120721 0)
(1.11841 0.0109541 0)
(1.11798 0.00978013 0)
(1.11756 0.00855985 0)
(1.11718 0.00730168 0)
(1.11684 0.00601301 0)
(1.11656 0.00470043 0)
(1.11634 0.00336989 0)
(1.11619 0.00202685 0)
(1.11612 0.000676431 0)
(0.956167 -0.0117709 0)
(1.01519 -0.0117043 0)
(1.05232 -0.00847461 0)
(1.07513 -0.00431357 0)
(1.08919 -4.83728e-05 0)
(1.09819 0.00384865 0)
(1.10431 0.00715189 0)
(1.10872 0.00983929 0)
(1.11204 0.0119432 0)
(1.11456 0.0135263 0)
(1.11646 0.0146562 0)
(1.11785 0.0153961 0)
(1.11881 0.0158022 0)
(1.11941 0.0159233 0)
(1.11973 0.0158016 0)
(1.11981 0.0154731 0)
(1.1197 0.0149687 0)
(1.11946 0.0143149 0)
(1.11911 0.0135343 0)
(1.1187 0.0126466 0)
(1.11825 0.0116683 0)
(1.11778 0.0106141 0)
(1.11731 0.00949622 0)
(1.11687 0.00832569 0)
(1.11647 0.00711195 0)
(1.11611 0.00586339 0)
(1.11582 0.00458749 0)
(1.11559 0.00329103 0)
(1.11544 0.00198025 0)
(1.11536 0.000661018 0)
(0.955318 -0.019008 0)
(1.01646 -0.0183095 0)
(1.05464 -0.0143627 0)
(1.07775 -0.00945473 0)
(1.0917 -0.00448878 0)
(1.10041 3.13114e-05 0)
(1.10616 0.00387781 0)
(1.11021 0.0070301 0)
(1.11319 0.00953199 0)
(1.11542 0.0114552 0)
(1.11707 0.012876 0)
(1.11824 0.0138653 0)
(1.11902 0.0144855 0)
(1.11946 0.0147909 0)
(1.11964 0.014828 0)
(1.11961 0.0146368 0)
(1.11941 0.0142512 0)
(1.11908 0.0137004 0)
(1.11866 0.0130093 0)
(1.11819 0.0121995 0)
(1.11769 0.0112894 0)
(1.11718 0.0102948 0)
(1.11668 0.00922962 0)
(1.11621 0.00810573 0)
(1.11578 0.00693368 0)
(1.11541 0.00572278 0)
(1.1151 0.00448133 0)
(1.11486 0.0032169 0)
(1.1147 0.00193645 0)
(1.11462 0.000646528 0)
(0.954802 -0.025723 0)
(1.01811 -0.0244173 0)
(1.05736 -0.0197977 0)
(1.08077 -0.0141928 0)
(1.09458 -0.00857817 0)
(1.10294 -0.00348327 0)
(1.10828 0.000864694 0)
(1.11193 0.00444574 0)
(1.11455 0.00731317 0)
(1.11645 0.00954861 0)
(1.11782 0.0112365 0)
(1.11876 0.0124544 0)
(1.11933 0.0132711 0)
(1.11961 0.0137456 0)
(1.11964 0.0139288 0)
(1.11948 0.0138637 0)
(1.11917 0.0135875 0)
(1.11875 0.0131316 0)
(1.11826 0.0125231 0)
(1.11772 0.0117853 0)
(1.11716 0.0109381 0)
(1.11661 0.00999878 0)
(1.11607 0.00898226 0)
(1.11557 0.00790159 0)
(1.11512 0.0067682 0)
(1.11472 0.00559223 0)
(1.1144 0.00438276 0)
(1.11415 0.00314806 0)
(1.11398 0.00189576 0)
(1.1139 0.00063307 0)
(0.954639 -0.0318797 0)
(1.02012 -0.0299755 0)
(1.06046 -0.0247291 0)
(1.08415 -0.018484 0)
(1.09779 -0.0122789 0)
(1.10576 -0.00666369 0)
(1.11066 -0.00186137 0)
(1.11387 0.00210795 0)
(1.11608 0.00530428 0)
(1.11764 0.00782143 0)
(1.11871 0.00974993 0)
(1.11939 0.0111741 0)
(1.11975 0.0121679 0)
(1.11983 0.0127952 0)
(1.11971 0.0131102 0)
(1.11941 0.0131594 0)
(1.11899 0.0129823 0)
(1.11847 0.0126125 0)
(1.1179 0.0120791 0)
(1.11729 0.0114068 0)
(1.11667 0.0106169 0)
(1.11607 0.00972798 0)
(1.11549 0.00875594 0)
(1.11495 0.00771476 0)
(1.11447 0.00661672 0)
(1.11405 0.0054727 0)
(1.11371 0.0042925 0)
(1.11345 0.00308502 0)
(1.11327 0.00185851 0)
(1.11319 0.000620746 0)
(0.954855 -0.0374383 0)
(1.02249 -0.0349356 0)
(1.0639 -0.0291091 0)
(1.08786 -0.0222867 0)
(1.10129 -0.0155559 0)
(1.10884 -0.00947901 0)
(1.11326 -0.00427695 0)
(1.116 3.47223e-05 0)
(1.11779 0.00352247 0)
(1.11898 0.00628732 0)
(1.11972 0.00842773 0)
(1.12013 0.0100337 0)
(1.12025 0.011184 0)
(1.12014 0.0119463 0)
(1.11984 0.0123782 0)
(1.1194 0.0125288 0)
(1.11886 0.0124398 0)
(1.11824 0.0121468 0)
(1.11758 0.0116803 0)
(1.11689 0.0110666 0)
(1.11621 0.0103281 0)
(1.11555 0.00948438 0)
(1.11493 0.00855227 0)
(1.11435 0.00754658 0)
(1.11384 0.00648033 0)
(1.1134 0.00536507 0)
(1.11304 0.00421122 0)
(1.11277 0.00302824 0)
(1.11258 0.00182495 0)
(1.11249 0.000609646 0)
(0.955477 -0.0423596 0)
(1.02518 -0.0392527 0)
(1.06765 -0.0328938 0)
(1.09186 -0.0255626 0)
(1.10506 -0.0183771 0)
(1.11216 -0.0119034 0)
(1.11605 -0.00635964 0)
(1.11829 -0.00175511 0)
(1.11963 0.00198179 0)
(1.12043 0.00495784 0)
(1.12084 0.00727979 0)
(1.12095 0.00904155 0)
(1.12083 0.0103262 0)
(1.12051 0.0112049 0)
(1.12004 0.0117378 0)
(1.11945 0.0119762 0)
(1.11877 0.0119637 0)
(1.11804 0.0117376 0)
(1.11729 0.0113297 0)
(1.11652 0.0107672 0)
(1.11577 0.0100738 0)
(1.11506 0.00926971 0)
(1.11439 0.00837272 0)
(1.11378 0.00739828 0)
(1.11323 0.00636004 0)
(1.11277 0.00527014 0)
(1.11239 0.00413952 0)
(1.1121 0.00297816 0)
(1.1119 0.00179535 0)
(1.1118 0.000599855 0)
(0.956535 -0.0466069 0)
(1.0282 -0.0428866 0)
(1.07168 -0.0360439 0)
(1.0961 -0.0282775 0)
(1.10904 -0.0207141 0)
(1.11566 -0.0139137 0)
(1.11901 -0.00808987 0)
(1.12073 -0.00324683 0)
(1.1216 0.00069369 0)
(1.12198 0.00384355 0)
(1.12204 0.0063145 0)
(1.12186 0.00820465 0)
(1.12148 0.00960058 0)
(1.12094 0.0105759 0)
(1.12028 0.0111931 0)
(1.11953 0.0115052 0)
(1.11872 0.0115573 0)
(1.11788 0.0113877 0)
(1.11703 0.0110294 0)
(1.11618 0.0105105 0)
(1.11536 0.00985554 0)
(1.11459 0.00908543 0)
(1.11387 0.00821853 0)
(1.11321 0.0072709 0)
(1.11264 0.0062567 0)
(1.11214 0.00518858 0)
(1.11174 0.00407792 0)
(1.11144 0.00293514 0)
(1.11123 0.00176993 0)
(1.11113 0.000591444 0)
(0.958059 -0.0501459 0)
(1.03152 -0.045802 0)
(1.07594 -0.0385257 0)
(1.10054 -0.030402 0)
(1.1132 -0.0225422 0)
(1.11932 -0.0154903 0)
(1.1221 -0.00945211 0)
(1.12327 -0.00442748 0)
(1.12366 -0.000331253 0)
(1.12362 0.00295266 0)
(1.12331 0.0055387 0)
(1.12282 0.00752875 0)
(1.12217 0.00901188 0)
(1.12141 0.0100636 0)
(1.12056 0.0107479 0)
(1.11965 0.011119 0)
(1.11871 0.0112231 0)
(1.11774 0.0110993 0)
(1.11679 0.0107815 0)
(1.11586 0.0102984 0)
(1.11497 0.00967498 0)
(1.11413 0.00893285 0)
(1.11336 0.00809081 0)
(1.11266 0.00716536 0)
(1.11205 0.00617109 0)
(1.11153 0.00512102 0)
(1.11111 0.0040269 0)
(1.11079 0.00289951 0)
(1.11057 0.00174888 0)
(1.11046 0.000584481 0)
(0.960076 -0.0529441 0)
(1.03514 -0.0479689 0)
(1.0804 -0.0403115 0)
(1.10515 -0.0319127 0)
(1.1175 -0.0238425 0)
(1.12309 -0.0166181 0)
(1.12529 -0.0104349 0)
(1.1259 -0.0052877 0)
(1.12578 -0.00108546 0)
(1.12531 0.00229081 0)
(1.12464 0.00495712 0)
(1.12383 0.0070178 0)
(1.12291 0.00856348 0)
(1.12192 0.00967078 0)
(1.12088 0.0104045 0)
(1.1198 0.0108197 0)
(1.11871 0.010963 0)
(1.11763 0.0108742 0)
(1.11657 0.0105875 0)
(1.11555 0.010132 0)
(1.11459 0.00953321 0)
(1.11369 0.00881295 0)
(1.11286 0.0079904 0)
(1.11212 0.00708239 0)
(1.11148 0.00610379 0)
(1.11093 0.00506792 0)
(1.11048 0.00398682 0)
(1.11014 0.00287153 0)
(1.10992 0.00173234 0)
(1.10981 0.000579012 0)
(0.962606 -0.0549711 0)
(1.03903 -0.0493631 0)
(1.08503 -0.0413801 0)
(1.10986 -0.0327916 0)
(1.12187 -0.0246002 0)
(1.12692 -0.0172856 0)
(1.12853 -0.0110296 0)
(1.12858 -0.00582067 0)
(1.12795 -0.00156343 0)
(1.12704 0.00186246 0)
(1.12599 0.00457345 0)
(1.12486 0.00667489 0)
(1.12368 0.00825805 0)
(1.12246 0.00939977 0)
(1.12122 0.0101651 0)
(1.11997 0.0106092 0)
(1.11874 0.0107788 0)
(1.11753 0.0107138 0)
(1.11637 0.0104486 0)
(1.11526 0.0100126 0)
(1.11422 0.00943124 0)
(1.11325 0.00872661 0)
(1.11238 0.00791807 0)
(1.11159 0.00702262 0)
(1.11091 0.00605534 0)
(1.11033 0.00502972 0)
(1.10986 0.00395801 0)
(1.10951 0.00285143 0)
(1.10927 0.00172048 0)
(1.10915 0.000575091 0)
(0.965663 -0.0561991 0)
(1.04318 -0.049967 0)
(1.08977 -0.0417186 0)
(1.11464 -0.0330296 0)
(1.12629 -0.0248088 0)
(1.13078 -0.0174883 0)
(1.13179 -0.0112331 0)
(1.13127 -0.00602472 0)
(1.13014 -0.00176419 0)
(1.12879 0.00166842 0)
(1.12737 0.00438827 0)
(1.12592 0.00650048 0)
(1.12446 0.00809601 0)
(1.12301 0.00925102 0)
(1.12157 0.0100301 0)
(1.12015 0.0104878 0)
(1.11877 0.0106708 0)
(1.11744 0.0106186 0)
(1.11617 0.0103654 0)
(1.11497 0.00994059 0)
(1.11386 0.00936948 0)
(1.11283 0.00867422 0)
(1.1119 0.00787417 0)
(1.11107 0.00698638 0)
(1.11034 0.006026 0)
(1.10974 0.00500665 0)
(1.10925 0.00394065 0)
(1.10888 0.00283934 0)
(1.10863 0.00171335 0)
(1.1085 0.000572735 0)
(0.969244 -0.0566034 0)
(1.04756 -0.049769 0)
(1.09459 -0.04132 0)
(1.11941 -0.0326221 0)
(1.13068 -0.0244649 0)
(1.13461 -0.0172241 0)
(1.13503 -0.0110441 0)
(1.13395 -0.00589891 0)
(1.13232 -0.00168674 0)
(1.13053 0.00170957 0)
(1.12874 0.00440209 0)
(1.12697 0.00649525 0)
(1.12524 0.00807811 0)
(1.12356 0.00922531 0)
(1.12192 0.0100002 0)
(1.12033 0.0104565 0)
(1.11881 0.0106398 0)
(1.11736 0.0105893 0)
(1.11598 0.0103386 0)
(1.11469 0.00991665 0)
(1.1135 0.00934859 0)
(1.1124 0.00865637 0)
(1.11142 0.00785921 0)
(1.11054 0.00697411 0)
(1.10978 0.00601618 0)
(1.10915 0.00499902 0)
(1.10863 0.00393498 0)
(1.10824 0.00283545 0)
(1.10798 0.00171108 0)
(1.10785 0.000571989 0)
(0.97334 -0.0561653 0)
(1.05215 -0.0487673 0)
(1.09944 -0.0401903 0)
(1.12415 -0.0315778 0)
(1.13501 -0.023578 0)
(1.13839 -0.0165021 0)
(1.13822 -0.010471 0)
(1.13659 -0.00545076 0)
(1.13446 -0.00133775 0)
(1.13225 0.00198018 0)
(1.13009 0.00461017 0)
(1.12801 0.00665525 0)
(1.12601 0.00820108 0)
(1.1241 0.00931999 0)
(1.12227 0.0100734 0)
(1.12051 0.0105134 0)
(1.11885 0.0106846 0)
(1.11727 0.0106249 0)
(1.11579 0.0103673 0)
(1.11441 0.00994013 0)
(1.11314 0.00936805 0)
(1.11198 0.00867265 0)
(1.11094 0.00787289 0)
(1.11002 0.00698558 0)
(1.10922 0.00602568 0)
(1.10856 0.0050067 0)
(1.10802 0.00394091 0)
(1.10761 0.00283967 0)
(1.10734 0.0017136 0)
(1.10721 0.000572829 0)
(0.977919 -0.0548692 0)
(1.05689 -0.046963 0)
(1.10426 -0.0383366 0)
(1.12878 -0.0299046 0)
(1.13921 -0.0221545 0)
(1.14204 -0.0153276 0)
(1.1413 -0.00951843 0)
(1.13913 -0.00468288 0)
(1.13653 -0.00071902 0)
(1.13391 0.00247846 0)
(1.13139 0.00501165 0)
(1.12901 0.00698011 0)
(1.12675 0.00846494 0)
(1.12462 0.00953535 0)
(1.12259 0.0102501 0)
(1.12068 0.0106593 0)
(1.11887 0.0108057 0)
(1.11718 0.0107262 0)
(1.11559 0.0104523 0)
(1.11413 0.0100118 0)
(1.11278 0.00942853 0)
(1.11156 0.00872369 0)
(1.11046 0.00791579 0)
(1.10949 0.0070213 0)
(1.10866 0.00605495 0)
(1.10796 0.00503005 0)
(1.1074 0.00395873 0)
(1.10698 0.00285223 0)
(1.1067 0.00172108 0)
(1.10656 0.000575312 0)
(0.982945 -0.0527149 0)
(1.06176 -0.0443777 0)
(1.10903 -0.0357906 0)
(1.13329 -0.027636 0)
(1.14326 -0.0202257 0)
(1.14556 -0.013729 0)
(1.14427 -0.00821065 0)
(1.14159 -0.00361604 0)
(1.13853 0.000151558 0)
(1.13551 0.00318953 0)
(1.13265 0.00559409 0)
(1.12997 0.00745935 0)
(1.12747 0.00886093 0)
(1.12512 0.00986406 0)
(1.12291 0.0105243 0)
(1.12083 0.010889 0)
(1.11889 0.010999 0)
(1.11707 0.0108894 0)
(1.11539 0.0105906 0)
(1.11383 0.010129 0)
(1.11241 0.00952797 0)
(1.11113 0.00880778 0)
(1.10998 0.00798648 0)
(1.10897 0.00708011 0)
(1.1081 0.00610305 0)
(1.10737 0.00506834 0)
(1.10678 0.00398789 0)
(1.10635 0.00287273 0)
(1.10605 0.00173324 0)
(1.10591 0.000579342 0)
(0.988352 -0.0496975 0)
(1.06668 -0.0410213 0)
(1.11366 -0.0325672 0)
(1.13756 -0.0247843 0)
(1.14707 -0.0178005 0)
(1.14885 -0.0117117 0)
(1.14704 -0.00655081 0)
(1.14388 -0.00225137 0)
(1.14039 0.00127465 0)
(1.13699 0.00411453 0)
(1.13381 0.00635944 0)
(1.13086 0.00809531 0)
(1.12812 0.00939163 0)
(1.12556 0.0103088 0)
(1.12318 0.0108986 0)
(1.12095 0.0112052 0)
(1.11887 0.011267 0)
(1.11694 0.011117 0)
(1.11516 0.0107843 0)
(1.11352 0.0102939 0)
(1.11203 0.00966816 0)
(1.11068 0.00892652 0)
(1.10948 0.00808637 0)
(1.10842 0.00716321 0)
(1.10752 0.006171 0)
(1.10676 0.0051224 0)
(1.10615 0.00402901 0)
(1.1057 0.00290163 0)
(1.10539 0.00175041 0)
(1.10524 0.00058504 0)
(0.99408 -0.045854 0)
(1.07163 -0.0369555 0)
(1.11814 -0.0287396 0)
(1.14162 -0.0214218 0)
(1.15067 -0.0149456 0)
(1.15194 -0.00933497 0)
(1.14965 -0.00458943 0)
(1.14604 -0.00063156 0)
(1.14214 0.0026131 0)
(1.1384 0.00522175 0)
(1.13491 0.00728114 0)
(1.1317 0.00886551 0)
(1.12873 0.010038 0)
(1.12598 0.0108534 0)
(1.12342 0.0113591 0)
(1.12105 0.011596 0)
(1.11884 0.0115995 0)
(1.1168 0.0114005 0)
(1.11492 0.0110262 0)
(1.1132 0.0105003 0)
(1.11164 0.00984384 0)
(1.11023 0.00907546 0)
(1.10898 0.00821173 0)
(1.10788 0.00726753 0)
(1.10694 0.00625629 0)
(1.10616 0.00519024 0)
(1.10553 0.00408061 0)
(1.10505 0.00293787 0)
(1.10474 0.0017719 0)
(1.10458 0.000592155 0)
(1.00003 -0.0411793 0)
(1.0765 -0.0321803 0)
(1.12235 -0.0243074 0)
(1.14533 -0.0175423 0)
(1.1539 -0.0116496 0)
(1.15471 -0.00658483 0)
(1.15198 -0.00230857 0)
(1.14795 0.00126052 0)
(1.1437 0.00418317 0)
(1.13964 0.00652884 0)
(1.13588 0.00837515 0)
(1.13242 0.00978486 0)
(1.12924 0.0108137 0)
(1.12631 0.0115105 0)
(1.12359 0.0119175 0)
(1.12108 0.0120718 0)
(1.11876 0.0120059 0)
(1.11661 0.0117481 0)
(1.11464 0.0113236 0)
(1.11285 0.0107546 0)
(1.11121 0.0100607 0)
(1.10975 0.00925954 0)
(1.10845 0.00836681 0)
(1.10731 0.00739666 0)
(1.10633 0.0063619 0)
(1.10552 0.00527425 0)
(1.10487 0.00414451 0)
(1.10438 0.00298277 0)
(1.10406 0.00179857 0)
(1.1039 0.000601009 0)
(1.00612 -0.0357906 0)
(1.08129 -0.0268407 0)
(1.12636 -0.0194242 0)
(1.14878 -0.0132936 0)
(1.15688 -0.00804899 0)
(1.15727 -0.00358108 0)
(1.15412 0.000188937 0)
(1.14973 0.00333431 0)
(1.14515 0.00590596 0)
(1.1408 0.00796912 0)
(1.13678 0.00958427 0)
(1.1331 0.0108042 0)
(1.12972 0.0116765 0)
(1.12661 0.0122434 0)
(1.12375 0.0125421 0)
(1.1211 0.0126055 0)
(1.11867 0.0124627 0)
(1.11642 0.0121396 0)
(1.11437 0.0116591 0)
(1.11249 0.0110418 0)
(1.1108 0.0103059 0)
(1.10928 0.00946787 0)
(1.10793 0.00854243 0)
(1.10675 0.00754294 0)
(1.10574 0.00648156 0)
(1.1049 0.00536946 0)
(1.10423 0.00421693 0)
(1.10373 0.00303364 0)
(1.10339 0.00182871 0)
(1.10323 0.000610982 0)
(1.01224 -0.0296247 0)
(1.08581 -0.0208634 0)
(1.12992 -0.0140093 0)
(1.15173 -0.00858713 0)
(1.15937 -0.00405272 0)
(1.15937 -0.000230982 0)
(1.15588 0.00298547 0)
(1.15118 0.0056651 0)
(1.14633 0.00785563 0)
(1.14172 0.00960776 0)
(1.13748 0.0109672 0)
(1.1336 0.0119761 0)
(1.13005 0.0126733 0)
(1.12679 0.0130941 0)
(1.12379 0.01327 0)
(1.12103 0.0132297 0)
(1.11848 0.0129988 0)
(1.11615 0.0126004 0)
(1.11401 0.012055 0)
(1.11207 0.0113814 0)
(1.11031 0.0105964 0)
(1.10874 0.00971494 0)
(1.10735 0.00875091 0)
(1.10613 0.00771673 0)
(1.10509 0.00662382 0)
(1.10423 0.00548269 0)
(1.10354 0.00430309 0)
(1.10302 0.00309418 0)
(1.10268 0.0018647 0)
(1.1025 0.00062294 0)
(1.01826 -0.022995 0)
(1.09016 -0.0145877 0)
(1.13326 -0.008402 0)
(1.15444 -0.00374557 0)
(1.16164 4.75674e-05 0)
(1.16129 0.00320094 0)
(1.1575 0.00584699 0)
(1.15253 0.0080536 0)
(1.14742 0.00985731 0)
(1.14259 0.0112928 0)
(1.13815 0.0123921 0)
(1.13409 0.013186 0)
(1.13037 0.0137045 0)
(1.12697 0.0139757 0)
(1.12384 0.0140258 0)
(1.12097 0.013879 0)
(1.11832 0.0135573 0)
(1.1159 0.0130809 0)
(1.11369 0.0124684 0)
(1.11168 0.0117364 0)
(1.10987 0.0109001 0)
(1.10824 0.00997355 0)
(1.10681 0.00896924 0)
(1.10556 0.00789881 0)
(1.10449 0.0067729 0)
(1.1036 0.00560137 0)
(1.10289 0.0043934 0)
(1.10236 0.00315763 0)
(1.10201 0.00190228 0)
(1.10183 0.000635359 0)
(1.02414 -0.0155944 0)
(1.09405 -0.00768062 0)
(1.13598 -0.00226193 0)
(1.15645 0.00157311 0)
(1.16324 0.00457414 0)
(1.1626 0.00701258 0)
(1.1586 0.00904907 0)
(1.15343 0.0107476 0)
(1.14814 0.0121316 0)
(1.14314 0.0132209 0)
(1.13853 0.0140332 0)
(1.13432 0.014588 0)
(1.13048 0.0149061 0)
(1.12695 0.0150084 0)
(1.12371 0.0149151 0)
(1.12074 0.014646 0)
(1.11801 0.0142194 0)
(1.11551 0.0136525 0)
(1.11323 0.0129614 0)
(1.11116 0.0121606 0)
(1.10929 0.0112639 0)
(1.10762 0.0102837 0)
(1.10615 0.00923144 0)
(1.10487 0.00811769 0)
(1.10377 0.00695226 0)
(1.10286 0.00574425 0)
(1.10213 0.00450218 0)
(1.10159 0.00323412 0)
(1.10123 0.00194778 0)
(1.10105 0.0006505 0)
(1.0296 -0.008255 0)
(1.09772 -0.000992593 0)
(1.13854 0.00359861 0)
(1.15837 0.00661411 0)
(1.16478 0.00883613 0)
(1.1639 0.0105881 0)
(1.15969 0.012048 0)
(1.15434 0.0132687 0)
(1.14888 0.01426 0)
(1.14372 0.0150258 0)
(1.13897 0.0155704 0)
(1.13462 0.0159023 0)
(1.13065 0.0160335 0)
(1.12701 0.015978 0)
(1.12367 0.0157509 0)
(1.1206 0.0153674 0)
(1.11779 0.0148426 0)
(1.11522 0.0141909 0)
(1.11287 0.013426 0)
(1.11075 0.0125607 0)
(1.10883 0.0116072 0)
(1.10712 0.0105765 0)
(1.10561 0.009479 0)
(1.10429 0.00832442 0)
(1.10317 0.0071217 0)
(1.10224 0.00587925 0)
(1.1015 0.00460497 0)
(1.10094 0.00330635 0)
(1.10057 0.00199053 0)
(1.10038 0.000664593 0)
(1.03488 0.000110051 0)
(1.10078 0.0065812 0)
(1.14019 0.0102749 0)
(1.15929 0.0123943 0)
(1.16537 0.0137731 0)
(1.16434 0.0147844 0)
(1.16004 0.0156128 0)
(1.15462 0.0163021 0)
(1.14908 0.0168495 0)
(1.14382 0.0172441 0)
(1.13898 0.0174769 0)
(1.13454 0.0175456 0)
(1.13047 0.0174532 0)
(1.12674 0.0172069 0)
(1.12332 0.0168161 0)
(1.12018 0.0162915 0)
(1.1173 0.0156443 0)
(1.11466 0.014886 0)
(1.11226 0.0140278 0)
(1.11008 0.0130804 0)
(1.10812 0.012054 0)
(1.10637 0.0109583 0)
(1.10483 0.00980241 0)
(1.10348 0.00859482 0)
(1.10234 0.00734355 0)
(1.10139 0.00605615 0)
(1.10063 0.00473976 0)
(1.10006 0.00340117 0)
(1.09968 0.002047 0)
(1.09949 0.00068342 0)
(1.03933 0.00723356 0)
(1.10349 0.0128727 0)
(1.14188 0.0157208 0)
(1.16045 0.0170385 0)
(1.16626 0.0176991 0)
(1.16508 0.0180964 0)
(1.16068 0.0184102 0)
(1.15516 0.0186727 0)
(1.14952 0.0188673 0)
(1.14417 0.0189688 0)
(1.13922 0.0189567 0)
(1.13469 0.0188194 0)
(1.13053 0.0185528 0)
(1.12672 0.0181581 0)
(1.12322 0.0176401 0)
(1.12001 0.017006 0)
(1.11706 0.0162641 0)
(1.11437 0.0154233 0)
(1.11192 0.0144929 0)
(1.10969 0.013482 0)
(1.10769 0.0123993 0)
(1.10591 0.0112534 0)
(1.10433 0.0100524 0)
(1.10297 0.00880381 0)
(1.1018 0.00751503 0)
(1.10083 0.0061929 0)
(1.10006 0.00484395 0)
(1.09948 0.00347442 0)
(1.0991 0.00209026 0)
(1.0989 0.00069763 0)
(1.04393 0.0165715 0)
(1.10552 0.0211547 0)
(1.14236 0.0229729 0)
(1.1602 0.023342 0)
(1.16577 0.0231484 0)
(1.16457 0.0227977 0)
(1.16022 0.0224656 0)
(1.15474 0.0221752 0)
(1.14912 0.0218981 0)
(1.14376 0.0215968 0)
(1.13879 0.0212398 0)
(1.13421 0.0208061 0)
(1.13 0.0202837 0)
(1.12613 0.0196675 0)
(1.12257 0.018957 0)
(1.1193 0.0181549 0)
(1.1163 0.0172658 0)
(1.11356 0.0162957 0)
(1.11106 0.0152511 0)
(1.10879 0.0141387 0)
(1.10675 0.0129656 0)
(1.10494 0.0117384 0)
(1.10333 0.0104639 0)
(1.10194 0.00914849 0)
(1.10075 0.00779819 0)
(1.09976 0.00641891 0)
(1.09898 0.00501629 0)
(1.09839 0.00359573 0)
(1.098 0.00216259 0)
(1.0978 0.000721771 0)
(1.04663 0.021841 0)
(1.10706 0.025675 0)
(1.14325 0.0268215 0)
(1.16076 0.0266095 0)
(1.16618 0.0259192 0)
(1.16492 0.0251504 0)
(1.16053 0.0244693 0)
(1.15502 0.0238884 0)
(1.14935 0.0233688 0)
(1.14394 0.0228639 0)
(1.13891 0.022335 0)
(1.13428 0.0217551 0)
(1.13002 0.0211078 0)
(1.1261 0.0203841 0)
(1.12249 0.0195807 0)
(1.11918 0.018698 0)
(1.11614 0.0177387 0)
(1.11336 0.016707 0)
(1.11083 0.0156081 0)
(1.10854 0.0144478 0)
(1.10647 0.0132319 0)
(1.10463 0.0119664 0)
(1.10301 0.0106574 0)
(1.1016 0.00931041 0)
(1.1004 0.00793119 0)
(1.0994 0.00652506 0)
(1.0986 0.00509722 0)
(1.09801 0.00365265 0)
(1.09761 0.00219613 0)
(1.09742 0.000732725 0)
(1.05098 0.0331238 0)
(1.10827 0.0354913 0)
(1.14261 0.0354024 0)
(1.15933 0.0341493 0)
(1.16458 0.0325448 0)
(1.16343 0.0309705 0)
(1.15922 0.0295781 0)
(1.15387 0.0283705 0)
(1.14832 0.0273008 0)
(1.14297 0.0263139 0)
(1.13796 0.0253627 0)
(1.13332 0.0244129 0)
(1.12902 0.023441 0)
(1.12506 0.0224322 0)
(1.12141 0.0213779 0)
(1.11804 0.0202739 0)
(1.11495 0.0191187 0)
(1.11213 0.0179134 0)
(1.10955 0.01666 0)
(1.10721 0.0153615 0)
(1.10511 0.0140216 0)
(1.10323 0.0126443 0)
(1.10157 0.0112336 0)
(1.10014 0.0097937 0)
(1.09891 0.00832869 0)
(1.09789 0.00684265 0)
(1.09708 0.00533956 0)
(1.09648 0.00382333 0)
(1.09608 0.00229784 0)
(1.09587 0.000766634 0)
(0.957915 -0.00977601 1.29717e-19)
(0.957644 -0.0106253 4.12193e-20)
(0.958161 -0.0110881 -1.87846e-19)
(0.959471 -0.011087 8.98103e-20)
(0.961566 -0.010547 -1.73095e-19)
(0.964435 -0.00939674 3.28625e-19)
(0.968058 -0.0075763 -3.68609e-19)
(0.972383 -0.00503685 2.79245e-19)
(0.97738 -0.00176159 -2.36114e-19)
(0.98314 0.00221368 1.47376e-19)
(0.989547 0.00686706 9.85524e-20)
(0.996208 0.0123632 -2.95317e-19)
(1.00303 0.0188422 2.89854e-19)
(1.01 0.0261715 1.88581e-19)
(1.01699 0.0342694 -2.88391e-19)
(1.02388 0.0430729 -1.57737e-22)
(1.03062 0.0524959 -1.1469e-19)
(1.03714 0.0624165 8.15066e-20)
(1.04329 0.0727087 -1.10622e-19)
(1.04889 0.0832511 2.37691e-19)
(1.05382 0.0939051 1.35427e-19)
(1.05798 0.104521 -1.1865e-19)
(1.06127 0.114944 -1.18689e-19)
(1.06362 0.125023 -1.37178e-19)
(1.065 0.134611 1.03117e-19)
(1.06538 0.143571 9.34464e-21)
(1.06475 0.151779 6.66007e-20)
(1.06314 0.159127 6.6251e-20)
(1.0606 0.165526 -1.22333e-19)
(1.05719 0.170908 4.61611e-22)
(1.05297 0.175223 6.4466e-20)
(1.04803 0.178442 -2.2299e-20)
(1.04247 0.180554 4.09709e-20)
(1.03637 0.181563 -1.79272e-20)
(1.02983 0.18149 -4.30433e-20)
(1.02295 0.180366 2.6564e-20)
(1.01581 0.178231 2.73688e-20)
(1.00848 0.175135 -2.64867e-20)
(1.00105 0.171131 -3.66993e-20)
(0.993576 0.166278 5.47402e-20)
(0.986114 0.160638 -2.64795e-20)
(0.978715 0.154274 1.75324e-20)
(0.971424 0.147251 -2.86726e-20)
(0.964276 0.139634 2.19954e-20)
(0.957299 0.131488 -1.12983e-20)
(0.950514 0.122879 -3.79748e-21)
(0.943937 0.113873 1.9807e-21)
(0.937576 0.104537 1.68327e-21)
(0.931433 0.0949369 2.74082e-21)
(0.925507 0.0851401 -2.53425e-21)
(0.91979 0.075214 8.90821e-21)
(0.914272 0.0652261 -1.57045e-20)
(0.908942 0.0552437 -3.21491e-21)
(0.90379 0.0453338 1.839e-20)
(0.898811 0.0355622 7.24359e-22)
(0.894003 0.0259924 -3.78525e-21)
(0.88937 0.0166808 1.21169e-20)
(0.884874 0.00767668 7.78074e-22)
(0.880508 -0.000969459 -1.13344e-20)
(0.876447 -0.00920298 -1.64277e-20)
(0.872757 -0.0170257 7.42982e-21)
(0.869397 -0.0243839 8.70227e-21)
(0.866442 -0.0312361 -1.08375e-20)
(0.863994 -0.0375508 7.17979e-21)
(0.862139 -0.0432946 -4.88942e-21)
(0.860959 -0.0484306 3.08017e-21)
(0.860529 -0.0529187 1.23628e-21)
(0.860911 -0.0567145 3.81018e-21)
(0.862154 -0.0597705 -1.21255e-20)
(0.864287 -0.0620366 9.78082e-21)
(0.867319 -0.063463 -4.50775e-21)
(0.871238 -0.0640033 1.849e-21)
(0.876009 -0.0636153 -2.37946e-21)
(0.881577 -0.0622699 1.19976e-21)
(0.887866 -0.0599419 -1.0858e-23)
(0.894778 -0.0566401 -1.55994e-22)
(0.902215 -0.0523519 -1.78682e-22)
(0.91002 -0.0471631 4.05905e-22)
(0.918126 -0.0410298 5.37986e-22)
(0.926255 -0.0342188 6.20173e-22)
(0.934516 -0.0264827 -1.87059e-21)
(0.942292 -0.0185851 5.87409e-22)
(0.950286 -0.00951213 6.36251e-22)
(0.956872 -0.00152254 -7.24942e-22)
(0.964522 0.00885904 1.17845e-23)
(0.968698 0.014979 2.18013e-23)
(0.976878 0.0278343 1.88971e-23)
(0.800614 -0.00966568 7.22344e-20)
(0.800581 -0.0115189 7.1807e-21)
(0.801502 -0.01302 8.07512e-21)
(0.803375 -0.0140876 2.81735e-19)
(0.806202 -0.014644 -5.97293e-20)
(0.809978 -0.014609 -1.68833e-20)
(0.814687 -0.0139051 -3.43057e-19)
(0.820297 -0.012462 4.18559e-20)
(0.82676 -0.0102308 9.87517e-20)
(0.834004 -0.00717013 -1.26654e-19)
(0.84184 -0.00322192 8.57604e-20)
(0.850239 0.00155575 9.11881e-20)
(0.859385 0.0071129 8.0664e-20)
(0.86911 0.0135096 -1.55488e-19)
(0.879056 0.0208774 3.45786e-19)
(0.889183 0.0292542 -3.35327e-19)
(0.899435 0.0384579 -1.08992e-20)
(0.90967 0.0483563 2.50966e-19)
(0.919684 0.0588427 1.0823e-19)
(0.929312 0.0697938 -3.18252e-19)
(0.938435 0.0810597 5.47552e-20)
(0.946932 0.0924849 1.63581e-19)
(0.95468 0.103907 -1.94932e-19)
(0.961568 0.11516 2.40369e-20)
(0.967501 0.126073 2.01162e-20)
(0.972402 0.136484 -4.97013e-20)
(0.976216 0.146238 4.54384e-20)
(0.978911 0.155194 -1.76166e-20)
(0.980478 0.163229 -8.01221e-20)
(0.980935 0.170241 9.0589e-20)
(0.980317 0.17615 -3.74838e-20)
(0.978682 0.180901 2.21758e-20)
(0.976102 0.18446 -7.06908e-20)
(0.972663 0.186817 6.24095e-21)
(0.968455 0.18798 4.87329e-21)
(0.963577 0.187974 9.78343e-20)
(0.958123 0.186839 -4.77602e-21)
(0.952187 0.184626 -2.23708e-20)
(0.945854 0.181394 2.6367e-20)
(0.939205 0.177207 -2.99433e-20)
(0.932312 0.172137 1.44891e-21)
(0.925238 0.166255 -1.10565e-20)
(0.918037 0.159637 -8.16454e-21)
(0.910753 0.152358 1.48599e-20)
(0.903421 0.144491 8.46326e-21)
(0.896063 0.13611 3.14928e-21)
(0.888697 0.127291 -8.92683e-21)
(0.881329 0.118105 3.01104e-21)
(0.87396 0.108625 5.22874e-22)
(0.866584 0.0989248 -7.15522e-21)
(0.85919 0.0890748 7.62242e-21)
(0.851767 0.079145 6.01838e-23)
(0.844301 0.0692026 -1.55036e-20)
(0.836786 0.0593112 2.75143e-20)
(0.829221 0.0495291 -1.91985e-20)
(0.821617 0.0399055 4.39144e-21)
(0.813999 0.0304793 -6.8921e-21)
(0.806407 0.0212843 5.52199e-21)
(0.798938 0.012347 6.81907e-21)
(0.79168 0.00371734 2.84762e-21)
(0.784654 -0.00456854 -7.64895e-21)
(0.777971 -0.0125686 -6.06455e-21)
(0.771826 -0.0202623 3.27285e-21)
(0.766349 -0.0276093 7.69648e-21)
(0.761657 -0.0345799 4.3073e-21)
(0.757865 -0.0411382 -5.03634e-21)
(0.75508 -0.0472363 7.44773e-21)
(0.753387 -0.0528151 -1.82502e-20)
(0.752853 -0.0578052 1.28356e-20)
(0.753519 -0.0621299 -8.65341e-21)
(0.755403 -0.0657074 3.25811e-21)
(0.758495 -0.0684554 2.10385e-21)
(0.762764 -0.0702945 -1.48394e-21)
(0.768156 -0.0711521 6.00024e-22)
(0.774592 -0.0709682 -1.41543e-21)
(0.781983 -0.0696929 -5.04049e-22)
(0.790204 -0.0673053 5.69272e-22)
(0.79915 -0.0637803 1.6969e-22)
(0.808631 -0.0591687 1.96414e-22)
(0.818591 -0.0534387 -2.25609e-23)
(0.828678 -0.0468009 1.93731e-22)
(0.83908 -0.0390709 -2.84875e-22)
(0.848969 -0.030912 5.21711e-22)
(0.859356 -0.021454 -3.18149e-22)
(0.86797 -0.0128018 -2.01321e-22)
(0.878343 -0.00159672 -3.45069e-22)
(0.883928 0.00536239 9.33829e-23)
(0.895713 0.019809 2.87182e-23)
(0.62368 -0.0122056 9.731e-20)
(0.625443 -0.0152505 -1.29019e-19)
(0.628203 -0.0179431 3.30183e-19)
(0.631971 -0.0201877 -3.83738e-19)
(0.63675 -0.0218866 1.55624e-19)
(0.642529 -0.0229429 8.14514e-20)
(0.649283 -0.0232658 -1.52679e-19)
(0.656975 -0.0227751 2.29166e-19)
(0.665553 -0.0213984 -3.91498e-19)
(0.674951 -0.0190694 3.54102e-19)
(0.685106 -0.0157267 -7.90231e-20)
(0.695943 -0.011253 -1.03053e-19)
(0.707302 -0.0056118 1.62633e-19)
(0.719193 0.00104948 3.96323e-20)
(0.731747 0.00866198 -1.14836e-19)
(0.744621 0.0171787 1.96198e-19)
(0.757411 0.0266675 -3.34667e-19)
(0.770136 0.0370548 1.85863e-19)
(0.782771 0.0480993 -3.20678e-20)
(0.795191 0.0596999 -8.28406e-20)
(0.807236 0.0717384 1.18405e-19)
(0.818765 0.0840538 2.22963e-21)
(0.829646 0.0964683 -1.12671e-19)
(0.839755 0.108796 5.3534e-20)
(0.848978 0.120848 5.69521e-20)
(0.857217 0.132438 -3.69845e-20)
(0.86439 0.143389 -6.92123e-20)
(0.870435 0.153535 -3.48306e-20)
(0.875311 0.162732 3.38631e-20)
(0.879002 0.170855 1.04541e-19)
(0.88151 0.177808 -1.44873e-19)
(0.882861 0.18352 9.2483e-20)
(0.883097 0.187946 -6.56567e-20)
(0.882279 0.191069 1.16571e-19)
(0.880477 0.192895 -5.37809e-21)
(0.877771 0.193449 7.9306e-21)
(0.874245 0.192778 -1.08435e-19)
(0.869983 0.190941 3.79393e-20)
(0.865066 0.188006 -3.16281e-20)
(0.859571 0.184054 1.37468e-20)
(0.853568 0.179168 4.73598e-20)
(0.847117 0.173433 -2.7137e-20)
(0.840269 0.166938 -2.06363e-21)
(0.833063 0.159769 1.6877e-20)
(0.825529 0.152013 -6.44659e-21)
(0.817687 0.143755 -7.47645e-21)
(0.809544 0.135079 4.77622e-21)
(0.801105 0.126068 -3.2339e-21)
(0.792363 0.116801 4.06628e-21)
(0.783314 0.107354 -6.06037e-21)
(0.773951 0.0977982 3.90545e-21)
(0.764275 0.0881986 4.29158e-21)
(0.754295 0.0786107 2.29039e-21)
(0.744038 0.0690796 -4.71783e-21)
(0.733552 0.0596381 -7.73104e-21)
(0.722908 0.0503059 -8.4796e-23)
(0.712203 0.0410904 -4.93652e-21)
(0.701557 0.0319891 7.65335e-21)
(0.691113 0.0229926 9.70575e-21)
(0.681033 0.0140688 -4.97386e-21)
(0.671459 0.00520862 -4.25203e-21)
(0.662581 -0.00354187 1.38466e-20)
(0.654591 -0.0121783 -1.63917e-20)
(0.647625 -0.020677 5.33114e-21)
(0.641807 -0.0289956 6.72284e-21)
(0.637251 -0.0370703 -7.44324e-21)
(0.634042 -0.0448188 1.11757e-22)
(0.632239 -0.0521442 -4.15915e-22)
(0.631875 -0.0589384 -5.09191e-21)
(0.632957 -0.0650866 9.90724e-21)
(0.635468 -0.0704719 -3.74262e-21)
(0.639371 -0.0749791 9.36159e-22)
(0.644609 -0.0784996 -2.44816e-21)
(0.651106 -0.0809345 -1.09959e-21)
(0.658772 -0.0821994 1.33241e-21)
(0.667504 -0.0822247 6.51851e-22)
(0.677174 -0.0809665 -6.75438e-22)
(0.687668 -0.0783897 5.68509e-23)
(0.698797 -0.0745155 5.98607e-22)
(0.710495 -0.0693237 -6.92083e-22)
(0.722413 -0.0629676 -2.90358e-22)
(0.734723 -0.0553301 8.21973e-22)
(0.746576 -0.0469434 -7.56104e-22)
(0.759026 -0.0371231 2.80814e-22)
(0.769579 -0.0277185 -1.05003e-22)
(0.782266 -0.0156604 1.72202e-22)
(0.789319 -0.00763658 1.20474e-22)
(0.804276 0.00859588 1.11221e-23)
(0.442626 -0.0142371 2.0182e-19)
(0.445417 -0.0187286 -2.74748e-19)
(0.449178 -0.0229474 2.73939e-19)
(0.453915 -0.0267782 -1.45565e-19)
(0.459628 -0.0301015 1.78918e-19)
(0.466309 -0.0328025 -7.2102e-20)
(0.473937 -0.0347735 -1.83588e-19)
(0.482482 -0.0359158 -1.27872e-20)
(0.491906 -0.0361402 2.65594e-20)
(0.502162 -0.0353674 2.6481e-19)
(0.513192 -0.0335274 -8.07057e-20)
(0.524932 -0.0305612 -1.65489e-19)
(0.537318 -0.0264349 1.44127e-19)
(0.550289 -0.0211348 -1.14284e-19)
(0.563762 -0.0146078 1.17453e-19)
(0.577558 -0.00690798 -1.45919e-19)
(0.59173 0.00176449 1.22043e-19)
(0.606372 0.0113572 6.76702e-20)
(0.621052 0.021867 -4.83002e-20)
(0.635529 0.033319 -1.25291e-20)
(0.649863 0.0454885 2.9083e-21)
(0.663928 0.05821 8.40179e-20)
(0.677586 0.0713137 -1.0509e-19)
(0.690716 0.0846114 2.03599e-22)
(0.703198 0.0979073 -1.21408e-20)
(0.714917 0.111003 1.34688e-20)
(0.725766 0.123699 2.3324e-20)
(0.735648 0.135805 -4.112e-20)
(0.744481 0.147141 4.72058e-20)
(0.752199 0.157545 9.0314e-21)
(0.758752 0.166876 -1.25604e-20)
(0.76411 0.17502 -4.52993e-20)
(0.768261 0.181889 -1.21573e-20)
(0.771213 0.187426 5.5465e-20)
(0.77299 0.191601 -7.32364e-20)
(0.773627 0.194412 2.07514e-20)
(0.773174 0.195883 -7.93596e-21)
(0.771686 0.196056 6.00732e-20)
(0.769222 0.194995 -4.75706e-20)
(0.765843 0.192775 1.29547e-20)
(0.761607 0.189483 -1.54374e-20)
(0.756567 0.185213 -2.51582e-21)
(0.75077 0.180061 2.20072e-20)
(0.744254 0.17413 5.63183e-22)
(0.737047 0.167519 6.99331e-21)
(0.729172 0.160327 2.93117e-21)
(0.720641 0.152652 -3.62953e-21)
(0.711464 0.144588 -6.35078e-21)
(0.701646 0.136221 2.33452e-21)
(0.691199 0.127631 -5.02195e-21)
(0.680141 0.118886 5.39532e-21)
(0.668505 0.110043 -3.53853e-21)
(0.656346 0.10114 6.09335e-21)
(0.643743 0.092198 -7.01051e-21)
(0.630803 0.0832215 1.0505e-21)
(0.617664 0.0741966 1.162e-20)
(0.604489 0.0650961 -1.66796e-20)
(0.591464 0.0558842 7.49394e-21)
(0.578787 0.0465233 5.12214e-21)
(0.566665 0.0369825 -9.05179e-21)
(0.555298 0.0272435 4.94381e-22)
(0.544875 0.0173075 -1.20972e-21)
(0.535562 0.00721053 1.36782e-20)
(0.5275 -0.00300689 -8.93683e-21)
(0.520795 -0.0132618 -1.23823e-20)
(0.515526 -0.0234784 2.08384e-20)
(0.511753 -0.0335516 -1.41086e-20)
(0.509508 -0.043357 -6.11737e-21)
(0.508797 -0.0527598 1.46762e-20)
(0.509608 -0.0616192 -4.43181e-21)
(0.511911 -0.0697925 -1.61913e-21)
(0.515662 -0.0771388 4.21099e-21)
(0.520805 -0.0835227 -4.26408e-21)
(0.527272 -0.0888177 1.25353e-21)
(0.534986 -0.0929089 3.21884e-22)
(0.543859 -0.0956963 -2.44823e-22)
(0.553795 -0.0970959 -3.4405e-22)
(0.56468 -0.0970465 5.45478e-22)
(0.576406 -0.0955017 2.72648e-22)
(0.588813 -0.0924559 5.4689e-23)
(0.601814 -0.0878927 -1.04417e-22)
(0.615124 -0.0819082 -2.88162e-22)
(0.62883 -0.0744437 8.73263e-22)
(0.642215 -0.0658817 -5.34751e-22)
(0.656139 -0.0557511 3.14354e-22)
(0.668304 -0.0455367 -4.31049e-22)
(0.682567 -0.0326544 -3.35594e-23)
(0.690949 -0.0233187 1.64263e-22)
(0.708195 -0.00523826 -2.65892e-23)
(0.270404 -0.0166644 2.89313e-20)
(0.27398 -0.0225263 3.97917e-20)
(0.278385 -0.0281874 3.49378e-20)
(0.283642 -0.0335364 -1.12773e-19)
(0.289771 -0.0384509 -2.36004e-21)
(0.296772 -0.0428034 -1.33426e-20)
(0.304638 -0.0464691 6.71404e-20)
(0.313349 -0.0493334 -7.14901e-20)
(0.322882 -0.0512946 1.68598e-22)
(0.333208 -0.0522596 -8.0493e-21)
(0.344293 -0.0521449 1.66832e-19)
(0.356096 -0.0508771 -5.77493e-20)
(0.368567 -0.0483966 -1.23043e-19)
(0.381655 -0.044669 1.15952e-19)
(0.395313 -0.0396788 8.34471e-20)
(0.409486 -0.03342 -4.3137e-20)
(0.424095 -0.0259085 -3.3234e-20)
(0.439053 -0.0171278 -1.45651e-20)
(0.454211 -0.00722467 4.39189e-20)
(0.46957 0.00359754 -1.6966e-19)
(0.485049 0.0153423 1.29006e-19)
(0.500395 0.0279231 -5.91394e-20)
(0.515545 0.0411516 9.0963e-20)
(0.530403 0.054859 -4.38611e-20)
(0.54486 0.06886 -3.74624e-20)
(0.558804 0.0829567 -3.76749e-21)
(0.572126 0.0969467 2.14823e-20)
(0.584715 0.110627 2.95336e-20)
(0.596469 0.123798 -2.03977e-20)
(0.607294 0.13627 5.89256e-20)
(0.617104 0.147871 -5.46919e-20)
(0.625828 0.158445 -5.15657e-21)
(0.633405 0.167864 8.33801e-21)
(0.639792 0.176028 -7.46147e-21)
(0.64496 0.182863 5.40381e-20)
(0.648895 0.188331 2.96162e-20)
(0.651595 0.192419 -1.03424e-19)
(0.653069 0.195142 9.79359e-20)
(0.653338 0.196541 -1.1587e-19)
(0.652424 0.196676 3.71365e-20)
(0.650355 0.195625 -1.99143e-20)
(0.647161 0.19348 5.96212e-20)
(0.642868 0.19034 -5.56318e-22)
(0.637501 0.186312 -3.99006e-20)
(0.631082 0.181505 2.26752e-20)
(0.623633 0.176029 -3.7469e-22)
(0.615173 0.169987 -8.69214e-21)
(0.605727 0.163479 7.33629e-21)
(0.595329 0.156591 -1.93496e-21)
(0.584025 0.149397 9.36327e-22)
(0.571883 0.141949 1.23117e-21)
(0.558997 0.134283 -3.11932e-21)
(0.545488 0.126407 2.65515e-21)
(0.531508 0.118311 2.45968e-21)
(0.517238 0.109963 4.44913e-21)
(0.502884 0.101315 -4.4404e-21)
(0.488667 0.0923155 -1.15078e-20)
(0.474814 0.0829097 1.88892e-21)
(0.46155 0.073053 9.67228e-21)
(0.449085 0.0627178 -5.50978e-21)
(0.437608 0.0518994 -1.95583e-22)
(0.427282 0.0406195 4.94143e-21)
(0.418232 0.0289279 -2.41893e-21)
(0.410565 0.0168965 -3.35959e-21)
(0.404371 0.00462497 9.10901e-21)
(0.39965 -0.007756 -7.61075e-21)
(0.396381 -0.0201293 5.33017e-21)
(0.394587 -0.0323586 -1.25029e-21)
(0.394253 -0.0442923 -3.6649e-21)
(0.395344 -0.0557746 3.08767e-22)
(0.397817 -0.0666493 -1.07918e-21)
(0.401626 -0.0767625 2.66565e-21)
(0.406718 -0.0859649 1.89524e-21)
(0.41304 -0.0941145 -4.67534e-22)
(0.420533 -0.101078 -1.50953e-21)
(0.429137 -0.106734 -2.19283e-21)
(0.438786 -0.110972 2.20196e-21)
(0.449408 -0.113699 -7.64863e-22)
(0.460919 -0.11484 2.44605e-22)
(0.473235 -0.114334 4.8952e-23)
(0.486236 -0.112152 -1.67333e-22)
(0.499832 -0.108269 3.16539e-22)
(0.513818 -0.102729 -1.42879e-23)
(0.528186 -0.095507 -1.78588e-22)
(0.542422 -0.0868418 8.05154e-23)
(0.557064 -0.0764588 1.53088e-23)
(0.570297 -0.0654202 -3.42855e-22)
(0.585276 -0.0517659 3.70635e-22)
(0.594704 -0.0408499 -9.65282e-23)
(0.613158 -0.0208985 8.75686e-24)
(0.119398 -0.025978 -6.4311e-20)
(0.123753 -0.0327539 6.75494e-20)
(0.128832 -0.0393776 -1.39883e-19)
(0.134661 -0.0456766 1.9062e-20)
(0.141258 -0.0515143 1.0579e-19)
(0.148632 -0.0567553 -9.43331e-20)
(0.156777 -0.0612621 -3.88101e-20)
(0.165673 -0.0649073 7.38356e-20)
(0.175302 -0.0675871 2.17867e-20)
(0.185648 -0.0692093 2.94673e-22)
(0.196692 -0.0696882 1.5637e-20)
(0.208406 -0.068948 6.98019e-21)
(0.22075 -0.0669291 -8.0436e-20)
(0.233684 -0.0636172 8.00436e-20)
(0.247194 -0.0590145 -9.27386e-22)
(0.261236 -0.0530584 -5.79224e-20)
(0.275733 -0.0457796 -1.56482e-20)
(0.290613 -0.0372181 -3.40187e-20)
(0.305793 -0.0274389 6.16052e-20)
(0.321183 -0.0164856 9.50912e-21)
(0.336708 -0.00454938 -5.65784e-20)
(0.352232 0.00828393 -2.59641e-20)
(0.36766 0.0218831 7.61973e-20)
(0.382922 0.0360302 -2.34765e-20)
(0.397903 0.0505564 4.60806e-20)
(0.412502 0.0652801 -6.46765e-20)
(0.42661 0.0800018 1.58924e-19)
(0.440123 0.0945188 -9.43518e-20)
(0.452931 0.108631 2.53196e-20)
(0.464933 0.122146 -6.56725e-20)
(0.476031 0.134883 3.14269e-20)
(0.486134 0.146683 -2.57547e-20)
(0.495162 0.157408 9.7059e-20)
(0.503044 0.166946 -1.34341e-19)
(0.50972 0.175217 4.94918e-20)
(0.515143 0.182168 4.53877e-20)
(0.519273 0.187778 -4.65612e-20)
(0.522082 0.192053 -1.46038e-20)
(0.523551 0.195028 1.64368e-20)
(0.523668 0.19676 -1.54575e-20)
(0.52243 0.197325 -3.13734e-21)
(0.519837 0.196812 -1.64444e-21)
(0.515898 0.195321 2.31538e-20)
(0.510629 0.192955 -7.4093e-21)
(0.504055 0.189819 4.65366e-21)
(0.496214 0.186009 1.98613e-21)
(0.487162 0.181614 -6.90083e-21)
(0.476977 0.176702 -1.08161e-22)
(0.465761 0.171325 2.44859e-21)
(0.453646 0.165507 -2.64208e-22)
(0.440797 0.159252 -1.00862e-21)
(0.427404 0.152537 2.8657e-23)
(0.413683 0.14532 -1.67413e-21)
(0.399869 0.137548 -4.2041e-22)
(0.386202 0.129159 3.80606e-21)
(0.372922 0.120096 -3.86571e-22)
(0.360254 0.110315 -1.87158e-21)
(0.348403 0.0997894 -1.35181e-21)
(0.337545 0.0885183 5.1856e-21)
(0.327823 0.076528 -2.67299e-21)
(0.319347 0.0638711 -5.1757e-22)
(0.312192 0.050626 -6.85931e-21)
(0.306397 0.0368939 7.65911e-21)
(0.301976 0.0227976 -1.01485e-21)
(0.298936 0.00847234 -1.48113e-22)
(0.297211 -0.0059541 1.75466e-21)
(0.296724 -0.0203232 1.46442e-21)
(0.297461 -0.0344735 -3.33619e-21)
(0.299375 -0.0482471 2.58947e-21)
(0.302413 -0.0614863 1.57427e-21)
(0.30652 -0.074037 -4.38048e-21)
(0.311651 -0.0857492 3.49122e-22)
(0.317762 -0.0964789 2.5769e-21)
(0.324816 -0.106088 -4.17772e-22)
(0.332779 -0.114447 -1.1726e-22)
(0.341619 -0.121434 6.01215e-22)
(0.351307 -0.126935 -4.14308e-22)
(0.361809 -0.13085 1.34291e-22)
(0.373084 -0.133091 1.12332e-22)
(0.385085 -0.133582 -6.55014e-23)
(0.397745 -0.132269 7.23359e-23)
(0.410993 -0.129109 -3.37963e-25)
(0.424701 -0.124097 -4.61684e-22)
(0.438809 -0.117212 2.63744e-22)
(0.452989 -0.108567 -8.41669e-23)
(0.467478 -0.0980248 -1.18625e-22)
(0.481018 -0.0862369 1.21509e-22)
(0.495821 -0.0718876 -4.93971e-24)
(0.505869 -0.059169 5.7169e-23)
(0.524401 -0.0374196 -3.78971e-23)
(-0.00909021 -0.0357491 -1.33792e-20)
(-0.00488974 -0.043377 1.21281e-19)
(-3.12262e-05 -0.0507909 -3.72854e-21)
(0.00554656 -0.0578698 -4.14942e-20)
(0.0118071 -0.0644701 -4.65841e-20)
(0.0187653 -0.0704601 -5.04099e-21)
(0.0264209 -0.0757071 -2.60659e-20)
(0.0347469 -0.0800779 3.55043e-20)
(0.043721 -0.0834524 -7.49859e-21)
(0.0533431 -0.0857305 -2.18931e-20)
(0.0636117 -0.0868236 -1.42884e-21)
(0.0745148 -0.0866544 6.45576e-20)
(0.0860101 -0.085159 -9.42141e-21)
(0.0980469 -0.0823261 -2.208e-20)
(0.110709 -0.078325 -3.11462e-21)
(0.123954 -0.0727561 -1.09024e-20)
(0.137637 -0.0657914 2.4163e-20)
(0.151731 -0.0574721 -6.6282e-20)
(0.16617 -0.0478615 1.05384e-19)
(0.180882 -0.0370416 -2.79553e-20)
(0.19579 -0.0251223 6.10616e-20)
(0.210815 -0.0122371 -1.69319e-19)
(0.225807 0.00151011 9.57168e-20)
(0.240675 0.0159441 3.1574e-20)
(0.255422 0.0308632 4.72343e-20)
(0.269926 0.0460606 -6.47131e-20)
(0.284066 0.0613643 5.26092e-21)
(0.297733 0.076581 3.05539e-20)
(0.310817 0.0915144 -2.7191e-20)
(0.323209 0.105974 -2.37952e-20)
(0.334802 0.119781 -8.75725e-21)
(0.345493 0.132773 8.1773e-20)
(0.355184 0.144809 -4.14476e-20)
(0.363783 0.155777 -1.38789e-20)
(0.371206 0.165587 4.70164e-21)
(0.377377 0.17418 2.07794e-21)
(0.382231 0.181524 3.68701e-20)
(0.385715 0.187617 -3.07734e-20)
(0.387787 0.19248 1.04906e-20)
(0.388417 0.19616 -2.47827e-20)
(0.387588 0.198718 -2.43686e-22)
(0.385302 0.200228 7.74337e-21)
(0.381578 0.20077 9.51315e-21)
(0.376459 0.20042 3.10923e-22)
(0.370011 0.199247 -7.87341e-21)
(0.362329 0.197309 -2.71091e-21)
(0.35354 0.194643 1.76941e-21)
(0.343799 0.191265 5.96857e-21)
(0.333292 0.187172 -4.71425e-21)
(0.322232 0.182338 1.28185e-21)
(0.310846 0.176721 -1.30843e-21)
(0.299377 0.170269 6.82416e-22)
(0.288066 0.162928 2.05091e-23)
(0.277146 0.154649 7.89684e-22)
(0.266832 0.145396 -1.41034e-21)
(0.257313 0.135152 5.08996e-22)
(0.248748 0.123926 -9.75072e-22)
(0.241258 0.111749 1.00052e-22)
(0.234929 0.0986794 8.32753e-22)
(0.229811 0.0848011 -1.83612e-21)
(0.225919 0.0702188 2.03171e-21)
(0.22324 0.0550552 -2.03261e-23)
(0.221741 0.0394489 6.388e-22)
(0.221374 0.0235523 1.28673e-21)
(0.22206 0.00752673 -1.30893e-21)
(0.223694 -0.00853206 5.24186e-22)
(0.226208 -0.0244209 -1.4963e-21)
(0.229551 -0.0399786 1.917e-21)
(0.233647 -0.0550562 -1.31078e-21)
(0.238433 -0.0695088 -2.64408e-22)
(0.243857 -0.0831971 2.97369e-22)
(0.249879 -0.0959875 2.41176e-22)
(0.256472 -0.107752 -1.32293e-21)
(0.26362 -0.118367 4.80828e-22)
(0.271319 -0.127714 4.39133e-23)
(0.279576 -0.135679 -3.92395e-22)
(0.2884 -0.142151 4.60953e-22)
(0.297807 -0.147028 -8.00846e-23)
(0.307808 -0.150211 -2.46485e-23)
(0.318407 -0.15161 -6.57467e-23)
(0.329597 -0.151145 6.90009e-23)
(0.341356 -0.148747 6.77192e-25)
(0.353625 -0.144366 1.26196e-22)
(0.366352 -0.137954 -1.77036e-22)
(0.37935 -0.129524 -9.8182e-23)
(0.392664 -0.118992 1.48061e-22)
(0.405522 -0.106668 -3.30396e-24)
(0.419232 -0.0917579 4.57728e-23)
(0.42927 -0.0771743 -1.68751e-23)
(0.446833 -0.0538255 5.88583e-24)
(-0.114742 -0.0359068 -3.74682e-21)
(-0.111454 -0.0444555 5.54782e-20)
(-0.107694 -0.0528523 -2.50699e-20)
(-0.103413 -0.0609773 -3.90136e-21)
(-0.0985785 -0.0687389 4.07426e-20)
(-0.093173 -0.0760124 4.30669e-22)
(-0.0871826 -0.0826714 -4.16879e-20)
(-0.0806009 -0.088592 4.3024e-20)
(-0.0734336 -0.093648 -1.82154e-20)
(-0.0656925 -0.0977121 4.41715e-20)
(-0.0573789 -0.100672 -8.4392e-20)
(-0.0484867 -0.102433 -8.90795e-21)
(-0.0390148 -0.102916 7.42133e-20)
(-0.028996 -0.10206 -3.04939e-20)
(-0.0186929 -0.0997876 4.96427e-20)
(-0.00752125 -0.0961428 -3.42583e-20)
(0.00444089 -0.0910919 4.77176e-21)
(0.0165835 -0.0845622 -4.56416e-20)
(0.0291622 -0.0766269 8.53277e-20)
(0.0421137 -0.0673389 -3.8493e-20)
(0.0553789 -0.0567743 3.34835e-20)
(0.0688997 -0.0450335 -1.46062e-20)
(0.082625 -0.0322368 -5.188e-20)
(0.0964773 -0.0185157 2.82365e-20)
(0.110332 -0.00412349 -3.16655e-20)
(0.124087 0.0109603 3.37967e-20)
(0.137696 0.0265123 2.10285e-20)
(0.151094 0.0422644 -4.97607e-20)
(0.164146 0.0580651 1.05655e-20)
(0.176734 0.0737226 -5.8483e-21)
(0.188747 0.0890501 -9.82791e-21)
(0.200072 0.103872 1.57744e-20)
(0.210601 0.118028 1.83034e-20)
(0.220229 0.131373 -2.37693e-20)
(0.228857 0.143799 3.04447e-20)
(0.236387 0.155212 -5.50236e-22)
(0.242733 0.165542 -2.68603e-20)
(0.247823 0.174744 -9.99572e-21)
(0.251602 0.182797 7.18224e-21)
(0.254032 0.1897 1.9872e-20)
(0.255099 0.195471 -2.73797e-20)
(0.254807 0.200135 2.17275e-20)
(0.25319 0.20373 4.42401e-21)
(0.250308 0.206289 -1.80037e-20)
(0.246255 0.207841 5.47055e-21)
(0.241154 0.2084 -3.98697e-21)
(0.235158 0.20797 4.34073e-21)
(0.228451 0.206537 3.96599e-21)
(0.221234 0.204075 1.48817e-21)
(0.213727 0.200545 -4.72403e-21)
(0.206156 0.195903 3.02688e-21)
(0.198745 0.190107 -1.59787e-21)
(0.191709 0.18312 -3.6572e-22)
(0.185243 0.174916 2.51454e-22)
(0.179516 0.16549 1.5891e-21)
(0.174666 0.154858 -1.2321e-21)
(0.170796 0.143059 -2.15446e-22)
(0.167971 0.130158 -2.14349e-23)
(0.166225 0.116242 2.00915e-22)
(0.165558 0.101423 -4.58271e-23)
(0.165941 0.0858266 -4.73752e-23)
(0.167322 0.0695976 -3.81119e-23)
(0.169632 0.0528907 1.63232e-22)
(0.172787 0.0358662 -2.96295e-23)
(0.176697 0.0186888 -2.00181e-23)
(0.181176 0.00150845 -7.78385e-23)
(0.186147 -0.0155385 2.43643e-23)
(0.191591 -0.0322703 -1.60665e-23)
(0.197375 -0.0485446 8.07208e-23)
(0.203408 -0.0642288 -3.04876e-23)
(0.209623 -0.0791997 -4.64012e-24)
(0.21597 -0.0933426 1.31754e-24)
(0.222412 -0.10655 4.46251e-24)
(0.228937 -0.118718 3.64803e-24)
(0.235548 -0.129749 2.2222e-23)
(0.242269 -0.139546 -6.07171e-24)
(0.249139 -0.14801 4.44573e-24)
(0.256211 -0.155044 -4.02386e-23)
(0.263547 -0.160549 -2.42122e-23)
(0.271217 -0.164423 3.75518e-23)
(0.279284 -0.166565 3.90593e-23)
(0.287809 -0.166874 -1.04899e-22)
(0.296835 -0.165251 8.63514e-23)
(0.306383 -0.161602 2.52988e-23)
(0.316452 -0.155836 -1.44005e-22)
(0.326973 -0.147883 9.99782e-23)
(0.337927 -0.137635 -5.19002e-23)
(0.348898 -0.125151 -2.20209e-23)
(0.360541 -0.109942 -2.37107e-23)
(0.369726 -0.0937422 2.47298e-23)
(0.385396 -0.069168 -4.40795e-25)
(-0.183866 -0.0423108 6.32541e-21)
(-0.181204 -0.0513835 -4.60889e-20)
(-0.17817 -0.0603448 -2.40311e-20)
(-0.174741 -0.0690719 2.68274e-20)
(-0.170896 -0.0774406 -4.39129e-20)
(-0.166617 -0.0853257 4.96697e-20)
(-0.161891 -0.0926015 -4.96709e-20)
(-0.156708 -0.0991434 3.67339e-20)
(-0.151062 -0.104829 2.7469e-20)
(-0.144952 -0.109536 6.59742e-21)
(-0.138368 -0.113151 3.30581e-21)
(-0.131304 -0.115572 -3.60624e-20)
(-0.123755 -0.116714 -1.65519e-20)
(-0.115733 -0.116509 3.66539e-20)
(-0.107246 -0.11489 -3.16491e-20)
(-0.0982258 -0.111673 -2.67904e-21)
(-0.0887027 -0.107181 2.92091e-20)
(-0.0787654 -0.101205 -2.67478e-21)
(-0.0684124 -0.0937847 -1.01755e-20)
(-0.0576722 -0.0849643 -4.4082e-21)
(-0.046584 -0.0748068 2.89871e-22)
(-0.0351928 -0.0633965 8.95442e-21)
(-0.0235465 -0.0508402 2.2623e-20)
(-0.011866 -0.03726 -1.28523e-20)
(0.000122615 -0.0228443 7.81981e-21)
(0.0124248 -0.00772648 -1.63062e-20)
(0.0244917 0.00798282 5.79143e-22)
(0.0363719 0.0240881 -7.43171e-21)
(0.04809 0.0403416 2.4473e-20)
(0.0594833 0.0565971 -1.39548e-20)
(0.070449 0.0726777 -4.92643e-21)
(0.0808828 0.0884133 2.20423e-20)
(0.0906767 0.103646 -3.47373e-20)
(0.0997492 0.118183 1.66919e-20)
(0.108011 0.131979 1.16545e-20)
(0.11536 0.14491 -2.14114e-20)
(0.12172 0.156879 4.17345e-21)
(0.12704 0.167817 4.5212e-21)
(0.131288 0.177677 1.32921e-21)
(0.134452 0.186422 -6.82154e-21)
(0.136546 0.19403 -5.19848e-21)
(0.137615 0.200475 2.00033e-20)
(0.137733 0.205743 -3.21827e-21)
(0.136997 0.20982 -1.24936e-21)
(0.135534 0.212682 1.64209e-21)
(0.133494 0.214302 -9.08864e-21)
(0.131051 0.214645 -1.04829e-21)
(0.12839 0.21367 2.73502e-21)
(0.125705 0.211338 2.841e-21)
(0.123188 0.207611 -3.96347e-21)
(0.121023 0.202461 1.63489e-21)
(0.119379 0.19587 -4.24709e-21)
(0.118398 0.187838 4.05123e-21)
(0.118199 0.178386 7.54109e-23)
(0.118867 0.167558 -9.26364e-22)
(0.120459 0.155421 7.5454e-22)
(0.122998 0.142067 -1.60506e-21)
(0.126476 0.12761 1.05801e-21)
(0.130859 0.112184 -3.83572e-22)
(0.136088 0.0959401 -5.89494e-23)
(0.142079 0.0790407 3.2561e-22)
(0.148737 0.0616575 -3.43557e-22)
(0.155949 0.043964 1.04751e-21)
(0.1636 0.0261285 2.32246e-22)
(0.171542 0.00832407 -2.38299e-22)
(0.179608 -0.00935172 3.22405e-22)
(0.187726 -0.0266559 -1.62593e-21)
(0.195826 -0.0434808 1.04505e-21)
(0.203764 -0.0597082 -2.96118e-22)
(0.211444 -0.0752288 -7.75729e-22)
(0.218788 -0.0899471 8.3256e-22)
(0.22574 -0.103779 3.20298e-23)
(0.232264 -0.11665 4.61884e-22)
(0.23835 -0.128491 -3.41716e-22)
(0.244011 -0.139237 2.809e-23)
(0.249283 -0.148823 3.75499e-22)
(0.254228 -0.157178 -1.47161e-22)
(0.258929 -0.164228 -1.18132e-22)
(0.263488 -0.16989 1.2921e-22)
(0.26802 -0.174071 -1.26137e-22)
(0.272648 -0.176668 1.55346e-22)
(0.277499 -0.177568 -6.38871e-23)
(0.282692 -0.176648 -4.28924e-23)
(0.288332 -0.173777 4.30565e-23)
(0.294502 -0.168816 -3.2453e-23)
(0.301245 -0.161621 -7.15175e-24)
(0.30859 -0.152026 4.52578e-24)
(0.316372 -0.139909 -4.48497e-24)
(0.324917 -0.124876 1.4527e-23)
(0.332242 -0.10777 1.48254e-24)
(0.345198 -0.0825934 -1.15061e-24)
(-0.214483 -0.0470701 -1.71863e-20)
(-0.212354 -0.0565663 1.76554e-20)
(-0.209988 -0.0659651 -7.39052e-21)
(-0.207373 -0.0751411 -8.89074e-21)
(-0.204501 -0.0839676 2.05925e-21)
(-0.201361 -0.0923177 -4.87729e-21)
(-0.197945 -0.100066 1.92033e-20)
(-0.194243 -0.107088 -2.28364e-20)
(-0.190247 -0.113265 1.01374e-20)
(-0.185945 -0.118479 3.63588e-21)
(-0.181326 -0.122618 -1.01129e-21)
(-0.176376 -0.125583 -5.75221e-21)
(-0.171082 -0.127284 -3.63224e-21)
(-0.165432 -0.127647 1.89511e-22)
(-0.15941 -0.126604 9.22577e-21)
(-0.152998 -0.124103 7.82905e-22)
(-0.146193 -0.12016 3.51481e-21)
(-0.139002 -0.114749 -6.58905e-21)
(-0.131427 -0.107881 8.99242e-22)
(-0.123475 -0.0995873 -7.75023e-21)
(-0.115159 -0.0899199 1.39726e-20)
(-0.106497 -0.0789493 -7.44397e-21)
(-0.0975161 -0.0667656 -9.06756e-22)
(-0.0882653 -0.0534787 1.31512e-20)
(-0.0787319 -0.0391378 -6.43324e-21)
(-0.0689708 -0.0241092 -3.07858e-21)
(-0.0590998 -0.00846285 -1.28239e-20)
(-0.0492684 0.0077306 1.4705e-20)
(-0.0395066 0.0242536 8.54658e-23)
(-0.0298122 0.0409073 -1.27166e-20)
(-0.0203226 0.0575252 1.80576e-20)
(-0.0111284 0.0739395 -1.28051e-20)
(-0.00238856 0.0899924 -1.95094e-21)
(0.00595638 0.105532 1.09916e-20)
(0.0138773 0.120419 -7.65975e-21)
(0.021157 0.134533 -1.14507e-21)
(0.0277783 0.14776 2.41188e-21)
(0.0337348 0.160002 4.04541e-23)
(0.0390241 0.171178 8.13903e-22)
(0.0436622 0.181218 -3.41269e-22)
(0.0476782 0.19007 -1.47008e-21)
(0.0511402 0.197627 2.88947e-21)
(0.0541482 0.203862 5.94398e-22)
(0.0568046 0.208718 -2.46091e-21)
(0.0592325 0.212139 -1.75091e-21)
(0.0615709 0.214069 2.0513e-21)
(0.0639672 0.214461 -8.88773e-22)
(0.0665705 0.213272 1.93765e-21)
(0.0695249 0.210469 -1.36e-21)
(0.0729628 0.206035 -1.09608e-21)
(0.0769999 0.199967 8.46491e-22)
(0.0817308 0.192284 -3.9564e-22)
(0.0872255 0.183026 -5.9118e-22)
(0.0935278 0.172259 1.63559e-21)
(0.100654 0.160072 -1.97431e-21)
(0.108595 0.146578 1.7379e-21)
(0.117314 0.131913 -1.68387e-21)
(0.126752 0.11623 1.19602e-21)
(0.13683 0.0996986 -1.08178e-22)
(0.147448 0.0824987 -5.11017e-22)
(0.158495 0.0648166 1.80571e-21)
(0.169845 0.0468427 -1.30525e-21)
(0.181362 0.0287646 -3.67377e-23)
(0.19292 0.0107446 7.12332e-22)
(0.204298 -0.00708068 -2.68771e-22)
(0.21542 -0.0245102 3.66365e-23)
(0.226248 -0.0413815 -8.69161e-22)
(0.236588 -0.0575984 3.59343e-22)
(0.246324 -0.073063 7.3901e-22)
(0.255358 -0.0876922 -3.39969e-22)
(0.263606 -0.10142 -2.14984e-22)
(0.271004 -0.114194 2.3558e-22)
(0.277508 -0.125977 -2.54744e-22)
(0.283099 -0.136737 -2.13995e-22)
(0.287782 -0.14645 2.26297e-22)
(0.29159 -0.15509 4.4913e-23)
(0.294583 -0.162627 -1.97353e-22)
(0.296849 -0.169022 1.25689e-22)
(0.298503 -0.174224 -7.91788e-23)
(0.299686 -0.178164 2.42336e-23)
(0.300558 -0.180754 -6.40293e-24)
(0.301294 -0.181885 -1.2394e-23)
(0.302079 -0.181427 9.55448e-24)
(0.303098 -0.179228 2.96618e-24)
(0.304528 -0.175113 1.37697e-25)
(0.306526 -0.168886 4.75055e-25)
)
;

boundaryField
{
    inlet
    {
        type            uniformFixedValue;
        uniformValue    constant (1 0 0);
        value           nonuniform 0();
    }
    outlet
    {
        type            pressureInletOutletVelocity;
        value           nonuniform List<vector> 
39
(
(0.976878 0.0278343 1.88971e-23)
(0.895713 0.019809 2.87182e-23)
(0.804276 0.00859588 1.11221e-23)
(0.708195 -0.00523826 -2.65892e-23)
(0.613158 -0.0208985 8.75686e-24)
(0.524401 -0.0374196 -3.78971e-23)
(0.446833 -0.0538255 5.88583e-24)
(0.385396 -0.069168 -4.40795e-25)
(0.345198 -0.0825934 -1.15061e-24)
(1.05098 0.0331238 0)
(1.10827 0.0354913 0)
(1.14261 0.0354024 0)
(1.15933 0.0341493 0)
(1.16458 0.0325448 0)
(1.16343 0.0309705 0)
(1.15922 0.0295781 0)
(1.15387 0.0283705 0)
(1.14832 0.0273008 0)
(1.14297 0.0263139 0)
(1.13796 0.0253627 0)
(1.13332 0.0244129 0)
(1.12902 0.023441 0)
(1.12506 0.0224322 0)
(1.12141 0.0213779 0)
(1.11804 0.0202739 0)
(1.11495 0.0191187 0)
(1.11213 0.0179134 0)
(1.10955 0.01666 0)
(1.10721 0.0153615 0)
(1.10511 0.0140216 0)
(1.10323 0.0126443 0)
(1.10157 0.0112336 0)
(1.10014 0.0097937 0)
(1.09891 0.00832869 0)
(1.09789 0.00684265 0)
(1.09708 0.00533956 0)
(1.09648 0.00382333 0)
(1.09608 0.00229784 0)
(1.09587 0.000766634 0)
)
;
    }
    cylinder
    {
        type            fixedValue;
        value           nonuniform 0();
    }
    top
    {
        type            symmetryPlane;
    }
    bottom
    {
        type            symmetryPlane;
    }
    defaultFaces
    {
        type            empty;
    }
    procBoundary1to0
    {
        type            processor;
        value           nonuniform List<vector> 
44
(
(1.09348 -0.0109689 0)
(1.18518 -0.0120192 0)
(1.22845 -0.012098 0)
(1.24399 -0.0107485 0)
(1.24658 -0.00927462 0)
(1.24388 -0.00791851 0)
(1.23927 -0.00678505 0)
(1.23408 -0.00589623 0)
(1.22878 -0.00521708 0)
(1.2235 -0.00470318 0)
(1.2183 -0.00431481 0)
(1.2132 -0.00401804 0)
(1.20822 -0.0037851 0)
(1.20339 -0.00359433 0)
(1.19876 -0.00342899 0)
(1.19434 -0.00327626 0)
(1.19016 -0.00312653 0)
(1.18623 -0.00297272 0)
(1.18257 -0.0028098 0)
(1.17919 -0.00263442 0)
(1.1761 -0.00244461 0)
(1.17331 -0.00223943 0)
(1.17082 -0.00201879 0)
(1.16864 -0.00178332 0)
(1.16676 -0.00153414 0)
(1.16519 -0.00127275 0)
(1.16394 -0.00100102 0)
(1.163 -0.000721145 0)
(1.16237 -0.000434875 0)
(1.16206 -0.000145661 0)
(0.95893 -0.00859875 1.31277e-19)
(0.95893 -0.00859875 1.31277e-19)
(0.801601 -0.00757051 8.78429e-20)
(0.622889 -0.00888365 9.22083e-20)
(0.622889 -0.00888365 9.22083e-20)
(0.440782 -0.00957372 5.20062e-20)
(0.440782 -0.00957372 5.20062e-20)
(0.267631 -0.0106912 -1.13652e-19)
(0.1157 -0.0191197 -3.89504e-20)
(-0.0128895 -0.027967 6.21552e-20)
(-0.0128895 -0.027967 6.21552e-20)
(-0.117592 -0.0274182 1.13143e-19)
(-0.18618 -0.0332615 -5.7799e-20)
(-0.216387 -0.0375999 -1.68412e-20)
)
;
    }
    procBoundary1to3
    {
        type            processor;
        value           nonuniform List<vector> 
92
(
(-0.20289 -0.0504337 1.80175e-20)
(-0.201033 -0.0602107 -1.86927e-20)
(-0.199088 -0.0698947 7.87697e-21)
(-0.197055 -0.0793601 9.60377e-21)
(-0.194938 -0.08848 -1.71574e-20)
(-0.192738 -0.0971279 1.9976e-20)
(-0.190454 -0.10518 -1.94188e-20)
(-0.188082 -0.112515 2.30143e-20)
(-0.185613 -0.119018 -1.04686e-20)
(-0.183037 -0.124574 -4.01333e-21)
(-0.180336 -0.129074 7.30837e-22)
(-0.177494 -0.132422 6.00929e-21)
(-0.174489 -0.13453 3.46048e-21)
(-0.171297 -0.135324 5.28193e-23)
(-0.167891 -0.134744 -9.16356e-21)
(-0.164242 -0.132748 -1.02878e-21)
(-0.160325 -0.129312 -2.93116e-21)
(-0.156116 -0.124424 6.17001e-21)
(-0.151592 -0.11809 -5.34138e-22)
(-0.146734 -0.110334 6.67054e-21)
(-0.141528 -0.101198 -1.27632e-20)
(-0.135965 -0.0907449 6.47936e-21)
(-0.130044 -0.0790564 5.18491e-22)
(-0.123765 -0.0662324 -1.11544e-20)
(-0.11713 -0.0523831 5.3449e-21)
(-0.110157 -0.037675 2.44652e-21)
(-0.102881 -0.022244 1.4149e-21)
(-0.0953749 -0.00624238 -3.34839e-21)
(-0.0877352 0.010228 1.64831e-22)
(-0.0799978 0.0269554 1.0587e-20)
(-0.0721827 0.0437607 -1.54788e-20)
(-0.0643542 0.0604717 1.06976e-20)
(-0.0565724 0.0769249 1.47246e-21)
(-0.0488682 0.0930107 -1.48453e-21)
(-0.0412798 0.108502 -1.11966e-21)
(-0.0338756 0.123271 1.20066e-21)
(-0.0266788 0.137169 -2.29298e-21)
(-0.0196798 0.15009 -2.09451e-22)
(-0.0128636 0.161923 -5.71037e-22)
(-0.00617961 0.172586 2.92398e-22)
(0.000336954 0.181934 1.53069e-21)
(0.00677614 0.189882 -2.87759e-21)
(0.0132892 0.196372 -7.6924e-22)
(0.019904 0.201318 2.37522e-21)
(0.0267161 0.204645 1.6844e-21)
(0.033829 0.206292 -2.01399e-21)
(0.0413417 0.206209 8.48137e-22)
(0.0493469 0.204366 -2.32249e-21)
(0.057926 0.200747 1.53347e-21)
(0.0671456 0.195359 1.22004e-21)
(0.0770541 0.18823 -9.17499e-22)
(0.0876797 0.179414 4.05794e-22)
(0.0990289 0.168989 7.53599e-22)
(0.111086 0.157058 -2.31559e-21)
(0.123815 0.143748 2.61921e-21)
(0.137159 0.129207 -2.31444e-21)
(0.151042 0.113602 2.301e-21)
(0.165371 0.0971158 -1.74074e-21)
(0.180044 0.0799411 4.61036e-23)
(0.194939 0.06228 6.3143e-22)
(0.209935 0.0443331 -3.58659e-22)
(0.224901 0.0263006 -2.67618e-22)
(0.239675 0.00835007 1.59016e-22)
(0.254072 -0.00932974 -1.12632e-21)
(0.26804 -0.0265783 2.86072e-22)
(0.281496 -0.0431869 -5.61684e-23)
(0.294261 -0.0590737 1.22729e-21)
(0.306217 -0.074135 -5.15765e-22)
(0.317257 -0.0882861 -1.10451e-21)
(0.327286 -0.101464 3.94916e-22)
(0.336219 -0.113628 2.78118e-22)
(0.343989 -0.124754 -3.95075e-22)
(0.350544 -0.134834 3.49026e-22)
(0.35585 -0.143875 2.36922e-22)
(0.359895 -0.151891 -3.4544e-22)
(0.362689 -0.158897 -6.61444e-23)
(0.364269 -0.164909 2.29688e-22)
(0.3647 -0.169934 -1.67617e-22)
(0.364077 -0.173965 8.02575e-23)
(0.362526 -0.176976 -3.54107e-23)
(0.360204 -0.178915 -3.70297e-24)
(0.357298 -0.179702 5.32796e-24)
(0.354021 -0.179227 -8.77865e-24)
(0.350608 -0.177345 4.12831e-24)
(0.347308 -0.173873 -7.16632e-24)
(0.344378 -0.168596 3.09808e-24)
(0.309231 -0.160315 2.33689e-24)
(0.312686 -0.149163 -6.69485e-26)
(0.317163 -0.134999 1.19151e-24)
(0.321583 -0.118188 -1.44015e-24)
(0.330986 -0.0933377 -5.04529e-25)
(0.309231 -0.160315 2.33689e-24)
)
;
    }
}


// ************************************************************************* //
