/*--------------------------------*- C++ -*----------------------------------*\
  =========                 |
  \\      /  F ield         | OpenFOAM: The Open Source CFD Toolbox
   \\    /   O peration     | Website:  https://openfoam.org
    \\  /    A nd           | Version:  7
     \\/     M anipulation  |
\*---------------------------------------------------------------------------*/
FoamFile
{
    version     2.0;
    format      ascii;
    class       surfaceScalarField;
    location    "40";
    object      phi;
}
// * * * * * * * * * * * * * * * * * * * * * * * * * * * * * * * * * * * * * //

dimensions      [0 3 -1 0 0 0 0];

internalField   nonuniform List<scalar> 
6856
(
-0.000424628
0.000198145
-0.000653657
0.000229036
-0.000906113
0.000252464
-0.00117868
0.000272572
-0.00146634
0.000287669
-0.0017532
0.000286866
-0.00206647
0.000313278
0.000250257
-0.00231673
-6.96845e-05
0.000144729
-0.000210983
0.000292751
-0.00039471
0.000381872
-0.000604217
0.000438543
-0.000830261
0.000478509
-0.00106741
0.000509718
-0.00131294
0.000533199
-0.0015314
0.000505332
-0.00178504
0.000566918
0.000381808
-0.0019166
-5.99125e-05
0.000204641
-0.000182202
0.000415041
-0.000338432
0.000538102
-0.000510199
0.00061031
-0.000684859
0.000653168
-0.000850283
0.000675142
-0.00101036
0.000693274
-0.00109251
0.00058748
-0.00121519
0.0006896
0.000292019
-0.0011254
-4.74412e-05
0.000252082
-0.00014425
0.000511851
-0.000262418
0.000656269
-0.000380616
0.000728508
-0.000481967
0.00075452
-0.000541644
0.000734819
-0.000563025
0.000714655
-0.000452143
0.000476599
-0.000316134
0.00055359
-7.69319e-05
5.28168e-05
-3.44217e-05
0.000286504
-0.000102315
0.000579744
-0.000175086
0.00072904
-0.000226666
0.000780088
-0.000233374
0.000761228
-0.000164751
0.000666196
3.48506e-05
0.000515053
0.000382779
0.00012867
0.000881291
5.50787e-05
-0.000953764
0.00175812
-2.29492e-05
0.000309453
-6.14018e-05
0.000618196
-8.42976e-05
0.000751936
-5.88784e-05
0.000754669
5.4695e-05
0.000647654
0.000288225
0.000432666
0.00073623
6.70483e-05
0.00144337
-0.00057847
0.00240869
-0.000910245
-0.0024898
0.00394473
-1.44895e-05
0.000323943
-2.45939e-05
0.000628301
6.39982e-06
0.000720942
0.000122967
0.000638102
0.000381188
0.000389432
0.000843594
-2.97398e-05
0.00162843
-0.000717786
0.0027451
-0.00169514
0.0042813
-0.00244645
-0.00463473
0.00642623
-9.57488e-06
0.000333518
8.43556e-06
0.00061029
0.000100946
0.000628432
0.00033258
0.000406467
0.000787616
-6.56031e-05
0.00156064
-0.000802767
0.00274338
-0.00190053
0.00433097
-0.00328273
0.00641187
-0.00452735
-0.00700834
0.00878549
-6.46177e-06
0.000339979
4.2019e-05
0.000561809
0.000214056
0.000456395
0.00060318
1.7343e-05
0.00132456
-0.000786985
0.00248697
-0.00196517
0.00407044
-0.003484
0.00603717
-0.00524947
0.00839791
-0.00688809
-0.00912702
0.0105166
-2.05589e-06
0.000342035
8.71176e-05
0.000472636
0.000370187
0.000173326
0.000979446
-0.000591915
0.00203421
-0.00184175
0.00357043
-0.00350139
0.0054437
-0.00535727
0.00749124
-0.007297
0.00959859
-0.00899545
-0.0107683
0.0112399
6.1275e-06
0.000335908
0.000155988
0.000322775
0.000597272
-0.000267958
0.00148817
-0.00148281
0.00288064
-0.00323423
0.0046411
-0.00526185
0.00653464
-0.0072508
0.00832546
-0.00908783
0.00985739
-0.0105274
-0.0119057
0.0109948
2.16724e-05
0.000314235
0.000261137
8.33108e-05
0.000914229
-0.00092105
0.00210368
-0.00267226
0.00371288
-0.00484343
0.00545324
-0.0070022
0.00708058
-0.00887815
0.00841651
-0.0104238
0.00953902
-0.0116499
-0.0128743
0.0105076
4.78135e-05
0.000266422
0.000412266
-0.000281142
0.00131269
-0.00182148
0.00272509
-0.00408466
0.00433849
-0.00645683
0.00583983
-0.00850353
0.00708151
-0.0101198
0.00806718
-0.0114094
0.00892029
-0.012503
-0.0136083
0.00965428
8.68312e-05
0.000179591
0.00061216
-0.000806471
0.00174031
-0.00294962
0.00321535
-0.00555971
0.00464458
-0.00788605
0.00582174
-0.00968069
0.00674173
-0.0110398
0.00748302
-0.0121507
0.0081486
-0.0131686
-0.0142532
0.00879353
0.000141493
3.80981e-05
0.000847346
-0.00151232
0.00211234
-0.00421462
0.00348555
-0.00693292
0.00464598
-0.00904648
0.00553038
-0.0105651
0.00620975
-0.0117192
0.00677957
-0.0127205
0.00732876
-0.0137178
-0.0147877
0.0078633
0.000214167
-0.000176069
0.00108416
-0.00238231
0.00235659
-0.00548706
0.00353069
-0.00810702
0.00442415
-0.00993995
0.00507234
-0.0112133
0.00557609
-0.0122229
0.0060229
-0.0131673
0.00646265
-0.0141575
-0.0152271
0.00690201
0.000302184
-0.000478254
0.0012817
-0.00336183
0.00245014
-0.00665549
0.00339472
-0.0090516
0.00405506
-0.0106003
0.00452031
-0.0116785
0.00489163
-0.0125943
0.00523376
-0.0135095
0.00557789
-0.0145016
-0.0155733
0.00592412
0.000393673
-0.000871926
0.00140683
-0.00437499
0.00240798
-0.00765664
0.00312903
-0.00977265
0.00359615
-0.0110674
0.0039182
-0.0120006
0.00418125
-0.0128573
0.00443004
-0.0137583
0.00467826
-0.0147499
-0.0158199
0.00492482
0.000473317
-0.00134524
0.00144261
-0.00534428
0.0022572
-0.00847123
0.00277755
-0.010293
0.0030863
-0.0113761
0.00329177
-0.0122061
0.00345989
-0.0130255
0.00361781
-0.0139162
0.00377137
-0.0149034
-0.0159693
0.0039208
0.000528848
-0.00187409
0.00139396
-0.00620939
0.00202593
-0.00910321
0.00237359
-0.0106407
0.0025513
-0.0115539
0.00265646
-0.0123112
0.00273533
-0.0131043
0.00280353
-0.0139844
0.00286346
-0.0149633
-0.016022
0.00291613
0.000552861
-0.00242695
0.00128376
-0.00694029
0.00174065
-0.00956009
0.00194064
-0.0108406
0.00200719
-0.0116204
0.00202162
-0.0123257
0.00201394
-0.0130966
0.00199178
-0.0139622
0.00195579
-0.0149274
-0.0159799
0.0019137
0.000542778
-0.00296973
0.0011269
-0.00752441
0.00142232
-0.00985551
0.00149461
-0.0109129
0.00146409
-0.0115899
0.00139344
-0.012255
0.0013007
-0.0130039
0.00118835
-0.0138499
0.00105342
-0.0147924
-0.0158348
0.000908349
0.0005014
-0.00347113
0.000937312
-0.00796032
0.00108673
-0.0100049
0.00104744
-0.0108737
0.000928832
-0.0114713
0.000775981
-0.0121022
0.000599042
-0.012827
0.000397307
-0.0136481
0.000174581
-0.0145697
-0.0155627
-9.75376e-05
0.000435604
-0.00390674
0.000727387
-0.0082521
0.000746093
-0.0100236
0.000607094
-0.0107347
0.000405388
-0.0112696
0.000170891
-0.0118677
-8.97869e-05
-0.0125663
-0.000372754
-0.0133652
-0.000691512
-0.0142509
-0.0152111
-0.00104307
0.000353425
-0.00426016
0.000507373
-0.00840605
0.000408598
-0.00992486
0.000176818
-0.0105029
-0.000103248
-0.0109895
-0.000409266
-0.0115616
-0.000746019
-0.0122295
-0.00111774
-0.0129934
-0.00152745
-0.0138412
-0.0147725
-0.00196613
0.000261935
-0.0045221
0.000286405
-0.00843052
7.69953e-05
-0.00971545
-0.000232761
-0.0101931
-0.000582821
-0.0106394
-0.000966141
-0.0111783
-0.00138184
-0.0118138
-0.00183655
-0.0125387
-0.00232884
-0.0133489
-0.0142467
-0.00285462
0.000166652
-0.00468875
7.49956e-05
-0.00833886
-0.000234039
-0.00940642
-0.000620864
-0.00980629
-0.00104368
-0.0102166
-0.0014995
-0.0107225
-0.00199076
-0.0113226
-0.0025231
-0.0120064
-0.00309538
-0.0127767
-0.0136378
-0.0037043
7.30812e-05
-0.00476183
-0.000139955
-0.00812583
-0.000529834
-0.00901654
-0.000989607
-0.00934652
-0.00148157
-0.00972466
-0.002007
-0.0101971
-0.00256991
-0.0107597
-0.00317465
-0.0114016
-0.00382283
-0.0121285
-0.0129529
-0.00450765
-1.316e-05
-0.00474867
-0.000341974
-0.00779701
-0.000810358
-0.00854816
-0.00133622
-0.00882066
-0.00189399
-0.00916689
-0.00248674
-0.00960433
-0.00311879
-0.0101276
-0.00379163
-0.0107288
-0.00450047
-0.0114196
-0.0122
-0.00525345
-0.000119203
-0.00462947
-0.00052898
-0.00738723
-0.00107116
-0.00800597
-0.00165908
-0.00823274
-0.00227895
-0.00854701
-0.00293591
-0.00894737
-0.00363473
-0.0094288
-0.00437821
-0.00998532
-0.00517024
-0.0106276
-0.0114267
-0.00594355
-0.000209394
-0.00442007
-0.000701799
-0.00689483
-0.00131012
-0.00739765
-0.00195643
-0.00758643
-0.00263444
-0.007869
-0.00335091
-0.0082309
-0.00411105
-0.00866867
-0.00491762
-0.00917875
-0.0057716
-0.00977362
-0.0104272
-0.00677104
-0.000290253
-0.00412982
-0.000859161
-0.00632592
-0.00152696
-0.00672985
-0.00222713
-0.00688626
-0.00295903
-0.0071371
-0.00372964
-0.00746029
-0.00454261
-0.0078557
-0.00540186
-0.00831949
-0.00632703
-0.00884845
-0.00939952
-0.00735472
-0.000362268
-0.00376755
-0.000999887
-0.0056883
-0.00172087
-0.00600887
-0.00246997
-0.00613717
-0.00325103
-0.00635604
-0.00407198
-0.00663934
-0.00493932
-0.00698836
-0.00586207
-0.00739674
-0.00685496
-0.00785556
-0.00834292
-0.00791156
-0.000425133
-0.00334242
-0.00112327
-0.00499017
-0.00189127
-0.00524087
-0.00268393
-0.00534451
-0.0035082
-0.00553177
-0.00437195
-0.00577559
-0.0052831
-0.0060772
-0.00625266
-0.00642718
-0.00729228
-0.00681594
-0.0072382
-0.008397
-0.000477867
-0.00286455
-0.0012286
-0.00423943
-0.00203772
-0.00443176
-0.00286874
-0.00451348
-0.00373152
-0.004669
-0.00463462
-0.00487249
-0.00558695
-0.00512488
-0.00659807
-0.00541605
-0.00767528
-0.00573873
-0.00609456
-0.00881893
-0.000518957
-0.00234559
-0.00131555
-0.00344284
-0.00215986
-0.00358745
-0.00302311
-0.00365023
-0.00391771
-0.00377441
-0.00485283
-0.00393736
-0.00583811
-0.0041396
-0.00688252
-0.00437165
-0.00799254
-0.0046287
-0.0049156
-0.0091715
-0.000554266
-0.00179133
-0.00138542
-0.00261168
-0.00225795
-0.00271492
-0.00314746
-0.00276072
-0.00406816
-0.00285371
-0.00502955
-0.00297597
-0.00604141
-0.00312773
-0.00711187
-0.0033012
-0.00824733
-0.00349324
-0.00370927
-0.00945366
-0.00058168
-0.00120965
-0.00143817
-0.00175519
-0.00233161
-0.00182148
-0.00324084
-0.00185148
-0.00418113
-0.00191342
-0.00516218
-0.00199492
-0.00619385
-0.00209606
-0.00728373
-0.00221132
-0.00843807
-0.00233891
-0.00248305
-0.00966429
-0.000600177
-0.00147355
-0.00238083
-0.00330327
-0.000929044
-0.0042567
-0.000959998
-0.00525088
-0.00100074
-0.00629567
-0.00105128
-0.00739819
-0.00110879
-0.0085647
-0.0011724
-0.00124437
-0.00980338
-0.00333453
-0.00429452
-0.00529526
-0.00634654
-0.00745533
-0.00862773
-0.0098721
-0.00235911
4.2369e-05
-0.00239822
3.91083e-05
-0.00243281
3.45843e-05
-0.00246332
3.04957e-05
-0.00249021
2.68773e-05
-0.00251393
2.37e-05
-0.00253483
2.08846e-05
-0.00255321
1.83595e-05
-0.00256929
1.6057e-05
-0.00258323
1.39192e-05
-0.00259516
1.18994e-05
-0.00260515
9.96066e-06
-0.00261326
8.07495e-06
-0.00261952
6.22573e-06
-0.00262397
4.41443e-06
-0.00262666
2.65399e-06
-0.00262759
8.95602e-07
-0.00262688
-7.38057e-07
-0.00262468
-2.23078e-06
-0.00262094
-3.77699e-06
-0.00261562
-5.34823e-06
-0.00260872
-6.922e-06
-0.00260023
-8.51682e-06
-0.00259012
-1.01304e-05
-0.00257837
-1.17646e-05
-0.00256496
-1.34217e-05
-0.00254986
-1.51035e-05
-0.00253305
-1.68113e-05
-1.85461e-05
-0.00195151
7.72799e-05
-0.00198466
7.22599e-05
-0.00201427
6.41947e-05
-0.0020404
5.66278e-05
-0.0020633
4.9781e-05
-0.00208337
4.37625e-05
-0.00210088
3.83937e-05
-0.00211607
3.35491e-05
-0.00212911
2.91015e-05
-0.00214013
2.49414e-05
-0.00214922
2.09829e-05
-0.00215641
1.7156e-05
-0.00216174
1.34044e-05
-0.00216521
9.69488e-06
-0.00216683
6.0386e-06
-0.00216661
2.43263e-06
-0.00216466
-1.05774e-06
-0.00216134
-4.05762e-06
-0.0021564
-7.17339e-06
-0.00214984
-1.03324e-05
-0.00214163
-1.35623e-05
-0.00213183
-1.67199e-05
-0.00212042
-1.99238e-05
-0.00210739
-2.31628e-05
-0.00209271
-2.644e-05
-0.00207638
-2.97606e-05
-0.00205835
-3.31274e-05
-0.00203862
-3.65422e-05
-4.00065e-05
-0.00115136
0.000103245
-0.00117237
9.32683e-05
-0.00119352
8.5343e-05
-0.00121273
7.58375e-05
-0.00122967
6.67183e-05
-0.00124447
5.85663e-05
-0.00125717
5.10964e-05
-0.00126787
4.42504e-05
-0.00127665
3.78805e-05
-0.00128356
3.18484e-05
-0.00128863
2.60511e-05
-0.00129187
2.03984e-05
-0.00129327
1.48034e-05
-0.00129278
9.20019e-06
-0.00129027
3.53768e-06
-0.00128601
-1.82861e-06
-0.00128051
-6.55662e-06
-0.00127319
-1.13837e-05
-0.00126413
-1.6229e-05
-0.00125336
-2.11063e-05
-0.00124086
-2.60586e-05
-0.00122673
-3.08533e-05
-0.00121093
-3.57231e-05
-0.00119346
-4.06298e-05
-0.00117432
-4.55824e-05
-0.00115349
-5.05892e-05
-0.00113097
-5.5654e-05
-0.00110673
-6.07785e-05
-6.59639e-05
4.57774e-05
0.000110284
2.89559e-05
0.00011009
1.46529e-05
9.96461e-05
1.06093e-06
8.94295e-05
-1.21662e-05
7.99454e-05
-2.41956e-05
7.05957e-05
-3.47184e-05
6.16193e-05
-4.35911e-05
5.3123e-05
-5.06984e-05
4.49878e-05
-5.59413e-05
3.70914e-05
-5.92685e-05
2.93783e-05
-6.06531e-05
2.17829e-05
-6.00357e-05
1.41859e-05
-5.72513e-05
6.41582e-06
-5.22303e-05
-1.48333e-06
-4.59705e-05
-8.08836e-06
-3.7669e-05
-1.48582e-05
-2.74714e-05
-2.15813e-05
-1.54211e-05
-2.82792e-05
-1.49532e-06
-3.50321e-05
1.4041e-05
-4.15949e-05
3.13992e-05
-4.82115e-05
5.05351e-05
-5.4859e-05
7.14447e-05
-6.15393e-05
9.41261e-05
-6.82638e-05
0.000118578
-7.50413e-05
0.0001448
-8.18755e-05
0.000172787
-8.87659e-05
0.000202535
-9.57118e-05
-0.000102714
0.00170462
0.00016379
0.00166761
0.0001471
0.00163585
0.000131404
0.00160789
0.000117384
0.00158355
0.000104293
0.00156253
9.16096e-05
0.00154431
7.9841e-05
0.0015285
6.89358e-05
0.00151506
5.84293e-05
0.00150407
4.80787e-05
0.00149556
3.78889e-05
0.00148949
2.78519e-05
0.00148583
1.78457e-05
0.00148461
7.63096e-06
0.0014857
-2.57124e-06
0.00148908
-1.14701e-05
0.00149483
-2.06015e-05
0.00150295
-2.97001e-05
0.00151336
-3.86905e-05
0.00152594
-4.76116e-05
0.00154071
-5.63645e-05
0.00155759
-6.50958e-05
0.00157653
-7.38014e-05
0.00159749
-8.24979e-05
0.00162043
-9.12061e-05
0.00164534
-9.99429e-05
0.00167217
-0.000108713
0.00170092
-0.000117512
0.00173154
-0.000126334
-0.000135183
0.00384868
0.000259834
0.00376836
0.000227422
0.00369392
0.000205848
0.00362494
0.000186359
0.0035641
0.00016514
0.00351145
0.000144255
0.00346552
0.000125771
0.00342512
0.000109335
0.00338976
9.37951e-05
0.00335911
7.87207e-05
0.00333283
6.41749e-05
0.00331055
5.01325e-05
0.00329198
3.64083e-05
0.00327684
2.27706e-05
0.00326539
8.8843e-06
0.00325837
-4.45478e-06
0.00325389
-1.61172e-05
0.00325227
-2.80816e-05
0.00325364
-4.00551e-05
0.00325794
-5.19166e-05
0.00326512
-6.35416e-05
0.00327499
-7.49684e-05
0.00328743
-8.62427e-05
0.00330234
-9.74041e-05
0.00331963
-0.0001085
0.00333926
-0.000119574
0.00336119
-0.000130635
0.00338534
-0.000141665
0.00341165
-0.00015265
-0.000163595
0.00628678
0.000399286
0.00616011
0.000354092
0.00604004
0.000325923
0.00592387
0.00030252
0.00581731
0.000271708
0.00572108
0.000240481
0.00563373
0.000213117
0.00555449
0.00018858
0.00548319
0.000165099
0.00541943
0.00014248
0.00536258
0.000121022
0.00531206
0.000100654
0.00526735
8.11147e-05
0.0052279
6.22186e-05
0.00519295
4.38409e-05
0.00516267
2.58272e-05
0.00513882
7.7283e-06
0.00511956
-8.82548e-06
0.00510383
-2.43182e-05
0.00509176
-3.98509e-05
0.00508343
-5.52154e-05
0.00507884
-7.037e-05
0.00507778
-8.51877e-05
0.00508003
-9.96498e-05
0.00508538
-0.000113848
0.00509369
-0.000127892
0.00510487
-0.00014181
0.00511877
-0.000155566
0.00513526
-0.000169142
0.00515423
-0.000182562
-0.000195851
0.00862132
0.000563462
0.00846508
0.000510333
0.00830852
0.00048248
0.00815817
0.000452865
0.00801864
0.000411246
0.00788852
0.000370601
0.00776651
0.000335119
0.00765296
0.00030214
0.00754821
0.000269848
0.00745199
0.000238699
0.00736385
0.000209154
0.00728345
0.000181062
0.00721039
0.000154176
0.00714423
0.000128374
0.00708451
0.000103565
0.00703068
7.9649e-05
0.0069819
5.6511e-05
0.00693921
3.38675e-05
0.00690381
1.1079e-05
0.00687368
-9.71497e-06
0.00684704
-2.85803e-05
0.00682427
-4.76009e-05
0.0068055
-6.64128e-05
0.00679066
-8.48183e-05
0.00677963
-0.000102814
0.00677227
-0.000120533
0.00676843
-0.000137968
0.00676789
-0.000155028
0.00677044
-0.000171694
0.00677591
-0.000188026
0.00678413
-0.000204071
-0.000219841
0.0103571
0.000722938
0.0101993
0.000668184
0.0100371
0.000644641
0.00988375
0.000606218
0.00973875
0.00055624
0.00960034
0.000509019
0.00946859
0.000466869
0.00934397
0.000426758
0.00922655
0.000387263
0.00911628
0.000348971
0.0090132
0.000312233
0.00891732
0.000276945
0.00882849
0.000243008
0.00874646
0.000210401
0.00867096
0.000179066
0.0086017
0.000148908
0.00853838
0.000119831
0.00848045
9.18008e-05
0.00842678
6.47423e-05
0.00837874
3.83245e-05
0.00833835
1.18142e-05
0.00830304
-1.22899e-05
0.00827106
-3.44305e-05
0.00824256
-5.632e-05
0.00821761
-7.78611e-05
0.00819634
-9.92688e-05
0.00817871
-0.000120338
0.00816451
-0.00014083
0.00815355
-0.000160729
0.00814565
-0.000180124
0.00814064
-0.000199064
-0.000217555
0.0111361
0.00082674
0.01101
0.000794255
0.0108937
0.00076092
0.0107819
0.000718062
0.0106708
0.000667322
0.0105622
0.000617607
0.0104572
0.000571861
0.0103556
0.000528322
0.0102574
0.00048553
0.0101627
0.000443681
0.0100718
0.000403039
0.00998519
0.000363606
0.00990282
0.000325372
0.00982486
0.000288366
0.00975134
0.000252588
0.00968225
0.000217998
0.00961753
0.000184549
0.00955715
0.000152184
0.00950102
0.000120869
0.00944872
9.06232e-05
0.00939908
6.14607e-05
0.00935407
3.27195e-05
0.00931631
3.32591e-06
0.00928071
-2.07208e-05
0.00924795
-4.50977e-05
0.00921828
-6.96012e-05
0.00919159
-9.36536e-05
0.00916779
-0.000117022
0.00914678
-0.000139728
0.00912851
-0.000161846
0.00911285
-0.000183407
0.0090997
-0.000204406
-0.000224838
0.0165768
0.000932158
-0.0166822
0.0164964
0.000874615
0.0164278
0.000829585
0.0163622
0.000783654
0.0162937
0.000735771
0.0162229
0.000688382
0.0161526
0.000642157
0.0160837
0.000597279
0.0160154
0.000553774
0.0159476
0.000511488
0.0158804
0.000470248
0.015814
0.000430007
0.0157486
0.0003908
0.0156843
0.000352657
0.0156213
0.000315578
0.0155598
0.000279541
0.0154998
0.000244519
0.0154415
0.000210486
0.0153849
0.00017742
0.0153303
0.000145286
0.0152777
0.000114072
0.0152265
8.38942e-05
0.0151747
5.5113e-05
0.0151262
2.78234e-05
0.0150787
2.41717e-06
0.015035
-2.59895e-05
0.0149937
-5.2314e-05
0.0149542
-7.75668e-05
0.0149167
-0.000102141
0.0148809
-0.000126085
0.0148468
-0.000149359
0.0148144
-0.000171953
-0.000193889
0.0166805
0.000943179
-0.0166915
0.0166674
0.000887671
0.0166607
0.000836284
0.0166546
0.000789817
0.0166447
0.000745613
0.016631
0.000702094
0.0166142
0.000658954
0.0165949
0.000616602
0.0165733
0.000575351
0.0165496
0.000535181
0.0165239
0.000495945
0.0164964
0.000457549
0.0164672
0.000419981
0.0164366
0.000383258
0.0164048
0.000347392
0.0163719
0.00031238
0.0163382
0.00027822
0.0163038
0.000244915
0.0162688
0.000212465
0.0162332
0.00018089
0.0161971
0.000150188
0.0161606
0.00012035
0.0161245
9.12433e-05
0.0160895
6.28027e-05
0.016057
3.48987e-05
0.0160238
7.17652e-06
0.0159901
-1.85542e-05
0.0159564
-4.38922e-05
0.0159231
-6.88472e-05
0.0158901
-9.31129e-05
0.0158575
-0.000116684
0.0158251
-0.000139615
-0.000161926
0.0165793
0.00092344
-0.0165595
0.0165967
0.000870253
0.0166121
0.000820845
0.0166262
0.000775768
0.0166382
0.000733545
0.0166477
0.000692618
0.0166544
0.000652288
0.0166584
0.000612604
0.01666
0.000573771
0.0166593
0.000535863
0.0166564
0.000498829
0.0166514
0.000462588
0.0166442
0.000427091
0.0166352
0.000392325
0.0166243
0.000358291
0.0166117
0.000324993
0.0165975
0.00029243
0.0165818
0.000260601
0.0165647
0.000229498
0.0165465
0.000199102
0.0165273
0.000169372
0.0165074
0.000140268
0.0164868
0.000111824
0.0164655
8.41376e-05
0.0164431
5.73125e-05
0.0164189
3.13391e-05
0.0163941
6.30955e-06
0.0163692
-1.90783e-05
0.016344
-4.36314e-05
0.0163183
-6.74086e-05
0.0162922
-9.05806e-05
0.0162658
-0.000113154
-0.000135118
0.0164342
0.000884835
-0.0163956
0.0164642
0.000840268
0.0164895
0.000795565
0.0165123
0.000753014
0.016533
0.000712803
0.0165515
0.000674139
0.0165674
0.000636338
0.0165809
0.000599163
0.016592
0.000562659
0.0166009
0.000526911
0.0166078
0.000491936
0.0166127
0.000457699
0.0166157
0.000424156
0.0166167
0.00039128
0.0166159
0.00035906
0.0166134
0.000327496
0.0166093
0.000296583
0.0166036
0.000266315
0.0165964
0.000236683
0.0165878
0.000207673
0.0165779
0.000179284
0.0165666
0.000151529
0.016554
0.000124443
0.0165401
9.80516e-05
0.016525
7.24045e-05
0.016509
4.73224e-05
0.0164927
2.26113e-05
0.0164754
-1.75488e-06
0.0164569
-2.51159e-05
0.0164376
-4.81016e-05
0.0164175
-7.04816e-05
0.0163966
-9.22653e-05
-0.000113477
0.0162796
0.000843681
-0.0162384
0.0163153
0.000804579
0.0163467
0.000764149
0.0163749
0.000724805
0.0164005
0.000687226
0.0164235
0.000651051
0.0164441
0.000615754
0.0164623
0.000581038
0.0164781
0.000546861
0.0164917
0.000513287
0.0165033
0.000480361
0.0165129
0.000448087
0.0165206
0.000416439
0.0165265
0.000385395
0.0165306
0.00035494
0.016533
0.00032507
0.0165338
0.000295783
0.0165331
0.000267077
0.0165308
0.000238949
0.0165271
0.000211402
0.0165219
0.000184439
0.0165154
0.000158068
0.0165075
0.000132293
0.0164985
0.000107094
0.0164884
8.24472e-05
0.0164774
5.83061e-05
0.0164654
3.466e-05
0.016452
1.16061e-05
0.0164378
-1.08673e-05
0.0164225
-3.28406e-05
0.0164063
-5.42691e-05
0.0163892
-7.51559e-05
-9.55055e-05
0.0161323
0.000801265
-0.0160899
0.0161713
0.000765529
0.0162064
0.000729052
0.016238
0.000693256
0.0162665
0.000658696
0.0162924
0.000625204
0.0163157
0.000592428
0.0163366
0.000560138
0.0163552
0.00052828
0.0163716
0.000496898
0.0163859
0.000466044
0.0163982
0.000435739
0.0164087
0.000405977
0.0164173
0.000376746
0.0164242
0.000348036
0.0164295
0.000319844
0.0164331
0.000292172
0.0164351
0.000265023
0.0164357
0.000238398
0.0164348
0.000212301
0.0164325
0.000186732
0.0164289
0.000161688
0.016424
0.000137164
0.0164179
0.000113148
0.0164107
8.96373e-05
0.0164024
6.6636e-05
0.0163929
4.41573e-05
0.0163823
2.21963e-05
0.0163707
7.60021e-07
0.0163581
-2.02259e-05
0.0163445
-4.06811e-05
0.01633
-6.0636e-05
-8.00893e-05
0.0159996
0.000756688
-0.015955
0.0160402
0.00072498
0.0160769
0.000692326
0.0161102
0.000659962
0.0161405
0.000628416
0.0161681
0.000597625
0.0161931
0.000567358
0.0162158
0.000537456
0.0162362
0.000507883
0.0162544
0.000478678
0.0162706
0.00044989
0.0162848
0.000421549
0.0162971
0.000393664
0.0163076
0.000366231
0.0163164
0.00033925
0.0163235
0.000312721
0.016329
0.00028665
0.016333
0.000261042
0.0163355
0.000235901
0.0163366
0.000211229
0.0163363
0.000187028
0.0163347
0.000163296
0.0163318
0.000140034
0.0163277
0.000117243
0.0163224
9.49265e-05
0.016316
7.30891e-05
0.0163084
5.17294e-05
0.0162998
3.08396e-05
0.0162901
1.04136e-05
0.0162794
-9.54903e-06
0.0162678
-2.90367e-05
0.0162552
-4.80538e-05
-6.65994e-05
0.0158807
0.000712161
-0.0158361
0.0159214
0.000684226
0.0159587
0.000655033
0.0159928
0.000625819
0.0160241
0.000597126
0.0160528
0.000568953
0.016079
0.000541137
0.0161029
0.000513565
0.0161246
0.000486222
0.0161441
0.000459147
0.0161616
0.000432391
0.0161772
0.000405988
0.0161909
0.000379954
0.0162028
0.000354297
0.016213
0.000329021
0.0162216
0.000304134
0.0162286
0.000279642
0.0162341
0.000255555
0.0162381
0.000231877
0.0162408
0.000208615
0.016242
0.000185772
0.016242
0.000163353
0.0162406
0.00014136
0.0162381
0.000119799
0.0162343
9.86711e-05
0.0162294
7.79782e-05
0.0162235
5.77192e-05
0.0162164
3.78929e-05
0.0162083
1.85003e-05
0.0161992
-4.65952e-07
0.0161892
-1.89741e-05
0.0161782
-3.70538e-05
-5.46922e-05
0.0157727
0.000668807
-0.0157293
0.0158131
0.00064384
0.0158504
0.000617682
0.0158849
0.00059135
0.0159167
0.00056533
0.015946
0.000539645
0.0159729
0.000514177
0.0159977
0.000488847
0.0160202
0.000463653
0.0160407
0.00043864
0.0160593
0.000413859
0.0160759
0.000389346
0.0160907
0.000365124
0.0161038
0.000341207
0.0161152
0.000317605
0.016125
0.00029433
0.0161333
0.000271392
0.01614
0.000248802
0.0161454
0.00022657
0.0161493
0.000204702
0.0161518
0.000183207
0.0161531
0.00016209
0.0161531
0.000141357
0.0161519
0.000121012
0.0161495
0.000101058
0.016146
8.14987e-05
0.0161414
6.23358e-05
0.0161357
4.35717e-05
0.016129
2.52091e-05
0.0161213
7.24973e-06
0.0161126
-1.03002e-05
0.016103
-2.74431e-05
-4.41776e-05
0.0156738
0.000626467
-0.0156314
0.0157135
0.00060411
0.0157505
0.000580663
0.0157849
0.000556956
0.0158168
0.000533406
0.0158464
0.000510048
0.0158738
0.000486796
0.0158991
0.000463593
0.0159223
0.00044045
0.0159435
0.000417412
0.0159628
0.000394531
0.0159803
0.000371846
0.0159961
0.000349383
0.0160101
0.000327159
0.0160225
0.00030519
0.0160334
0.000283491
0.0160427
0.000262075
0.0160505
0.000240955
0.0160569
0.000220143
0.016062
0.000199649
0.0160657
0.000179482
0.0160682
0.00015965
0.0160694
0.000140159
0.0160694
0.000121015
0.0160682
0.000102225
0.0160659
8.37907e-05
0.0160625
6.57184e-05
0.0160581
4.80114e-05
0.0160526
3.06733e-05
0.0160462
1.37066e-05
0.0160387
-2.88736e-06
0.0160304
-1.91002e-05
-3.49364e-05
0.0155826
0.000585218
-0.0155414
0.0156214
0.000565275
0.0156578
0.000544268
0.0156919
0.000522929
0.0157236
0.000501636
0.0157532
0.00048043
0.0157808
0.000459247
0.0158063
0.000438045
0.01583
0.00041684
0.0158517
0.00039568
0.0158716
0.000374614
0.0158898
0.000353683
0.0159062
0.000332913
0.0159211
0.000312326
0.0159343
0.000291941
0.015946
0.000271773
0.0159563
0.000251839
0.0159651
0.000232155
0.0159725
0.000212733
0.0159785
0.000193585
0.0159833
0.000174722
0.0159868
0.000156152
0.0159891
0.000137885
0.0159902
0.000119927
0.0159901
0.000102285
0.0159889
8.49645e-05
0.0159867
6.79719e-05
0.0159834
5.13115e-05
0.0159791
3.49875e-05
0.0159738
1.90033e-05
0.0159675
3.36004e-06
0.0159604
-1.19311e-05
-2.68749e-05
0.0154983
0.000545315
-0.0154584
0.0155361
0.0005275
0.0155717
0.000508668
0.0156052
0.000489463
0.0156366
0.000470224
0.015666
0.000450999
0.0156935
0.000431735
0.0157192
0.000412403
0.015743
0.00039302
0.015765
0.000373633
0.0157853
0.00035429
0.015804
0.00033503
0.015821
0.000315882
0.0158365
0.000296868
0.0158504
0.000278009
0.0158629
0.000259322
0.0158739
0.000240826
0.0158835
0.000222537
0.0158918
0.000204468
0.0158987
0.000186634
0.0159044
0.000169045
0.0159088
0.000151713
0.0159121
0.000134646
0.0159141
0.000117853
0.0159151
0.000101342
0.0159149
8.51197e-05
0.0159137
6.91921e-05
0.0159115
5.35649e-05
0.0159082
3.82428e-05
0.015904
2.32303e-05
0.0158988
8.53074e-06
0.0158927
-5.8502e-06
-1.99078e-05
0.0154203
0.000506814
-0.0153818
0.0154569
0.000490858
0.0154916
0.000473964
0.0155244
0.000456684
0.0155553
0.000439318
0.0155844
0.000421911
0.0156117
0.000404422
0.0156373
0.000386829
0.0156612
0.000369151
0.0156834
0.000351431
0.0157039
0.000333716
0.0157229
0.000316042
0.0157404
0.00029844
0.0157563
0.00028093
0.0157708
0.000263536
0.0157838
0.000246275
0.0157955
0.000229166
0.0158058
0.000212226
0.0158148
0.000195471
0.0158225
0.000178914
0.015829
0.000162567
0.0158343
0.000146443
0.0158384
0.00013055
0.0158413
0.000114899
0.0158432
9.94978e-05
0.0158439
8.43536e-05
0.0158436
6.94736e-05
0.0158423
5.48639e-05
0.0158401
4.05301e-05
0.0158368
2.64774e-05
0.0158326
1.27101e-05
0.0158275
-7.73094e-07
-1.3951e-05
0.0153481
0.00046966
-0.0153109
0.0153836
0.000455367
0.0154173
0.000440214
0.0154493
0.000424675
0.0154796
0.000409015
0.0155083
0.000393276
0.0155353
0.000377427
0.0155607
0.000361449
0.0155844
0.000345361
0.0156067
0.000329205
0.0156274
0.000313022
0.0156466
0.00029685
0.0156643
0.000280714
0.0156806
0.000264639
0.0156955
0.000248645
0.015709
0.000232752
0.0157212
0.000216978
0.0157321
0.00020134
0.0157417
0.000185855
0.0157501
0.000170536
0.0157572
0.000155396
0.0157632
0.000140447
0.0157681
0.0001257
0.0157718
0.000111164
0.0157745
9.68486e-05
0.0157761
8.2761e-05
0.0157766
6.89091e-05
0.0157762
5.52993e-05
0.0157748
4.19377e-05
0.0157724
2.88299e-05
0.0157692
1.59802e-05
0.015765
3.39145e-06
-8.92453e-06
0.0152814
0.000433812
-0.0152455
0.0153157
0.00042102
0.0153485
0.000407437
0.0153797
0.000393477
0.0154094
0.000379373
0.0154375
0.000365166
0.0154641
0.00035083
0.0154892
0.00033635
0.0155128
0.000321746
0.0155349
0.000307054
0.0155556
0.000292313
0.0155749
0.000277556
0.0155928
0.000262812
0.0156094
0.0002481
0.0156246
0.000233443
0.0156385
0.000218859
0.0156511
0.000204366
0.0156624
0.000189982
0.0156726
0.000175722
0.0156815
0.000161601
0.0156893
0.000147631
0.0156959
0.000133824
0.0157014
0.000120191
0.0157058
0.000106742
0.0157092
9.34863e-05
0.0157115
8.04321e-05
0.0157128
6.75871e-05
0.0157132
5.49581e-05
0.0157126
4.25514e-05
0.015711
3.03727e-05
0.0157086
1.84271e-05
0.0157052
6.71849e-06
-4.74665e-06
0.0152199
0.000399223
-0.0151853
0.0152531
0.000387783
0.0152849
0.000375621
0.0153153
0.000363097
0.0153443
0.000350417
0.0153718
0.00033762
0.015398
0.000324682
0.0154227
0.000311594
0.0154461
0.000298373
0.0154681
0.000285051
0.0154887
0.000271665
0.015508
0.000258246
0.015526
0.000244818
0.0155427
0.000231402
0.0155582
0.000218019
0.0155723
0.000204686
0.0155853
0.000191422
0.015597
0.000178242
0.0156076
0.000165163
0.015617
0.000152197
0.0156253
0.000139359
0.0156324
0.000126659
0.0156385
0.000114109
0.0156435
0.000101718
0.0156475
8.94959e-05
0.0156505
7.74509e-05
0.0156525
6.55907e-05
0.0156535
5.39223e-05
0.0156536
4.24521e-05
0.0156528
3.1186e-05
0.0156511
2.01294e-05
0.0156485
9.28645e-06
-1.34064e-06
0.0151633
0.000365821
-0.0151299
0.0151955
0.000355605
0.0152264
0.000344734
0.0152559
0.000333522
0.0152842
0.00032215
0.0153112
0.000310653
0.0153368
0.000299012
0.0153612
0.000287218
0.0153843
0.000275288
0.0154061
0.000263251
0.0154266
0.000251139
0.0154459
0.000238981
0.0154639
0.0002268
0.0154807
0.000214615
0.0154963
0.000202445
0.0155106
0.000190308
0.0155238
0.00017822
0.0155359
0.000166197
0.0155468
0.000154254
0.0155566
0.000142404
0.0155653
0.000130659
0.0155729
0.000119032
0.0155795
0.000107533
0.015585
9.61706e-05
0.0155896
8.49552e-05
0.0155931
7.38946e-05
0.0155957
6.29965e-05
0.0155974
5.2268e-05
0.0155981
4.17154e-05
0.015598
3.13446e-05
0.0155969
2.11611e-05
0.0155951
1.11693e-05
1.36965e-06
0.0151114
0.000333522
-0.0150791
0.0151426
0.000324421
0.0151726
0.000314731
0.0152014
0.000304724
0.015229
0.000294557
0.0152554
0.000284263
0.0152806
0.000273827
0.0153046
0.00026324
0.0153273
0.000252518
0.0153489
0.000241686
0.0153693
0.000230775
0.0153884
0.000219809
0.0154064
0.000208809
0.0154232
0.000197794
0.0154389
0.00018678
0.0154534
0.000175785
0.0154668
0.000164824
0.0154791
0.000153912
0.0154903
0.000143062
0.0155004
0.000132288
0.0155095
0.000121601
0.0155175
0.000111012
0.0155245
0.000100532
0.0155305
9.01699e-05
0.0155355
7.99344e-05
0.0155396
6.98337e-05
0.0155427
5.98752e-05
0.0155449
5.00658e-05
0.0155462
4.04118e-05
0.0155466
3.09188e-05
0.0155462
2.15922e-05
0.0155449
1.24365e-05
3.45492e-06
0.0150641
0.000302238
-0.0150328
0.0150944
0.000294162
0.0151235
0.000285558
0.0151516
0.000276661
0.0151785
0.000267611
0.0152044
0.000258435
0.0152291
0.000249121
0.0152527
0.000239664
0.0152751
0.000230074
0.0152964
0.000220377
0.0153166
0.000210598
0.0153356
0.00020076
0.0153536
0.000190881
0.0153704
0.000180979
0.0153861
0.000171069
0.0154007
0.000161166
0.0154142
0.000151286
0.0154267
0.00014144
0.0154381
0.000131644
0.0154485
0.000121907
0.0154579
0.000112243
0.0154662
0.00010266
0.0154736
9.3169e-05
0.01548
8.37786e-05
0.0154854
7.44971e-05
0.0154899
6.53323e-05
0.0154935
5.62913e-05
0.0154962
4.73806e-05
0.015498
3.86064e-05
0.0154989
2.99741e-05
0.015499
2.14889e-05
0.0154983
1.31553e-05
4.97702e-06
0.0150212
0.000271882
-0.0149908
0.0150506
0.000264752
0.015079
0.000257152
0.0151064
0.000249285
0.0151327
0.000241273
0.015158
0.000233141
0.0151822
0.000224879
0.0152054
0.000216481
0.0152275
0.000207958
0.0152486
0.000199331
0.0152685
0.000190624
0.0152875
0.000181855
0.0153053
0.000173043
0.0153221
0.000164202
0.0153378
0.000155347
0.0153525
0.00014649
0.0153661
0.000137646
0.0153787
0.000128828
0.0153903
0.000120046
0.0154009
0.000111312
0.0154105
0.000102637
0.0154192
9.40289e-05
0.0154268
8.54982e-05
0.0154335
7.70527e-05
0.0154393
6.87004e-05
0.0154442
6.04485e-05
0.0154482
5.23037e-05
0.0154513
4.42721e-05
0.0154536
3.63596e-05
0.015455
2.85715e-05
0.0154555
2.09125e-05
0.0154553
1.33869e-05
5.99833e-06
0.0149825
0.000242366
-0.014953
0.0150111
0.000236114
0.0150388
0.000229447
0.0150656
0.000222541
0.0150913
0.0002155
0.0151161
0.000208347
0.0151399
0.000201073
0.0151627
0.000193674
0.0151845
0.000186159
0.0152053
0.000178546
0.0152251
0.000170856
0.0152438
0.000163105
0.0152616
0.00015531
0.0152783
0.000147483
0.015294
0.000139638
0.0153087
0.000131786
0.0153224
0.000123939
0.0153351
0.00011611
0.0153469
0.000108308
0.0153576
0.000100543
0.0153675
9.28261e-05
0.0153763
8.51647e-05
0.0153842
7.75674e-05
0.0153913
7.00419e-05
0.0153974
6.25954e-05
0.0154026
5.52347e-05
0.0154069
4.79659e-05
0.0154104
4.07948e-05
0.015413
3.37269e-05
0.0154148
2.67669e-05
0.0154158
1.99196e-05
0.015416
1.31893e-05
0.0154154
6.57951e-06
8.35814e-08
0.0149479
0.0002136
-0.0149192
0.0149759
0.000208169
0.015003
0.000202376
0.0150291
0.00019637
0.0150544
0.000190242
0.0150787
0.000184012
0.0151021
0.000177672
0.0151246
0.000171219
0.0151461
0.00016466
0.0151666
0.000158011
0.0151862
0.00015129
0.0152048
0.000144512
0.0152224
0.000137689
0.015239
0.000130835
0.0152547
0.00012396
0.0152694
0.000117074
0.0152832
0.000110189
0.015296
0.000103315
0.0153078
9.64612e-05
0.0153187
8.96364e-05
0.0153287
8.28492e-05
0.0153378
7.61075e-05
0.0153459
6.94188e-05
0.0153532
6.27901e-05
0.0153595
5.62279e-05
0.015365
4.97382e-05
0.0153697
4.33267e-05
0.0153735
3.69988e-05
0.0153764
3.07593e-05
0.0153786
2.46126e-05
0.0153799
1.8563e-05
0.0153805
1.26141e-05
0.0153803
6.76916e-06
1.02957e-06
0.0149174
0.000185496
-0.0148893
0.0149448
0.000180837
0.0149713
0.000175867
0.0149969
0.000170712
0.0150217
0.000165448
0.0150457
0.000160093
0.0150687
0.00015464
0.0150908
0.000149086
0.015112
0.000143439
0.0151323
0.000137711
0.0151517
0.000131917
0.0151702
0.00012607
0.0151877
0.000120183
0.0152042
0.000114264
0.0152199
0.000108323
0.0152346
0.000102371
0.0152483
9.64157e-05
0.0152612
9.04667e-05
0.0152731
8.45321e-05
0.0152841
7.86199e-05
0.0152943
7.27374e-05
0.0153035
6.68917e-05
0.0153118
6.10892e-05
0.0153193
5.53363e-05
0.0153258
4.96387e-05
0.0153316
4.40017e-05
0.0153365
3.84306e-05
0.0153405
3.29299e-05
0.0153438
2.7504e-05
0.0153463
2.2157e-05
0.0153479
1.68926e-05
0.0153488
1.17141e-05
0.015349
6.62488e-06
1.62655e-06
0.0148909
0.000157967
-0.0148634
0.0149177
0.00015404
0.0149437
0.000149851
0.0149689
0.000145502
0.0149933
0.000141061
0.0150169
0.00013654
0.0150396
0.000131934
0.0150614
0.000127241
0.0150824
0.000122467
0.0151025
0.000117623
0.0151217
0.000112721
0.01514
0.000107772
0.0151574
0.000102785
0.0151739
9.77695e-05
0.0151895
9.27334e-05
0.0152041
8.76849e-05
0.0152179
8.26318e-05
0.0152308
7.75816e-05
0.0152428
7.25414e-05
0.0152539
6.7518e-05
0.0152641
6.25178e-05
0.0152735
5.75469e-05
0.015282
5.26108e-05
0.0152896
4.7715e-05
0.0152963
4.28645e-05
0.0153023
3.8064e-05
0.0153074
3.33179e-05
0.0153117
2.86302e-05
0.0153152
2.40048e-05
0.0153179
1.94453e-05
0.0153198
1.49548e-05
0.015321
1.05365e-05
0.0153215
6.19298e-06
1.92616e-06
0.0148683
0.000130927
-0.0148412
0.0148946
0.000127699
0.0149202
0.000124254
0.014945
0.000120677
0.0149691
0.000117023
0.0149923
0.000113303
0.0150147
0.000109512
0.0150363
0.000105648
0.0150571
0.000101716
0.015077
9.77238e-05
0.015096
9.36828e-05
0.0151142
8.96016e-05
0.0151315
8.54879e-05
0.0151479
8.13488e-05
0.0151635
7.71911e-05
0.0151781
7.30216e-05
0.0151919
6.88466e-05
0.0152048
6.46725e-05
0.0152168
6.05052e-05
0.015228
5.63503e-05
0.0152383
5.22131e-05
0.0152478
4.80987e-05
0.0152564
4.40119e-05
0.0152641
3.99571e-05
0.0152711
3.59385e-05
0.0152772
3.19602e-05
0.0152824
2.80258e-05
0.0152869
2.41388e-05
0.0152906
2.03024e-05
0.0152936
1.65196e-05
0.0152957
1.27932e-05
0.0152971
9.12573e-06
0.0152978
5.51947e-06
1.97621e-06
0.0148495
0.000104292
-0.0148229
0.0148755
0.000101734
0.0149007
9.90039e-05
0.0149252
9.61714e-05
0.014949
9.32773e-05
0.0149719
9.03304e-05
0.0149941
8.73272e-05
0.0150155
8.42655e-05
0.0150361
8.11489e-05
0.0150558
7.79846e-05
0.0150747
7.47803e-05
0.0150928
7.15431e-05
0.01511
6.82792e-05
0.0151263
6.49942e-05
0.0151418
6.16934e-05
0.0151565
5.83822e-05
0.0151702
5.50656e-05
0.0151832
5.17488e-05
0.0151952
4.84364e-05
0.0152065
4.51329e-05
0.0152168
4.18425e-05
0.0152264
3.85694e-05
0.015235
3.53174e-05
0.0152429
3.209e-05
0.01525
2.88906e-05
0.0152562
2.57225e-05
0.0152616
2.25887e-05
0.0152663
1.94919e-05
0.0152702
1.64347e-05
0.0152733
1.34195e-05
0.0152756
1.04487e-05
0.0152772
7.52429e-06
0.0152781
4.64812e-06
1.82171e-06
0.0148345
7.79835e-05
-0.0148082
0.0148602
7.60657e-05
0.0148851
7.403e-05
0.0149094
7.19188e-05
0.0149329
6.97628e-05
0.0149557
6.75682e-05
0.0149777
6.5332e-05
0.0149989
6.30523e-05
0.0150193
6.07315e-05
0.0150389
5.83747e-05
0.0150577
5.59878e-05
0.0150757
5.35759e-05
0.0150928
5.11436e-05
0.0151091
4.8695e-05
0.0151245
4.62341e-05
0.0151392
4.37649e-05
0.0151529
4.12911e-05
0.0151659
3.88165e-05
0.015178
3.63447e-05
0.0151892
3.3879e-05
0.0151996
3.14226e-05
0.0152092
2.89785e-05
0.015218
2.65496e-05
0.0152259
2.41387e-05
0.0152331
2.17482e-05
0.0152394
1.93807e-05
0.015245
1.70383e-05
0.0152498
1.47231e-05
0.0152537
1.24372e-05
0.015257
1.01824e-05
0.0152595
7.96034e-06
0.0152612
5.77262e-06
0.0152623
3.62068e-06
1.50568e-06
0.0148232
5.19055e-05
-0.0147972
0.0148487
5.0619e-05
0.0148735
4.92612e-05
0.0148975
4.78551e-05
0.0149209
4.64217e-05
0.0149435
4.49641e-05
0.0149653
4.34795e-05
0.0149864
4.19664e-05
0.0150067
4.04262e-05
0.0150262
3.88623e-05
0.0150449
3.72784e-05
0.0150628
3.56779e-05
0.0150799
3.40637e-05
0.0150962
3.24384e-05
0.0151116
3.08048e-05
0.0151262
2.91653e-05
0.01514
2.75226e-05
0.0151529
2.58791e-05
0.015165
2.42372e-05
0.0151763
2.2599e-05
0.0151867
2.09668e-05
0.0151964
1.93426e-05
0.0152052
1.77282e-05
0.0152132
1.61255e-05
0.0152204
1.45362e-05
0.0152268
1.29619e-05
0.0152325
1.14042e-05
0.0152373
9.86434e-06
0.0152414
8.34376e-06
0.0152448
6.84367e-06
0.0152474
5.3652e-06
0.0152492
3.90943e-06
0.0152504
2.4773e-06
1.06962e-06
0.0148157
2.59457e-05
-0.0147898
0.014841
2.53087e-05
0.0148657
2.46146e-05
0.0148896
2.3908e-05
0.0149129
2.31915e-05
0.0149354
2.24634e-05
0.0149571
2.17216e-05
0.0149781
2.09656e-05
0.0149984
2.01964e-05
0.0150178
1.94158e-05
0.0150365
1.86255e-05
0.0150543
1.78271e-05
0.0150713
1.70219e-05
0.0150876
1.62113e-05
0.015103
1.53964e-05
0.0151176
1.45786e-05
0.0151313
1.37591e-05
0.0151443
1.29392e-05
0.0151564
1.212e-05
0.0151677
1.13026e-05
0.0151782
1.04882e-05
0.0151878
9.6776e-06
0.0151967
8.8719e-06
0.0152047
8.07196e-06
0.015212
7.27865e-06
0.0152185
6.49276e-06
0.0152242
5.71506e-06
0.0152291
4.94626e-06
0.0152332
4.18701e-06
0.0152366
3.43793e-06
0.0152393
2.6996e-06
0.0152412
1.97254e-06
0.0152425
1.25724e-06
5.54138e-07
0.0148118
-0.0147859
0.0148371
0.0148618
0.0148857
0.0149089
0.0149313
0.014953
0.014974
0.0149942
0.0150136
0.0150323
0.0150501
0.0150671
0.0150833
0.0150987
0.0151133
0.015127
0.01514
0.0151521
0.0151634
0.0151739
0.0151836
0.0151924
0.0152005
0.0152078
0.0152143
0.01522
0.015225
0.0152291
0.0152326
0.0152353
0.0152372
0.0152385
0.0107313
-0.0164187
0.0103777
-0.0163379
0.00995529
-0.0161371
0.00951317
-0.0159535
0.00907691
-0.0158022
0.00864969
-0.0156627
0.0082317
-0.0155371
0.00782304
-0.0154275
0.00742261
-0.0153289
0.00702923
-0.015238
0.00664224
-0.0151544
0.00626122
-0.0150774
0.00588574
-0.0150063
0.00551537
-0.0149406
0.00514974
-0.0148799
0.00478847
-0.014824
0.00443121
-0.0147726
0.00407759
-0.0147255
0.00372729
-0.0146825
0.00337995
-0.0146435
0.00303525
-0.0146083
0.00269288
-0.0145768
0.00235251
-0.014549
0.00201383
-0.0145247
0.00167653
-0.0145039
0.00134031
-0.0144866
0.00100487
-0.0144727
0.000669878
-0.0144622
0.000335031
-0.0144549
-0.0144509
0.0101231
-0.0160342
0.00967882
-0.0158936
0.00923319
-0.0156915
0.00879831
-0.0155186
0.00838245
-0.0153863
0.0079835
-0.0152637
0.00759548
-0.015149
0.00721611
-0.0150481
0.00684476
-0.0149575
0.00648047
-0.0148737
0.00612241
-0.0147963
0.00577014
-0.0147251
0.00542327
-0.0146594
0.00508136
-0.0145987
0.00474396
-0.0145425
0.00441071
-0.0144908
0.00408124
-0.0144432
0.00375522
-0.0143995
0.0034323
-0.0143596
0.00311217
-0.0143233
0.00279453
-0.0142906
0.00247907
-0.0142613
0.0021655
-0.0142354
0.00185354
-0.0142127
0.0015429
-0.0141933
0.00123332
-0.0141771
0.000924505
-0.0141639
0.000616198
-0.0141539
0.000308116
-0.0141468
-0.0141427
0.00922634
-0.0156063
0.00882242
-0.0154897
0.00844324
-0.0153123
0.00806557
-0.0151409
0.00768896
-0.0150097
0.00732193
-0.0148967
0.00696393
-0.014791
0.00661292
-0.0146971
0.00626919
-0.0146138
0.00593259
-0.0145371
0.00560226
-0.014466
0.00527759
-0.0144005
0.00495823
-0.0143401
0.00464375
-0.0142842
0.00433376
-0.0142325
0.00402785
-0.0141849
0.0037257
-0.014141
0.00342695
-0.0141007
0.00313129
-0.0140639
0.0028384
-0.0140305
0.00254798
-0.0140002
0.00225975
-0.0139731
0.00197342
-0.0139491
0.00168871
-0.013928
0.00140537
-0.01391
0.00112312
-0.0138948
0.00084171
-0.0138825
0.000560882
-0.013873
0.000280384
-0.0138663
-0.0138624
0.00842459
-0.0152373
0.00803889
-0.015104
0.00765527
-0.0149287
0.00728373
-0.0147694
0.00692582
-0.0146518
0.00658421
-0.0145551
0.00625658
-0.0144634
0.00593806
-0.0143786
0.00562671
-0.0143025
0.00532229
-0.0142327
0.00502413
-0.0141678
0.00473149
-0.0141078
0.00444388
-0.0140525
0.00416094
-0.0140012
0.00388225
-0.0139538
0.00360742
-0.01391
0.00333611
-0.0138697
0.00306799
-0.0138326
0.00280277
-0.0137987
0.00254013
-0.0137678
0.00227982
-0.0137399
0.00202156
-0.0137148
0.00176509
-0.0136926
0.00151017
-0.0136731
0.00125655
-0.0136563
0.001004
-0.0136423
0.00075229
-0.0136308
0.000501198
-0.013622
0.000250501
-0.0136156
-0.0136119
0.00748959
-0.0148636
0.00711842
-0.0147328
0.00677672
-0.014587
0.00645953
-0.0144522
0.00615196
-0.0143442
0.00585046
-0.0142536
0.00555686
-0.0141698
0.0052705
-0.0140922
0.00499043
-0.0140224
0.00471672
-0.013959
0.00444917
-0.0139003
0.00418713
-0.0138458
0.00393005
-0.0137954
0.00367754
-0.0137487
0.00342921
-0.0137055
0.0031847
-0.0136655
0.00294366
-0.0136287
0.00270577
-0.0135947
0.00247073
-0.0135637
0.00223825
-0.0135353
0.00200806
-0.0135097
0.00177991
-0.0134867
0.00155355
-0.0134662
0.00132873
-0.0134483
0.00110524
-0.0134329
0.000882837
-0.0134199
0.000661319
-0.0134093
0.000440473
-0.0134011
0.000220098
-0.0133953
-0.0133918
0.0065736
-0.0145352
0.0062478
-0.014407
0.00593491
-0.0142741
0.00563602
-0.0141533
0.00534873
-0.0140569
0.00507248
-0.0139773
0.00480812
-0.0139054
0.00455403
-0.0138381
0.00430775
-0.0137761
0.00406801
-0.0137193
0.0038343
-0.0136666
0.003606
-0.0136175
0.00338249
-0.0135719
0.00316332
-0.0135296
0.00294813
-0.0134903
0.00273655
-0.013454
0.00252824
-0.0134203
0.0023229
-0.0133894
0.00212023
-0.013361
0.00191997
-0.0133351
0.00172187
-0.0133116
0.00152569
-0.0132905
0.00133121
-0.0132717
0.0011382
-0.0132553
0.000946457
-0.0132411
0.000755783
-0.0132292
0.000565985
-0.0132195
0.000376874
-0.013212
0.000188271
-0.0132067
-0.0132035
0.00561382
-0.0142249
0.00530695
-0.0141002
0.00502446
-0.0139916
0.004766
-0.0138949
0.00452306
-0.013814
0.00428895
-0.0137432
0.00406229
-0.0136788
0.00384294
-0.0136188
0.0036302
-0.0135634
0.00342345
-0.0135125
0.00322239
-0.0134655
0.00302662
-0.0134217
0.0028356
-0.0133809
0.00264888
-0.0133428
0.00246607
-0.0133075
0.00228682
-0.0132747
0.00211079
-0.0132443
0.00193767
-0.0132163
0.00176719
-0.0131905
0.00159908
-0.013167
0.00143309
-0.0131456
0.00126899
-0.0131264
0.00110656
-0.0131093
0.000945601
-0.0130943
0.000785902
-0.0130814
0.000627279
-0.0130706
0.000469548
-0.0130618
0.000312535
-0.013055
0.000156074
-0.0130502
-0.0130474
0.0046461
-0.0139462
0.00438124
-0.0138353
0.00413777
-0.0137481
0.00390956
-0.0136667
0.00369314
-0.0135976
0.00348679
-0.0135369
0.00329041
-0.0134824
0.00310344
-0.0134318
0.00292455
-0.0133845
0.00275236
-0.0133403
0.00258597
-0.0132991
0.00242478
-0.0132605
0.00226823
-0.0132243
0.00211583
-0.0131904
0.00196717
-0.0131588
0.0018219
-0.0131294
0.00167969
-0.0131021
0.00154024
-0.0130768
0.0014033
-0.0130536
0.00126859
-0.0130323
0.0011359
-0.0130129
0.001005
-0.0129955
0.000875696
-0.01298
0.000747784
-0.0129664
0.000621087
-0.0129547
0.000495431
-0.0129449
0.000370649
-0.012937
0.00024658
-0.0129309
0.000123077
-0.0129267
-0.0129243
0.00366844
-0.0136938
0.00343264
-0.0135995
0.00321935
-0.0135348
0.00302532
-0.0134726
0.00284664
-0.0134189
0.00267917
-0.0133694
0.00252045
-0.0133237
0.00236934
-0.0132807
0.00222509
-0.0132402
0.00208697
-0.0132022
0.00195439
-0.0131665
0.00182683
-0.013133
0.00170383
-0.0131013
0.00158492
-0.0130715
0.00146971
-0.0130436
0.00135784
-0.0130176
0.001249
-0.0129933
0.00114288
-0.0129707
0.0010392
-0.0129499
0.000937728
-0.0129308
0.000838221
-0.0129134
0.000740468
-0.0128978
0.000644271
-0.0128838
0.000549442
-0.0128716
0.000455806
-0.0128611
0.000363198
-0.0128523
0.00027146
-0.0128452
0.000180439
-0.0128399
8.99885e-05
-0.0128363
-0.0128344
0.00269365
-0.0134714
0.00249243
-0.0133983
0.00231569
-0.0133581
0.00215498
-0.0133119
0.00200725
-0.0132711
0.00187026
-0.0132324
0.00174304
-0.0131964
0.00162467
-0.0131623
0.00151412
-0.0131297
0.00141031
-0.0130984
0.00131231
-0.0130685
0.00121935
-0.01304
0.00113084
-0.0130128
0.00104632
-0.012987
0.000965375
-0.0129627
0.00088769
-0.0129399
0.000812931
-0.0129185
0.000740793
-0.0128986
0.000671002
-0.0128801
0.00060331
-0.0128631
0.000537495
-0.0128476
0.000473352
-0.0128336
0.000410692
-0.0128212
0.000349338
-0.0128102
0.000289125
-0.0128009
0.000229898
-0.0127931
0.000171509
-0.0127868
0.00011382
-0.0127822
5.67218e-05
-0.0127792
-0.0127776
0.00172744
-0.0132851
0.00155859
-0.0132294
0.00141288
-0.0132124
0.00128295
-0.013182
0.00116891
-0.0131571
0.00106689
-0.0131304
0.000974882
-0.0131044
0.000891123
-0.0130786
0.000814561
-0.0130531
0.000744378
-0.0130282
0.000679871
-0.013004
0.000620552
-0.0129807
0.000565437
-0.0129577
0.000514187
-0.0129357
0.000466694
-0.0129152
0.00042248
-0.0128957
0.00038118
-0.0128772
0.000342473
-0.0128599
0.000306077
-0.0128437
0.000271742
-0.0128288
0.000239242
-0.0128151
0.000208373
-0.0128027
0.000178946
-0.0127917
0.000150787
-0.0127821
0.000123735
-0.0127738
9.76401e-05
-0.012767
7.23576e-05
-0.0127616
4.77474e-05
-0.0127576
2.37037e-05
-0.0127551
-0.0127539
0.000749737
-0.0131265
0.000617033
-0.0130967
0.000503203
-0.0130986
0.000408431
-0.0130872
0.000326449
-0.0130751
0.000256892
-0.0130608
0.000197167
-0.0130447
0.000146297
-0.0130277
0.000103098
-0.0130099
6.6607e-05
-0.0129917
3.59803e-05
-0.0129734
1.03289e-05
-0.012955
-9.91609e-06
-0.0129374
-2.56552e-05
-0.01292
-3.81491e-05
-0.0129027
-4.76539e-05
-0.0128862
-5.45029e-05
-0.0128703
-5.89699e-05
-0.0128554
-6.13063e-05
-0.0128414
-6.17409e-05
-0.0128283
-6.04825e-05
-0.0128164
-5.77212e-05
-0.0128055
-5.3631e-05
-0.0127958
-4.8373e-05
-0.0127873
-4.20964e-05
-0.0127801
-3.49425e-05
-0.0127741
-2.70394e-05
-0.0127695
-1.85024e-05
-0.0127661
-9.53969e-06
-0.0127641
-0.0127635
-0.000226002
-0.012998
-0.000315161
-0.0130076
-0.000394323
-0.0130194
-0.000452837
-0.0130287
-0.000499491
-0.0130285
-0.000534163
-0.0130262
-0.000559086
-0.0130198
-0.000575515
-0.0130113
-0.000584523
-0.0130009
-0.000587003
-0.0129892
-0.000583747
-0.0129766
-0.000575312
-0.0129635
-0.000562649
-0.0129501
-0.000546162
-0.0129365
-0.000526091
-0.0129228
-0.000502948
-0.0129093
-0.000477082
-0.0128962
-0.000448812
-0.0128837
-0.000418421
-0.0128718
-0.000386155
-0.0128606
-0.000352233
-0.0128503
-0.000316854
-0.0128409
-0.000280194
-0.0128325
-0.000242418
-0.0128251
-0.000203675
-0.0128188
-0.000164102
-0.0128137
-0.000123829
-0.0128097
-8.29974e-05
-0.012807
-4.16847e-05
-0.0128054
-0.0128052
-0.00114028
-0.0129008
-0.00120402
-0.0129438
-0.00125127
-0.0129721
-0.00128188
-0.0129981
-0.00129902
-0.0130113
-0.0013044
-0.0130208
-0.00129915
-0.013025
-0.00128461
-0.0130258
-0.00126193
-0.0130236
-0.00123222
-0.013019
-0.00119644
-0.0130124
-0.00115538
-0.0130045
-0.00110993
-0.0129955
-0.00106062
-0.0129858
-0.00100783
-0.0129756
-0.000952007
-0.0129651
-0.000893541
-0.0129547
-0.000832755
-0.0129444
-0.000769931
-0.0129346
-0.000705316
-0.0129252
-0.000639131
-0.0129165
-0.00057157
-0.0129084
-0.000502811
-0.0129012
-0.000433013
-0.0128949
-0.000362324
-0.0128895
-0.00029088
-0.0128851
-0.000218811
-0.0128818
-0.000146243
-0.0128795
-7.3255e-05
-0.0128784
-0.0128784
-0.00203244
-0.0128345
-0.00206847
-0.0129078
-0.00208882
-0.0129518
-0.00209272
-0.0129942
-0.0020817
-0.0130224
-0.00205732
-0.0130452
-0.00202121
-0.0130612
-0.00197518
-0.0130718
-0.00192076
-0.013078
-0.00185922
-0.0130805
-0.0017916
-0.0130801
-0.00171879
-0.0130773
-0.00164151
-0.0130728
-0.00156035
-0.013067
-0.00147581
-0.0130601
-0.00138831
-0.0130526
-0.00129822
-0.0130448
-0.00120587
-0.0130368
-0.00111155
-0.0130289
-0.00101551
-0.0130213
-0.000917958
-0.013014
-0.000819108
-0.0130073
-0.000719134
-0.0130012
-0.000618197
-0.0129958
-0.000516445
-0.0129913
-0.000414016
-0.0129876
-0.000311043
-0.0129848
-0.000207643
-0.0129829
-0.000103912
-0.0129821
-0.0129823
-0.00289553
-0.0127936
-0.00290804
-0.0128953
-0.00290384
-0.012956
-0.00288069
-0.0130173
-0.00284023
-0.0130628
-0.0027855
-0.0130999
-0.00271879
-0.0131279
-0.00264214
-0.0131485
-0.00255711
-0.013163
-0.00246499
-0.0131726
-0.00236679
-0.0131783
-0.00226339
-0.0131807
-0.00215551
-0.0131807
-0.00204376
-0.0131787
-0.00192862
-0.0131753
-0.00181054
-0.0131707
-0.00168989
-0.0131654
-0.00156701
-0.0131597
-0.0014422
-0.0131537
-0.00131571
-0.0131477
-0.00118779
-0.0131419
-0.00105862
-0.0131365
-0.000928411
-0.0131314
-0.000797312
-0.0131269
-0.000665481
-0.0131231
-0.000533059
-0.01312
-0.00040018
-0.0131177
-0.000266963
-0.0131161
-0.000133522
-0.0131155
-0.0131158
-0.00372552
-0.0127724
-0.00371535
-0.0129055
-0.00368207
-0.0129893
-0.00362868
-0.0130707
-0.00355819
-0.0131333
-0.00347431
-0.0131838
-0.00337914
-0.013223
-0.0032744
-0.0132532
-0.00316142
-0.013276
-0.00304129
-0.0132928
-0.00291494
-0.0133046
-0.0027832
-0.0133125
-0.00264677
-0.0133171
-0.00250626
-0.0133192
-0.00236222
-0.0133193
-0.00221512
-0.0133178
-0.00206537
-0.0133152
-0.00191335
-0.0133117
-0.00175937
-0.0133077
-0.00160372
-0.0133034
-0.00144666
-0.013299
-0.00128841
-0.0132947
-0.00112917
-0.0132907
-0.000969111
-0.013287
-0.000808404
-0.0132838
-0.000647193
-0.0132812
-0.000485617
-0.0132792
-0.000323802
-0.013278
-0.000161882
-0.0132775
-0.0132777
-0.00450557
-0.0127744
-0.00446581
-0.0129452
-0.00440099
-0.0130541
-0.00432084
-0.0131509
-0.00422614
-0.013228
-0.00411911
-0.0132908
-0.00400079
-0.0133414
-0.00387235
-0.0133817
-0.00373494
-0.0134134
-0.00358965
-0.0134381
-0.00343747
-0.0134568
-0.00327933
-0.0134706
-0.00311603
-0.0134804
-0.00294829
-0.013487
-0.00277674
-0.0134908
-0.00260193
-0.0134926
-0.00242434
-0.0134928
-0.0022444
-0.0134916
-0.00206247
-0.0134896
-0.00187888
-0.013487
-0.00169391
-0.013484
-0.00150781
-0.0134808
-0.00132078
-0.0134777
-0.00113303
-0.0134748
-0.000944728
-0.0134721
-0.00075602
-0.0134699
-0.000567053
-0.0134682
-0.000377957
-0.0134671
-0.000188886
-0.0134665
-0.0134666
-0.00521344
-0.0128145
-0.00515152
-0.0130072
-0.00506994
-0.0131357
-0.00497484
-0.013246
-0.00486403
-0.0133388
-0.00473851
-0.0134163
-0.00459953
-0.0134803
-0.00444866
-0.0135325
-0.00428746
-0.0135746
-0.00411737
-0.0136081
-0.00393965
-0.0136345
-0.00375541
-0.0136548
-0.00356563
-0.0136702
-0.00337116
-0.0136814
-0.00317272
-0.0136893
-0.00297094
-0.0136944
-0.00276638
-0.0136973
-0.00255948
-0.0136985
-0.00235066
-0.0136984
-0.00214027
-0.0136974
-0.00192859
-0.0136957
-0.00171589
-0.0136935
-0.00150239
-0.0136912
-0.00128829
-0.0136888
-0.00107377
-0.0136866
-0.000858985
-0.0136847
-0.000644072
-0.0136831
-0.000429162
-0.013682
-0.000214408
-0.0136813
-0.013681
-0.00587747
-0.0128805
-0.00583113
-0.0130535
-0.00574865
-0.0132182
-0.00563867
-0.013356
-0.00550639
-0.0134711
-0.00535582
-0.0135669
-0.00519012
-0.013646
-0.00501181
-0.0137109
-0.00482292
-0.0137635
-0.00462514
-0.0138059
-0.00441989
-0.0138398
-0.00420835
-0.0138664
-0.00399152
-0.013887
-0.00377027
-0.0139027
-0.00354533
-0.0139142
-0.0033173
-0.0139224
-0.00308673
-0.0139279
-0.00285407
-0.0139312
-0.00261971
-0.0139328
-0.00238398
-0.0139331
-0.00214717
-0.0139325
-0.00190952
-0.0139312
-0.00167127
-0.0139294
-0.00143258
-0.0139275
-0.00119365
-0.0139256
-0.000954605
-0.0139237
-0.000715594
-0.0139221
-0.000476733
-0.0139208
-0.000238145
-0.0139199
-0.0139192
0.00237605
-0.0126709
-0.00258573
0.00221226
-0.0128897
0.00206672
-0.0130726
0.00193743
-0.0132267
0.00181858
-0.0133522
0.00170633
-0.0134547
0.00159922
-0.0135389
0.0014968
-0.0136084
0.00139891
-0.0136656
0.00130536
-0.0137124
0.00121596
-0.0137504
0.00113049
-0.0137809
0.0010487
-0.0138052
0.000970363
-0.0138243
0.000895221
-0.0138391
0.000823033
-0.0138502
0.000753556
-0.0138584
0.000686556
-0.0138642
0.000621803
-0.013868
0.000559076
-0.0138704
0.000498162
-0.0138716
0.000438857
-0.0138719
0.000380961
-0.0138716
0.000324284
-0.0138709
0.000268643
-0.0138699
0.000213861
-0.013869
0.000159764
-0.013868
0.000106163
-0.0138672
5.28977e-05
-0.0138666
-0.0138663
0.00193013
-0.0125772
-0.0020238
0.00186737
-0.0128269
0.00179473
-0.013
0.00171043
-0.0131424
0.00162204
-0.0132638
0.00153378
-0.0133664
0.0014471
-0.0134522
0.00136247
-0.0135238
0.00128015
-0.0135833
0.00120029
-0.0136325
0.00112294
-0.013673
0.00104811
-0.0137061
0.000975754
-0.0137329
0.00090578
-0.0137544
0.000838084
-0.0137714
0.000772541
-0.0137847
0.000709016
-0.0137949
0.000647365
-0.0138025
0.00058744
-0.0138081
0.000529091
-0.013812
0.000472168
-0.0138146
0.000416521
-0.0138162
0.000362002
-0.013817
0.000308465
-0.0138173
0.000255765
-0.0138172
0.000203761
-0.013817
0.00015231
-0.0138166
0.000101273
-0.0138162
5.05369e-05
-0.0138159
-0.0138157
0.00184954
-0.0125709
-0.0018558
0.00178039
-0.0127578
0.00170541
-0.012925
0.00162977
-0.0130667
0.00155298
-0.013187
0.00147535
-0.0132888
0.0013976
-0.0133745
0.00132038
-0.0134466
0.00124419
-0.0135071
0.00116942
-0.0135577
0.00109634
-0.0135999
0.00102509
-0.0136348
0.000955758
-0.0136635
0.000888363
-0.013687
0.000822877
-0.0137059
0.000759242
-0.0137211
0.000697376
-0.013733
0.000637177
-0.0137423
0.000578535
-0.0137495
0.000521331
-0.0137548
0.000465438
-0.0137587
0.000410728
-0.0137615
0.00035707
-0.0137634
0.000304335
-0.0137646
0.00025239
-0.0137653
0.000201104
-0.0137657
0.000150347
-0.0137658
9.99965e-05
-0.0137658
4.99345e-05
-0.0137658
-0.0137658
0.00152966
-0.0125689
-0.00153168
0.0015128
-0.0127409
0.00148142
-0.0128936
0.00143809
-0.0130234
0.00138582
-0.0131348
0.00132791
-0.0132309
0.00126684
-0.0133134
0.00120415
-0.0133839
0.00114079
-0.0134438
0.0010774
-0.0134944
0.00101443
-0.0135369
0.000952187
-0.0135726
0.000890888
-0.0136022
0.000830672
-0.0136268
0.000771619
-0.0136469
0.000713762
-0.0136632
0.000657102
-0.0136764
0.000601612
-0.0136869
0.000547245
-0.0136951
0.000493939
-0.0137015
0.00044162
-0.0137064
0.000390205
-0.0137101
0.000339605
-0.0137128
0.000289725
-0.0137147
0.000240469
-0.013716
0.000191735
-0.0137169
0.000143423
-0.0137175
9.5433e-05
-0.0137179
4.76577e-05
-0.013718
-0.0137181
0.00141538
-0.0126007
-0.00138361
0.00141007
-0.0127356
0.00138339
-0.0128669
0.00134626
-0.0129863
0.00130254
-0.0130911
0.00125376
-0.0131821
0.0012012
-0.0132609
0.00114606
-0.0133288
0.00108932
-0.013387
0.00103171
-0.0134368
0.000973812
-0.013479
0.000916032
-0.0135148
0.000858677
-0.0135449
0.000801962
-0.01357
0.00074603
-0.0135909
0.000690971
-0.0136081
0.000636831
-0.0136222
0.000583624
-0.0136336
0.000531337
-0.0136428
0.000479938
-0.0136501
0.000429379
-0.0136559
0.000379599
-0.0136603
0.00033053
-0.0136637
0.000282094
-0.0136663
0.000234211
-0.0136682
0.000186796
-0.0136695
0.000139759
-0.0136705
9.30124e-05
-0.0136711
4.6462e-05
-0.0136715
-0.0136717
0.00119849
-0.0126256
-0.00117357
0.00121046
-0.0127476
0.00120725
-0.0128637
0.00119064
-0.0129697
0.00116374
-0.0130642
0.00112923
-0.0131476
0.00108922
-0.0132208
0.0010453
-0.0132848
0.00099868
-0.0133404
0.00095023
-0.0133883
0.000900613
-0.0134294
0.000850328
-0.0134645
0.000799756
-0.0134943
0.000749183
-0.0135195
0.000698822
-0.0135406
0.000648824
-0.0135581
0.000599294
-0.0135727
0.000550298
-0.0135847
0.000501872
-0.0135944
0.000454027
-0.0136023
0.000406755
-0.0136086
0.000360031
-0.0136136
0.000313818
-0.0136175
0.000268072
-0.0136205
0.000222738
-0.0136228
0.000177755
-0.0136245
0.00013306
-0.0136258
8.85829e-05
-0.0136266
4.42519e-05
-0.0136272
-0.0136274
0.00109382
-0.0126656
-0.00105378
0.00111183
-0.0127656
0.00111269
-0.0128646
0.00110096
-0.0129579
0.0010801
-0.0130433
0.00105232
-0.0131198
0.0010191
-0.0131876
0.000981665
-0.0132474
0.000941029
-0.0132997
0.000898048
-0.0133453
0.00085341
-0.0133848
0.000807657
-0.0134188
0.000761213
-0.0134479
0.000714407
-0.0134727
0.000667489
-0.0134936
0.000620648
-0.0135113
0.000574021
-0.0135261
0.000527705
-0.0135383
0.000481763
-0.0135485
0.000436229
-0.0135567
0.00039112
-0.0135635
0.000346429
-0.0135689
0.000302141
-0.0135732
0.000258226
-0.0135766
0.000214645
-0.0135792
0.000171354
-0.0135812
0.000128301
-0.0135827
8.5432e-05
-0.0135838
4.26877e-05
-0.0135844
-0.0135847
0.000943343
-0.0127006
-0.000908376
0.000966261
-0.0127885
0.000977208
-0.0128755
0.000976802
-0.0129575
0.000966566
-0.0130331
0.000948397
-0.0131016
0.000924005
-0.0131632
0.000894764
-0.0132182
0.000861769
-0.0132667
0.000825897
-0.0133095
0.00078785
-0.0133467
0.000748192
-0.0133791
0.000707372
-0.0134071
0.000665751
-0.013431
0.000623613
-0.0134515
0.000581182
-0.0134689
0.000538629
-0.0134835
0.000496084
-0.0134958
0.000453642
-0.013506
0.000411369
-0.0135145
0.000369309
-0.0135214
0.000327483
-0.0135271
0.000285898
-0.0135316
0.00024455
-0.0135353
0.000203421
-0.0135381
0.000162487
-0.0135403
0.000121716
-0.013542
8.10715e-05
-0.0135431
4.05126e-05
-0.0135439
-0.0135442
0.000853919
-0.0127414
-0.000813127
0.00088007
-0.0128147
0.000893234
-0.0128887
0.000895618
-0.0129599
0.00088923
-0.0130267
0.000875674
-0.0130881
0.000856243
-0.0131438
0.00083201
-0.0131939
0.000803892
-0.0132386
0.000772675
-0.0132782
0.000739023
-0.0133131
0.000703493
-0.0133436
0.00066654
-0.0133701
0.000628535
-0.013393
0.000589777
-0.0134127
0.000550508
-0.0134296
0.000510917
-0.0134439
0.000471152
-0.013456
0.000431324
-0.0134662
0.000391519
-0.0134747
0.000351794
-0.0134817
0.000312189
-0.0134875
0.000272726
-0.0134922
0.000233412
-0.0134959
0.000194246
-0.0134989
0.000155216
-0.0135013
0.000116303
-0.013503
7.74831e-05
-0.0135043
3.87271e-05
-0.0135051
-0.0135055
0.000745512
-0.0127779
-0.000708979
0.000772209
-0.0128414
0.000789334
-0.0129058
0.000797322
-0.0129679
0.000797006
-0.0130263
0.000789505
-0.0130806
0.000775981
-0.0131303
0.000757487
-0.0131754
0.000734924
-0.0132161
0.000709049
-0.0132524
0.0006805
-0.0132845
0.000649812
-0.0133129
0.000617432
-0.0133377
0.000583734
-0.0133593
0.000549024
-0.013378
0.000513556
-0.0133941
0.000477534
-0.0134079
0.000441124
-0.0134196
0.000404458
-0.0134295
0.000367635
-0.0134378
0.000330735
-0.0134448
0.000293813
-0.0134505
0.000256909
-0.0134553
0.00022005
-0.0134591
0.000183247
-0.0134621
0.000146506
-0.0134645
0.000109822
-0.0134664
7.31854e-05
-0.0134677
3.65832e-05
-0.0134685
-0.0134689
0.000671802
-0.0128158
-0.00063396
0.000699493
-0.0128691
0.000717466
-0.0129238
0.000726791
-0.0129772
0.00072863
-0.0130282
0.00072402
-0.013076
0.000713872
-0.0131201
0.000699006
-0.0131606
0.000680159
-0.0131972
0.000657986
-0.0132302
0.000633064
-0.0132596
0.000605893
-0.0132857
0.0005769
-0.0133087
0.000546447
-0.0133289
0.000514839
-0.0133464
0.000482331
-0.0133616
0.000449132
-0.0133747
0.000415415
-0.0133859
0.000381318
-0.0133954
0.000346954
-0.0134035
0.000312409
-0.0134102
0.000277751
-0.0134159
0.00024303
-0.0134205
0.000208282
-0.0134243
0.000173531
-0.0134274
0.000138792
-0.0134298
0.000104071
-0.0134316
6.93685e-05
-0.013433
3.46814e-05
-0.0134338
-0.0134342
0.000591272
-0.01285
-0.000557085
0.000617848
-0.0128957
0.000636895
-0.0129428
0.00064869
-0.012989
0.000653728
-0.0130332
0.000652681
-0.0130749
0.000646294
-0.0131137
0.000635299
-0.0131496
0.00062037
-0.0131823
0.00060211
-0.0132119
0.000581049
-0.0132386
0.000557649
-0.0132623
0.000532312
-0.0132834
0.000505383
-0.013302
0.000477159
-0.0133182
0.00044789
-0.0133324
0.00041779
-0.0133446
0.000387033
-0.0133551
0.000355769
-0.0133642
0.000324116
-0.0133718
0.000292171
-0.0133783
0.000260014
-0.0133837
0.000227705
-0.0133882
0.000195291
-0.0133919
0.000162807
-0.0133949
0.000130279
-0.0133973
9.77249e-05
-0.0133991
6.51558e-05
-0.0134004
3.25791e-05
-0.0134012
-0.0134017
0.000531287
-0.0128834
-0.000497851
0.000557467
-0.0129218
0.000576394
-0.0129617
0.000588566
-0.0130012
0.000594635
-0.0130393
0.000595246
-0.0130755
0.000591009
-0.0131095
0.000582502
-0.0131411
0.000570272
-0.0131701
0.000554826
-0.0131965
0.000536628
-0.0132204
0.000516096
-0.0132418
0.000493599
-0.0132609
0.000469462
-0.0132778
0.000443966
-0.0132927
0.000417354
-0.0133057
0.000389832
-0.0133171
0.000361577
-0.0133269
0.000332735
-0.0133353
0.000303431
-0.0133425
0.000273765
-0.0133486
0.000243822
-0.0133538
0.000213668
-0.0133581
0.000183357
-0.0133616
0.000152931
-0.0133645
0.000122424
-0.0133668
9.186e-05
-0.0133685
6.12589e-05
-0.0133698
3.06355e-05
-0.0133706
-0.013371
0.000469817
-0.0129137
-0.000439561
0.000494293
-0.0129463
0.000512932
-0.0129804
0.000525882
-0.0130141
0.000533434
-0.0130468
0.000535995
-0.0130781
0.000534034
-0.0131076
0.000528044
-0.0131351
0.000518503
-0.0131605
0.000505862
-0.0131838
0.000490535
-0.013205
0.000472897
-0.0132242
0.000453286
-0.0132413
0.000432
-0.0132565
0.000409305
-0.01327
0.000385429
-0.0132819
0.000360575
-0.0132922
0.000334913
-0.0133012
0.000308591
-0.013309
0.000281735
-0.0133157
0.000254449
-0.0133213
0.000226821
-0.0133262
0.000198924
-0.0133302
0.000170819
-0.0133335
0.000142553
-0.0133362
0.000114168
-0.0133384
8.5695e-05
-0.01334
5.71615e-05
-0.0133413
2.85897e-05
-0.013342
-0.0133424
0.000420993
-0.0129423
-0.000392359
0.000444344
-0.0129697
0.000462269
-0.0129983
0.000474983
-0.0130269
0.000482841
-0.0130547
0.000486231
-0.0130815
0.000485547
-0.0131069
0.000481183
-0.0131307
0.000473527
-0.0131529
0.000462954
-0.0131733
0.000449819
-0.0131919
0.000434454
-0.0132088
0.000417161
-0.013224
0.000398212
-0.0132376
0.000377853
-0.0132497
0.000356298
-0.0132603
0.000333739
-0.0132697
0.00031034
-0.0132778
0.000286245
-0.0132849
0.000261575
-0.013291
0.000236437
-0.0132962
0.000210918
-0.0133006
0.000185095
-0.0133044
0.00015903
-0.0133074
0.000132775
-0.01331
0.000106376
-0.013312
7.98693e-05
-0.0133135
5.32866e-05
-0.0133147
2.66555e-05
-0.0133154
-0.0133158
0.000372872
-0.0129681
-0.000347018
0.000394373
-0.0129912
0.000411392
-0.0130153
0.00042399
-0.0130395
0.000432332
-0.013063
0.000436659
-0.0130858
0.000437266
-0.0131075
0.000434476
-0.0131279
0.00042862
-0.013147
0.000420023
-0.0131647
0.000408995
-0.0131809
0.00039583
-0.0131956
0.000380795
-0.013209
0.000364139
-0.0132209
0.000346084
-0.0132316
0.00032683
-0.0132411
0.000306556
-0.0132494
0.000285418
-0.0132567
0.000263554
-0.013263
0.000241085
-0.0132685
0.000218113
-0.0132732
0.000194727
-0.0132772
0.000171005
-0.0132806
0.000147012
-0.0132834
0.000122803
-0.0132858
9.84267e-05
-0.0132876
7.39239e-05
-0.013289
4.93307e-05
-0.0132901
2.46794e-05
-0.0132908
-0.0132911
0.000332812
-0.0129921
-0.000308863
0.00035287
-0.0130112
0.00036886
-0.0130313
0.00038086
-0.0130515
0.000389054
-0.0130712
0.000393669
-0.0130904
0.000394954
-0.0131088
0.000393171
-0.0131261
0.000388587
-0.0131424
0.000381472
-0.0131576
0.00037209
-0.0131715
0.000360693
-0.0131842
0.000347519
-0.0131958
0.000332789
-0.0132062
0.000316704
-0.0132155
0.000299449
-0.0132238
0.000281188
-0.0132311
0.000262067
-0.0132376
0.000242217
-0.0132432
0.000221753
-0.0132481
0.000200773
-0.0132523
0.000179366
-0.0132558
0.000157606
-0.0132589
0.000135561
-0.0132614
0.000113285
-0.0132635
9.08285e-05
-0.0132651
6.82352e-05
-0.0132664
4.55432e-05
-0.0132674
2.27875e-05
-0.013268
-0.0132683
0.000294208
-0.0130136
-0.000272696
0.000312454
-0.0130295
0.000327285
-0.0130462
0.000338713
-0.0130629
0.000346822
-0.0130793
0.000351754
-0.0130953
0.00035369
-0.0131107
0.00035284
-0.0131253
0.000349429
-0.013139
0.000343686
-0.0131518
0.000335839
-0.0131636
0.000326106
-0.0131745
0.000314696
-0.0131844
0.000301806
-0.0131933
0.000287616
-0.0132013
0.000272294
-0.0132085
0.000255989
-0.0132148
0.000238838
-0.0132204
0.000220963
-0.0132253
0.000202472
-0.0132296
0.000183461
-0.0132332
0.000164014
-0.0132364
0.000144205
-0.0132391
0.000124099
-0.0132413
0.000103752
-0.0132431
8.3215e-05
-0.0132446
6.25327e-05
-0.0132458
4.17452e-05
-0.0132466
2.08893e-05
-0.0132471
-0.0132474
0.000260896
-0.0130332
-0.000241312
0.000277606
-0.0130462
0.000291273
-0.0130598
0.000301907
-0.0130735
0.000309597
-0.013087
0.000314473
-0.0131002
0.000316688
-0.0131129
0.000316413
-0.013125
0.00031383
-0.0131364
0.000309129
-0.0131471
0.000302501
-0.013157
0.000294133
-0.0131661
0.000284206
-0.0131744
0.000272894
-0.013182
0.000260357
-0.0131888
0.000246745
-0.0131949
0.000232195
-0.0132003
0.000216831
-0.0132051
0.000200766
-0.0132092
0.000184101
-0.0132129
0.000166924
-0.0132161
0.000149317
-0.0132188
0.00013135
-0.0132211
0.000113086
-0.013223
9.45797e-05
-0.0132246
7.58813e-05
-0.0132259
5.7035e-05
-0.0132269
3.80815e-05
-0.0132276
1.9058e-05
-0.0132281
-0.0132284
0.000229148
-0.0130506
-0.000211693
0.000244163
-0.0130612
0.000256595
-0.0130723
0.000266436
-0.0130834
0.000273726
-0.0130943
0.000278544
-0.013105
0.000281001
-0.0131154
0.000281232
-0.0131252
0.000279387
-0.0131346
0.000275626
-0.0131434
0.000270112
-0.0131515
0.000263004
-0.013159
0.000254462
-0.0131659
0.000244634
-0.0131722
0.000233663
-0.0131778
0.000221683
-0.0131829
0.000208815
-0.0131874
0.000195175
-0.0131914
0.000180863
-0.0131949
0.000165973
-0.013198
0.000150588
-0.0132007
0.000134784
-0.013203
0.000118627
-0.0132049
0.000102178
-0.0132066
8.54886e-05
-0.0132079
6.86084e-05
-0.013209
5.15806e-05
-0.0132099
3.44453e-05
-0.0132105
1.72398e-05
-0.0132109
-0.0132111
0.000200971
-0.0130663
-0.000185314
0.000214469
-0.0130747
0.000225695
-0.0130835
0.000234645
-0.0130923
0.000241359
-0.013101
0.000245907
-0.0131096
0.000248382
-0.0131178
0.000248893
-0.0131258
0.000247563
-0.0131333
0.000244522
-0.0131403
0.000239907
-0.0131469
0.000233853
-0.013153
0.000226495
-0.0131585
0.000217964
-0.0131636
0.000208383
-0.0131682
0.000197872
-0.0131724
0.000186537
-0.0131761
0.000174482
-0.0131794
0.000161797
-0.0131823
0.000148569
-0.0131848
0.000134873
-0.013187
0.000120777
-0.0131889
0.000106346
-0.0131905
9.16333e-05
-0.0131919
7.66906e-05
-0.013193
6.15633e-05
-0.0131939
4.62933e-05
-0.0131946
3.09189e-05
-0.0131951
1.54763e-05
-0.0131955
-0.0131956
0.000174201
-0.01308
-0.000160463
0.000186116
-0.0130866
0.000196112
-0.0130935
0.000204173
-0.0131004
0.000210316
-0.0131072
0.000214583
-0.0131138
0.000217041
-0.0131203
0.000217776
-0.0131265
0.000216887
-0.0131324
0.000214484
-0.0131379
0.00021068
-0.0131431
0.00020559
-0.0131479
0.00019933
-0.0131523
0.00019201
-0.0131563
0.00018374
-0.01316
0.000174621
-0.0131633
0.00016475
-0.0131662
0.000154215
-0.0131688
0.0001431
-0.0131711
0.00013148
-0.0131732
0.000119424
-0.0131749
0.000106995
-0.0131765
9.42504e-05
-0.0131778
8.12411e-05
-0.0131789
6.8014e-05
-0.0131798
5.46119e-05
-0.0131805
4.1074e-05
-0.0131811
2.74367e-05
-0.0131815
1.37342e-05
-0.0131818
-0.0131819
0.000149811
-0.013092
-0.000137808
0.000160298
-0.0130971
0.000169115
-0.0131023
0.00017625
-0.0131075
0.000181729
-0.0131127
0.000185594
-0.0131177
0.0001879
-0.0131226
0.000188717
-0.0131273
0.000188125
-0.0131318
0.000186214
-0.013136
0.000183076
-0.0131399
0.000178808
-0.0131436
0.000173506
-0.013147
0.000167266
-0.0131501
0.00016018
-0.0131529
0.000152335
-0.0131554
0.000143816
-0.0131577
0.0001347
-0.0131597
0.000125059
-0.0131615
0.000114961
-0.0131631
0.000104467
-0.0131644
9.36318e-05
-0.0131656
8.25076e-05
-0.0131666
7.11405e-05
-0.0131675
5.9573e-05
-0.0131682
4.78441e-05
-0.0131688
3.59897e-05
-0.0131692
2.40432e-05
-0.0131695
1.20363e-05
-0.0131698
-0.0131699
0.000126603
-0.0131023
-0.000116303
0.000135627
-0.0131061
0.000143246
-0.0131099
0.000149453
-0.0131137
0.000154268
-0.0131175
0.000157719
-0.0131212
0.000159846
-0.0131247
0.000160704
-0.0131282
0.000160355
-0.0131314
0.000158873
-0.0131345
0.000156333
-0.0131374
0.000152817
-0.0131401
0.000148405
-0.0131426
0.000143175
-0.0131448
0.000137206
-0.0131469
0.000130573
-0.0131488
0.000123346
-0.0131505
0.000115593
-0.013152
0.000107375
-0.0131533
9.87515e-05
-0.0131544
8.97746e-05
-0.0131555
8.04938e-05
-0.0131563
7.09539e-05
-0.0131571
6.11961e-05
-0.0131577
5.12579e-05
-0.0131583
4.11742e-05
-0.0131587
3.0977e-05
-0.013159
2.06966e-05
-0.0131593
1.03615e-05
-0.0131594
-0.0131595
0.000105103
-0.013111
-9.64468e-05
0.000112684
-0.0131137
0.000119119
-0.0131163
0.000124384
-0.013119
0.000128491
-0.0131216
0.000131462
-0.0131241
0.000133331
-0.0131266
0.000134141
-0.013129
0.000133944
-0.0131312
0.000132796
-0.0131334
0.000130759
-0.0131354
0.000127899
-0.0131372
0.000124281
-0.013139
0.00011997
-0.0131405
0.000115031
-0.013142
0.000109526
-0.0131433
0.000103513
-0.0131444
9.70487e-05
-0.0131455
9.01858e-05
-0.0131464
8.2973e-05
-0.0131472
7.54555e-05
-0.0131479
6.7675e-05
-0.0131486
5.96699e-05
-0.0131491
5.14754e-05
-0.0131495
4.31241e-05
-0.0131499
3.46458e-05
-0.0131502
2.60687e-05
-0.0131504
1.74187e-05
-0.0131506
8.72093e-06
-0.0131507
-0.0131508
8.44263e-05
-0.0131179
-7.74939e-05
9.05692e-05
-0.0131198
9.58297e-05
-0.0131216
0.000100163
-0.0131233
0.000103565
-0.013125
0.000106049
-0.0131266
0.000107641
-0.0131282
0.000108374
-0.0131297
0.000108289
-0.0131311
0.000107432
-0.0131325
0.00010585
-0.0131338
0.000103596
-0.013135
0.000100722
-0.0131361
9.72802e-05
-0.0131371
9.33217e-05
-0.013138
8.88966e-05
-0.0131388
8.40526e-05
-0.0131396
7.88353e-05
-0.0131403
7.32872e-05
-0.0131409
6.74483e-05
-0.0131414
6.13558e-05
-0.0131419
5.50438e-05
-0.0131422
4.85442e-05
-0.0131426
4.18861e-05
-0.0131429
3.50965e-05
-0.0131431
2.82005e-05
-0.0131433
2.12213e-05
-0.0131435
1.4181e-05
-0.0131436
7.10035e-06
-0.0131437
-0.0131437
6.47304e-05
-0.0131234
-5.92672e-05
6.95428e-05
-0.0131246
7.36668e-05
-0.0131257
7.70654e-05
-0.0131267
7.97353e-05
-0.0131277
8.16918e-05
-0.0131286
8.29579e-05
-0.0131295
8.35609e-05
-0.0131303
8.3532e-05
-0.0131311
8.29056e-05
-0.0131319
8.17189e-05
-0.0131326
8.00105e-05
-0.0131333
7.78204e-05
-0.0131339
7.51882e-05
-0.0131345
7.21533e-05
-0.013135
6.8754e-05
-0.0131354
6.50271e-05
-0.0131359
6.10076e-05
-0.0131363
5.67287e-05
-0.0131366
5.22213e-05
-0.0131369
4.75142e-05
-0.0131371
4.26342e-05
-0.0131374
3.76061e-05
-0.0131376
3.24529e-05
-0.0131377
2.71957e-05
-0.0131379
2.18542e-05
-0.013138
1.64469e-05
-0.0131381
1.09912e-05
-0.0131381
5.50379e-06
-0.0131382
-0.0131382
4.55597e-05
-0.0131275
-4.14704e-05
4.90917e-05
-0.0131282
5.20753e-05
-0.0131287
5.45251e-05
-0.0131292
5.64517e-05
-0.0131296
5.78693e-05
-0.01313
5.87952e-05
-0.0131304
5.92492e-05
-0.0131308
5.92534e-05
-0.0131311
5.88321e-05
-0.0131315
5.80113e-05
-0.0131318
5.68184e-05
-0.0131321
5.52812e-05
-0.0131324
5.34279e-05
-0.0131326
5.12862e-05
-0.0131328
4.88832e-05
-0.013133
4.6245e-05
-0.0131332
4.33965e-05
-0.0131334
4.03613e-05
-0.0131336
3.71615e-05
-0.0131337
3.38177e-05
-0.0131338
3.03491e-05
-0.0131339
2.67735e-05
-0.013134
2.31073e-05
-0.0131341
1.93659e-05
-0.0131341
1.55635e-05
-0.0131342
1.17133e-05
-0.0131342
7.8281e-06
-0.0131342
3.92011e-06
-0.0131343
-0.0131343
2.7112e-05
-0.0131302
-2.44055e-05
2.93135e-05
-0.0131304
3.11279e-05
-0.0131305
3.26048e-05
-0.0131306
3.37642e-05
-0.0131307
3.46177e-05
-0.0131308
3.51764e-05
-0.0131309
3.54526e-05
-0.013131
3.54598e-05
-0.0131311
3.52123e-05
-0.0131312
3.47257e-05
-0.0131313
3.4016e-05
-0.0131314
3.30999e-05
-0.0131314
3.19941e-05
-0.0131315
3.07151e-05
-0.0131316
2.92791e-05
-0.0131316
2.77017e-05
-0.0131317
2.59978e-05
-0.0131317
2.41816e-05
-0.0131317
2.22662e-05
-0.0131318
2.02641e-05
-0.0131318
1.81868e-05
-0.0131318
1.6045e-05
-0.0131318
1.38485e-05
-0.0131319
1.16067e-05
-0.0131319
9.32808e-06
-0.0131319
7.02061e-06
-0.0131319
4.69188e-06
-0.0131319
2.34897e-06
-0.0131319
-0.0131319
8.97544e-06
-8.03252e-06
9.72629e-06
1.03329e-05
1.08247e-05
1.12119e-05
1.14981e-05
1.16865e-05
1.17809e-05
1.17856e-05
1.17054e-05
1.15455e-05
1.13111e-05
1.1008e-05
1.06415e-05
1.02173e-05
9.74065e-06
9.21677e-06
8.65064e-06
8.04695e-06
7.41012e-06
6.74427e-06
6.05327e-06
5.34066e-06
4.60978e-06
3.86369e-06
3.10527e-06
2.33719e-06
1.56189e-06
7.81479e-07
-0.00708399
-0.00227278
-0.00733383
-0.00177396
-0.00757409
-0.00161554
-0.00778734
-0.00131843
-0.0079901
-0.00118085
-0.00817429
-0.000989378
-0.00834866
-0.000879419
-0.00850832
-0.000748708
-0.00865895
-0.000662505
-0.00879853
-0.000569395
-0.00893055
-0.000501936
-0.0090543
-0.000433339
-0.00917193
-0.000380223
-0.00928327
-0.000328222
-0.00938968
-0.000285945
-0.00949122
-0.000245476
-0.00958878
-0.000211304
-0.0096825
-0.000178979
-0.00977296
-0.00015085
-0.00986033
-0.000124324
-0.00994503
-0.00010061
-0.0100271
-7.83504e-05
-0.0101067
-5.82267e-05
-0.010184
-3.89972e-05
-0.0102593
-2.1156e-05
-0.0103324
-4.37551e-06
-0.0104038
1.21037e-05
-0.0104732
2.79614e-05
-0.0105407
4.30544e-05
5.78649e-05
-0.00765564
-0.00197185
-0.00789656
-0.00153304
-0.00812598
-0.00138612
-0.00832436
-0.00112005
-0.00850814
-0.000997078
-0.00867191
-0.000825603
-0.00882353
-0.000727796
-0.00896117
-0.000611074
-0.00908915
-0.000534521
-0.00920688
-0.000451665
-0.009317
-0.000391823
-0.0094194
-0.000330935
-0.00951577
-0.000283852
-0.00960622
-0.000237776
-0.00969183
-0.000200329
-0.0097728
-0.000164506
-0.00984988
-0.000134227
-0.00992329
-0.000105566
-0.00999355
-8.05946e-05
-0.0100607
-5.71553e-05
-0.0101251
-3.62254e-05
-0.0101869
-1.65205e-05
-0.0102458
6.62159e-07
-0.0103033
1.84945e-05
-0.0103588
3.4316e-05
-0.0104124
4.92007e-05
-0.0104637
6.34343e-05
-0.010513
7.72809e-05
-0.0105606
9.06575e-05
0.000103854
-0.00819193
-0.00169149
-0.00841628
-0.00130869
-0.0086279
-0.00117449
-0.0088064
-0.000941547
-0.00897196
-0.000831518
-0.00911647
-0.000681099
-0.00924956
-0.000594706
-0.0093681
-0.000492532
-0.00947726
-0.000425356
-0.00957598
-0.000352949
-0.00966721
-0.00030059
-0.00975071
-0.00024744
-0.00982826
-0.000206304
-0.00989992
-0.000166119
-0.00996682
-0.000133427
-0.0100291
-0.000102181
-0.0100876
-7.57202e-05
-0.0101425
-5.07227e-05
-0.0101941
-2.89997e-05
-0.0102423
-8.93234e-06
-0.010288
9.47939e-06
-0.0103317
2.71442e-05
-0.0103737
4.2728e-05
-0.0104127
5.74699e-05
-0.0104496
7.11958e-05
-0.0104847
8.42609e-05
-0.0105179
9.66237e-05
-0.0105491
0.000108575
-0.0105787
0.000120201
0.000131768
-0.00866557
-0.00142291
-0.00887716
-0.0010971
-0.00907426
-0.000977399
-0.00923722
-0.000778589
-0.00938627
-0.000682459
-0.00951366
-0.000553709
-0.00962948
-0.000478892
-0.0097307
-0.000391309
-0.00982264
-0.000333413
-0.00990425
-0.000271347
-0.00997849
-0.00022635
-0.0100451
-0.00018082
-0.0101059
-0.000145534
-0.0101609
-0.000111142
-0.0102111
-8.31336e-05
-0.0102569
-5.64129e-05
-0.0102988
-3.38074e-05
-0.0103368
-1.2763e-05
-0.0103714
5.61627e-06
-0.0104043
2.39251e-05
-0.0104344
3.96621e-05
-0.0104616
5.43264e-05
-0.0104866
6.77178e-05
-0.0105095
8.03483e-05
-0.0105303
9.19844e-05
-0.0105491
0.000103089
-0.0105661
0.0001136
-0.0105813
0.000123775
-0.0105948
0.000133685
0.0001436
-0.00907538
-0.00116646
-0.00927573
-0.000896748
-0.00945894
-0.000794189
-0.00960825
-0.000629273
-0.00974302
-0.000547697
-0.0098561
-0.000440621
-0.00995745
-0.000377546
-0.0100442
-0.000304607
-0.0101216
-0.000256005
-0.0101886
-0.000204287
-0.0102484
-0.000166619
-0.0103005
-0.000128684
-0.0103468
-9.92095e-05
-0.0103874
-7.05769e-05
-0.0104233
-4.72376e-05
-0.0104546
-2.51276e-05
-0.0104815
-6.85496e-06
-0.0105056
1.13545e-05
-0.0105274
2.73763e-05
-0.0105456
4.21079e-05
-0.0105611
5.52157e-05
-0.0105742
6.74373e-05
-0.010585
7.85234e-05
-0.0105937
8.89805e-05
-0.0106003
9.86542e-05
-0.0106051
0.000107853
-0.0106081
0.000116546
-0.0106092
0.000124968
-0.0106088
0.000133191
0.000141448
-0.00941817
-0.000919792
-0.00960909
-0.00070583
-0.00978103
-0.000622251
-0.00991927
-0.000491033
-0.0100421
-0.000424837
-0.0101434
-0.000339332
-0.0102327
-0.000288298
-0.0103073
-0.000229932
-0.0103726
-0.000190722
-0.0104276
-0.000149309
-0.0104752
-0.000118997
-0.0105153
-8.86248e-05
-0.0105495
-6.496e-05
-0.010578
-4.20772e-05
-0.0106018
-2.34956e-05
-0.0106206
-6.29807e-06
-0.0106366
9.09333e-06
-0.0106491
2.38965e-05
-0.0106583
3.65516e-05
-0.0106645
4.83394e-05
-0.0106681
5.87683e-05
-0.0106691
6.85227e-05
-0.010668
7.73707e-05
-0.0106647
8.56975e-05
-0.0106595
9.34069e-05
-0.0106523
0.000100735
-0.0106434
0.000107654
-0.0106328
0.000114353
-0.0106205
0.000120906
0.000127506
-0.00969194
-0.000681517
-0.00987515
-0.000522614
-0.0100381
-0.000459318
-0.0101677
-0.000361419
-0.0102813
-0.00031121
-0.0103735
-0.00024714
-0.0104534
-0.00020846
-0.0105187
-0.000164636
-0.0105744
-0.000134977
-0.0106198
-0.000103865
-0.0106579
-8.09889e-05
-0.0106883
-5.81735e-05
-0.0107129
-4.03564e-05
-0.0107317
-2.32575e-05
-0.0107457
-9.53328e-06
-0.0107555
3.50004e-06
-0.0107619
1.55449e-05
-0.0107646
2.65489e-05
-0.010764
3.60067e-05
-0.0107605
4.48186e-05
-0.0107544
5.26316e-05
-0.0107458
5.99307e-05
-0.010735
6.65535e-05
-0.0107221
7.27822e-05
-0.0107072
7.8548e-05
-0.0106905
8.40239e-05
-0.010672
8.91938e-05
-0.0106519
9.41966e-05
-0.0106301
9.90955e-05
0.000104041
-0.00989574
-0.00045006
-0.0100732
-0.000345185
-0.0102296
-0.000302873
-0.0103531
-0.000237921
-0.0104601
-0.000204175
-0.0105458
-0.000161459
-0.0106189
-0.000135436
-0.0106773
-0.00010616
-0.0107261
-8.62338e-05
-0.0107645
-6.54477e-05
-0.0107954
-5.01087e-05
-0.0108187
-3.4867e-05
-0.0108361
-2.29463e-05
-0.0108477
-1.1606e-05
-0.0108546
-2.67294e-06
-0.0108576
6.5472e-06
-0.0108566
1.44821e-05
-0.0108518
2.17856e-05
-0.0108439
2.8103e-05
-0.0108331
3.39674e-05
-0.0108196
3.91759e-05
-0.0108037
4.40334e-05
-0.0107856
4.84435e-05
-0.0107654
5.25875e-05
-0.0107433
5.6425e-05
-0.0107193
6.00664e-05
-0.0106936
6.35038e-05
-0.0106663
6.68285e-05
-0.0106373
7.00867e-05
7.33809e-05
-0.0100298
-0.000223652
-0.0102033
-0.000171636
-0.0103557
-0.000150498
-0.0104755
-0.000118137
-0.0105785
-0.000101175
-0.0106601
-7.98035e-05
-0.0107289
-6.67045e-05
-0.010783
-5.20365e-05
-0.0108272
-4.20164e-05
-0.0108611
-3.16028e-05
-0.0108873
-2.39014e-05
-0.0109059
-1.62676e-05
-0.0109185
-1.02885e-05
-0.0109255
-4.62866e-06
-0.0109279
-2.78268e-07
-0.0109259
4.53585e-06
-0.0109199
8.50154e-06
-0.0109102
1.21266e-05
-0.0108974
1.52874e-05
-0.0108817
1.82113e-05
-0.0108633
2.08172e-05
-0.0108425
2.32426e-05
-0.0108195
2.54471e-05
-0.0107945
2.75164e-05
-0.0107675
2.94334e-05
-0.0107387
3.12514e-05
-0.0107081
3.29675e-05
-0.0106759
3.46266e-05
-0.0106421
3.62533e-05
3.78996e-05
-0.0100957
-0.0102674
-0.0104179
-0.010536
-0.0106372
-0.010717
-0.0107837
-0.0108357
-0.0108778
-0.0109094
-0.0109333
-0.0109495
-0.0109598
-0.0109644
-0.0109647
-0.0109602
-0.0109517
-0.0109396
-0.0109243
-0.0109061
-0.0108852
-0.010862
-0.0108366
-0.010809
-0.0107796
-0.0107483
-0.0107154
-0.0106808
-0.0106445
)
;

boundaryField
{
    inlet
    {
        type            calculated;
        value           nonuniform List<scalar> 
40
(
-0.0131311
-0.0131311
-0.0131311
-0.0131311
-0.0131311
-0.0131311
-0.0131311
-0.0131311
-0.0131311
-0.0131311
-0.0131311
-0.0131311
-0.0131311
-0.0131311
-0.0131311
-0.0131311
-0.0131311
-0.0131311
-0.0131311
-0.0131311
-0.0131311
-0.0131311
-0.0131311
-0.0131311
-0.0131311
-0.0131311
-0.0131311
-0.0131311
-0.0131311
-0.0131311
-0.0106066
-0.0106066
-0.0106066
-0.0106066
-0.0106066
-0.0106066
-0.0106066
-0.0106066
-0.0106066
-0.0106066
)
;
    }
    outlet
    {
        type            calculated;
        value           nonuniform 0();
    }
    cylinder
    {
        type            calculated;
        value           uniform 0;
    }
    top
    {
        type            symmetryPlane;
        value           uniform 0;
    }
    bottom
    {
        type            symmetryPlane;
        value           nonuniform 0();
    }
    defaultFaces
    {
        type            empty;
        value           nonuniform 0();
    }
    procBoundary2to0
    {
        type            processor;
        value           nonuniform List<scalar> 
81
(
-7.50442e-05
0.000226489
-0.000151453
-6.43907e-09
-7.08035e-09
-7.54746e-09
-7.79568e-09
-7.50575e-09
-6.1935e-09
-3.11851e-09
2.336e-09
-0.000609471
-0.000881821
-0.000914193
0.00240548
-6.40385e-10
-6.03784e-10
-5.68553e-10
-5.34983e-10
-5.01748e-10
-4.68318e-10
-4.36766e-10
3.92315e-09
5.98632e-09
8.22308e-09
1.05981e-08
1.30766e-08
1.56221e-08
1.8204e-08
2.07841e-08
2.33247e-08
2.57849e-08
2.81164e-08
3.02602e-08
3.21426e-08
3.36711e-08
3.47339e-08
3.51979e-08
3.48906e-08
3.3339e-08
3.18269e-08
3.03553e-08
2.84377e-08
2.60493e-08
2.30821e-08
1.95504e-08
1.54722e-08
1.08724e-08
5.7737e-09
1.92338e-10
-5.68134e-09
-3.28555e-10
-3.00243e-10
-2.75395e-10
-2.54891e-10
-2.36264e-10
-2.20354e-10
-2.05953e-10
-1.93308e-10
-1.81813e-10
-1.7138e-10
-1.6185e-10
-1.5302e-10
-1.43739e-10
-1.33279e-10
-1.24579e-10
-1.22473e-10
-1.18653e-10
-1.11845e-10
-1.02965e-10
-9.40182e-11
-8.51951e-11
-7.64876e-11
-6.78748e-11
-5.91806e-11
-5.03344e-11
-4.131e-11
-3.22575e-11
-2.32119e-11
-1.40428e-11
-4.63919e-12
)
;
    }
    procBoundary2to3
    {
        type            processor;
        value           nonuniform List<scalar> 
45
(
-0.0025145
-0.00201716
-0.00108077
7.12114e-05
0.000234038
0.00176401
0.00344007
0.000174511
0.00517557
0.000209013
0.00679496
0.00813835
0.000235596
0.00908894
0.0147834
0.0157932
0.016239
0.0163749
0.0163712
0.0163146
0.0162417
0.0161663
0.0160925
0.0160212
0.0159523
0.0158858
0.0158216
0.01576
0.0157011
0.0156451
0.0155923
0.0155428
0.0154968
0.0154543
1.25027e-06
0.0154141
0.0153794
0.0153484
0.0153212
0.0152978
0.0152782
0.0152626
0.0152508
0.015243
0.0152391
)
;
    }
}


// ************************************************************************* //
