/*--------------------------------*- C++ -*----------------------------------*\
  =========                 |
  \\      /  F ield         | OpenFOAM: The Open Source CFD Toolbox
   \\    /   O peration     | Website:  https://openfoam.org
    \\  /    A nd           | Version:  7
     \\/     M anipulation  |
\*---------------------------------------------------------------------------*/
FoamFile
{
    version     2.0;
    format      ascii;
    class       vectorField;
    location    "constant/polyMesh";
    object      points;
}
// * * * * * * * * * * * * * * * * * * * * * * * * * * * * * * * * * * * * * //


2902
(
(-0.4974252844 1.200890868 -0.05)
(-0.5220329501 1.260299029 -0.05)
(-0.5475549147 1.321914502 -0.05)
(-0.574025149 1.3858193 -0.05)
(-0.528162573 0.9881226747 -0.05)
(-0.5553323627 1.038953776 -0.05)
(-0.5835116471 1.091673509 -0.05)
(-0.6127379342 1.146352046 -0.05)
(-0.6430501252 1.203062167 -0.05)
(-0.674488567 1.261879355 -0.05)
(-0.7070951055 1.322881898 -0.05)
(-0.5331283224 0.7978829202 -0.05)
(-0.5618300225 0.8408380499 -0.05)
(-0.5915981355 0.8853891794 -0.05)
(-0.6224722841 0.9315956081 -0.05)
(-0.6544935631 0.9795188387 -0.05)
(-0.6877045941 1.029222659 -0.05)
(-0.7221495824 1.080773227 -0.05)
(-0.7578743758 1.134239159 -0.05)
(-0.7949265255 1.18969162 -0.05)
(-0.8333553494 1.247204419 -0.05)
(-0.5466999089 0.6661557669 -0.05)
(-0.5771676224 0.7032807831 -0.05)
(-0.6087673651 0.741785181 -0.05)
(-0.6415411976 0.7817202115 -0.05)
(-0.6755327434 0.8231390299 -0.05)
(-0.7107872465 0.8660967662 -0.05)
(-0.7473516323 0.9106505992 -0.05)
(-0.7852745695 0.9568598318 -0.05)
(-0.8246065351 1.004785971 -0.05)
(-0.8653998816 1.054492807 -0.05)
(-0.9077089067 1.106046503 -0.05)
(-0.9515899255 1.159515679 -0.05)
(-0.5450484542 0.5450484542 -0.05)
(-0.5766187696 0.5766187696 -0.05)
(-0.6093620814 0.6093620814 -0.05)
(-0.6433219724 0.6433219724 -0.05)
(-0.6785436448 0.6785436448 -0.05)
(-0.7150739799 0.7150739799 -0.05)
(-0.7529616012 0.7529616012 -0.05)
(-0.7922569388 0.7922569388 -0.05)
(-0.8330122964 0.8330122964 -0.05)
(-0.8752819211 0.8752819211 -0.05)
(-0.9191220756 0.9191220756 -0.05)
(-0.964591113 0.964591113 -0.05)
(-1.011749555 1.011749555 -0.05)
(-1.06066017 1.06066017 -0.05)
(-0.4974252844 1.200890868 0.05)
(-0.5220329501 1.260299029 0.05)
(-0.5475549147 1.321914502 0.05)
(-0.574025149 1.3858193 0.05)
(-0.528162573 0.9881226747 0.05)
(-0.5553323627 1.038953776 0.05)
(-0.5835116471 1.091673509 0.05)
(-0.6127379342 1.146352046 0.05)
(-0.6430501252 1.203062167 0.05)
(-0.674488567 1.261879355 0.05)
(-0.7070951055 1.322881898 0.05)
(-0.5331283224 0.7978829202 0.05)
(-0.5618300225 0.8408380499 0.05)
(-0.5915981355 0.8853891794 0.05)
(-0.6224722841 0.9315956081 0.05)
(-0.6544935631 0.9795188387 0.05)
(-0.6877045941 1.029222659 0.05)
(-0.7221495824 1.080773227 0.05)
(-0.7578743758 1.134239159 0.05)
(-0.7949265255 1.18969162 0.05)
(-0.8333553494 1.247204419 0.05)
(-0.5466999089 0.6661557669 0.05)
(-0.5771676224 0.7032807831 0.05)
(-0.6087673651 0.741785181 0.05)
(-0.6415411976 0.7817202115 0.05)
(-0.6755327434 0.8231390299 0.05)
(-0.7107872465 0.8660967662 0.05)
(-0.7473516323 0.9106505992 0.05)
(-0.7852745695 0.9568598318 0.05)
(-0.8246065351 1.004785971 0.05)
(-0.8653998816 1.054492807 0.05)
(-0.9077089067 1.106046503 0.05)
(-0.9515899255 1.159515679 0.05)
(-0.5450484542 0.5450484542 0.05)
(-0.5766187696 0.5766187696 0.05)
(-0.6093620814 0.6093620814 0.05)
(-0.6433219724 0.6433219724 0.05)
(-0.6785436448 0.6785436448 0.05)
(-0.7150739799 0.7150739799 0.05)
(-0.7529616012 0.7529616012 0.05)
(-0.7922569388 0.7922569388 0.05)
(-0.8330122964 0.8330122964 0.05)
(-0.8752819211 0.8752819211 0.05)
(-0.9191220756 0.9191220756 0.05)
(-0.964591113 0.964591113 0.05)
(-1.011749555 1.011749555 0.05)
(-1.06066017 1.06066017 0.05)
(-0.5304873941 0.4353597528 -0.05)
(-0.5625716459 0.4616906178 -0.05)
(-0.5958479896 0.4889998073 -0.05)
(-0.6303607173 0.5173236709 -0.05)
(-0.6661557669 0.5466999089 -0.05)
(-0.7032807831 0.5771676224 -0.05)
(-0.741785181 0.6087673651 -0.05)
(-0.7817202115 0.6415411976 -0.05)
(-0.8231390299 0.6755327434 -0.05)
(-0.8660967662 0.7107872465 -0.05)
(-0.9106505992 0.7473516323 -0.05)
(-0.9568598318 0.7852745695 -0.05)
(-1.004785971 0.8246065351 -0.05)
(-1.054492807 0.8653998816 -0.05)
(-1.106046503 0.9077089067 -0.05)
(-1.159515679 0.9515899255 -0.05)
(-0.5373313473 0.3590333273 -0.05)
(-0.5706056717 0.3812665201 -0.05)
(-0.6051163052 0.4043257882 -0.05)
(-0.6409091828 0.4282418244 -0.05)
(-0.6780319463 0.453046462 -0.05)
(-0.7165340078 0.478772717 -0.05)
(-0.7564666151 0.5054548321 -0.05)
(-0.7978829202 0.5331283224 -0.05)
(-0.8408380499 0.5618300225 -0.05)
(-0.8853891794 0.5915981355 -0.05)
(-0.9315956081 0.6224722841 -0.05)
(-0.9795188387 0.6544935631 -0.05)
(-1.029222659 0.6877045941 -0.05)
(-1.080773227 0.7221495824 -0.05)
(-1.134239159 0.7578743758 -0.05)
(-1.18969162 0.7949265255 -0.05)
(-1.247204419 0.8333553494 -0.05)
(-0.5699353709 0.3046368022 -0.05)
(-0.6052287044 0.323501482 -0.05)
(-0.6418333632 0.3430670798 -0.05)
(-0.6797980698 0.3633596382 -0.05)
(-0.7191733567 0.3844061675 -0.05)
(-0.7600116342 0.4062346816 -0.05)
(-0.8023672597 0.4288742351 -0.05)
(-0.8462966103 0.4523549622 -0.05)
(-0.8918581579 0.4767081168 -0.05)
(-0.9391125468 0.5019661139 -0.05)
(-0.9881226747 0.528162573 -0.05)
(-1.038953776 0.5553323627 -0.05)
(-1.091673509 0.5835116471 -0.05)
(-1.146352046 0.6127379342 -0.05)
(-1.203062167 0.6430501252 -0.05)
(-1.261879355 0.674488567 -0.05)
(-1.322881898 0.7070951055 -0.05)
(-0.5614026575 0.2325405946 -0.05)
(-0.5970506049 0.2473064578 -0.05)
(-0.6340230533 0.2626209474 -0.05)
(-0.6723692146 0.2785044475 -0.05)
(-0.7121401293 0.2949780997 -0.05)
(-0.7533887341 0.3120638312 -0.05)
(-0.7961699326 0.3297843839 -0.05)
(-0.8405406685 0.3481633444 -0.05)
(-0.886560001 0.3672251761 -0.05)
(-0.9342891839 0.386995251 -0.05)
(-0.9837917467 0.4074998838 -0.05)
(-1.035133579 0.4287663672 -0.05)
(-1.08838302 0.4508230078 -0.05)
(-1.143610946 0.4736991638 -0.05)
(-1.200890868 0.4974252844 -0.05)
(-1.260299029 0.5220329501 -0.05)
(-1.321914502 0.5475549147 -0.05)
(-1.3858193 0.574025149 -0.05)
(-0.5458914649 0.1655943656 -0.05)
(-0.5814923142 0.1763937651 -0.05)
(-0.6184159146 0.1875944168 -0.05)
(-0.656711413 0.1992112293 -0.05)
(-0.6964297824 0.2112596649 -0.05)
(-0.7376238896 0.2237557607 -0.05)
(-0.7803485656 0.2367161494 -0.05)
(-0.8246606789 0.250158082 -0.05)
(-0.8706192107 0.2640994502 -0.05)
(-0.9182853338 0.2785588106 -0.05)
(-0.9677224938 0.2935554091 -0.05)
(-1.018996494 0.3091092069 -0.05)
(-1.072175581 0.3252409068 -0.05)
(-1.12733054 0.3419719807 -0.05)
(-1.184534784 0.3593246984 -0.05)
(-1.243864455 0.3773221571 -0.05)
(-1.305398521 0.3959883121 -0.05)
(-1.369218889 0.415348009 -0.05)
(-1.435410505 0.4354270163 -0.05)
(-0.5594939336 0.111290263 -0.05)
(-0.5959818813 0.1185481671 -0.05)
(-0.6338255404 0.1260757389 -0.05)
(-0.6730752823 0.133882998 -0.05)
(-0.7137833501 0.1419803361 -0.05)
(-0.756003928 0.1503785312 -0.05)
(-0.7997932133 0.1590887616 -0.05)
(-0.8452094915 0.168122621 -0.05)
(-0.8923132135 0.1774921338 -0.05)
(-0.9411670763 0.1872097713 -0.05)
(-0.9918361067 0.1972884681 -0.05)
(-1.044387747 0.2077416393 -0.05)
(-1.098891946 0.2185831985 -0.05)
(-1.155421251 0.2298275764 -0.05)
(-1.214050905 0.2414897396 -0.05)
(-1.274858946 0.253585211 -0.05)
(-1.337926312 0.2661300901 -0.05)
(-1.40333695 0.2791410749 -0.05)
(-1.471177922 0.2926354833 -0.05)
(-0.5677081692 0.05591437446 -0.05)
(-0.6047318165 0.05956088544 -0.05)
(-0.6431310791 0.0633428827 -0.05)
(-0.682957068 0.06726540023 -0.05)
(-0.7242627934 0.07133365907 -0.05)
(-0.7671032347 0.07555307425 -0.05)
(-0.8115354146 0.07992926199 -0.05)
(-0.8576184741 0.08446804719 -0.05)
(-0.9054137517 0.08917547114 -0.05)
(-0.9549848649 0.09405779965 -0.05)
(-1.006397795 0.09912153128 -0.05)
(-1.059720975 0.1043734061 -0.05)
(-1.11502538 0.1098204145 -0.05)
(-1.172384623 0.1154698068 -0.05)
(-1.231875051 0.1213291025 -0.05)
(-1.293575848 0.1274061007 -0.05)
(-1.357569141 0.1337088899 -0.05)
(-1.423940108 0.1402458596 -0.05)
(-1.492777091 0.1470257106 -0.05)
(-0.5704550641 0 -0.05)
(-0.6076578531 0 -0.05)
(-0.6462429134 0 -0.05)
(-0.6862616033 0 -0.05)
(-0.7277671894 0 -0.05)
(-0.7708149174 0 -0.05)
(-0.8154620856 0 -0.05)
(-0.8617681214 0 -0.05)
(-0.9097946599 0 -0.05)
(-0.9596056267 0 -0.05)
(-1.011267322 0 -0.05)
(-1.06484851 0 -0.05)
(-1.12042051 0 -0.05)
(-1.178057289 0 -0.05)
(-1.237835566 0 -0.05)
(-1.299834907 0 -0.05)
(-1.364137836 0 -0.05)
(-1.430829944 0 -0.05)
(-1.5 0 -0.05)
(-0.5304873941 0.4353597528 0.05)
(-0.5625716459 0.4616906178 0.05)
(-0.5958479896 0.4889998073 0.05)
(-0.6303607173 0.5173236709 0.05)
(-0.6661557669 0.5466999089 0.05)
(-0.7032807831 0.5771676224 0.05)
(-0.741785181 0.6087673651 0.05)
(-0.7817202115 0.6415411976 0.05)
(-0.8231390299 0.6755327434 0.05)
(-0.8660967662 0.7107872465 0.05)
(-0.9106505992 0.7473516323 0.05)
(-0.9568598318 0.7852745695 0.05)
(-1.004785971 0.8246065351 0.05)
(-1.054492807 0.8653998816 0.05)
(-1.106046503 0.9077089067 0.05)
(-1.159515679 0.9515899255 0.05)
(-0.5373313473 0.3590333273 0.05)
(-0.5706056717 0.3812665201 0.05)
(-0.6051163052 0.4043257882 0.05)
(-0.6409091828 0.4282418244 0.05)
(-0.6780319463 0.453046462 0.05)
(-0.7165340078 0.478772717 0.05)
(-0.7564666151 0.5054548321 0.05)
(-0.7978829202 0.5331283224 0.05)
(-0.8408380499 0.5618300225 0.05)
(-0.8853891794 0.5915981355 0.05)
(-0.9315956081 0.6224722841 0.05)
(-0.9795188387 0.6544935631 0.05)
(-1.029222659 0.6877045941 0.05)
(-1.080773227 0.7221495824 0.05)
(-1.134239159 0.7578743758 0.05)
(-1.18969162 0.7949265255 0.05)
(-1.247204419 0.8333553494 0.05)
(-0.5699353709 0.3046368022 0.05)
(-0.6052287044 0.323501482 0.05)
(-0.6418333632 0.3430670798 0.05)
(-0.6797980698 0.3633596382 0.05)
(-0.7191733567 0.3844061675 0.05)
(-0.7600116342 0.4062346816 0.05)
(-0.8023672597 0.4288742351 0.05)
(-0.8462966103 0.4523549622 0.05)
(-0.8918581579 0.4767081168 0.05)
(-0.9391125468 0.5019661139 0.05)
(-0.9881226747 0.528162573 0.05)
(-1.038953776 0.5553323627 0.05)
(-1.091673509 0.5835116471 0.05)
(-1.146352046 0.6127379342 0.05)
(-1.203062167 0.6430501252 0.05)
(-1.261879355 0.674488567 0.05)
(-1.322881898 0.7070951055 0.05)
(-0.5614026575 0.2325405946 0.05)
(-0.5970506049 0.2473064578 0.05)
(-0.6340230533 0.2626209474 0.05)
(-0.6723692146 0.2785044475 0.05)
(-0.7121401293 0.2949780997 0.05)
(-0.7533887341 0.3120638312 0.05)
(-0.7961699326 0.3297843839 0.05)
(-0.8405406685 0.3481633444 0.05)
(-0.886560001 0.3672251761 0.05)
(-0.9342891839 0.386995251 0.05)
(-0.9837917467 0.4074998838 0.05)
(-1.035133579 0.4287663672 0.05)
(-1.08838302 0.4508230078 0.05)
(-1.143610946 0.4736991638 0.05)
(-1.200890868 0.4974252844 0.05)
(-1.260299029 0.5220329501 0.05)
(-1.321914502 0.5475549147 0.05)
(-1.3858193 0.574025149 0.05)
(-0.5458914649 0.1655943656 0.05)
(-0.5814923142 0.1763937651 0.05)
(-0.6184159146 0.1875944168 0.05)
(-0.656711413 0.1992112293 0.05)
(-0.6964297824 0.2112596649 0.05)
(-0.7376238896 0.2237557607 0.05)
(-0.7803485656 0.2367161494 0.05)
(-0.8246606789 0.250158082 0.05)
(-0.8706192107 0.2640994502 0.05)
(-0.9182853338 0.2785588106 0.05)
(-0.9677224938 0.2935554091 0.05)
(-1.018996494 0.3091092069 0.05)
(-1.072175581 0.3252409068 0.05)
(-1.12733054 0.3419719807 0.05)
(-1.184534784 0.3593246984 0.05)
(-1.243864455 0.3773221571 0.05)
(-1.305398521 0.3959883121 0.05)
(-1.369218889 0.415348009 0.05)
(-1.435410505 0.4354270163 0.05)
(-0.5594939336 0.111290263 0.05)
(-0.5959818813 0.1185481671 0.05)
(-0.6338255404 0.1260757389 0.05)
(-0.6730752823 0.133882998 0.05)
(-0.7137833501 0.1419803361 0.05)
(-0.756003928 0.1503785312 0.05)
(-0.7997932133 0.1590887616 0.05)
(-0.8452094915 0.168122621 0.05)
(-0.8923132135 0.1774921338 0.05)
(-0.9411670763 0.1872097713 0.05)
(-0.9918361067 0.1972884681 0.05)
(-1.044387747 0.2077416393 0.05)
(-1.098891946 0.2185831985 0.05)
(-1.155421251 0.2298275764 0.05)
(-1.214050905 0.2414897396 0.05)
(-1.274858946 0.253585211 0.05)
(-1.337926312 0.2661300901 0.05)
(-1.40333695 0.2791410749 0.05)
(-1.471177922 0.2926354833 0.05)
(-0.5677081692 0.05591437446 0.05)
(-0.6047318165 0.05956088544 0.05)
(-0.6431310791 0.0633428827 0.05)
(-0.682957068 0.06726540023 0.05)
(-0.7242627934 0.07133365907 0.05)
(-0.7671032347 0.07555307425 0.05)
(-0.8115354146 0.07992926199 0.05)
(-0.8576184741 0.08446804719 0.05)
(-0.9054137517 0.08917547114 0.05)
(-0.9549848649 0.09405779965 0.05)
(-1.006397795 0.09912153128 0.05)
(-1.059720975 0.1043734061 0.05)
(-1.11502538 0.1098204145 0.05)
(-1.172384623 0.1154698068 0.05)
(-1.231875051 0.1213291025 0.05)
(-1.293575848 0.1274061007 0.05)
(-1.357569141 0.1337088899 0.05)
(-1.423940108 0.1402458596 0.05)
(-1.492777091 0.1470257106 0.05)
(-0.5704550641 0 0.05)
(-0.6076578531 0 0.05)
(-0.6462429134 0 0.05)
(-0.6862616033 0 0.05)
(-0.7277671894 0 0.05)
(-0.7708149174 0 0.05)
(-0.8154620856 0 0.05)
(-0.8617681214 0 0.05)
(-0.9097946599 0 0.05)
(-0.9596056267 0 0.05)
(-1.011267322 0 0.05)
(-1.06484851 0 0.05)
(-1.12042051 0 0.05)
(-1.178057289 0 0.05)
(-1.237835566 0 0.05)
(-1.299834907 0 0.05)
(-1.364137836 0 0.05)
(-1.430829944 0 0.05)
(-1.5 0 0.05)
(-0.5718403958 1.516528335 -0.05)
(-0.5696556426 1.64723737 -0.05)
(-0.5674708894 1.777946405 -0.05)
(-0.5652861362 1.90865544 -0.05)
(-0.563101383 2.039364475 -0.05)
(-0.5609166298 2.17007351 -0.05)
(-0.5587318766 2.300782545 -0.05)
(-0.5565471234 2.43149158 -0.05)
(-0.5543623702 2.562200615 -0.05)
(-0.552177617 2.69290965 -0.05)
(-0.5499928638 2.823618685 -0.05)
(-0.5478081106 2.95432772 -0.05)
(-0.5456233574 3.085036755 -0.05)
(-0.5434386042 3.21574579 -0.05)
(-0.541253851 3.346454825 -0.05)
(-0.5390690978 3.47716386 -0.05)
(-0.5368843446 3.607872895 -0.05)
(-0.5346995914 3.73858193 -0.05)
(-0.5325148382 3.869290965 -0.05)
(-0.530330085 4 -0.05)
(-0.7048859805 1.456737803 -0.05)
(-0.7026768556 1.590593708 -0.05)
(-0.7004677306 1.724449613 -0.05)
(-0.6982586057 1.858305518 -0.05)
(-0.6960494807 1.992161423 -0.05)
(-0.6938403557 2.126017328 -0.05)
(-0.6916312308 2.259873234 -0.05)
(-0.6894221058 2.393729139 -0.05)
(-0.6872129808 2.527585044 -0.05)
(-0.6850038559 2.661440949 -0.05)
(-0.6827947309 2.795296854 -0.05)
(-0.680585606 2.929152759 -0.05)
(-0.678376481 3.063008664 -0.05)
(-0.676167356 3.196864569 -0.05)
(-0.6739582311 3.330720474 -0.05)
(-0.6717491061 3.46457638 -0.05)
(-0.6695399811 3.598432285 -0.05)
(-0.6673308562 3.73228819 -0.05)
(-0.6651217312 3.866144095 -0.05)
(-0.6629126063 4 -0.05)
(-0.8314623383 1.384844198 -0.05)
(-0.8295693272 1.522483977 -0.05)
(-0.8276763161 1.660123756 -0.05)
(-0.825783305 1.797763535 -0.05)
(-0.8238902939 1.935403314 -0.05)
(-0.8219972828 2.073043093 -0.05)
(-0.8201042718 2.210682872 -0.05)
(-0.8182112607 2.348322651 -0.05)
(-0.8163182496 2.48596243 -0.05)
(-0.8144252385 2.623602209 -0.05)
(-0.8125322274 2.761241989 -0.05)
(-0.8106392163 2.898881768 -0.05)
(-0.8087462052 3.036521547 -0.05)
(-0.8068531941 3.174161326 -0.05)
(-0.804960183 3.311801105 -0.05)
(-0.8030671719 3.449440884 -0.05)
(-0.8011741608 3.587080663 -0.05)
(-0.7992811497 3.724720442 -0.05)
(-0.7973881386 3.862360221 -0.05)
(-0.7954951275 4 -0.05)
(-0.9504143116 1.301539896 -0.05)
(-0.9492386978 1.443564112 -0.05)
(-0.948063084 1.585588328 -0.05)
(-0.9468874701 1.727612544 -0.05)
(-0.9457118563 1.86963676 -0.05)
(-0.9445362425 2.011660976 -0.05)
(-0.9433606286 2.153685192 -0.05)
(-0.9421850148 2.295709408 -0.05)
(-0.9410094009 2.437733624 -0.05)
(-0.9398337871 2.57975784 -0.05)
(-0.9386581733 2.721782056 -0.05)
(-0.9374825594 2.863806272 -0.05)
(-0.9363069456 3.005830488 -0.05)
(-0.9351313318 3.147854704 -0.05)
(-0.9339557179 3.28987892 -0.05)
(-0.9327801041 3.431903136 -0.05)
(-0.9316044903 3.573927352 -0.05)
(-0.9304288764 3.715951568 -0.05)
(-0.9292532626 3.857975784 -0.05)
(-0.9280776487 4 -0.05)
(-1.06066017 1.207627162 -0.05)
(-1.06066017 1.354594153 -0.05)
(-1.06066017 1.501561144 -0.05)
(-1.06066017 1.648528136 -0.05)
(-1.06066017 1.795495127 -0.05)
(-1.06066017 1.942462119 -0.05)
(-1.06066017 2.08942911 -0.05)
(-1.06066017 2.236396102 -0.05)
(-1.06066017 2.383363093 -0.05)
(-1.06066017 2.530330085 -0.05)
(-1.06066017 2.677297077 -0.05)
(-1.06066017 2.824264068 -0.05)
(-1.06066017 2.97123106 -0.05)
(-1.06066017 3.118198051 -0.05)
(-1.06066017 3.265165042 -0.05)
(-1.06066017 3.412132034 -0.05)
(-1.06066017 3.559099026 -0.05)
(-1.06066017 3.706066017 -0.05)
(-1.06066017 3.853033009 -0.05)
(-1.06066017 4 -0.05)
(-0.5718403958 1.516528335 0.05)
(-0.5696556426 1.64723737 0.05)
(-0.5674708894 1.777946405 0.05)
(-0.5652861362 1.90865544 0.05)
(-0.563101383 2.039364475 0.05)
(-0.5609166298 2.17007351 0.05)
(-0.5587318766 2.300782545 0.05)
(-0.5565471234 2.43149158 0.05)
(-0.5543623702 2.562200615 0.05)
(-0.552177617 2.69290965 0.05)
(-0.5499928638 2.823618685 0.05)
(-0.5478081106 2.95432772 0.05)
(-0.5456233574 3.085036755 0.05)
(-0.5434386042 3.21574579 0.05)
(-0.541253851 3.346454825 0.05)
(-0.5390690978 3.47716386 0.05)
(-0.5368843446 3.607872895 0.05)
(-0.5346995914 3.73858193 0.05)
(-0.5325148382 3.869290965 0.05)
(-0.530330085 4 0.05)
(-0.7048859805 1.456737803 0.05)
(-0.7026768556 1.590593708 0.05)
(-0.7004677306 1.724449613 0.05)
(-0.6982586057 1.858305518 0.05)
(-0.6960494807 1.992161423 0.05)
(-0.6938403557 2.126017328 0.05)
(-0.6916312308 2.259873234 0.05)
(-0.6894221058 2.393729139 0.05)
(-0.6872129808 2.527585044 0.05)
(-0.6850038559 2.661440949 0.05)
(-0.6827947309 2.795296854 0.05)
(-0.680585606 2.929152759 0.05)
(-0.678376481 3.063008664 0.05)
(-0.676167356 3.196864569 0.05)
(-0.6739582311 3.330720474 0.05)
(-0.6717491061 3.46457638 0.05)
(-0.6695399811 3.598432285 0.05)
(-0.6673308562 3.73228819 0.05)
(-0.6651217312 3.866144095 0.05)
(-0.6629126063 4 0.05)
(-0.8314623383 1.384844198 0.05)
(-0.8295693272 1.522483977 0.05)
(-0.8276763161 1.660123756 0.05)
(-0.825783305 1.797763535 0.05)
(-0.8238902939 1.935403314 0.05)
(-0.8219972828 2.073043093 0.05)
(-0.8201042718 2.210682872 0.05)
(-0.8182112607 2.348322651 0.05)
(-0.8163182496 2.48596243 0.05)
(-0.8144252385 2.623602209 0.05)
(-0.8125322274 2.761241989 0.05)
(-0.8106392163 2.898881768 0.05)
(-0.8087462052 3.036521547 0.05)
(-0.8068531941 3.174161326 0.05)
(-0.804960183 3.311801105 0.05)
(-0.8030671719 3.449440884 0.05)
(-0.8011741608 3.587080663 0.05)
(-0.7992811497 3.724720442 0.05)
(-0.7973881386 3.862360221 0.05)
(-0.7954951275 4 0.05)
(-0.9504143116 1.301539896 0.05)
(-0.9492386978 1.443564112 0.05)
(-0.948063084 1.585588328 0.05)
(-0.9468874701 1.727612544 0.05)
(-0.9457118563 1.86963676 0.05)
(-0.9445362425 2.011660976 0.05)
(-0.9433606286 2.153685192 0.05)
(-0.9421850148 2.295709408 0.05)
(-0.9410094009 2.437733624 0.05)
(-0.9398337871 2.57975784 0.05)
(-0.9386581733 2.721782056 0.05)
(-0.9374825594 2.863806272 0.05)
(-0.9363069456 3.005830488 0.05)
(-0.9351313318 3.147854704 0.05)
(-0.9339557179 3.28987892 0.05)
(-0.9327801041 3.431903136 0.05)
(-0.9316044903 3.573927352 0.05)
(-0.9304288764 3.715951568 0.05)
(-0.9292532626 3.857975784 0.05)
(-0.9280776487 4 0.05)
(-1.06066017 1.207627162 0.05)
(-1.06066017 1.354594153 0.05)
(-1.06066017 1.501561144 0.05)
(-1.06066017 1.648528136 0.05)
(-1.06066017 1.795495127 0.05)
(-1.06066017 1.942462119 0.05)
(-1.06066017 2.08942911 0.05)
(-1.06066017 2.236396102 0.05)
(-1.06066017 2.383363093 0.05)
(-1.06066017 2.530330085 0.05)
(-1.06066017 2.677297077 0.05)
(-1.06066017 2.824264068 0.05)
(-1.06066017 2.97123106 0.05)
(-1.06066017 3.118198051 0.05)
(-1.06066017 3.265165042 0.05)
(-1.06066017 3.412132034 0.05)
(-1.06066017 3.559099025 0.05)
(-1.06066017 3.706066017 0.05)
(-1.06066017 3.853033009 0.05)
(-1.06066017 4 0.05)
(-1.134143666 1.06066017 -0.05)
(-1.134143666 1.207627161 -0.05)
(-1.134143666 1.354594153 -0.05)
(-1.134143666 1.501561144 -0.05)
(-1.134143666 1.648528136 -0.05)
(-1.134143666 1.795495127 -0.05)
(-1.134143666 1.942462119 -0.05)
(-1.134143666 2.08942911 -0.05)
(-1.134143666 2.236396102 -0.05)
(-1.134143666 2.383363093 -0.05)
(-1.134143666 2.530330085 -0.05)
(-1.134143666 2.677297076 -0.05)
(-1.134143666 2.824264068 -0.05)
(-1.134143666 2.971231059 -0.05)
(-1.134143666 3.118198051 -0.05)
(-1.134143666 3.265165042 -0.05)
(-1.134143666 3.412132034 -0.05)
(-1.134143666 3.559099026 -0.05)
(-1.134143666 3.706066017 -0.05)
(-1.134143666 3.853033009 -0.05)
(-1.134143666 4 -0.05)
(-1.207627162 1.06066017 -0.05)
(-1.207627162 1.207627162 -0.05)
(-1.207627162 1.354594153 -0.05)
(-1.207627161 1.501561145 -0.05)
(-1.207627162 1.648528136 -0.05)
(-1.207627162 1.795495128 -0.05)
(-1.207627162 1.942462119 -0.05)
(-1.207627161 2.08942911 -0.05)
(-1.207627162 2.236396102 -0.05)
(-1.207627162 2.383363093 -0.05)
(-1.207627162 2.530330085 -0.05)
(-1.207627162 2.677297076 -0.05)
(-1.207627162 2.824264068 -0.05)
(-1.207627161 2.97123106 -0.05)
(-1.207627162 3.118198051 -0.05)
(-1.207627162 3.265165043 -0.05)
(-1.207627162 3.412132034 -0.05)
(-1.207627161 3.559099026 -0.05)
(-1.207627162 3.706066017 -0.05)
(-1.207627161 3.853033008 -0.05)
(-1.207627162 4 -0.05)
(-1.281110657 1.06066017 -0.05)
(-1.281110657 1.207627162 -0.05)
(-1.281110657 1.354594153 -0.05)
(-1.281110657 1.501561144 -0.05)
(-1.281110657 1.648528136 -0.05)
(-1.281110657 1.795495127 -0.05)
(-1.281110657 1.942462119 -0.05)
(-1.281110657 2.08942911 -0.05)
(-1.281110657 2.236396102 -0.05)
(-1.281110657 2.383363093 -0.05)
(-1.281110657 2.530330085 -0.05)
(-1.281110657 2.677297076 -0.05)
(-1.281110657 2.824264068 -0.05)
(-1.281110657 2.971231059 -0.05)
(-1.281110657 3.118198051 -0.05)
(-1.281110657 3.265165043 -0.05)
(-1.281110657 3.412132034 -0.05)
(-1.281110657 3.559099026 -0.05)
(-1.281110657 3.706066017 -0.05)
(-1.281110657 3.853033009 -0.05)
(-1.281110657 4 -0.05)
(-1.354594153 1.06066017 -0.05)
(-1.354594153 1.207627162 -0.05)
(-1.354594153 1.354594153 -0.05)
(-1.354594153 1.501561144 -0.05)
(-1.354594153 1.648528136 -0.05)
(-1.354594153 1.795495127 -0.05)
(-1.354594153 1.942462119 -0.05)
(-1.354594153 2.08942911 -0.05)
(-1.354594153 2.236396102 -0.05)
(-1.354594153 2.383363093 -0.05)
(-1.354594153 2.530330085 -0.05)
(-1.354594153 2.677297076 -0.05)
(-1.354594153 2.824264068 -0.05)
(-1.354594153 2.97123106 -0.05)
(-1.354594153 3.118198051 -0.05)
(-1.354594153 3.265165043 -0.05)
(-1.354594153 3.412132034 -0.05)
(-1.354594153 3.559099026 -0.05)
(-1.354594153 3.706066017 -0.05)
(-1.354594153 3.853033009 -0.05)
(-1.354594153 4 -0.05)
(-1.428077649 1.06066017 -0.05)
(-1.428077649 1.207627162 -0.05)
(-1.428077649 1.354594153 -0.05)
(-1.428077649 1.501561145 -0.05)
(-1.428077649 1.648528136 -0.05)
(-1.428077649 1.795495127 -0.05)
(-1.428077649 1.942462119 -0.05)
(-1.428077649 2.08942911 -0.05)
(-1.428077649 2.236396102 -0.05)
(-1.428077649 2.383363093 -0.05)
(-1.428077649 2.530330085 -0.05)
(-1.428077649 2.677297076 -0.05)
(-1.428077649 2.824264068 -0.05)
(-1.428077649 2.971231059 -0.05)
(-1.428077649 3.118198051 -0.05)
(-1.428077649 3.265165043 -0.05)
(-1.428077649 3.412132034 -0.05)
(-1.428077649 3.559099026 -0.05)
(-1.428077649 3.706066017 -0.05)
(-1.428077649 3.853033008 -0.05)
(-1.428077649 4 -0.05)
(-1.501561144 1.06066017 -0.05)
(-1.501561144 1.207627161 -0.05)
(-1.501561145 1.354594153 -0.05)
(-1.501561144 1.501561144 -0.05)
(-1.501561145 1.648528136 -0.05)
(-1.501561145 1.795495127 -0.05)
(-1.501561144 1.942462119 -0.05)
(-1.501561144 2.08942911 -0.05)
(-1.501561145 2.236396102 -0.05)
(-1.501561145 2.383363094 -0.05)
(-1.501561145 2.530330085 -0.05)
(-1.501561144 2.677297077 -0.05)
(-1.501561145 2.824264068 -0.05)
(-1.501561144 2.97123106 -0.05)
(-1.501561144 3.118198051 -0.05)
(-1.501561145 3.265165042 -0.05)
(-1.501561144 3.412132034 -0.05)
(-1.501561144 3.559099026 -0.05)
(-1.501561144 3.706066017 -0.05)
(-1.501561145 3.853033009 -0.05)
(-1.501561144 4 -0.05)
(-1.57504464 1.06066017 -0.05)
(-1.57504464 1.207627162 -0.05)
(-1.57504464 1.354594153 -0.05)
(-1.57504464 1.501561145 -0.05)
(-1.57504464 1.648528136 -0.05)
(-1.57504464 1.795495127 -0.05)
(-1.57504464 1.942462119 -0.05)
(-1.57504464 2.08942911 -0.05)
(-1.57504464 2.236396102 -0.05)
(-1.57504464 2.383363094 -0.05)
(-1.57504464 2.530330085 -0.05)
(-1.57504464 2.677297077 -0.05)
(-1.57504464 2.824264068 -0.05)
(-1.57504464 2.971231059 -0.05)
(-1.57504464 3.118198051 -0.05)
(-1.57504464 3.265165043 -0.05)
(-1.57504464 3.412132034 -0.05)
(-1.57504464 3.559099026 -0.05)
(-1.57504464 3.706066017 -0.05)
(-1.57504464 3.853033009 -0.05)
(-1.57504464 4 -0.05)
(-1.648528136 1.06066017 -0.05)
(-1.648528136 1.207627162 -0.05)
(-1.648528136 1.354594153 -0.05)
(-1.648528136 1.501561145 -0.05)
(-1.648528136 1.648528136 -0.05)
(-1.648528136 1.795495127 -0.05)
(-1.648528136 1.942462119 -0.05)
(-1.648528136 2.089429111 -0.05)
(-1.648528136 2.236396102 -0.05)
(-1.648528136 2.383363094 -0.05)
(-1.648528136 2.530330085 -0.05)
(-1.648528136 2.677297076 -0.05)
(-1.648528136 2.824264068 -0.05)
(-1.648528136 2.97123106 -0.05)
(-1.648528136 3.118198051 -0.05)
(-1.648528136 3.265165043 -0.05)
(-1.648528136 3.412132034 -0.05)
(-1.648528136 3.559099026 -0.05)
(-1.648528136 3.706066017 -0.05)
(-1.648528136 3.853033008 -0.05)
(-1.648528136 4 -0.05)
(-1.722011632 1.06066017 -0.05)
(-1.722011632 1.207627162 -0.05)
(-1.722011632 1.354594153 -0.05)
(-1.722011632 1.501561144 -0.05)
(-1.722011632 1.648528136 -0.05)
(-1.722011632 1.795495127 -0.05)
(-1.722011632 1.942462119 -0.05)
(-1.722011632 2.08942911 -0.05)
(-1.722011632 2.236396102 -0.05)
(-1.722011632 2.383363093 -0.05)
(-1.722011632 2.530330085 -0.05)
(-1.722011632 2.677297076 -0.05)
(-1.722011632 2.824264068 -0.05)
(-1.722011632 2.97123106 -0.05)
(-1.722011632 3.118198051 -0.05)
(-1.722011632 3.265165042 -0.05)
(-1.722011632 3.412132034 -0.05)
(-1.722011632 3.559099026 -0.05)
(-1.722011632 3.706066017 -0.05)
(-1.722011632 3.853033009 -0.05)
(-1.722011632 4 -0.05)
(-1.795495127 1.06066017 -0.05)
(-1.795495128 1.207627162 -0.05)
(-1.795495127 1.354594153 -0.05)
(-1.795495127 1.501561145 -0.05)
(-1.795495127 1.648528136 -0.05)
(-1.795495127 1.795495127 -0.05)
(-1.795495127 1.942462119 -0.05)
(-1.795495127 2.08942911 -0.05)
(-1.795495127 2.236396102 -0.05)
(-1.795495127 2.383363093 -0.05)
(-1.795495127 2.530330085 -0.05)
(-1.795495127 2.677297076 -0.05)
(-1.795495127 2.824264068 -0.05)
(-1.795495127 2.97123106 -0.05)
(-1.795495127 3.118198051 -0.05)
(-1.795495127 3.265165043 -0.05)
(-1.795495127 3.412132034 -0.05)
(-1.795495127 3.559099025 -0.05)
(-1.795495127 3.706066017 -0.05)
(-1.795495127 3.853033008 -0.05)
(-1.795495127 4 -0.05)
(-1.868978623 1.06066017 -0.05)
(-1.868978623 1.207627162 -0.05)
(-1.868978623 1.354594153 -0.05)
(-1.868978623 1.501561144 -0.05)
(-1.868978623 1.648528136 -0.05)
(-1.868978623 1.795495127 -0.05)
(-1.868978623 1.942462119 -0.05)
(-1.868978623 2.08942911 -0.05)
(-1.868978623 2.236396102 -0.05)
(-1.868978623 2.383363093 -0.05)
(-1.868978623 2.530330085 -0.05)
(-1.868978623 2.677297076 -0.05)
(-1.868978623 2.824264068 -0.05)
(-1.868978623 2.971231059 -0.05)
(-1.868978623 3.118198051 -0.05)
(-1.868978623 3.265165042 -0.05)
(-1.868978623 3.412132034 -0.05)
(-1.868978623 3.559099026 -0.05)
(-1.868978623 3.706066017 -0.05)
(-1.868978623 3.853033008 -0.05)
(-1.868978623 4 -0.05)
(-1.942462119 1.06066017 -0.05)
(-1.942462119 1.207627162 -0.05)
(-1.942462119 1.354594153 -0.05)
(-1.942462119 1.501561144 -0.05)
(-1.942462119 1.648528136 -0.05)
(-1.942462119 1.795495127 -0.05)
(-1.942462119 1.942462119 -0.05)
(-1.942462119 2.08942911 -0.05)
(-1.942462119 2.236396102 -0.05)
(-1.942462119 2.383363093 -0.05)
(-1.942462119 2.530330085 -0.05)
(-1.942462119 2.677297077 -0.05)
(-1.942462119 2.824264068 -0.05)
(-1.942462119 2.971231059 -0.05)
(-1.942462119 3.118198051 -0.05)
(-1.942462119 3.265165043 -0.05)
(-1.942462119 3.412132034 -0.05)
(-1.942462119 3.559099026 -0.05)
(-1.942462119 3.706066017 -0.05)
(-1.942462119 3.853033009 -0.05)
(-1.942462119 4 -0.05)
(-2.015945615 1.06066017 -0.05)
(-2.015945615 1.207627162 -0.05)
(-2.015945615 1.354594153 -0.05)
(-2.015945615 1.501561145 -0.05)
(-2.015945615 1.648528136 -0.05)
(-2.015945615 1.795495128 -0.05)
(-2.015945615 1.942462119 -0.05)
(-2.015945615 2.089429111 -0.05)
(-2.015945615 2.236396102 -0.05)
(-2.015945615 2.383363094 -0.05)
(-2.015945615 2.530330085 -0.05)
(-2.015945615 2.677297077 -0.05)
(-2.015945615 2.824264068 -0.05)
(-2.015945615 2.97123106 -0.05)
(-2.015945615 3.118198051 -0.05)
(-2.015945615 3.265165043 -0.05)
(-2.015945615 3.412132034 -0.05)
(-2.015945615 3.559099026 -0.05)
(-2.015945615 3.706066017 -0.05)
(-2.015945615 3.853033009 -0.05)
(-2.015945615 4 -0.05)
(-2.08942911 1.06066017 -0.05)
(-2.089429111 1.207627161 -0.05)
(-2.08942911 1.354594153 -0.05)
(-2.08942911 1.501561145 -0.05)
(-2.089429111 1.648528136 -0.05)
(-2.08942911 1.795495127 -0.05)
(-2.08942911 1.942462119 -0.05)
(-2.08942911 2.08942911 -0.05)
(-2.08942911 2.236396102 -0.05)
(-2.08942911 2.383363094 -0.05)
(-2.089429111 2.530330085 -0.05)
(-2.08942911 2.677297076 -0.05)
(-2.08942911 2.824264068 -0.05)
(-2.08942911 2.971231059 -0.05)
(-2.08942911 3.118198051 -0.05)
(-2.08942911 3.265165042 -0.05)
(-2.089429111 3.412132034 -0.05)
(-2.08942911 3.559099025 -0.05)
(-2.08942911 3.706066017 -0.05)
(-2.089429111 3.853033008 -0.05)
(-2.08942911 4 -0.05)
(-2.162912606 1.06066017 -0.05)
(-2.162912606 1.207627162 -0.05)
(-2.162912606 1.354594153 -0.05)
(-2.162912606 1.501561144 -0.05)
(-2.162912606 1.648528136 -0.05)
(-2.162912606 1.795495127 -0.05)
(-2.162912606 1.942462119 -0.05)
(-2.162912606 2.08942911 -0.05)
(-2.162912606 2.236396102 -0.05)
(-2.162912606 2.383363093 -0.05)
(-2.162912606 2.530330085 -0.05)
(-2.162912606 2.677297076 -0.05)
(-2.162912606 2.824264068 -0.05)
(-2.162912606 2.97123106 -0.05)
(-2.162912606 3.118198051 -0.05)
(-2.162912606 3.265165043 -0.05)
(-2.162912606 3.412132034 -0.05)
(-2.162912606 3.559099026 -0.05)
(-2.162912606 3.706066017 -0.05)
(-2.162912606 3.853033008 -0.05)
(-2.162912606 4 -0.05)
(-2.236396102 1.06066017 -0.05)
(-2.236396102 1.207627162 -0.05)
(-2.236396102 1.354594153 -0.05)
(-2.236396102 1.501561145 -0.05)
(-2.236396102 1.648528136 -0.05)
(-2.236396102 1.795495127 -0.05)
(-2.236396102 1.942462119 -0.05)
(-2.236396102 2.08942911 -0.05)
(-2.236396102 2.236396102 -0.05)
(-2.236396102 2.383363094 -0.05)
(-2.236396102 2.530330085 -0.05)
(-2.236396102 2.677297076 -0.05)
(-2.236396102 2.824264068 -0.05)
(-2.236396102 2.97123106 -0.05)
(-2.236396102 3.118198051 -0.05)
(-2.236396102 3.265165042 -0.05)
(-2.236396102 3.412132034 -0.05)
(-2.236396102 3.559099025 -0.05)
(-2.236396102 3.706066017 -0.05)
(-2.236396102 3.853033008 -0.05)
(-2.236396102 4 -0.05)
(-2.309879598 1.06066017 -0.05)
(-2.309879598 1.207627162 -0.05)
(-2.309879598 1.354594153 -0.05)
(-2.309879598 1.501561145 -0.05)
(-2.309879598 1.648528136 -0.05)
(-2.309879598 1.795495127 -0.05)
(-2.309879598 1.942462119 -0.05)
(-2.309879598 2.08942911 -0.05)
(-2.309879598 2.236396102 -0.05)
(-2.309879598 2.383363093 -0.05)
(-2.309879598 2.530330085 -0.05)
(-2.309879598 2.677297076 -0.05)
(-2.309879598 2.824264068 -0.05)
(-2.309879598 2.971231059 -0.05)
(-2.309879598 3.118198051 -0.05)
(-2.309879598 3.265165042 -0.05)
(-2.309879598 3.412132034 -0.05)
(-2.309879598 3.559099025 -0.05)
(-2.309879598 3.706066017 -0.05)
(-2.309879598 3.853033009 -0.05)
(-2.309879598 4 -0.05)
(-2.383363093 1.06066017 -0.05)
(-2.383363093 1.207627162 -0.05)
(-2.383363094 1.354594153 -0.05)
(-2.383363094 1.501561145 -0.05)
(-2.383363094 1.648528136 -0.05)
(-2.383363093 1.795495127 -0.05)
(-2.383363093 1.942462119 -0.05)
(-2.383363094 2.089429111 -0.05)
(-2.383363094 2.236396102 -0.05)
(-2.383363094 2.383363094 -0.05)
(-2.383363094 2.530330085 -0.05)
(-2.383363094 2.677297077 -0.05)
(-2.383363094 2.824264068 -0.05)
(-2.383363094 2.97123106 -0.05)
(-2.383363093 3.118198051 -0.05)
(-2.383363094 3.265165043 -0.05)
(-2.383363093 3.412132034 -0.05)
(-2.383363093 3.559099026 -0.05)
(-2.383363094 3.706066017 -0.05)
(-2.383363093 3.853033009 -0.05)
(-2.383363093 4 -0.05)
(-2.456846589 1.06066017 -0.05)
(-2.456846589 1.207627162 -0.05)
(-2.456846589 1.354594153 -0.05)
(-2.456846589 1.501561144 -0.05)
(-2.456846589 1.648528136 -0.05)
(-2.456846589 1.795495127 -0.05)
(-2.456846589 1.942462119 -0.05)
(-2.456846589 2.08942911 -0.05)
(-2.456846589 2.236396102 -0.05)
(-2.456846589 2.383363094 -0.05)
(-2.456846589 2.530330085 -0.05)
(-2.456846589 2.677297077 -0.05)
(-2.456846589 2.824264068 -0.05)
(-2.456846589 2.97123106 -0.05)
(-2.456846589 3.118198051 -0.05)
(-2.456846589 3.265165042 -0.05)
(-2.456846589 3.412132034 -0.05)
(-2.456846589 3.559099026 -0.05)
(-2.456846589 3.706066017 -0.05)
(-2.456846589 3.853033008 -0.05)
(-2.456846589 4 -0.05)
(-2.530330085 1.06066017 -0.05)
(-2.530330085 1.207627162 -0.05)
(-2.530330085 1.354594153 -0.05)
(-2.530330085 1.501561144 -0.05)
(-2.530330085 1.648528136 -0.05)
(-2.530330085 1.795495127 -0.05)
(-2.530330085 1.942462119 -0.05)
(-2.530330085 2.089429111 -0.05)
(-2.530330085 2.236396102 -0.05)
(-2.530330085 2.383363094 -0.05)
(-2.530330085 2.530330085 -0.05)
(-2.530330085 2.677297076 -0.05)
(-2.530330085 2.824264068 -0.05)
(-2.530330085 2.97123106 -0.05)
(-2.530330085 3.118198051 -0.05)
(-2.530330085 3.265165043 -0.05)
(-2.530330085 3.412132034 -0.05)
(-2.530330085 3.559099026 -0.05)
(-2.530330085 3.706066017 -0.05)
(-2.530330085 3.853033009 -0.05)
(-2.530330085 4 -0.05)
(-2.603813581 1.06066017 -0.05)
(-2.603813581 1.207627162 -0.05)
(-2.603813581 1.354594153 -0.05)
(-2.603813581 1.501561145 -0.05)
(-2.603813581 1.648528136 -0.05)
(-2.603813581 1.795495127 -0.05)
(-2.603813581 1.942462119 -0.05)
(-2.603813581 2.08942911 -0.05)
(-2.603813581 2.236396102 -0.05)
(-2.603813581 2.383363093 -0.05)
(-2.603813581 2.530330085 -0.05)
(-2.603813581 2.677297076 -0.05)
(-2.603813581 2.824264068 -0.05)
(-2.603813581 2.971231059 -0.05)
(-2.603813581 3.118198051 -0.05)
(-2.603813581 3.265165042 -0.05)
(-2.603813581 3.412132034 -0.05)
(-2.603813581 3.559099026 -0.05)
(-2.603813581 3.706066017 -0.05)
(-2.603813581 3.853033008 -0.05)
(-2.603813581 4 -0.05)
(-2.677297077 1.06066017 -0.05)
(-2.677297076 1.207627161 -0.05)
(-2.677297076 1.354594153 -0.05)
(-2.677297077 1.501561144 -0.05)
(-2.677297076 1.648528136 -0.05)
(-2.677297076 1.795495127 -0.05)
(-2.677297077 1.942462119 -0.05)
(-2.677297076 2.08942911 -0.05)
(-2.677297076 2.236396102 -0.05)
(-2.677297077 2.383363093 -0.05)
(-2.677297076 2.530330085 -0.05)
(-2.677297076 2.677297076 -0.05)
(-2.677297077 2.824264068 -0.05)
(-2.677297076 2.971231059 -0.05)
(-2.677297077 3.118198051 -0.05)
(-2.677297077 3.265165042 -0.05)
(-2.677297076 3.412132034 -0.05)
(-2.677297077 3.559099026 -0.05)
(-2.677297077 3.706066017 -0.05)
(-2.677297076 3.853033008 -0.05)
(-2.677297077 4 -0.05)
(-2.750780572 1.06066017 -0.05)
(-2.750780572 1.207627162 -0.05)
(-2.750780572 1.354594153 -0.05)
(-2.750780572 1.501561145 -0.05)
(-2.750780572 1.648528136 -0.05)
(-2.750780572 1.795495127 -0.05)
(-2.750780572 1.942462119 -0.05)
(-2.750780572 2.08942911 -0.05)
(-2.750780572 2.236396102 -0.05)
(-2.750780572 2.383363093 -0.05)
(-2.750780572 2.530330085 -0.05)
(-2.750780572 2.677297076 -0.05)
(-2.750780572 2.824264068 -0.05)
(-2.750780572 2.97123106 -0.05)
(-2.750780572 3.118198051 -0.05)
(-2.750780572 3.265165043 -0.05)
(-2.750780572 3.412132034 -0.05)
(-2.750780572 3.559099026 -0.05)
(-2.750780572 3.706066017 -0.05)
(-2.750780572 3.853033008 -0.05)
(-2.750780572 4 -0.05)
(-2.824264068 1.06066017 -0.05)
(-2.824264068 1.207627162 -0.05)
(-2.824264068 1.354594153 -0.05)
(-2.824264068 1.501561145 -0.05)
(-2.824264068 1.648528136 -0.05)
(-2.824264068 1.795495127 -0.05)
(-2.824264068 1.942462119 -0.05)
(-2.824264068 2.08942911 -0.05)
(-2.824264068 2.236396102 -0.05)
(-2.824264068 2.383363094 -0.05)
(-2.824264068 2.530330085 -0.05)
(-2.824264068 2.677297077 -0.05)
(-2.824264068 2.824264068 -0.05)
(-2.824264068 2.97123106 -0.05)
(-2.824264068 3.118198051 -0.05)
(-2.824264068 3.265165042 -0.05)
(-2.824264068 3.412132034 -0.05)
(-2.824264068 3.559099026 -0.05)
(-2.824264068 3.706066017 -0.05)
(-2.824264068 3.853033008 -0.05)
(-2.824264068 4 -0.05)
(-2.897747564 1.06066017 -0.05)
(-2.897747564 1.207627162 -0.05)
(-2.897747564 1.354594153 -0.05)
(-2.897747564 1.501561145 -0.05)
(-2.897747564 1.648528136 -0.05)
(-2.897747564 1.795495127 -0.05)
(-2.897747564 1.942462119 -0.05)
(-2.897747564 2.08942911 -0.05)
(-2.897747564 2.236396102 -0.05)
(-2.897747564 2.383363093 -0.05)
(-2.897747564 2.530330085 -0.05)
(-2.897747564 2.677297077 -0.05)
(-2.897747564 2.824264068 -0.05)
(-2.897747564 2.971231059 -0.05)
(-2.897747564 3.118198051 -0.05)
(-2.897747564 3.265165043 -0.05)
(-2.897747564 3.412132034 -0.05)
(-2.897747564 3.559099026 -0.05)
(-2.897747564 3.706066017 -0.05)
(-2.897747564 3.853033009 -0.05)
(-2.897747564 4 -0.05)
(-2.97123106 1.06066017 -0.05)
(-2.97123106 1.207627161 -0.05)
(-2.97123106 1.354594153 -0.05)
(-2.97123106 1.501561145 -0.05)
(-2.97123106 1.648528136 -0.05)
(-2.97123106 1.795495127 -0.05)
(-2.97123106 1.942462119 -0.05)
(-2.971231059 2.08942911 -0.05)
(-2.971231059 2.236396102 -0.05)
(-2.97123106 2.383363093 -0.05)
(-2.971231059 2.530330085 -0.05)
(-2.971231059 2.677297076 -0.05)
(-2.97123106 2.824264068 -0.05)
(-2.971231059 2.971231059 -0.05)
(-2.971231059 3.118198051 -0.05)
(-2.97123106 3.265165043 -0.05)
(-2.97123106 3.412132034 -0.05)
(-2.97123106 3.559099026 -0.05)
(-2.97123106 3.706066017 -0.05)
(-2.97123106 3.853033009 -0.05)
(-2.97123106 4 -0.05)
(-3.044714555 1.06066017 -0.05)
(-3.044714555 1.207627162 -0.05)
(-3.044714555 1.354594153 -0.05)
(-3.044714555 1.501561145 -0.05)
(-3.044714555 1.648528136 -0.05)
(-3.044714555 1.795495127 -0.05)
(-3.044714555 1.942462119 -0.05)
(-3.044714555 2.08942911 -0.05)
(-3.044714555 2.236396102 -0.05)
(-3.044714555 2.383363093 -0.05)
(-3.044714555 2.530330085 -0.05)
(-3.044714555 2.677297076 -0.05)
(-3.044714555 2.824264068 -0.05)
(-3.044714555 2.97123106 -0.05)
(-3.044714555 3.118198051 -0.05)
(-3.044714555 3.265165042 -0.05)
(-3.044714555 3.412132034 -0.05)
(-3.044714555 3.559099026 -0.05)
(-3.044714555 3.706066017 -0.05)
(-3.044714555 3.853033008 -0.05)
(-3.044714555 4 -0.05)
(-3.118198051 1.06066017 -0.05)
(-3.118198051 1.207627162 -0.05)
(-3.118198051 1.354594153 -0.05)
(-3.118198051 1.501561145 -0.05)
(-3.118198051 1.648528136 -0.05)
(-3.118198051 1.795495127 -0.05)
(-3.118198051 1.942462119 -0.05)
(-3.118198051 2.08942911 -0.05)
(-3.118198051 2.236396102 -0.05)
(-3.118198051 2.383363093 -0.05)
(-3.118198051 2.530330085 -0.05)
(-3.118198051 2.677297076 -0.05)
(-3.118198051 2.824264068 -0.05)
(-3.118198051 2.971231059 -0.05)
(-3.118198051 3.118198051 -0.05)
(-3.118198051 3.265165042 -0.05)
(-3.118198051 3.412132034 -0.05)
(-3.118198051 3.559099026 -0.05)
(-3.118198051 3.706066017 -0.05)
(-3.118198051 3.853033009 -0.05)
(-3.118198051 4 -0.05)
(-3.191681547 1.06066017 -0.05)
(-3.191681547 1.207627162 -0.05)
(-3.191681547 1.354594153 -0.05)
(-3.191681547 1.501561145 -0.05)
(-3.191681547 1.648528136 -0.05)
(-3.191681547 1.795495127 -0.05)
(-3.191681547 1.942462119 -0.05)
(-3.191681547 2.08942911 -0.05)
(-3.191681547 2.236396102 -0.05)
(-3.191681547 2.383363093 -0.05)
(-3.191681547 2.530330085 -0.05)
(-3.191681547 2.677297076 -0.05)
(-3.191681547 2.824264068 -0.05)
(-3.191681547 2.971231059 -0.05)
(-3.191681547 3.118198051 -0.05)
(-3.191681547 3.265165042 -0.05)
(-3.191681547 3.412132034 -0.05)
(-3.191681547 3.559099026 -0.05)
(-3.191681547 3.706066017 -0.05)
(-3.191681547 3.853033008 -0.05)
(-3.191681547 4 -0.05)
(-3.265165042 1.06066017 -0.05)
(-3.265165043 1.207627162 -0.05)
(-3.265165042 1.354594153 -0.05)
(-3.265165043 1.501561145 -0.05)
(-3.265165043 1.648528136 -0.05)
(-3.265165043 1.795495127 -0.05)
(-3.265165043 1.942462119 -0.05)
(-3.265165043 2.08942911 -0.05)
(-3.265165043 2.236396102 -0.05)
(-3.265165043 2.383363093 -0.05)
(-3.265165043 2.530330085 -0.05)
(-3.265165042 2.677297077 -0.05)
(-3.265165042 2.824264068 -0.05)
(-3.265165043 2.97123106 -0.05)
(-3.265165042 3.118198051 -0.05)
(-3.265165043 3.265165042 -0.05)
(-3.265165042 3.412132034 -0.05)
(-3.265165043 3.559099026 -0.05)
(-3.265165043 3.706066017 -0.05)
(-3.265165043 3.853033008 -0.05)
(-3.265165042 4 -0.05)
(-3.338648538 1.06066017 -0.05)
(-3.338648538 1.207627162 -0.05)
(-3.338648538 1.354594153 -0.05)
(-3.338648538 1.501561145 -0.05)
(-3.338648538 1.648528136 -0.05)
(-3.338648538 1.795495127 -0.05)
(-3.338648538 1.942462119 -0.05)
(-3.338648538 2.08942911 -0.05)
(-3.338648538 2.236396102 -0.05)
(-3.338648538 2.383363094 -0.05)
(-3.338648538 2.530330085 -0.05)
(-3.338648538 2.677297077 -0.05)
(-3.338648538 2.824264068 -0.05)
(-3.338648538 2.97123106 -0.05)
(-3.338648538 3.118198051 -0.05)
(-3.338648538 3.265165043 -0.05)
(-3.338648538 3.412132034 -0.05)
(-3.338648538 3.559099026 -0.05)
(-3.338648538 3.706066017 -0.05)
(-3.338648538 3.853033009 -0.05)
(-3.338648538 4 -0.05)
(-3.412132034 1.06066017 -0.05)
(-3.412132034 1.207627162 -0.05)
(-3.412132034 1.354594153 -0.05)
(-3.412132034 1.501561145 -0.05)
(-3.412132034 1.648528136 -0.05)
(-3.412132034 1.795495127 -0.05)
(-3.412132034 1.942462119 -0.05)
(-3.412132034 2.089429111 -0.05)
(-3.412132034 2.236396102 -0.05)
(-3.412132034 2.383363094 -0.05)
(-3.412132034 2.530330085 -0.05)
(-3.412132034 2.677297076 -0.05)
(-3.412132034 2.824264068 -0.05)
(-3.412132034 2.971231059 -0.05)
(-3.412132034 3.118198051 -0.05)
(-3.412132034 3.265165042 -0.05)
(-3.412132034 3.412132034 -0.05)
(-3.412132034 3.559099026 -0.05)
(-3.412132034 3.706066017 -0.05)
(-3.412132034 3.853033009 -0.05)
(-3.412132034 4 -0.05)
(-3.48561553 1.06066017 -0.05)
(-3.48561553 1.207627162 -0.05)
(-3.48561553 1.354594153 -0.05)
(-3.48561553 1.501561144 -0.05)
(-3.48561553 1.648528136 -0.05)
(-3.48561553 1.795495127 -0.05)
(-3.48561553 1.942462119 -0.05)
(-3.48561553 2.08942911 -0.05)
(-3.48561553 2.236396102 -0.05)
(-3.48561553 2.383363094 -0.05)
(-3.48561553 2.530330085 -0.05)
(-3.48561553 2.677297076 -0.05)
(-3.48561553 2.824264068 -0.05)
(-3.48561553 2.971231059 -0.05)
(-3.48561553 3.118198051 -0.05)
(-3.48561553 3.265165042 -0.05)
(-3.48561553 3.412132034 -0.05)
(-3.48561553 3.559099026 -0.05)
(-3.48561553 3.706066017 -0.05)
(-3.48561553 3.853033008 -0.05)
(-3.48561553 4 -0.05)
(-3.559099026 1.06066017 -0.05)
(-3.559099025 1.207627161 -0.05)
(-3.559099025 1.354594153 -0.05)
(-3.559099026 1.501561145 -0.05)
(-3.559099026 1.648528136 -0.05)
(-3.559099026 1.795495127 -0.05)
(-3.559099026 1.942462119 -0.05)
(-3.559099026 2.08942911 -0.05)
(-3.559099026 2.236396102 -0.05)
(-3.559099026 2.383363094 -0.05)
(-3.559099025 2.530330085 -0.05)
(-3.559099025 2.677297076 -0.05)
(-3.559099026 2.824264068 -0.05)
(-3.559099025 2.971231059 -0.05)
(-3.559099026 3.118198051 -0.05)
(-3.559099026 3.265165042 -0.05)
(-3.559099026 3.412132034 -0.05)
(-3.559099025 3.559099025 -0.05)
(-3.559099026 3.706066017 -0.05)
(-3.559099026 3.853033009 -0.05)
(-3.559099026 4 -0.05)
(-3.632582521 1.06066017 -0.05)
(-3.632582521 1.207627161 -0.05)
(-3.632582521 1.354594153 -0.05)
(-3.632582521 1.501561145 -0.05)
(-3.632582521 1.648528136 -0.05)
(-3.632582521 1.795495127 -0.05)
(-3.632582521 1.942462119 -0.05)
(-3.632582521 2.08942911 -0.05)
(-3.632582521 2.236396102 -0.05)
(-3.632582521 2.383363093 -0.05)
(-3.632582521 2.530330085 -0.05)
(-3.632582521 2.677297077 -0.05)
(-3.632582521 2.824264068 -0.05)
(-3.632582521 2.97123106 -0.05)
(-3.632582521 3.118198051 -0.05)
(-3.632582521 3.265165042 -0.05)
(-3.632582521 3.412132034 -0.05)
(-3.632582521 3.559099026 -0.05)
(-3.632582521 3.706066017 -0.05)
(-3.632582521 3.853033009 -0.05)
(-3.632582521 4 -0.05)
(-3.706066017 1.06066017 -0.05)
(-3.706066017 1.207627162 -0.05)
(-3.706066017 1.354594153 -0.05)
(-3.706066017 1.501561145 -0.05)
(-3.706066017 1.648528136 -0.05)
(-3.706066017 1.795495127 -0.05)
(-3.706066017 1.942462119 -0.05)
(-3.706066017 2.08942911 -0.05)
(-3.706066017 2.236396102 -0.05)
(-3.706066017 2.383363093 -0.05)
(-3.706066017 2.530330085 -0.05)
(-3.706066017 2.677297077 -0.05)
(-3.706066017 2.824264068 -0.05)
(-3.706066017 2.971231059 -0.05)
(-3.706066017 3.118198051 -0.05)
(-3.706066017 3.265165043 -0.05)
(-3.706066017 3.412132034 -0.05)
(-3.706066017 3.559099026 -0.05)
(-3.706066017 3.706066017 -0.05)
(-3.706066017 3.853033008 -0.05)
(-3.706066017 4 -0.05)
(-3.779549513 1.06066017 -0.05)
(-3.779549513 1.207627162 -0.05)
(-3.779549513 1.354594153 -0.05)
(-3.779549513 1.501561145 -0.05)
(-3.779549513 1.648528136 -0.05)
(-3.779549513 1.795495127 -0.05)
(-3.779549513 1.942462119 -0.05)
(-3.779549513 2.08942911 -0.05)
(-3.779549513 2.236396102 -0.05)
(-3.779549513 2.383363093 -0.05)
(-3.779549513 2.530330085 -0.05)
(-3.779549513 2.677297076 -0.05)
(-3.779549513 2.824264068 -0.05)
(-3.779549513 2.97123106 -0.05)
(-3.779549513 3.118198051 -0.05)
(-3.779549513 3.265165042 -0.05)
(-3.779549513 3.412132034 -0.05)
(-3.779549513 3.559099026 -0.05)
(-3.779549513 3.706066017 -0.05)
(-3.779549513 3.853033009 -0.05)
(-3.779549513 4 -0.05)
(-3.853033009 1.06066017 -0.05)
(-3.853033009 1.207627162 -0.05)
(-3.853033009 1.354594153 -0.05)
(-3.853033009 1.501561145 -0.05)
(-3.853033009 1.648528136 -0.05)
(-3.853033009 1.795495127 -0.05)
(-3.853033008 1.942462119 -0.05)
(-3.853033009 2.08942911 -0.05)
(-3.853033008 2.236396102 -0.05)
(-3.853033009 2.383363093 -0.05)
(-3.853033009 2.530330085 -0.05)
(-3.853033008 2.677297076 -0.05)
(-3.853033008 2.824264068 -0.05)
(-3.853033008 2.97123106 -0.05)
(-3.853033009 3.118198051 -0.05)
(-3.853033009 3.265165042 -0.05)
(-3.853033008 3.412132034 -0.05)
(-3.853033009 3.559099026 -0.05)
(-3.853033009 3.706066017 -0.05)
(-3.853033008 3.853033009 -0.05)
(-3.853033009 4 -0.05)
(-3.926516504 1.06066017 -0.05)
(-3.926516504 1.207627161 -0.05)
(-3.926516504 1.354594153 -0.05)
(-3.926516504 1.501561144 -0.05)
(-3.926516504 1.648528136 -0.05)
(-3.926516504 1.795495127 -0.05)
(-3.926516504 1.942462119 -0.05)
(-3.926516504 2.089429111 -0.05)
(-3.926516504 2.236396102 -0.05)
(-3.926516504 2.383363093 -0.05)
(-3.926516504 2.530330085 -0.05)
(-3.926516504 2.677297076 -0.05)
(-3.926516504 2.824264068 -0.05)
(-3.926516504 2.97123106 -0.05)
(-3.926516504 3.118198051 -0.05)
(-3.926516504 3.265165042 -0.05)
(-3.926516504 3.412132034 -0.05)
(-3.926516504 3.559099026 -0.05)
(-3.926516504 3.706066017 -0.05)
(-3.926516504 3.853033008 -0.05)
(-3.926516504 4 -0.05)
(-4 1.06066017 -0.05)
(-4 1.207627162 -0.05)
(-4 1.354594153 -0.05)
(-4 1.501561144 -0.05)
(-4 1.648528136 -0.05)
(-4 1.795495127 -0.05)
(-4 1.942462119 -0.05)
(-4 2.08942911 -0.05)
(-4 2.236396102 -0.05)
(-4 2.383363093 -0.05)
(-4 2.530330085 -0.05)
(-4 2.677297076 -0.05)
(-4 2.824264068 -0.05)
(-4 2.971231059 -0.05)
(-4 3.118198051 -0.05)
(-4 3.265165042 -0.05)
(-4 3.412132034 -0.05)
(-4 3.559099026 -0.05)
(-4 3.706066017 -0.05)
(-4 3.853033008 -0.05)
(-4 4 -0.05)
(-1.134143666 1.06066017 0.05)
(-1.134143666 1.207627161 0.05)
(-1.134143666 1.354594153 0.05)
(-1.134143666 1.501561144 0.05)
(-1.134143666 1.648528136 0.05)
(-1.134143666 1.795495127 0.05)
(-1.134143666 1.942462119 0.05)
(-1.134143666 2.08942911 0.05)
(-1.134143666 2.236396102 0.05)
(-1.134143666 2.383363093 0.05)
(-1.134143666 2.530330085 0.05)
(-1.134143666 2.677297076 0.05)
(-1.134143666 2.824264068 0.05)
(-1.134143666 2.97123106 0.05)
(-1.134143666 3.118198051 0.05)
(-1.134143666 3.265165042 0.05)
(-1.134143666 3.412132034 0.05)
(-1.134143666 3.559099026 0.05)
(-1.134143666 3.706066017 0.05)
(-1.134143666 3.853033009 0.05)
(-1.134143666 4 0.05)
(-1.207627162 1.06066017 0.05)
(-1.207627162 1.207627162 0.05)
(-1.207627162 1.354594153 0.05)
(-1.207627161 1.501561145 0.05)
(-1.207627162 1.648528136 0.05)
(-1.207627162 1.795495128 0.05)
(-1.207627162 1.942462119 0.05)
(-1.207627161 2.08942911 0.05)
(-1.207627162 2.236396102 0.05)
(-1.207627162 2.383363093 0.05)
(-1.207627162 2.530330085 0.05)
(-1.207627162 2.677297076 0.05)
(-1.207627162 2.824264068 0.05)
(-1.207627161 2.97123106 0.05)
(-1.207627162 3.118198051 0.05)
(-1.207627162 3.265165043 0.05)
(-1.207627162 3.412132034 0.05)
(-1.207627161 3.559099025 0.05)
(-1.207627162 3.706066017 0.05)
(-1.207627161 3.853033008 0.05)
(-1.207627162 4 0.05)
(-1.281110657 1.06066017 0.05)
(-1.281110657 1.207627162 0.05)
(-1.281110657 1.354594153 0.05)
(-1.281110657 1.501561144 0.05)
(-1.281110657 1.648528136 0.05)
(-1.281110657 1.795495127 0.05)
(-1.281110657 1.942462119 0.05)
(-1.281110657 2.08942911 0.05)
(-1.281110657 2.236396102 0.05)
(-1.281110657 2.383363093 0.05)
(-1.281110657 2.530330085 0.05)
(-1.281110657 2.677297076 0.05)
(-1.281110657 2.824264068 0.05)
(-1.281110657 2.97123106 0.05)
(-1.281110657 3.118198051 0.05)
(-1.281110657 3.265165042 0.05)
(-1.281110657 3.412132034 0.05)
(-1.281110657 3.559099026 0.05)
(-1.281110657 3.706066017 0.05)
(-1.281110657 3.853033009 0.05)
(-1.281110657 4 0.05)
(-1.354594153 1.06066017 0.05)
(-1.354594153 1.207627162 0.05)
(-1.354594153 1.354594153 0.05)
(-1.354594153 1.501561144 0.05)
(-1.354594153 1.648528136 0.05)
(-1.354594153 1.795495127 0.05)
(-1.354594153 1.942462119 0.05)
(-1.354594153 2.08942911 0.05)
(-1.354594153 2.236396102 0.05)
(-1.354594153 2.383363093 0.05)
(-1.354594153 2.530330085 0.05)
(-1.354594153 2.677297076 0.05)
(-1.354594153 2.824264068 0.05)
(-1.354594153 2.97123106 0.05)
(-1.354594153 3.118198051 0.05)
(-1.354594153 3.265165043 0.05)
(-1.354594153 3.412132034 0.05)
(-1.354594153 3.559099025 0.05)
(-1.354594153 3.706066017 0.05)
(-1.354594153 3.853033009 0.05)
(-1.354594153 4 0.05)
(-1.428077649 1.06066017 0.05)
(-1.428077649 1.207627162 0.05)
(-1.428077649 1.354594153 0.05)
(-1.428077649 1.501561145 0.05)
(-1.428077649 1.648528136 0.05)
(-1.428077649 1.795495127 0.05)
(-1.428077649 1.942462119 0.05)
(-1.428077649 2.08942911 0.05)
(-1.428077649 2.236396102 0.05)
(-1.428077649 2.383363093 0.05)
(-1.428077649 2.530330085 0.05)
(-1.428077649 2.677297076 0.05)
(-1.428077649 2.824264068 0.05)
(-1.428077649 2.97123106 0.05)
(-1.428077649 3.118198051 0.05)
(-1.428077649 3.265165043 0.05)
(-1.428077649 3.412132034 0.05)
(-1.428077649 3.559099026 0.05)
(-1.428077649 3.706066017 0.05)
(-1.428077649 3.853033008 0.05)
(-1.428077649 4 0.05)
(-1.501561144 1.06066017 0.05)
(-1.501561144 1.207627161 0.05)
(-1.501561145 1.354594153 0.05)
(-1.501561144 1.501561144 0.05)
(-1.501561145 1.648528136 0.05)
(-1.501561145 1.795495127 0.05)
(-1.501561144 1.942462119 0.05)
(-1.501561144 2.08942911 0.05)
(-1.501561145 2.236396102 0.05)
(-1.501561145 2.383363094 0.05)
(-1.501561145 2.530330085 0.05)
(-1.501561144 2.677297077 0.05)
(-1.501561145 2.824264068 0.05)
(-1.501561144 2.97123106 0.05)
(-1.501561144 3.118198051 0.05)
(-1.501561145 3.265165042 0.05)
(-1.501561144 3.412132034 0.05)
(-1.501561144 3.559099025 0.05)
(-1.501561144 3.706066017 0.05)
(-1.501561145 3.853033009 0.05)
(-1.501561144 4 0.05)
(-1.57504464 1.06066017 0.05)
(-1.57504464 1.207627162 0.05)
(-1.57504464 1.354594153 0.05)
(-1.57504464 1.501561145 0.05)
(-1.57504464 1.648528136 0.05)
(-1.57504464 1.795495127 0.05)
(-1.57504464 1.942462119 0.05)
(-1.57504464 2.08942911 0.05)
(-1.57504464 2.236396102 0.05)
(-1.57504464 2.383363094 0.05)
(-1.57504464 2.530330085 0.05)
(-1.57504464 2.677297077 0.05)
(-1.57504464 2.824264068 0.05)
(-1.57504464 2.97123106 0.05)
(-1.57504464 3.118198051 0.05)
(-1.57504464 3.265165043 0.05)
(-1.57504464 3.412132034 0.05)
(-1.57504464 3.559099026 0.05)
(-1.57504464 3.706066017 0.05)
(-1.57504464 3.853033009 0.05)
(-1.57504464 4 0.05)
(-1.648528136 1.06066017 0.05)
(-1.648528136 1.207627162 0.05)
(-1.648528136 1.354594153 0.05)
(-1.648528136 1.501561144 0.05)
(-1.648528136 1.648528136 0.05)
(-1.648528136 1.795495127 0.05)
(-1.648528136 1.942462119 0.05)
(-1.648528136 2.089429111 0.05)
(-1.648528136 2.236396102 0.05)
(-1.648528136 2.383363094 0.05)
(-1.648528136 2.530330085 0.05)
(-1.648528136 2.677297076 0.05)
(-1.648528136 2.824264068 0.05)
(-1.648528136 2.97123106 0.05)
(-1.648528136 3.118198051 0.05)
(-1.648528136 3.265165043 0.05)
(-1.648528136 3.412132034 0.05)
(-1.648528136 3.559099026 0.05)
(-1.648528136 3.706066017 0.05)
(-1.648528136 3.853033008 0.05)
(-1.648528136 4 0.05)
(-1.722011632 1.06066017 0.05)
(-1.722011632 1.207627162 0.05)
(-1.722011632 1.354594153 0.05)
(-1.722011632 1.501561144 0.05)
(-1.722011632 1.648528136 0.05)
(-1.722011632 1.795495127 0.05)
(-1.722011632 1.942462119 0.05)
(-1.722011632 2.08942911 0.05)
(-1.722011632 2.236396102 0.05)
(-1.722011632 2.383363093 0.05)
(-1.722011632 2.530330085 0.05)
(-1.722011632 2.677297076 0.05)
(-1.722011632 2.824264068 0.05)
(-1.722011632 2.97123106 0.05)
(-1.722011632 3.118198051 0.05)
(-1.722011632 3.265165042 0.05)
(-1.722011632 3.412132034 0.05)
(-1.722011632 3.559099025 0.05)
(-1.722011632 3.706066017 0.05)
(-1.722011632 3.853033009 0.05)
(-1.722011632 4 0.05)
(-1.795495127 1.06066017 0.05)
(-1.795495127 1.207627162 0.05)
(-1.795495127 1.354594153 0.05)
(-1.795495127 1.501561145 0.05)
(-1.795495127 1.648528136 0.05)
(-1.795495127 1.795495127 0.05)
(-1.795495127 1.942462119 0.05)
(-1.795495127 2.08942911 0.05)
(-1.795495127 2.236396102 0.05)
(-1.795495127 2.383363093 0.05)
(-1.795495127 2.530330085 0.05)
(-1.795495127 2.677297076 0.05)
(-1.795495127 2.824264068 0.05)
(-1.795495127 2.97123106 0.05)
(-1.795495127 3.118198051 0.05)
(-1.795495127 3.265165043 0.05)
(-1.795495127 3.412132034 0.05)
(-1.795495127 3.559099025 0.05)
(-1.795495127 3.706066017 0.05)
(-1.795495127 3.853033008 0.05)
(-1.795495127 4 0.05)
(-1.868978623 1.06066017 0.05)
(-1.868978623 1.207627162 0.05)
(-1.868978623 1.354594153 0.05)
(-1.868978623 1.501561144 0.05)
(-1.868978623 1.648528136 0.05)
(-1.868978623 1.795495127 0.05)
(-1.868978623 1.942462119 0.05)
(-1.868978623 2.08942911 0.05)
(-1.868978623 2.236396102 0.05)
(-1.868978623 2.383363093 0.05)
(-1.868978623 2.530330085 0.05)
(-1.868978623 2.677297076 0.05)
(-1.868978623 2.824264068 0.05)
(-1.868978623 2.97123106 0.05)
(-1.868978623 3.118198051 0.05)
(-1.868978623 3.265165042 0.05)
(-1.868978623 3.412132034 0.05)
(-1.868978623 3.559099026 0.05)
(-1.868978623 3.706066017 0.05)
(-1.868978623 3.853033008 0.05)
(-1.868978623 4 0.05)
(-1.942462119 1.06066017 0.05)
(-1.942462119 1.207627162 0.05)
(-1.942462119 1.354594153 0.05)
(-1.942462119 1.501561144 0.05)
(-1.942462119 1.648528136 0.05)
(-1.942462119 1.795495127 0.05)
(-1.942462119 1.942462119 0.05)
(-1.942462119 2.08942911 0.05)
(-1.942462119 2.236396102 0.05)
(-1.942462119 2.383363093 0.05)
(-1.942462119 2.530330085 0.05)
(-1.942462119 2.677297077 0.05)
(-1.942462119 2.824264068 0.05)
(-1.942462119 2.97123106 0.05)
(-1.942462119 3.118198051 0.05)
(-1.942462119 3.265165043 0.05)
(-1.942462119 3.412132034 0.05)
(-1.942462119 3.559099025 0.05)
(-1.942462119 3.706066017 0.05)
(-1.942462119 3.853033009 0.05)
(-1.942462119 4 0.05)
(-2.015945615 1.06066017 0.05)
(-2.015945615 1.207627162 0.05)
(-2.015945615 1.354594153 0.05)
(-2.015945615 1.501561145 0.05)
(-2.015945615 1.648528136 0.05)
(-2.015945615 1.795495128 0.05)
(-2.015945615 1.942462119 0.05)
(-2.015945615 2.089429111 0.05)
(-2.015945615 2.236396102 0.05)
(-2.015945615 2.383363094 0.05)
(-2.015945615 2.530330085 0.05)
(-2.015945615 2.677297077 0.05)
(-2.015945615 2.824264068 0.05)
(-2.015945615 2.97123106 0.05)
(-2.015945615 3.118198051 0.05)
(-2.015945615 3.265165043 0.05)
(-2.015945615 3.412132034 0.05)
(-2.015945615 3.559099026 0.05)
(-2.015945615 3.706066017 0.05)
(-2.015945615 3.853033009 0.05)
(-2.015945615 4 0.05)
(-2.08942911 1.06066017 0.05)
(-2.089429111 1.207627161 0.05)
(-2.08942911 1.354594153 0.05)
(-2.08942911 1.501561145 0.05)
(-2.089429111 1.648528136 0.05)
(-2.08942911 1.795495127 0.05)
(-2.08942911 1.942462119 0.05)
(-2.08942911 2.08942911 0.05)
(-2.08942911 2.236396102 0.05)
(-2.08942911 2.383363094 0.05)
(-2.089429111 2.530330085 0.05)
(-2.08942911 2.677297076 0.05)
(-2.08942911 2.824264068 0.05)
(-2.08942911 2.97123106 0.05)
(-2.08942911 3.118198051 0.05)
(-2.08942911 3.265165042 0.05)
(-2.089429111 3.412132034 0.05)
(-2.08942911 3.559099025 0.05)
(-2.08942911 3.706066017 0.05)
(-2.089429111 3.853033008 0.05)
(-2.08942911 4 0.05)
(-2.162912606 1.06066017 0.05)
(-2.162912606 1.207627162 0.05)
(-2.162912606 1.354594153 0.05)
(-2.162912606 1.501561144 0.05)
(-2.162912606 1.648528136 0.05)
(-2.162912606 1.795495127 0.05)
(-2.162912606 1.942462119 0.05)
(-2.162912606 2.08942911 0.05)
(-2.162912606 2.236396102 0.05)
(-2.162912606 2.383363093 0.05)
(-2.162912606 2.530330085 0.05)
(-2.162912606 2.677297076 0.05)
(-2.162912606 2.824264068 0.05)
(-2.162912606 2.97123106 0.05)
(-2.162912606 3.118198051 0.05)
(-2.162912606 3.265165043 0.05)
(-2.162912606 3.412132034 0.05)
(-2.162912606 3.559099025 0.05)
(-2.162912606 3.706066017 0.05)
(-2.162912606 3.853033008 0.05)
(-2.162912606 4 0.05)
(-2.236396102 1.06066017 0.05)
(-2.236396102 1.207627162 0.05)
(-2.236396102 1.354594153 0.05)
(-2.236396102 1.501561144 0.05)
(-2.236396102 1.648528136 0.05)
(-2.236396102 1.795495127 0.05)
(-2.236396102 1.942462119 0.05)
(-2.236396102 2.08942911 0.05)
(-2.236396102 2.236396102 0.05)
(-2.236396102 2.383363094 0.05)
(-2.236396102 2.530330085 0.05)
(-2.236396102 2.677297076 0.05)
(-2.236396102 2.824264068 0.05)
(-2.236396102 2.97123106 0.05)
(-2.236396102 3.118198051 0.05)
(-2.236396102 3.265165042 0.05)
(-2.236396102 3.412132034 0.05)
(-2.236396102 3.559099025 0.05)
(-2.236396102 3.706066017 0.05)
(-2.236396102 3.853033008 0.05)
(-2.236396102 4 0.05)
(-2.309879598 1.06066017 0.05)
(-2.309879598 1.207627162 0.05)
(-2.309879598 1.354594153 0.05)
(-2.309879598 1.501561145 0.05)
(-2.309879598 1.648528136 0.05)
(-2.309879598 1.795495127 0.05)
(-2.309879598 1.942462119 0.05)
(-2.309879598 2.08942911 0.05)
(-2.309879598 2.236396102 0.05)
(-2.309879598 2.383363093 0.05)
(-2.309879598 2.530330085 0.05)
(-2.309879598 2.677297076 0.05)
(-2.309879598 2.824264068 0.05)
(-2.309879598 2.97123106 0.05)
(-2.309879598 3.118198051 0.05)
(-2.309879598 3.265165042 0.05)
(-2.309879598 3.412132034 0.05)
(-2.309879598 3.559099025 0.05)
(-2.309879598 3.706066017 0.05)
(-2.309879598 3.853033009 0.05)
(-2.309879598 4 0.05)
(-2.383363093 1.06066017 0.05)
(-2.383363093 1.207627162 0.05)
(-2.383363094 1.354594153 0.05)
(-2.383363094 1.501561145 0.05)
(-2.383363094 1.648528136 0.05)
(-2.383363093 1.795495127 0.05)
(-2.383363093 1.942462119 0.05)
(-2.383363094 2.089429111 0.05)
(-2.383363094 2.236396102 0.05)
(-2.383363094 2.383363094 0.05)
(-2.383363094 2.530330085 0.05)
(-2.383363093 2.677297077 0.05)
(-2.383363094 2.824264068 0.05)
(-2.383363094 2.97123106 0.05)
(-2.383363094 3.118198051 0.05)
(-2.383363094 3.265165042 0.05)
(-2.383363093 3.412132034 0.05)
(-2.383363093 3.559099026 0.05)
(-2.383363094 3.706066017 0.05)
(-2.383363093 3.853033009 0.05)
(-2.383363093 4 0.05)
(-2.456846589 1.06066017 0.05)
(-2.456846589 1.207627162 0.05)
(-2.456846589 1.354594153 0.05)
(-2.456846589 1.501561144 0.05)
(-2.456846589 1.648528136 0.05)
(-2.456846589 1.795495127 0.05)
(-2.456846589 1.942462119 0.05)
(-2.456846589 2.08942911 0.05)
(-2.456846589 2.236396102 0.05)
(-2.456846589 2.383363094 0.05)
(-2.456846589 2.530330085 0.05)
(-2.456846589 2.677297077 0.05)
(-2.456846589 2.824264068 0.05)
(-2.456846589 2.97123106 0.05)
(-2.456846589 3.118198051 0.05)
(-2.456846589 3.265165042 0.05)
(-2.456846589 3.412132034 0.05)
(-2.456846589 3.559099026 0.05)
(-2.456846589 3.706066017 0.05)
(-2.456846589 3.853033008 0.05)
(-2.456846589 4 0.05)
(-2.530330085 1.06066017 0.05)
(-2.530330085 1.207627162 0.05)
(-2.530330085 1.354594153 0.05)
(-2.530330085 1.501561144 0.05)
(-2.530330085 1.648528136 0.05)
(-2.530330085 1.795495127 0.05)
(-2.530330085 1.942462119 0.05)
(-2.530330085 2.089429111 0.05)
(-2.530330085 2.236396102 0.05)
(-2.530330085 2.383363094 0.05)
(-2.530330085 2.530330085 0.05)
(-2.530330085 2.677297076 0.05)
(-2.530330085 2.824264068 0.05)
(-2.530330085 2.97123106 0.05)
(-2.530330085 3.118198051 0.05)
(-2.530330085 3.265165043 0.05)
(-2.530330085 3.412132034 0.05)
(-2.530330085 3.559099025 0.05)
(-2.530330085 3.706066017 0.05)
(-2.530330085 3.853033009 0.05)
(-2.530330085 4 0.05)
(-2.603813581 1.06066017 0.05)
(-2.603813581 1.207627162 0.05)
(-2.603813581 1.354594153 0.05)
(-2.603813581 1.501561145 0.05)
(-2.603813581 1.648528136 0.05)
(-2.603813581 1.795495127 0.05)
(-2.603813581 1.942462119 0.05)
(-2.603813581 2.08942911 0.05)
(-2.603813581 2.236396102 0.05)
(-2.603813581 2.383363093 0.05)
(-2.603813581 2.530330085 0.05)
(-2.603813581 2.677297076 0.05)
(-2.603813581 2.824264068 0.05)
(-2.603813581 2.97123106 0.05)
(-2.603813581 3.118198051 0.05)
(-2.603813581 3.265165042 0.05)
(-2.603813581 3.412132034 0.05)
(-2.603813581 3.559099026 0.05)
(-2.603813581 3.706066017 0.05)
(-2.603813581 3.853033008 0.05)
(-2.603813581 4 0.05)
(-2.677297077 1.06066017 0.05)
(-2.677297076 1.207627161 0.05)
(-2.677297076 1.354594153 0.05)
(-2.677297077 1.501561144 0.05)
(-2.677297076 1.648528136 0.05)
(-2.677297076 1.795495127 0.05)
(-2.677297077 1.942462119 0.05)
(-2.677297076 2.08942911 0.05)
(-2.677297076 2.236396102 0.05)
(-2.677297077 2.383363093 0.05)
(-2.677297076 2.530330085 0.05)
(-2.677297076 2.677297076 0.05)
(-2.677297077 2.824264068 0.05)
(-2.677297076 2.97123106 0.05)
(-2.677297077 3.118198051 0.05)
(-2.677297077 3.265165042 0.05)
(-2.677297076 3.412132034 0.05)
(-2.677297077 3.559099025 0.05)
(-2.677297077 3.706066017 0.05)
(-2.677297076 3.853033008 0.05)
(-2.677297077 4 0.05)
(-2.750780572 1.06066017 0.05)
(-2.750780572 1.207627162 0.05)
(-2.750780572 1.354594153 0.05)
(-2.750780572 1.501561145 0.05)
(-2.750780572 1.648528136 0.05)
(-2.750780572 1.795495127 0.05)
(-2.750780572 1.942462119 0.05)
(-2.750780572 2.08942911 0.05)
(-2.750780572 2.236396102 0.05)
(-2.750780572 2.383363093 0.05)
(-2.750780572 2.530330085 0.05)
(-2.750780572 2.677297076 0.05)
(-2.750780572 2.824264068 0.05)
(-2.750780572 2.97123106 0.05)
(-2.750780572 3.118198051 0.05)
(-2.750780572 3.265165043 0.05)
(-2.750780572 3.412132034 0.05)
(-2.750780572 3.559099026 0.05)
(-2.750780572 3.706066017 0.05)
(-2.750780572 3.853033008 0.05)
(-2.750780572 4 0.05)
(-2.824264068 1.06066017 0.05)
(-2.824264068 1.207627162 0.05)
(-2.824264068 1.354594153 0.05)
(-2.824264068 1.501561144 0.05)
(-2.824264068 1.648528136 0.05)
(-2.824264068 1.795495127 0.05)
(-2.824264068 1.942462119 0.05)
(-2.824264068 2.08942911 0.05)
(-2.824264068 2.236396102 0.05)
(-2.824264068 2.383363094 0.05)
(-2.824264068 2.530330085 0.05)
(-2.824264068 2.677297077 0.05)
(-2.824264068 2.824264068 0.05)
(-2.824264068 2.97123106 0.05)
(-2.824264068 3.118198051 0.05)
(-2.824264068 3.265165042 0.05)
(-2.824264068 3.412132034 0.05)
(-2.824264068 3.559099026 0.05)
(-2.824264068 3.706066017 0.05)
(-2.824264068 3.853033008 0.05)
(-2.824264068 4 0.05)
(-2.897747564 1.06066017 0.05)
(-2.897747564 1.207627162 0.05)
(-2.897747564 1.354594153 0.05)
(-2.897747564 1.501561145 0.05)
(-2.897747564 1.648528136 0.05)
(-2.897747564 1.795495127 0.05)
(-2.897747564 1.942462119 0.05)
(-2.897747564 2.08942911 0.05)
(-2.897747564 2.236396102 0.05)
(-2.897747564 2.383363093 0.05)
(-2.897747564 2.530330085 0.05)
(-2.897747564 2.677297077 0.05)
(-2.897747564 2.824264068 0.05)
(-2.897747564 2.97123106 0.05)
(-2.897747564 3.118198051 0.05)
(-2.897747564 3.265165043 0.05)
(-2.897747564 3.412132034 0.05)
(-2.897747564 3.559099026 0.05)
(-2.897747564 3.706066017 0.05)
(-2.897747564 3.853033009 0.05)
(-2.897747564 4 0.05)
(-2.97123106 1.06066017 0.05)
(-2.97123106 1.207627161 0.05)
(-2.97123106 1.354594153 0.05)
(-2.97123106 1.501561145 0.05)
(-2.97123106 1.648528136 0.05)
(-2.97123106 1.795495127 0.05)
(-2.97123106 1.942462119 0.05)
(-2.971231059 2.08942911 0.05)
(-2.971231059 2.236396102 0.05)
(-2.97123106 2.383363094 0.05)
(-2.971231059 2.530330085 0.05)
(-2.971231059 2.677297076 0.05)
(-2.97123106 2.824264068 0.05)
(-2.971231059 2.97123106 0.05)
(-2.971231059 3.118198051 0.05)
(-2.97123106 3.265165043 0.05)
(-2.97123106 3.412132034 0.05)
(-2.97123106 3.559099025 0.05)
(-2.97123106 3.706066017 0.05)
(-2.97123106 3.853033009 0.05)
(-2.97123106 4 0.05)
(-3.044714555 1.06066017 0.05)
(-3.044714555 1.207627162 0.05)
(-3.044714555 1.354594153 0.05)
(-3.044714555 1.501561145 0.05)
(-3.044714555 1.648528136 0.05)
(-3.044714555 1.795495127 0.05)
(-3.044714555 1.942462119 0.05)
(-3.044714555 2.08942911 0.05)
(-3.044714555 2.236396102 0.05)
(-3.044714555 2.383363093 0.05)
(-3.044714555 2.530330085 0.05)
(-3.044714555 2.677297076 0.05)
(-3.044714555 2.824264068 0.05)
(-3.044714555 2.97123106 0.05)
(-3.044714555 3.118198051 0.05)
(-3.044714555 3.265165042 0.05)
(-3.044714555 3.412132034 0.05)
(-3.044714555 3.559099026 0.05)
(-3.044714555 3.706066017 0.05)
(-3.044714555 3.853033008 0.05)
(-3.044714555 4 0.05)
(-3.118198051 1.06066017 0.05)
(-3.118198051 1.207627162 0.05)
(-3.118198051 1.354594153 0.05)
(-3.118198051 1.501561145 0.05)
(-3.118198051 1.648528136 0.05)
(-3.118198051 1.795495127 0.05)
(-3.118198051 1.942462119 0.05)
(-3.118198051 2.08942911 0.05)
(-3.118198051 2.236396102 0.05)
(-3.118198051 2.383363094 0.05)
(-3.118198051 2.530330085 0.05)
(-3.118198051 2.677297076 0.05)
(-3.118198051 2.824264068 0.05)
(-3.118198051 2.97123106 0.05)
(-3.118198051 3.118198051 0.05)
(-3.118198051 3.265165042 0.05)
(-3.118198051 3.412132034 0.05)
(-3.118198051 3.559099025 0.05)
(-3.118198051 3.706066017 0.05)
(-3.118198051 3.853033009 0.05)
(-3.118198051 4 0.05)
(-3.191681547 1.06066017 0.05)
(-3.191681547 1.207627162 0.05)
(-3.191681547 1.354594153 0.05)
(-3.191681547 1.501561145 0.05)
(-3.191681547 1.648528136 0.05)
(-3.191681547 1.795495127 0.05)
(-3.191681547 1.942462119 0.05)
(-3.191681547 2.08942911 0.05)
(-3.191681547 2.236396102 0.05)
(-3.191681547 2.383363093 0.05)
(-3.191681547 2.530330085 0.05)
(-3.191681547 2.677297076 0.05)
(-3.191681547 2.824264068 0.05)
(-3.191681547 2.97123106 0.05)
(-3.191681547 3.118198051 0.05)
(-3.191681547 3.265165042 0.05)
(-3.191681547 3.412132034 0.05)
(-3.191681547 3.559099026 0.05)
(-3.191681547 3.706066017 0.05)
(-3.191681547 3.853033008 0.05)
(-3.191681547 4 0.05)
(-3.265165042 1.06066017 0.05)
(-3.265165043 1.207627162 0.05)
(-3.265165042 1.354594153 0.05)
(-3.265165043 1.501561145 0.05)
(-3.265165043 1.648528136 0.05)
(-3.265165043 1.795495127 0.05)
(-3.265165042 1.942462119 0.05)
(-3.265165043 2.08942911 0.05)
(-3.265165042 2.236396102 0.05)
(-3.265165043 2.383363093 0.05)
(-3.265165043 2.530330085 0.05)
(-3.265165043 2.677297077 0.05)
(-3.265165043 2.824264068 0.05)
(-3.265165043 2.97123106 0.05)
(-3.265165042 3.118198051 0.05)
(-3.265165043 3.265165042 0.05)
(-3.265165042 3.412132034 0.05)
(-3.265165042 3.559099025 0.05)
(-3.265165043 3.706066017 0.05)
(-3.265165042 3.853033008 0.05)
(-3.265165042 4 0.05)
(-3.338648538 1.06066017 0.05)
(-3.338648538 1.207627162 0.05)
(-3.338648538 1.354594153 0.05)
(-3.338648538 1.501561145 0.05)
(-3.338648538 1.648528136 0.05)
(-3.338648538 1.795495127 0.05)
(-3.338648538 1.942462119 0.05)
(-3.338648538 2.08942911 0.05)
(-3.338648538 2.236396102 0.05)
(-3.338648538 2.383363094 0.05)
(-3.338648538 2.530330085 0.05)
(-3.338648538 2.677297077 0.05)
(-3.338648538 2.824264068 0.05)
(-3.338648538 2.97123106 0.05)
(-3.338648538 3.118198051 0.05)
(-3.338648538 3.265165043 0.05)
(-3.338648538 3.412132034 0.05)
(-3.338648538 3.559099026 0.05)
(-3.338648538 3.706066017 0.05)
(-3.338648538 3.853033009 0.05)
(-3.338648538 4 0.05)
(-3.412132034 1.06066017 0.05)
(-3.412132034 1.207627162 0.05)
(-3.412132034 1.354594153 0.05)
(-3.412132034 1.501561145 0.05)
(-3.412132034 1.648528136 0.05)
(-3.412132034 1.795495127 0.05)
(-3.412132034 1.942462119 0.05)
(-3.412132034 2.089429111 0.05)
(-3.412132034 2.236396102 0.05)
(-3.412132034 2.383363094 0.05)
(-3.412132034 2.530330085 0.05)
(-3.412132034 2.677297076 0.05)
(-3.412132034 2.824264068 0.05)
(-3.412132034 2.971231059 0.05)
(-3.412132034 3.118198051 0.05)
(-3.412132034 3.265165042 0.05)
(-3.412132034 3.412132034 0.05)
(-3.412132034 3.559099025 0.05)
(-3.412132034 3.706066017 0.05)
(-3.412132034 3.853033009 0.05)
(-3.412132034 4 0.05)
(-3.48561553 1.06066017 0.05)
(-3.48561553 1.207627162 0.05)
(-3.48561553 1.354594153 0.05)
(-3.48561553 1.501561144 0.05)
(-3.48561553 1.648528136 0.05)
(-3.48561553 1.795495127 0.05)
(-3.48561553 1.942462119 0.05)
(-3.48561553 2.08942911 0.05)
(-3.48561553 2.236396102 0.05)
(-3.48561553 2.383363094 0.05)
(-3.48561553 2.530330085 0.05)
(-3.48561553 2.677297076 0.05)
(-3.48561553 2.824264068 0.05)
(-3.48561553 2.97123106 0.05)
(-3.48561553 3.118198051 0.05)
(-3.48561553 3.265165042 0.05)
(-3.48561553 3.412132034 0.05)
(-3.48561553 3.559099025 0.05)
(-3.48561553 3.706066017 0.05)
(-3.48561553 3.853033008 0.05)
(-3.48561553 4 0.05)
(-3.559099025 1.06066017 0.05)
(-3.559099025 1.207627161 0.05)
(-3.559099026 1.354594153 0.05)
(-3.559099026 1.501561145 0.05)
(-3.559099026 1.648528136 0.05)
(-3.559099026 1.795495127 0.05)
(-3.559099026 1.942462119 0.05)
(-3.559099026 2.08942911 0.05)
(-3.559099026 2.236396102 0.05)
(-3.559099026 2.383363094 0.05)
(-3.559099025 2.530330085 0.05)
(-3.559099025 2.677297076 0.05)
(-3.559099026 2.824264068 0.05)
(-3.559099025 2.97123106 0.05)
(-3.559099026 3.118198051 0.05)
(-3.559099026 3.265165042 0.05)
(-3.559099026 3.412132034 0.05)
(-3.559099025 3.559099025 0.05)
(-3.559099025 3.706066017 0.05)
(-3.559099026 3.853033009 0.05)
(-3.559099026 4 0.05)
(-3.632582521 1.06066017 0.05)
(-3.632582521 1.207627161 0.05)
(-3.632582521 1.354594153 0.05)
(-3.632582521 1.501561145 0.05)
(-3.632582521 1.648528136 0.05)
(-3.632582521 1.795495127 0.05)
(-3.632582521 1.942462119 0.05)
(-3.632582521 2.08942911 0.05)
(-3.632582521 2.236396102 0.05)
(-3.632582521 2.383363093 0.05)
(-3.632582521 2.530330085 0.05)
(-3.632582521 2.677297077 0.05)
(-3.632582521 2.824264068 0.05)
(-3.632582521 2.97123106 0.05)
(-3.632582521 3.118198051 0.05)
(-3.632582521 3.265165042 0.05)
(-3.632582521 3.412132034 0.05)
(-3.632582521 3.559099025 0.05)
(-3.632582521 3.706066017 0.05)
(-3.632582521 3.853033009 0.05)
(-3.632582521 4 0.05)
(-3.706066017 1.06066017 0.05)
(-3.706066017 1.207627162 0.05)
(-3.706066017 1.354594153 0.05)
(-3.706066017 1.501561145 0.05)
(-3.706066017 1.648528136 0.05)
(-3.706066017 1.795495127 0.05)
(-3.706066017 1.942462119 0.05)
(-3.706066017 2.08942911 0.05)
(-3.706066017 2.236396102 0.05)
(-3.706066017 2.383363093 0.05)
(-3.706066017 2.530330085 0.05)
(-3.706066017 2.677297077 0.05)
(-3.706066017 2.824264068 0.05)
(-3.706066017 2.97123106 0.05)
(-3.706066017 3.118198051 0.05)
(-3.706066017 3.265165043 0.05)
(-3.706066017 3.412132034 0.05)
(-3.706066017 3.559099025 0.05)
(-3.706066017 3.706066017 0.05)
(-3.706066017 3.853033008 0.05)
(-3.706066017 4 0.05)
(-3.779549513 1.06066017 0.05)
(-3.779549513 1.207627162 0.05)
(-3.779549513 1.354594153 0.05)
(-3.779549513 1.501561145 0.05)
(-3.779549513 1.648528136 0.05)
(-3.779549513 1.795495127 0.05)
(-3.779549513 1.942462119 0.05)
(-3.779549513 2.08942911 0.05)
(-3.779549513 2.236396102 0.05)
(-3.779549513 2.383363093 0.05)
(-3.779549513 2.530330085 0.05)
(-3.779549513 2.677297076 0.05)
(-3.779549513 2.824264068 0.05)
(-3.779549513 2.97123106 0.05)
(-3.779549513 3.118198051 0.05)
(-3.779549513 3.265165042 0.05)
(-3.779549513 3.412132034 0.05)
(-3.779549513 3.559099025 0.05)
(-3.779549513 3.706066017 0.05)
(-3.779549513 3.853033009 0.05)
(-3.779549513 4 0.05)
(-3.853033009 1.06066017 0.05)
(-3.853033009 1.207627162 0.05)
(-3.853033009 1.354594153 0.05)
(-3.853033009 1.501561144 0.05)
(-3.853033009 1.648528136 0.05)
(-3.853033009 1.795495127 0.05)
(-3.853033008 1.942462119 0.05)
(-3.853033009 2.08942911 0.05)
(-3.853033008 2.236396102 0.05)
(-3.853033009 2.383363093 0.05)
(-3.853033009 2.530330085 0.05)
(-3.853033008 2.677297076 0.05)
(-3.853033008 2.824264068 0.05)
(-3.853033008 2.97123106 0.05)
(-3.853033009 3.118198051 0.05)
(-3.853033009 3.265165042 0.05)
(-3.853033008 3.412132034 0.05)
(-3.853033009 3.559099026 0.05)
(-3.853033009 3.706066017 0.05)
(-3.853033008 3.853033009 0.05)
(-3.853033009 4 0.05)
(-3.926516504 1.06066017 0.05)
(-3.926516504 1.207627161 0.05)
(-3.926516504 1.354594153 0.05)
(-3.926516504 1.501561144 0.05)
(-3.926516504 1.648528136 0.05)
(-3.926516504 1.795495127 0.05)
(-3.926516504 1.942462119 0.05)
(-3.926516504 2.089429111 0.05)
(-3.926516504 2.236396102 0.05)
(-3.926516504 2.383363093 0.05)
(-3.926516504 2.530330085 0.05)
(-3.926516504 2.677297076 0.05)
(-3.926516504 2.824264068 0.05)
(-3.926516504 2.97123106 0.05)
(-3.926516504 3.118198051 0.05)
(-3.926516504 3.265165042 0.05)
(-3.926516504 3.412132034 0.05)
(-3.926516504 3.559099025 0.05)
(-3.926516504 3.706066017 0.05)
(-3.926516504 3.853033008 0.05)
(-3.926516504 4 0.05)
(-4 1.06066017 0.05)
(-4 1.207627162 0.05)
(-4 1.354594153 0.05)
(-4 1.501561144 0.05)
(-4 1.648528136 0.05)
(-4 1.795495127 0.05)
(-4 1.942462119 0.05)
(-4 2.08942911 0.05)
(-4 2.236396102 0.05)
(-4 2.383363093 0.05)
(-4 2.530330085 0.05)
(-4 2.677297076 0.05)
(-4 2.824264068 0.05)
(-4 2.97123106 0.05)
(-4 3.118198051 0.05)
(-4 3.265165042 0.05)
(-4 3.412132034 0.05)
(-4 3.559099025 0.05)
(-4 3.706066017 0.05)
(-4 3.853033008 0.05)
(-4 4 0.05)
(-1.230527787 0.9510021186 -0.05)
(-1.301539896 0.9504143116 -0.05)
(-1.372552004 0.9498265047 -0.05)
(-1.443564112 0.9492386978 -0.05)
(-1.51457622 0.9486508909 -0.05)
(-1.585588328 0.948063084 -0.05)
(-1.656600436 0.947475277 -0.05)
(-1.727612544 0.9468874701 -0.05)
(-1.798624652 0.9462996632 -0.05)
(-1.86963676 0.9457118563 -0.05)
(-1.940648868 0.9451240494 -0.05)
(-2.011660976 0.9445362425 -0.05)
(-2.082673084 0.9439484355 -0.05)
(-2.153685192 0.9433606286 -0.05)
(-2.2246973 0.9427728217 -0.05)
(-2.295709408 0.9421850148 -0.05)
(-2.366721516 0.9415972079 -0.05)
(-2.437733624 0.9410094009 -0.05)
(-2.508745732 0.940421594 -0.05)
(-2.57975784 0.9398337871 -0.05)
(-2.650769948 0.9392459802 -0.05)
(-2.721782056 0.9386581733 -0.05)
(-2.792794164 0.9380703664 -0.05)
(-2.863806272 0.9374825594 -0.05)
(-2.93481838 0.9368947525 -0.05)
(-3.005830488 0.9363069456 -0.05)
(-3.076842596 0.9357191387 -0.05)
(-3.147854704 0.9351313318 -0.05)
(-3.218866812 0.9345435248 -0.05)
(-3.28987892 0.9339557179 -0.05)
(-3.360891028 0.933367911 -0.05)
(-3.431903136 0.9327801041 -0.05)
(-3.502915244 0.9321922972 -0.05)
(-3.573927352 0.9316044903 -0.05)
(-3.64493946 0.9310166833 -0.05)
(-3.715951568 0.9304288764 -0.05)
(-3.786963676 0.9298410695 -0.05)
(-3.857975784 0.9292532626 -0.05)
(-3.928987892 0.9286654557 -0.05)
(-4 0.9280776487 -0.05)
(-1.316024308 0.8324088439 -0.05)
(-1.384844198 0.8314623383 -0.05)
(-1.453664087 0.8305158328 -0.05)
(-1.522483977 0.8295693272 -0.05)
(-1.591303867 0.8286228217 -0.05)
(-1.660123756 0.8276763161 -0.05)
(-1.728943646 0.8267298106 -0.05)
(-1.797763535 0.825783305 -0.05)
(-1.866583425 0.8248367995 -0.05)
(-1.935403314 0.8238902939 -0.05)
(-2.004223204 0.8229437884 -0.05)
(-2.073043093 0.8219972828 -0.05)
(-2.141862983 0.8210507773 -0.05)
(-2.210682872 0.8201042718 -0.05)
(-2.279502762 0.8191577662 -0.05)
(-2.348322651 0.8182112607 -0.05)
(-2.417142541 0.8172647551 -0.05)
(-2.48596243 0.8163182496 -0.05)
(-2.55478232 0.815371744 -0.05)
(-2.623602209 0.8144252385 -0.05)
(-2.692422099 0.8134787329 -0.05)
(-2.761241989 0.8125322274 -0.05)
(-2.830061878 0.8115857218 -0.05)
(-2.898881768 0.8106392163 -0.05)
(-2.967701657 0.8096927107 -0.05)
(-3.036521547 0.8087462052 -0.05)
(-3.105341436 0.8077996996 -0.05)
(-3.174161326 0.8068531941 -0.05)
(-3.242981215 0.8059066885 -0.05)
(-3.311801105 0.804960183 -0.05)
(-3.380620994 0.8040136774 -0.05)
(-3.449440884 0.8030671719 -0.05)
(-3.518260773 0.8021206663 -0.05)
(-3.587080663 0.8011741608 -0.05)
(-3.655900552 0.8002276552 -0.05)
(-3.724720442 0.7992811497 -0.05)
(-3.793540331 0.7983346441 -0.05)
(-3.862360221 0.7973881386 -0.05)
(-3.93118011 0.796441633 -0.05)
(-4 0.7954951275 -0.05)
(-1.38980985 0.705990543 -0.05)
(-1.456737803 0.7048859805 -0.05)
(-1.523665755 0.7037814181 -0.05)
(-1.590593708 0.7026768556 -0.05)
(-1.657521661 0.7015722931 -0.05)
(-1.724449613 0.7004677306 -0.05)
(-1.791377566 0.6993631681 -0.05)
(-1.858305518 0.6982586057 -0.05)
(-1.925233471 0.6971540432 -0.05)
(-1.992161423 0.6960494807 -0.05)
(-2.059089376 0.6949449182 -0.05)
(-2.126017328 0.6938403557 -0.05)
(-2.192945281 0.6927357933 -0.05)
(-2.259873234 0.6916312308 -0.05)
(-2.326801186 0.6905266683 -0.05)
(-2.393729139 0.6894221058 -0.05)
(-2.460657091 0.6883175433 -0.05)
(-2.527585044 0.6872129808 -0.05)
(-2.594512996 0.6861084184 -0.05)
(-2.661440949 0.6850038559 -0.05)
(-2.728368901 0.6838992934 -0.05)
(-2.795296854 0.6827947309 -0.05)
(-2.862224807 0.6816901684 -0.05)
(-2.929152759 0.680585606 -0.05)
(-2.996080712 0.6794810435 -0.05)
(-3.063008664 0.678376481 -0.05)
(-3.129936617 0.6772719185 -0.05)
(-3.196864569 0.676167356 -0.05)
(-3.263792522 0.6750627935 -0.05)
(-3.330720474 0.6739582311 -0.05)
(-3.397648427 0.6728536686 -0.05)
(-3.46457638 0.6717491061 -0.05)
(-3.531504332 0.6706445436 -0.05)
(-3.598432285 0.6695399811 -0.05)
(-3.665360237 0.6684354187 -0.05)
(-3.73228819 0.6673308562 -0.05)
(-3.799216142 0.6662262937 -0.05)
(-3.866144095 0.6651217312 -0.05)
(-3.933072047 0.6640171687 -0.05)
(-4 0.6629126063 -0.05)
(-1.451173818 0.5729327724 -0.05)
(-1.516528335 0.5718403958 -0.05)
(-1.581882853 0.5707480192 -0.05)
(-1.64723737 0.5696556426 -0.05)
(-1.712591888 0.568563266 -0.05)
(-1.777946405 0.5674708894 -0.05)
(-1.843300923 0.5663785128 -0.05)
(-1.90865544 0.5652861362 -0.05)
(-1.974009958 0.5641937596 -0.05)
(-2.039364475 0.563101383 -0.05)
(-2.104718993 0.5620090064 -0.05)
(-2.17007351 0.5609166298 -0.05)
(-2.235428028 0.5598242532 -0.05)
(-2.300782545 0.5587318766 -0.05)
(-2.366137063 0.5576395 -0.05)
(-2.43149158 0.5565471234 -0.05)
(-2.496846098 0.5554547468 -0.05)
(-2.562200615 0.5543623702 -0.05)
(-2.627555133 0.5532699936 -0.05)
(-2.69290965 0.552177617 -0.05)
(-2.758264168 0.5510852404 -0.05)
(-2.823618685 0.5499928638 -0.05)
(-2.888973203 0.5489004872 -0.05)
(-2.95432772 0.5478081106 -0.05)
(-3.019682238 0.546715734 -0.05)
(-3.085036755 0.5456233574 -0.05)
(-3.150391273 0.5445309808 -0.05)
(-3.21574579 0.5434386042 -0.05)
(-3.281100308 0.5423462276 -0.05)
(-3.346454825 0.541253851 -0.05)
(-3.411809343 0.5401614744 -0.05)
(-3.47716386 0.5390690978 -0.05)
(-3.542518378 0.5379767212 -0.05)
(-3.607872895 0.5368843446 -0.05)
(-3.673227413 0.535791968 -0.05)
(-3.73858193 0.5346995914 -0.05)
(-3.803936448 0.5336072148 -0.05)
(-3.869290965 0.5325148382 -0.05)
(-3.934645483 0.5314224616 -0.05)
(-4 0.530330085 -0.05)
(-1.499525243 0.43448503 -0.05)
(-1.56363998 0.4335430436 -0.05)
(-1.627754717 0.4326010573 -0.05)
(-1.691869455 0.431659071 -0.05)
(-1.755984192 0.4307170847 -0.05)
(-1.82009893 0.4297750984 -0.05)
(-1.884213667 0.4288331121 -0.05)
(-1.948328404 0.4278911258 -0.05)
(-2.012443142 0.4269491395 -0.05)
(-2.076557879 0.4260071531 -0.05)
(-2.140672616 0.4250651668 -0.05)
(-2.204787354 0.4241231805 -0.05)
(-2.268902091 0.4231811942 -0.05)
(-2.333016829 0.4222392079 -0.05)
(-2.397131566 0.4212972216 -0.05)
(-2.461246303 0.4203552353 -0.05)
(-2.525361041 0.419413249 -0.05)
(-2.589475778 0.4184712626 -0.05)
(-2.653590515 0.4175292763 -0.05)
(-2.717705253 0.41658729 -0.05)
(-2.78181999 0.4156453037 -0.05)
(-2.845934727 0.4147033174 -0.05)
(-2.910049465 0.4137613311 -0.05)
(-2.974164202 0.4128193448 -0.05)
(-3.03827894 0.4118773584 -0.05)
(-3.102393677 0.4109353721 -0.05)
(-3.166508414 0.4099933858 -0.05)
(-3.230623152 0.4090513995 -0.05)
(-3.294737889 0.4081094132 -0.05)
(-3.358852626 0.4071674269 -0.05)
(-3.422967364 0.4062254406 -0.05)
(-3.487082101 0.4052834543 -0.05)
(-3.551196838 0.4043414679 -0.05)
(-3.615311576 0.4033994816 -0.05)
(-3.679426313 0.4024574953 -0.05)
(-3.743541051 0.401515509 -0.05)
(-3.807655788 0.4005735227 -0.05)
(-3.871770525 0.3996315364 -0.05)
(-3.935885263 0.3986895501 -0.05)
(-4 0.3977475638 -0.05)
(-1.534398474 0.2919487223 -0.05)
(-1.597619026 0.2912619613 -0.05)
(-1.660839578 0.2905752002 -0.05)
(-1.72406013 0.2898884392 -0.05)
(-1.787280682 0.2892016782 -0.05)
(-1.850501234 0.2885149172 -0.05)
(-1.913721786 0.2878281562 -0.05)
(-1.976942338 0.2871413951 -0.05)
(-2.04016289 0.2864546341 -0.05)
(-2.103383442 0.2857678731 -0.05)
(-2.166603994 0.2850811121 -0.05)
(-2.229824546 0.2843943511 -0.05)
(-2.293045097 0.28370759 -0.05)
(-2.356265649 0.283020829 -0.05)
(-2.419486201 0.282334068 -0.05)
(-2.482706753 0.281647307 -0.05)
(-2.545927305 0.280960546 -0.05)
(-2.609147857 0.2802737849 -0.05)
(-2.672368409 0.2795870239 -0.05)
(-2.735588961 0.2789002629 -0.05)
(-2.798809513 0.2782135019 -0.05)
(-2.862030065 0.2775267409 -0.05)
(-2.925250617 0.2768399798 -0.05)
(-2.988471169 0.2761532188 -0.05)
(-3.051691721 0.2754664578 -0.05)
(-3.114912273 0.2747796968 -0.05)
(-3.178132825 0.2740929358 -0.05)
(-3.241353377 0.2734061747 -0.05)
(-3.304573929 0.2727194137 -0.05)
(-3.367794481 0.2720326527 -0.05)
(-3.431015032 0.2713458917 -0.05)
(-3.494235584 0.2706591307 -0.05)
(-3.557456136 0.2699723696 -0.05)
(-3.620676688 0.2692856086 -0.05)
(-3.68389724 0.2685988476 -0.05)
(-3.747117792 0.2679120866 -0.05)
(-3.810338344 0.2672253256 -0.05)
(-3.873558896 0.2665385645 -0.05)
(-3.936779448 0.2658518035 -0.05)
(-4 0.2651650425 -0.05)
(-1.555457664 0.1466646309 -0.05)
(-1.618138236 0.1463035511 -0.05)
(-1.680818809 0.1459424714 -0.05)
(-1.743499382 0.1455813917 -0.05)
(-1.806179955 0.1452203119 -0.05)
(-1.868860527 0.1448592322 -0.05)
(-1.9315411 0.1444981525 -0.05)
(-1.994221673 0.1441370727 -0.05)
(-2.056902246 0.143775993 -0.05)
(-2.119582818 0.1434149133 -0.05)
(-2.182263391 0.1430538335 -0.05)
(-2.244943964 0.1426927538 -0.05)
(-2.307624536 0.1423316741 -0.05)
(-2.370305109 0.1419705943 -0.05)
(-2.432985682 0.1416095146 -0.05)
(-2.495666255 0.1412484349 -0.05)
(-2.558346827 0.1408873551 -0.05)
(-2.6210274 0.1405262754 -0.05)
(-2.683707973 0.1401651957 -0.05)
(-2.746388545 0.1398041159 -0.05)
(-2.809069118 0.1394430362 -0.05)
(-2.871749691 0.1390819565 -0.05)
(-2.934430264 0.1387208767 -0.05)
(-2.997110836 0.138359797 -0.05)
(-3.059791409 0.1379987173 -0.05)
(-3.122471982 0.1376376375 -0.05)
(-3.185152555 0.1372765578 -0.05)
(-3.247833127 0.1369154781 -0.05)
(-3.3105137 0.1365543983 -0.05)
(-3.373194273 0.1361933186 -0.05)
(-3.435874845 0.1358322389 -0.05)
(-3.498555418 0.1354711591 -0.05)
(-3.561235991 0.1351100794 -0.05)
(-3.623916564 0.1347489997 -0.05)
(-3.686597136 0.1343879199 -0.05)
(-3.749277709 0.1340268402 -0.05)
(-3.811958282 0.1336657605 -0.05)
(-3.874638855 0.1333046807 -0.05)
(-3.937319427 0.132943601 -0.05)
(-4 0.1325825213 -0.05)
(-1.5625 0 -0.05)
(-1.625 0 -0.05)
(-1.6875 0 -0.05)
(-1.75 0 -0.05)
(-1.8125 0 -0.05)
(-1.875 0 -0.05)
(-1.9375 0 -0.05)
(-2 0 -0.05)
(-2.0625 0 -0.05)
(-2.125 0 -0.05)
(-2.1875 0 -0.05)
(-2.25 0 -0.05)
(-2.3125 0 -0.05)
(-2.375 0 -0.05)
(-2.4375 0 -0.05)
(-2.5 0 -0.05)
(-2.5625 0 -0.05)
(-2.625 0 -0.05)
(-2.6875 0 -0.05)
(-2.75 0 -0.05)
(-2.8125 0 -0.05)
(-2.875 0 -0.05)
(-2.9375 0 -0.05)
(-3 0 -0.05)
(-3.0625 0 -0.05)
(-3.125 0 -0.05)
(-3.1875 0 -0.05)
(-3.25 0 -0.05)
(-3.3125 0 -0.05)
(-3.375 0 -0.05)
(-3.4375 0 -0.05)
(-3.5 0 -0.05)
(-3.5625 0 -0.05)
(-3.625 0 -0.05)
(-3.6875 0 -0.05)
(-3.75 0 -0.05)
(-3.8125 0 -0.05)
(-3.875 0 -0.05)
(-3.9375 0 -0.05)
(-4 0 -0.05)
(-1.230527787 0.9510021186 0.05)
(-1.301539896 0.9504143116 0.05)
(-1.372552004 0.9498265047 0.05)
(-1.443564112 0.9492386978 0.05)
(-1.51457622 0.9486508909 0.05)
(-1.585588328 0.948063084 0.05)
(-1.656600436 0.947475277 0.05)
(-1.727612544 0.9468874701 0.05)
(-1.798624652 0.9462996632 0.05)
(-1.86963676 0.9457118563 0.05)
(-1.940648868 0.9451240494 0.05)
(-2.011660976 0.9445362425 0.05)
(-2.082673084 0.9439484355 0.05)
(-2.153685192 0.9433606286 0.05)
(-2.2246973 0.9427728217 0.05)
(-2.295709408 0.9421850148 0.05)
(-2.366721516 0.9415972079 0.05)
(-2.437733624 0.9410094009 0.05)
(-2.508745732 0.940421594 0.05)
(-2.57975784 0.9398337871 0.05)
(-2.650769948 0.9392459802 0.05)
(-2.721782056 0.9386581733 0.05)
(-2.792794164 0.9380703664 0.05)
(-2.863806272 0.9374825594 0.05)
(-2.93481838 0.9368947525 0.05)
(-3.005830488 0.9363069456 0.05)
(-3.076842596 0.9357191387 0.05)
(-3.147854704 0.9351313318 0.05)
(-3.218866812 0.9345435248 0.05)
(-3.28987892 0.9339557179 0.05)
(-3.360891028 0.933367911 0.05)
(-3.431903136 0.9327801041 0.05)
(-3.502915244 0.9321922972 0.05)
(-3.573927352 0.9316044903 0.05)
(-3.64493946 0.9310166833 0.05)
(-3.715951568 0.9304288764 0.05)
(-3.786963676 0.9298410695 0.05)
(-3.857975784 0.9292532626 0.05)
(-3.928987892 0.9286654557 0.05)
(-4 0.9280776487 0.05)
(-1.316024308 0.8324088439 0.05)
(-1.384844198 0.8314623383 0.05)
(-1.453664087 0.8305158328 0.05)
(-1.522483977 0.8295693272 0.05)
(-1.591303867 0.8286228217 0.05)
(-1.660123756 0.8276763161 0.05)
(-1.728943646 0.8267298106 0.05)
(-1.797763535 0.825783305 0.05)
(-1.866583425 0.8248367995 0.05)
(-1.935403314 0.8238902939 0.05)
(-2.004223204 0.8229437884 0.05)
(-2.073043093 0.8219972828 0.05)
(-2.141862983 0.8210507773 0.05)
(-2.210682872 0.8201042718 0.05)
(-2.279502762 0.8191577662 0.05)
(-2.348322651 0.8182112607 0.05)
(-2.417142541 0.8172647551 0.05)
(-2.48596243 0.8163182496 0.05)
(-2.55478232 0.815371744 0.05)
(-2.623602209 0.8144252385 0.05)
(-2.692422099 0.8134787329 0.05)
(-2.761241989 0.8125322274 0.05)
(-2.830061878 0.8115857218 0.05)
(-2.898881768 0.8106392163 0.05)
(-2.967701657 0.8096927107 0.05)
(-3.036521547 0.8087462052 0.05)
(-3.105341436 0.8077996996 0.05)
(-3.174161326 0.8068531941 0.05)
(-3.242981215 0.8059066885 0.05)
(-3.311801105 0.804960183 0.05)
(-3.380620994 0.8040136774 0.05)
(-3.449440884 0.8030671719 0.05)
(-3.518260773 0.8021206663 0.05)
(-3.587080663 0.8011741608 0.05)
(-3.655900552 0.8002276552 0.05)
(-3.724720442 0.7992811497 0.05)
(-3.793540331 0.7983346441 0.05)
(-3.862360221 0.7973881386 0.05)
(-3.93118011 0.796441633 0.05)
(-4 0.7954951275 0.05)
(-1.38980985 0.705990543 0.05)
(-1.456737803 0.7048859805 0.05)
(-1.523665755 0.7037814181 0.05)
(-1.590593708 0.7026768556 0.05)
(-1.657521661 0.7015722931 0.05)
(-1.724449613 0.7004677306 0.05)
(-1.791377566 0.6993631681 0.05)
(-1.858305518 0.6982586057 0.05)
(-1.925233471 0.6971540432 0.05)
(-1.992161423 0.6960494807 0.05)
(-2.059089376 0.6949449182 0.05)
(-2.126017328 0.6938403557 0.05)
(-2.192945281 0.6927357933 0.05)
(-2.259873234 0.6916312308 0.05)
(-2.326801186 0.6905266683 0.05)
(-2.393729139 0.6894221058 0.05)
(-2.460657091 0.6883175433 0.05)
(-2.527585044 0.6872129808 0.05)
(-2.594512996 0.6861084184 0.05)
(-2.661440949 0.6850038559 0.05)
(-2.728368901 0.6838992934 0.05)
(-2.795296854 0.6827947309 0.05)
(-2.862224807 0.6816901684 0.05)
(-2.929152759 0.680585606 0.05)
(-2.996080712 0.6794810435 0.05)
(-3.063008664 0.678376481 0.05)
(-3.129936617 0.6772719185 0.05)
(-3.196864569 0.676167356 0.05)
(-3.263792522 0.6750627935 0.05)
(-3.330720474 0.6739582311 0.05)
(-3.397648427 0.6728536686 0.05)
(-3.46457638 0.6717491061 0.05)
(-3.531504332 0.6706445436 0.05)
(-3.598432285 0.6695399811 0.05)
(-3.665360237 0.6684354187 0.05)
(-3.73228819 0.6673308562 0.05)
(-3.799216142 0.6662262937 0.05)
(-3.866144095 0.6651217312 0.05)
(-3.933072047 0.6640171687 0.05)
(-4 0.6629126063 0.05)
(-1.451173818 0.5729327724 0.05)
(-1.516528335 0.5718403958 0.05)
(-1.581882853 0.5707480192 0.05)
(-1.64723737 0.5696556426 0.05)
(-1.712591888 0.568563266 0.05)
(-1.777946405 0.5674708894 0.05)
(-1.843300923 0.5663785128 0.05)
(-1.90865544 0.5652861362 0.05)
(-1.974009958 0.5641937596 0.05)
(-2.039364475 0.563101383 0.05)
(-2.104718993 0.5620090064 0.05)
(-2.17007351 0.5609166298 0.05)
(-2.235428028 0.5598242532 0.05)
(-2.300782545 0.5587318766 0.05)
(-2.366137063 0.5576395 0.05)
(-2.43149158 0.5565471234 0.05)
(-2.496846098 0.5554547468 0.05)
(-2.562200615 0.5543623702 0.05)
(-2.627555133 0.5532699936 0.05)
(-2.69290965 0.552177617 0.05)
(-2.758264168 0.5510852404 0.05)
(-2.823618685 0.5499928638 0.05)
(-2.888973203 0.5489004872 0.05)
(-2.95432772 0.5478081106 0.05)
(-3.019682238 0.546715734 0.05)
(-3.085036755 0.5456233574 0.05)
(-3.150391273 0.5445309808 0.05)
(-3.21574579 0.5434386042 0.05)
(-3.281100308 0.5423462276 0.05)
(-3.346454825 0.541253851 0.05)
(-3.411809343 0.5401614744 0.05)
(-3.47716386 0.5390690978 0.05)
(-3.542518378 0.5379767212 0.05)
(-3.607872895 0.5368843446 0.05)
(-3.673227413 0.535791968 0.05)
(-3.73858193 0.5346995914 0.05)
(-3.803936448 0.5336072148 0.05)
(-3.869290965 0.5325148382 0.05)
(-3.934645483 0.5314224616 0.05)
(-4 0.530330085 0.05)
(-1.499525243 0.43448503 0.05)
(-1.56363998 0.4335430436 0.05)
(-1.627754717 0.4326010573 0.05)
(-1.691869455 0.431659071 0.05)
(-1.755984192 0.4307170847 0.05)
(-1.82009893 0.4297750984 0.05)
(-1.884213667 0.4288331121 0.05)
(-1.948328404 0.4278911258 0.05)
(-2.012443142 0.4269491395 0.05)
(-2.076557879 0.4260071531 0.05)
(-2.140672616 0.4250651668 0.05)
(-2.204787354 0.4241231805 0.05)
(-2.268902091 0.4231811942 0.05)
(-2.333016829 0.4222392079 0.05)
(-2.397131566 0.4212972216 0.05)
(-2.461246303 0.4203552353 0.05)
(-2.525361041 0.419413249 0.05)
(-2.589475778 0.4184712626 0.05)
(-2.653590515 0.4175292763 0.05)
(-2.717705253 0.41658729 0.05)
(-2.78181999 0.4156453037 0.05)
(-2.845934727 0.4147033174 0.05)
(-2.910049465 0.4137613311 0.05)
(-2.974164202 0.4128193448 0.05)
(-3.03827894 0.4118773584 0.05)
(-3.102393677 0.4109353721 0.05)
(-3.166508414 0.4099933858 0.05)
(-3.230623152 0.4090513995 0.05)
(-3.294737889 0.4081094132 0.05)
(-3.358852626 0.4071674269 0.05)
(-3.422967364 0.4062254406 0.05)
(-3.487082101 0.4052834543 0.05)
(-3.551196838 0.4043414679 0.05)
(-3.615311576 0.4033994816 0.05)
(-3.679426313 0.4024574953 0.05)
(-3.743541051 0.401515509 0.05)
(-3.807655788 0.4005735227 0.05)
(-3.871770525 0.3996315364 0.05)
(-3.935885263 0.3986895501 0.05)
(-4 0.3977475638 0.05)
(-1.534398474 0.2919487223 0.05)
(-1.597619026 0.2912619613 0.05)
(-1.660839578 0.2905752002 0.05)
(-1.72406013 0.2898884392 0.05)
(-1.787280682 0.2892016782 0.05)
(-1.850501234 0.2885149172 0.05)
(-1.913721786 0.2878281562 0.05)
(-1.976942338 0.2871413951 0.05)
(-2.04016289 0.2864546341 0.05)
(-2.103383442 0.2857678731 0.05)
(-2.166603994 0.2850811121 0.05)
(-2.229824546 0.2843943511 0.05)
(-2.293045097 0.28370759 0.05)
(-2.356265649 0.283020829 0.05)
(-2.419486201 0.282334068 0.05)
(-2.482706753 0.281647307 0.05)
(-2.545927305 0.280960546 0.05)
(-2.609147857 0.2802737849 0.05)
(-2.672368409 0.2795870239 0.05)
(-2.735588961 0.2789002629 0.05)
(-2.798809513 0.2782135019 0.05)
(-2.862030065 0.2775267409 0.05)
(-2.925250617 0.2768399798 0.05)
(-2.988471169 0.2761532188 0.05)
(-3.051691721 0.2754664578 0.05)
(-3.114912273 0.2747796968 0.05)
(-3.178132825 0.2740929358 0.05)
(-3.241353377 0.2734061747 0.05)
(-3.304573929 0.2727194137 0.05)
(-3.367794481 0.2720326527 0.05)
(-3.431015032 0.2713458917 0.05)
(-3.494235584 0.2706591307 0.05)
(-3.557456136 0.2699723696 0.05)
(-3.620676688 0.2692856086 0.05)
(-3.68389724 0.2685988476 0.05)
(-3.747117792 0.2679120866 0.05)
(-3.810338344 0.2672253256 0.05)
(-3.873558896 0.2665385645 0.05)
(-3.936779448 0.2658518035 0.05)
(-4 0.2651650425 0.05)
(-1.555457664 0.1466646309 0.05)
(-1.618138236 0.1463035511 0.05)
(-1.680818809 0.1459424714 0.05)
(-1.743499382 0.1455813917 0.05)
(-1.806179955 0.1452203119 0.05)
(-1.868860527 0.1448592322 0.05)
(-1.9315411 0.1444981525 0.05)
(-1.994221673 0.1441370727 0.05)
(-2.056902246 0.143775993 0.05)
(-2.119582818 0.1434149133 0.05)
(-2.182263391 0.1430538335 0.05)
(-2.244943964 0.1426927538 0.05)
(-2.307624536 0.1423316741 0.05)
(-2.370305109 0.1419705943 0.05)
(-2.432985682 0.1416095146 0.05)
(-2.495666255 0.1412484349 0.05)
(-2.558346827 0.1408873551 0.05)
(-2.6210274 0.1405262754 0.05)
(-2.683707973 0.1401651957 0.05)
(-2.746388545 0.1398041159 0.05)
(-2.809069118 0.1394430362 0.05)
(-2.871749691 0.1390819565 0.05)
(-2.934430264 0.1387208767 0.05)
(-2.997110836 0.138359797 0.05)
(-3.059791409 0.1379987173 0.05)
(-3.122471982 0.1376376375 0.05)
(-3.185152555 0.1372765578 0.05)
(-3.247833127 0.1369154781 0.05)
(-3.3105137 0.1365543983 0.05)
(-3.373194273 0.1361933186 0.05)
(-3.435874845 0.1358322389 0.05)
(-3.498555418 0.1354711591 0.05)
(-3.561235991 0.1351100794 0.05)
(-3.623916564 0.1347489997 0.05)
(-3.686597136 0.1343879199 0.05)
(-3.749277709 0.1340268402 0.05)
(-3.811958282 0.1336657605 0.05)
(-3.874638855 0.1333046807 0.05)
(-3.937319427 0.132943601 0.05)
(-4 0.1325825213 0.05)
(-1.5625 0 0.05)
(-1.625 0 0.05)
(-1.6875 0 0.05)
(-1.75 0 0.05)
(-1.8125 0 0.05)
(-1.875 0 0.05)
(-1.9375 0 0.05)
(-2 0 0.05)
(-2.0625 0 0.05)
(-2.125 0 0.05)
(-2.1875 0 0.05)
(-2.25 0 0.05)
(-2.3125 0 0.05)
(-2.375 0 0.05)
(-2.4375 0 0.05)
(-2.5 0 0.05)
(-2.5625 0 0.05)
(-2.625 0 0.05)
(-2.6875 0 0.05)
(-2.75 0 0.05)
(-2.8125 0 0.05)
(-2.875 0 0.05)
(-2.9375 0 0.05)
(-3 0 0.05)
(-3.0625 0 0.05)
(-3.125 0 0.05)
(-3.1875 0 0.05)
(-3.25 0 0.05)
(-3.3125 0 0.05)
(-3.375 0 0.05)
(-3.4375 0 0.05)
(-3.5 0 0.05)
(-3.5625 0 0.05)
(-3.625 0 0.05)
(-3.6875 0 0.05)
(-3.75 0 0.05)
(-3.8125 0 0.05)
(-3.875 0 0.05)
(-3.9375 0 0.05)
(-4 0 0.05)
)


// ************************************************************************* //
