/*--------------------------------*- C++ -*----------------------------------*\
  =========                 |
  \\      /  F ield         | OpenFOAM: The Open Source CFD Toolbox
   \\    /   O peration     | Website:  https://openfoam.org
    \\  /    A nd           | Version:  7
     \\/     M anipulation  |
\*---------------------------------------------------------------------------*/
FoamFile
{
    version     2.0;
    format      ascii;
    class       volVectorField;
    location    "10";
    object      U;
}
// * * * * * * * * * * * * * * * * * * * * * * * * * * * * * * * * * * * * * //

dimensions      [0 1 -1 0 0 0 0];

internalField   nonuniform List<vector> 
1360
(
(0.192836 -0.0090855 2.59331e-20)
(0.201558 -0.00912248 -2.54756e-20)
(0.21032 -0.00914996 -5.61713e-21)
(0.219113 -0.00916863 1.63543e-20)
(0.227931 -0.00917924 1.48335e-20)
(0.236764 -0.00918255 -7.45279e-21)
(0.245607 -0.00917931 -3.07322e-21)
(0.254453 -0.00917027 -5.51374e-21)
(0.263298 -0.00915617 -2.29947e-21)
(0.272135 -0.00913768 5.38887e-21)
(0.280963 -0.00911547 -1.0496e-20)
(0.289777 -0.00909014 4.4109e-21)
(0.298573 -0.00906226 9.81115e-21)
(0.307351 -0.00903235 -2.53345e-20)
(0.316109 -0.00900085 2.94528e-20)
(0.324844 -0.00896821 -1.35499e-20)
(0.333555 -0.00893477 -7.63331e-21)
(0.342243 -0.00890087 1.48864e-20)
(0.350907 -0.00886677 -2.22969e-20)
(0.359546 -0.00883271 2.06964e-20)
(0.368161 -0.00879886 5.26262e-21)
(0.376751 -0.00876539 -2.45391e-20)
(0.385317 -0.00873239 6.41244e-21)
(0.393861 -0.00869994 1.42724e-20)
(0.402381 -0.00866809 -2.60871e-21)
(0.410878 -0.00863685 -5.76943e-22)
(0.419354 -0.0086062 -1.36428e-20)
(0.427808 -0.0085761 5.76498e-21)
(0.436241 -0.0085465 -3.69638e-21)
(0.444654 -0.00851733 1.20293e-20)
(0.453046 -0.00848848 -1.22626e-20)
(0.461418 -0.00845986 1.03028e-21)
(0.469771 -0.00843135 7.70505e-21)
(0.478103 -0.00840283 -9.03987e-21)
(0.486415 -0.00837416 9.59385e-21)
(0.494707 -0.00834523 -2.28897e-21)
(0.502978 -0.00831589 -8.78709e-23)
(0.511228 -0.00828602 -3.80219e-21)
(0.519456 -0.00825549 2.1094e-21)
(0.527662 -0.00822417 2.61346e-21)
(0.535843 -0.00819194 4.99505e-21)
(0.544001 -0.0081587 -5.32818e-21)
(0.552132 -0.00812435 9.83207e-22)
(0.560237 -0.00808878 2.60259e-21)
(0.568313 -0.0080519 -3.47494e-21)
(0.576359 -0.00801364 -5.30351e-22)
(0.584375 -0.0079739 1.11077e-21)
(0.592357 -0.00793261 1.27801e-21)
(0.600305 -0.00788971 -4.24406e-22)
(0.608217 -0.00784517 -2.13623e-21)
(0.228432 -0.0268574 -1.19163e-19)
(0.236794 -0.026962 2.17295e-20)
(0.245188 -0.0270387 6.68127e-20)
(0.253606 -0.0270895 1.01845e-20)
(0.26204 -0.0271166 -8.55292e-20)
(0.270485 -0.0271224 3.39699e-20)
(0.278934 -0.0271091 -3.80203e-20)
(0.287381 -0.0270788 -1.67672e-20)
(0.295822 -0.0270339 -7.15404e-20)
(0.304254 -0.0269763 8.31256e-20)
(0.312672 -0.0269079 1.36094e-20)
(0.321074 -0.0268305 -5.30284e-20)
(0.329458 -0.0267458 2.64007e-20)
(0.337822 -0.0266552 -2.05647e-20)
(0.346163 -0.0265602 1.15126e-19)
(0.354482 -0.0264619 -1.26203e-19)
(0.362777 -0.0263614 9.02217e-20)
(0.371048 -0.0262597 4.40302e-21)
(0.379295 -0.0261576 -6.23359e-20)
(0.387517 -0.0260556 -1.7267e-20)
(0.395715 -0.0259544 3.12084e-20)
(0.403889 -0.0258544 -2.47167e-20)
(0.41204 -0.025756 6.77259e-20)
(0.420168 -0.0256592 -2.17542e-20)
(0.428274 -0.0255643 -1.93606e-20)
(0.436357 -0.0254712 -7.03695e-21)
(0.44442 -0.0253801 3.75269e-21)
(0.452462 -0.0252906 6.26744e-21)
(0.460483 -0.0252027 -5.94661e-21)
(0.468485 -0.0251161 -6.84554e-21)
(0.476467 -0.0250306 2.09968e-20)
(0.48443 -0.0249458 6.41241e-21)
(0.492374 -0.0248615 -2.2684e-20)
(0.500299 -0.0247772 4.35832e-21)
(0.508205 -0.0246925 -8.41508e-21)
(0.516091 -0.0246072 1.23981e-20)
(0.523958 -0.0245207 -4.42644e-21)
(0.531805 -0.0244328 5.02053e-21)
(0.539631 -0.0243429 5.38008e-21)
(0.547436 -0.0242509 4.03617e-21)
(0.555218 -0.0241562 -4.29451e-21)
(0.562978 -0.0240586 2.98302e-21)
(0.570713 -0.0239578 -1.49769e-20)
(0.578423 -0.0238535 6.89746e-21)
(0.586107 -0.0237453 3.57246e-21)
(0.593763 -0.0236331 -8.11659e-21)
(0.60139 -0.0235167 3.19123e-21)
(0.608987 -0.0233959 -3.40404e-21)
(0.616551 -0.0232704 1.00274e-20)
(0.624082 -0.0231403 -8.13076e-21)
(0.296683 -0.0434109 -4.64714e-20)
(0.304304 -0.0435678 -7.10708e-20)
(0.311943 -0.0436797 2.73269e-19)
(0.319594 -0.0437502 -7.40264e-20)
(0.327251 -0.0437832 3.04693e-20)
(0.33491 -0.0437823 -1.34276e-19)
(0.342565 -0.0437513 1.29786e-19)
(0.350212 -0.0436938 -9.47479e-20)
(0.357849 -0.0436133 4.33765e-20)
(0.365472 -0.0435129 5.42494e-21)
(0.37308 -0.0433959 -7.27505e-20)
(0.380669 -0.0432649 6.91855e-20)
(0.388239 -0.0431226 3.27208e-20)
(0.395788 -0.0429714 1.81065e-20)
(0.403315 -0.0428135 -7.46111e-20)
(0.410821 -0.0426507 3.15937e-20)
(0.418304 -0.0424848 1.7965e-20)
(0.425764 -0.0423172 -8.0946e-20)
(0.433202 -0.0421492 8.02629e-20)
(0.440617 -0.0419818 -2.52886e-20)
(0.44801 -0.0418159 2.55358e-20)
(0.455382 -0.0416522 -3.67014e-20)
(0.462732 -0.0414911 -1.19008e-20)
(0.470062 -0.0413331 6.97626e-20)
(0.477372 -0.0411783 -2.89172e-20)
(0.484663 -0.0410267 -3.34273e-20)
(0.491934 -0.0408783 -3.92328e-21)
(0.499188 -0.0407329 9.89949e-21)
(0.506423 -0.0405902 1.29562e-20)
(0.513641 -0.0404499 5.69722e-21)
(0.520842 -0.0403115 4.90027e-21)
(0.528026 -0.0401746 -5.23015e-20)
(0.535194 -0.0400386 -2.82558e-21)
(0.542345 -0.0399029 5.91964e-20)
(0.549479 -0.0397669 -2.37821e-20)
(0.556597 -0.0396299 2.25884e-21)
(0.563697 -0.0394914 -3.10514e-20)
(0.57078 -0.0393507 2.17679e-20)
(0.577846 -0.0392073 2.83977e-21)
(0.584893 -0.0390604 1.89078e-20)
(0.59192 -0.0389096 3.31183e-24)
(0.598928 -0.0387542 -5.26687e-21)
(0.605916 -0.0385939 -1.10834e-20)
(0.612881 -0.038428 2.13586e-20)
(0.619824 -0.0382563 -2.03378e-20)
(0.626743 -0.0380782 7.74969e-21)
(0.633637 -0.0378935 -1.87247e-20)
(0.640505 -0.0377019 3.99937e-21)
(0.647345 -0.0375031 -4.45384e-21)
(0.654157 -0.0372969 2.26003e-20)
(0.660938 -0.0370831 -1.55996e-20)
(0.398571 -0.058076 2.20798e-20)
(0.405041 -0.0582105 2.95159e-20)
(0.411514 -0.0582909 -3.33355e-19)
(0.417986 -0.0583224 2.25464e-19)
(0.424454 -0.05831 -2.32098e-19)
(0.430915 -0.0582589 9.78331e-20)
(0.437367 -0.0581736 8.03361e-20)
(0.443807 -0.0580588 -1.25451e-19)
(0.450236 -0.0579187 9.81034e-20)
(0.456651 -0.0577572 -1.08941e-19)
(0.463051 -0.057578 1.23806e-21)
(0.469436 -0.0573846 -1.03128e-20)
(0.475805 -0.05718 -4.51033e-20)
(0.482157 -0.0569669 2.40533e-19)
(0.488493 -0.0567479 -3.60932e-20)
(0.494813 -0.0565251 -2.02926e-19)
(0.501116 -0.0563003 1.37183e-19)
(0.507403 -0.0560754 -1.13264e-19)
(0.513674 -0.0558515 2.01346e-19)
(0.51993 -0.0556298 -1.62613e-19)
(0.52617 -0.0554113 8.25576e-20)
(0.532395 -0.0551965 3.96271e-20)
(0.538606 -0.0549859 -9.13094e-20)
(0.544803 -0.0547798 -3.07098e-20)
(0.550986 -0.0545782 9.41983e-20)
(0.557156 -0.0543811 1.25569e-20)
(0.563314 -0.0541883 -5.85098e-20)
(0.569458 -0.0539993 9.53283e-20)
(0.575591 -0.0538137 -1.68332e-19)
(0.581712 -0.0536309 7.08582e-20)
(0.58782 -0.0534504 -6.54531e-22)
(0.593917 -0.0532713 -6.55904e-21)
(0.600003 -0.0530929 -1.80113e-20)
(0.606076 -0.0529145 1.86247e-20)
(0.612137 -0.0527351 -2.22192e-20)
(0.618186 -0.052554 2.49122e-20)
(0.624223 -0.0523703 9.96626e-21)
(0.630246 -0.0521833 2.09843e-20)
(0.636256 -0.051992 -2.6104e-20)
(0.642252 -0.0517957 1.03573e-20)
(0.648234 -0.0515938 -2.70383e-20)
(0.654199 -0.0513855 3.61344e-20)
(0.660149 -0.0511702 -1.25991e-20)
(0.666081 -0.0509473 3.68476e-22)
(0.671996 -0.0507164 1.81042e-20)
(0.677891 -0.0504769 -1.2854e-20)
(0.683767 -0.0502284 -6.64507e-21)
(0.689621 -0.0499706 -6.9957e-21)
(0.695454 -0.0497033 1.22451e-20)
(0.701264 -0.0494261 -4.10666e-21)
(0.512171 -0.06962 6.11555e-20)
(0.517045 -0.0697805 1.42606e-19)
(0.521925 -0.0698775 -3.42629e-19)
(0.526808 -0.0699173 3.16035e-19)
(0.531695 -0.0699059 -1.15963e-19)
(0.536583 -0.0698493 8.87725e-20)
(0.541472 -0.0697529 1.17328e-20)
(0.546362 -0.069622 4.0805e-20)
(0.551252 -0.0694615 -2.04834e-19)
(0.55614 -0.0692761 -6.3696e-20)
(0.561028 -0.0690698 -4.38861e-20)
(0.565913 -0.0688468 1.86076e-19)
(0.570797 -0.0686103 -3.15999e-20)
(0.575679 -0.0683638 8.27803e-20)
(0.580559 -0.0681101 1.40858e-20)
(0.585436 -0.0678516 6.8462e-21)
(0.59031 -0.0675907 -5.80527e-20)
(0.595182 -0.0673292 -3.28112e-20)
(0.60005 -0.0670689 4.99497e-20)
(0.604916 -0.0668109 -1.35108e-19)
(0.60978 -0.0665564 6.28293e-20)
(0.61464 -0.0663061 1.64847e-20)
(0.619497 -0.0660607 -3.62857e-20)
(0.624352 -0.0658205 -3.31755e-20)
(0.629204 -0.0655856 2.52837e-21)
(0.634052 -0.0653559 -2.07654e-20)
(0.638898 -0.0651313 1.11076e-19)
(0.643741 -0.0649113 -6.72433e-21)
(0.64858 -0.0646954 -3.9682e-21)
(0.653417 -0.064483 -8.97131e-20)
(0.658249 -0.0642733 1.14509e-19)
(0.663079 -0.0640655 3.25092e-20)
(0.667904 -0.0638588 -4.75429e-20)
(0.672725 -0.0636521 -1.5562e-20)
(0.677542 -0.0634446 -4.59561e-20)
(0.682353 -0.0632351 -3.6013e-20)
(0.687159 -0.0630229 6.93883e-20)
(0.69196 -0.0628068 -4.92989e-21)
(0.696753 -0.062586 2.13769e-20)
(0.70154 -0.0623595 2.28777e-20)
(0.70632 -0.0621264 -9.21299e-22)
(0.71109 -0.0618859 -3.89204e-20)
(0.715852 -0.0616373 5.17152e-21)
(0.720605 -0.0613799 -7.67531e-21)
(0.725347 -0.061113 2.43326e-20)
(0.730077 -0.0608361 8.55506e-21)
(0.734796 -0.0605486 -2.06284e-21)
(0.739501 -0.0602503 -6.00723e-22)
(0.744193 -0.0599407 -1.25056e-20)
(0.748871 -0.0596195 -9.58814e-21)
(0.639345 -0.0775641 1.26055e-20)
(0.642265 -0.077721 -8.46809e-20)
(0.645215 -0.0778141 2.81817e-19)
(0.648195 -0.0778497 -5.81048e-20)
(0.651204 -0.0778343 7.27265e-21)
(0.654241 -0.0777737 -1.80744e-19)
(0.657307 -0.0776735 2.98469e-19)
(0.6604 -0.0775391 -6.23397e-20)
(0.663519 -0.0773754 -1.99285e-19)
(0.666663 -0.077187 -1.85706e-20)
(0.669832 -0.0769781 2.01159e-20)
(0.673024 -0.0767527 -1.19434e-20)
(0.676239 -0.0765142 2.23747e-19)
(0.679475 -0.0762659 -2.41514e-20)
(0.682732 -0.0760106 -2.20857e-19)
(0.686009 -0.0757509 1.44371e-19)
(0.689304 -0.0754888 3.89842e-20)
(0.692617 -0.0752264 4.40697e-20)
(0.695948 -0.0749652 -7.82193e-20)
(0.699294 -0.0747064 4.35229e-20)
(0.702656 -0.074451 -8.93624e-20)
(0.706032 -0.0741998 3.643e-20)
(0.709421 -0.0739533 -2.38564e-20)
(0.712824 -0.0737117 -4.02398e-20)
(0.716238 -0.0734751 -4.78573e-20)
(0.719664 -0.0732433 1.08181e-19)
(0.7231 -0.073016 8.42518e-22)
(0.726546 -0.0727927 1.06845e-20)
(0.730002 -0.0725727 -1.28325e-19)
(0.733465 -0.0723554 6.31817e-20)
(0.736936 -0.0721399 -3.1012e-20)
(0.740414 -0.0719252 1.04555e-19)
(0.743898 -0.0717104 -4.11993e-20)
(0.747388 -0.0714944 -5.44341e-20)
(0.750882 -0.0712762 1.00318e-19)
(0.754381 -0.0710547 -2.50517e-20)
(0.757883 -0.0708289 -8.44321e-21)
(0.761388 -0.0705977 -4.5e-20)
(0.764894 -0.0703601 1.37514e-20)
(0.768402 -0.0701152 2.59985e-20)
(0.77191 -0.069862 9.93395e-21)
(0.775418 -0.0695997 -5.27002e-22)
(0.778924 -0.0693275 4.53703e-20)
(0.782429 -0.0690448 -1.02479e-19)
(0.785932 -0.0687508 8.95283e-20)
(0.789431 -0.0684451 -3.18291e-20)
(0.792927 -0.0681271 -8.08458e-21)
(0.796418 -0.0677966 2.12608e-20)
(0.799903 -0.0674532 2.39656e-21)
(0.763624 -0.081492 -5.1978e-19)
(0.764438 -0.0817077 -7.38388e-20)
(0.76533 -0.0818593 8.04181e-19)
(0.766298 -0.0819531 -7.47471e-19)
(0.76734 -0.0819951 4.77209e-20)
(0.768453 -0.0819911 3.82215e-19)
(0.769635 -0.0819465 1.49437e-19)
(0.770883 -0.0818665 -3.31942e-19)
(0.772194 -0.081756 2.20338e-19)
(0.773566 -0.0816193 2.13027e-19)
(0.774996 -0.0814608 -1.90998e-19)
(0.776482 -0.0812841 -2.06858e-19)
(0.778021 -0.081093 1.35819e-19)
(0.779612 -0.0808904 -2.69469e-19)
(0.78125 -0.0806793 1.12701e-19)
(0.782935 -0.0804621 1.31786e-19)
(0.784664 -0.080241 -1.15858e-19)
(0.786434 -0.0800178 1.45766e-19)
(0.788244 -0.0797943 -2.06394e-19)
(0.790092 -0.0795715 4.9777e-20)
(0.791976 -0.0793505 7.17262e-21)
(0.793893 -0.079132 2.97635e-20)
(0.795842 -0.0789165 7.2516e-20)
(0.797822 -0.0787042 -3.11659e-20)
(0.79983 -0.0784952 -3.77916e-20)
(0.801865 -0.0782892 -7.67338e-20)
(0.803925 -0.078086 -8.18562e-21)
(0.806009 -0.077885 1.58795e-19)
(0.808115 -0.0776855 -1.64485e-19)
(0.810243 -0.0774869 1.3054e-19)
(0.81239 -0.0772881 4.36124e-20)
(0.814555 -0.0770884 -3.21864e-20)
(0.816738 -0.0768866 1.07739e-20)
(0.818937 -0.0766818 -6.83513e-20)
(0.821151 -0.0764728 7.4439e-20)
(0.823379 -0.0762587 -8.46374e-20)
(0.82562 -0.0760382 8.03907e-20)
(0.827873 -0.0758105 -1.08202e-19)
(0.830136 -0.0755744 7.69326e-20)
(0.83241 -0.0753291 -1.53577e-20)
(0.834692 -0.0750737 -2.08798e-20)
(0.836983 -0.0748074 -1.1712e-20)
(0.839281 -0.0745294 7.42178e-20)
(0.841586 -0.074239 -9.72216e-20)
(0.843897 -0.0739358 5.75743e-20)
(0.846213 -0.0736193 3.28725e-20)
(0.848533 -0.0732889 -3.62027e-21)
(0.850858 -0.0729445 -6.7923e-20)
(0.853185 -0.0725858 1.49355e-20)
(0.876426 -0.0818151 1.81746e-19)
(0.875265 -0.0822129 -1.4386e-19)
(0.874239 -0.0825363 -1.21192e-20)
(0.873341 -0.082792 2.92488e-19)
(0.872565 -0.0829865 -4.09075e-19)
(0.871906 -0.0831261 -4.19632e-19)
(0.871358 -0.0832167 1.17637e-19)
(0.870915 -0.083264 5.18978e-19)
(0.870574 -0.0832731 -6.73395e-19)
(0.870329 -0.0832491 3.36352e-19)
(0.870176 -0.0831966 4.57162e-19)
(0.87011 -0.0831198 -5.20706e-19)
(0.870126 -0.0830225 2.88981e-19)
(0.870222 -0.0829083 -2.28822e-19)
(0.870393 -0.0827803 5.89161e-20)
(0.870635 -0.0826414 6.57443e-21)
(0.870944 -0.082494 6.90914e-20)
(0.871318 -0.0823403 -1.18978e-19)
(0.871752 -0.082182 1.22575e-19)
(0.872244 -0.0820207 -3.29138e-20)
(0.87279 -0.0818575 -1.65175e-19)
(0.873388 -0.0816934 4.84106e-20)
(0.874035 -0.081529 1.47661e-19)
(0.874728 -0.0813648 -1.3975e-19)
(0.875465 -0.0812008 5.96039e-20)
(0.876243 -0.081037 -6.73141e-20)
(0.87706 -0.0808733 4.03717e-20)
(0.877914 -0.0807092 1.33746e-19)
(0.878803 -0.080544 -1.73616e-19)
(0.879724 -0.0803773 2.95865e-21)
(0.880677 -0.0802081 1.0927e-19)
(0.881658 -0.0800355 -8.22317e-20)
(0.882668 -0.0798587 -6.72184e-21)
(0.883703 -0.0796766 1.45775e-20)
(0.884762 -0.0794882 4.7137e-20)
(0.885845 -0.0792925 -5.42285e-20)
(0.88695 -0.0790885 2.63547e-21)
(0.888074 -0.0788752 -1.59145e-20)
(0.889219 -0.0786516 1.66095e-20)
(0.890381 -0.0784169 1.71545e-20)
(0.891561 -0.0781703 2.08024e-20)
(0.892757 -0.077911 -2.6574e-20)
(0.893967 -0.0776384 -3.35581e-21)
(0.895193 -0.0773518 3.74591e-20)
(0.896432 -0.0770509 -1.1579e-20)
(0.897683 -0.0767351 3.42607e-20)
(0.898947 -0.0764043 5.00948e-21)
(0.900222 -0.0760581 -2.80875e-20)
(0.972387 -0.076172 0)
(0.969834 -0.0768978 0)
(0.967447 -0.0775351 1.51468e-27)
(0.965216 -0.0780915 -3.06277e-27)
(0.963134 -0.0785743 0)
(0.961193 -0.0789904 3.51623e-27)
(0.959386 -0.0793462 -3.51622e-27)
(0.957706 -0.0796479 0)
(0.956147 -0.0799012 0)
(0.954703 -0.0801114 0)
(0.953367 -0.0802835 6.90871e-28)
(0.952136 -0.0804219 -4.79732e-28)
(0.951002 -0.080531 2.70897e-11)
(0.949962 -0.0806144 2.62697e-11)
(0.94901 -0.0806757 1.05726e-27)
(0.948142 -0.0807178 -2.13335e-27)
(0.947353 -0.0807436 0)
(0.946639 -0.0807553 -1.60197e-27)
(0.945997 -0.0807551 6.23892e-28)
(0.945421 -0.0807447 9.02688e-28)
(0.94491 -0.0807255 -1.81917e-27)
(0.944458 -0.0806987 0)
(0.944063 -0.0806651 0)
(0.943722 -0.0806253 0)
(0.943431 -0.0805798 0)
(0.943189 -0.0805286 0)
(0.942991 -0.0804719 0)
(0.942836 -0.0804092 1.43638e-27)
(0.942722 -0.0803404 -6.66054e-28)
(0.942646 -0.0802649 0)
(0.942605 -0.080182 0)
(0.942599 -0.0800912 0)
(0.942624 -0.0799916 0)
(0.94268 -0.0798824 0)
(0.942764 -0.0797628 1.1095e-27)
(0.942876 -0.0796319 -5.12528e-28)
(0.943013 -0.079489 4.92533e-28)
(0.943174 -0.0793331 -9.8462e-28)
(0.943359 -0.0791636 0)
(0.943565 -0.0789798 0)
(0.943792 -0.078781 0)
(0.944039 -0.0785666 0)
(0.944304 -0.0783361 0)
(0.944587 -0.0780893 3.65365e-28)
(0.944888 -0.0778258 -7.26457e-28)
(0.945205 -0.0775453 0)
(0.945538 -0.0772478 0)
(0.945886 -0.0769332 0)
(1.0608 -0.0703634 0)
(1.05712 -0.0714045 0)
(1.05362 -0.0723407 -1.51655e-27)
(1.05027 -0.0731809 3.06657e-27)
(1.04709 -0.0739334 0)
(1.04405 -0.0746061 0)
(1.04116 -0.0752061 0)
(1.0384 -0.0757404 0)
(1.03578 -0.0762151 0)
(1.03327 -0.0766361 0)
(1.03088 -0.0770088 -6.91746e-28)
(1.02861 -0.0773382 4.80342e-28)
(1.02644 -0.0776289 -2.71242e-11)
(1.02437 -0.077885 -2.63033e-11)
(1.02239 -0.0781103 -1.05862e-27)
(1.02051 -0.0783081 2.13609e-27)
(1.01872 -0.0784816 0)
(1.017 -0.0786335 -3.38592e-27)
(1.01537 -0.0787659 4.36526e-27)
(1.01381 -0.078881 -9.03855e-28)
(1.01232 -0.0789806 1.82153e-27)
(1.01089 -0.0790659 0)
(1.00953 -0.0791382 0)
(1.00823 -0.0791983 0)
(1.00698 -0.0792469 0)
(1.00579 -0.0792845 0)
(1.00464 -0.0793113 0)
(1.00355 -0.0793272 -1.43826e-27)
(1.0025 -0.0793324 6.66923e-28)
(1.00149 -0.0793264 0)
(1.00052 -0.0793089 0)
(0.999588 -0.0792795 0)
(0.998693 -0.0792377 0)
(0.997832 -0.0791828 0)
(0.997004 -0.0791143 -1.11094e-27)
(0.996205 -0.0790315 5.13195e-28)
(0.995436 -0.0789338 -4.93174e-28)
(0.994695 -0.0788207 9.85899e-28)
(0.99398 -0.0786915 0)
(0.993289 -0.0785457 0)
(0.992623 -0.078383 0)
(0.991979 -0.0782029 0)
(0.991357 -0.0780052 0)
(0.990756 -0.0777897 -3.65836e-28)
(0.990175 -0.0775562 7.27392e-28)
(0.989614 -0.0773048 0)
(0.989072 -0.0770355 0)
(0.988548 -0.0767484 0)
(1.12933 -0.0620084 -8.4127e-29)
(1.12516 -0.0633922 0)
(1.12113 -0.0646569 0)
(1.11723 -0.0658118 0)
(1.11348 -0.0668656 0)
(1.10985 -0.0678266 7.38966e-29)
(1.10635 -0.0687025 0)
(1.10296 -0.0695003 -8.1865e-28)
(1.0997 -0.0702269 0)
(1.09655 -0.0708885 0)
(1.0935 -0.0714907 0)
(1.09056 -0.0720391 0)
(1.08771 -0.0725384 0)
(1.08496 -0.0729932 -2.97232e-28)
(1.0823 -0.0734076 0)
(1.07973 -0.0737853 0)
(1.07724 -0.0741298 -5.43579e-29)
(1.07483 -0.0744439 0)
(1.07249 -0.0747306 0)
(1.07022 -0.0749919 0)
(1.06802 -0.0752301 0)
(1.06589 -0.0754469 4.67819e-29)
(1.06381 -0.0756438 0)
(1.0618 -0.0758219 0)
(1.05984 -0.0759823 0)
(1.05793 -0.0761257 0)
(1.05607 -0.0762526 0)
(1.05426 -0.0763634 1.93738e-28)
(1.0525 -0.0764583 0)
(1.05077 -0.0765373 3.61375e-29)
(1.04909 -0.0766004 0)
(1.04745 -0.0766474 0)
(1.04584 -0.076678 0)
(1.04426 -0.0766918 -3.14307e-29)
(1.04272 -0.0766885 0)
(1.04121 -0.0766677 2.92213e-29)
(1.03973 -0.076629 -2.81518e-29)
(1.03828 -0.076572 0)
(1.03685 -0.0764963 2.60824e-29)
(1.03545 -0.0764018 0)
(1.03408 -0.076288 0)
(1.03272 -0.0761549 -2.315e-29)
(1.03139 -0.0760024 0)
(1.03009 -0.0758304 0)
(1.0288 -0.0756391 0)
(1.02754 -0.0754286 0)
(1.02629 -0.0751992 0)
(1.02507 -0.0749512 1.78923e-29)
(1.17793 -0.0534668 8.4127e-29)
(1.17378 -0.055093 0)
(1.16974 -0.0565958 0)
(1.16578 -0.0579838 0)
(1.16193 -0.0592654 0)
(1.15816 -0.0604484 -7.38966e-29)
(1.15449 -0.0615401 0)
(1.15091 -0.0625475 8.1865e-28)
(1.14742 -0.063477 0)
(1.14401 -0.0643348 0)
(1.14068 -0.0651266 0)
(1.13744 -0.0658576 0)
(1.13428 -0.0665328 0)
(1.13119 -0.0671566 2.97232e-28)
(1.12817 -0.0677333 0)
(1.12523 -0.0682667 0)
(1.12235 -0.0687602 5.43579e-29)
(1.11954 -0.069217 0)
(1.1168 -0.06964 0)
(1.11411 -0.0700315 0)
(1.11148 -0.0703938 0)
(1.10891 -0.070729 -4.67819e-29)
(1.10638 -0.0710385 0)
(1.10391 -0.071324 0)
(1.10149 -0.0715864 0)
(1.09911 -0.0718269 0)
(1.09678 -0.0720462 0)
(1.09449 -0.0722448 -1.93738e-28)
(1.09224 -0.0724231 0)
(1.09003 -0.0725815 -3.61375e-29)
(1.08785 -0.07272 0)
(1.08571 -0.0728387 0)
(1.0836 -0.0729376 0)
(1.08152 -0.0730164 3.14307e-29)
(1.07947 -0.073075 0)
(1.07745 -0.0731133 -2.92213e-29)
(1.07545 -0.0731309 2.81518e-29)
(1.07349 -0.0731278 0)
(1.07155 -0.0731037 -2.60824e-29)
(1.06963 -0.0730586 0)
(1.06773 -0.0729923 0)
(1.06586 -0.072905 2.315e-29)
(1.06401 -0.0727966 0)
(1.06218 -0.0726674 0)
(1.06037 -0.0725177 0)
(1.05858 -0.0723477 0)
(1.05681 -0.0721581 0)
(1.05506 -0.0719492 -1.78923e-29)
(1.20924 -0.0454754 0)
(1.20545 -0.0472378 0)
(1.20171 -0.0488799 0)
(1.19802 -0.0504095 0)
(1.19438 -0.0518338 0)
(1.19079 -0.0531598 3.49979e-27)
(1.18726 -0.0543941 -3.49979e-27)
(1.18379 -0.055543 0)
(1.18037 -0.0566125 0)
(1.177 -0.0576082 0)
(1.17369 -0.0585352 0)
(1.17043 -0.0593987 0)
(1.16723 -0.0602031 0)
(1.16408 -0.0609528 0)
(1.16097 -0.0616518 -1.03309e-27)
(1.15792 -0.0623037 2.09408e-27)
(1.15492 -0.0629119 0)
(1.15197 -0.0634794 0)
(1.14906 -0.064009 0)
(1.1462 -0.0645033 0)
(1.14338 -0.0649644 0)
(1.1406 -0.0653943 0)
(1.13786 -0.0657948 1.99344e-11)
(1.13516 -0.0661674 1.9359e-11)
(1.13249 -0.0665133 0)
(1.12986 -0.0668336 0)
(1.12727 -0.0671292 0)
(1.12471 -0.0674008 0)
(1.12218 -0.0676489 0)
(1.11968 -0.067874 0)
(1.1172 -0.0680762 0)
(1.11476 -0.0682559 0)
(1.11234 -0.0684129 0)
(1.10995 -0.0685475 0)
(1.10758 -0.0686595 0)
(1.10524 -0.0687489 0)
(1.10292 -0.0688157 0)
(1.10062 -0.0688597 0)
(1.09834 -0.0688811 0)
(1.09608 -0.0688797 0)
(1.09384 -0.0688557 0)
(1.09162 -0.0688093 0)
(1.08942 -0.0687407 0)
(1.08723 -0.0686502 0)
(1.08507 -0.0685383 0)
(1.08292 -0.0684055 0)
(1.08079 -0.0682525 0)
(1.07867 -0.0680799 0)
(1.22714 -0.0384352 0)
(1.22384 -0.040244 0)
(1.22055 -0.0419398 0)
(1.21727 -0.0435291 0)
(1.214 -0.0450183 0)
(1.21076 -0.0464134 3.23004e-27)
(1.20754 -0.0477201 -3.23004e-27)
(1.20434 -0.048944 0)
(1.20116 -0.0500904 0)
(1.19801 -0.0511642 0)
(1.19489 -0.0521702 0)
(1.1918 -0.0531128 0)
(1.18874 -0.0539962 0)
(1.1857 -0.0548243 0)
(1.1827 -0.0556008 1.03309e-27)
(1.17972 -0.0563291 -2.09408e-27)
(1.17677 -0.0570122 0)
(1.17385 -0.0576531 0)
(1.17096 -0.0582543 0)
(1.16809 -0.0588183 0)
(1.16526 -0.0593472 0)
(1.16245 -0.0598429 0)
(1.15966 -0.060307 -1.99344e-11)
(1.1569 -0.060741 -1.9359e-11)
(1.15416 -0.0611463 0)
(1.15145 -0.0615239 0)
(1.14876 -0.0618747 0)
(1.14609 -0.0621995 0)
(1.14345 -0.0624988 0)
(1.14082 -0.0627731 0)
(1.13821 -0.0630229 0)
(1.13563 -0.0632482 0)
(1.13306 -0.0634493 0)
(1.13051 -0.0636263 0)
(1.12797 -0.0637793 0)
(1.12546 -0.0639083 0)
(1.12296 -0.0640133 0)
(1.12048 -0.0640943 0)
(1.11801 -0.0641516 0)
(1.11556 -0.0641851 0)
(1.11312 -0.0641951 0)
(1.11069 -0.0641819 0)
(1.10829 -0.0641458 0)
(1.10589 -0.0640873 0)
(1.10351 -0.064007 0)
(1.10115 -0.0639055 0)
(1.09879 -0.0637835 0)
(1.09645 -0.0636419 0)
(1.23552 -0.0324419 -3.27933e-11)
(1.23272 -0.0342316 -3.21958e-11)
(1.22989 -0.0359172 0)
(1.22705 -0.0375041 0)
(1.2242 -0.0389977 0)
(1.22135 -0.0404033 0)
(1.21849 -0.0417258 0)
(1.21563 -0.0429701 0)
(1.21277 -0.0441407 0)
(1.20991 -0.0452421 0)
(1.20706 -0.0462783 0)
(1.20422 -0.0472535 0)
(1.20138 -0.0481712 0)
(1.19856 -0.0490351 0)
(1.19574 -0.0498483 1.12099e-27)
(1.19294 -0.050614 -1.51006e-27)
(1.19014 -0.051335 1.06738e-27)
(1.18736 -0.0520139 -1.43676e-27)
(1.18459 -0.0526531 0)
(1.18183 -0.0532548 0)
(1.17908 -0.053821 0)
(1.17635 -0.0543534 0)
(1.17363 -0.0548538 0)
(1.17092 -0.0553233 0)
(1.16822 -0.0557633 0)
(1.16554 -0.0561748 0)
(1.16287 -0.0565587 0)
(1.16021 -0.0569158 0)
(1.15756 -0.0572465 0)
(1.15492 -0.0575515 0)
(1.15229 -0.057831 0)
(1.14967 -0.0580854 0)
(1.14707 -0.0583148 0)
(1.14447 -0.0585194 0)
(1.14189 -0.0586994 0)
(1.13931 -0.0588547 6.19112e-28)
(1.13675 -0.0589855 -5.98951e-28)
(1.1342 -0.059092 0)
(1.13165 -0.0591741 0)
(1.12912 -0.0592322 0)
(1.12659 -0.0592665 0)
(1.12408 -0.0592773 0)
(1.12157 -0.0592651 0)
(1.11908 -0.0592304 0)
(1.11659 -0.0591739 0)
(1.11412 -0.0590963 0)
(1.11166 -0.0589985 0)
(1.1092 -0.0588815 0)
(1.23766 -0.0274112 3.27933e-11)
(1.2353 -0.0291379 3.21958e-11)
(1.23289 -0.0307696 0)
(1.23046 -0.0323109 0)
(1.228 -0.0337665 0)
(1.22551 -0.0351408 2.8749e-27)
(1.223 -0.0364381 -2.8749e-27)
(1.22047 -0.0376626 0)
(1.21793 -0.0388184 0)
(1.21538 -0.0399091 0)
(1.21281 -0.0409386 0)
(1.21023 -0.0419103 0)
(1.20765 -0.0428275 0)
(1.20506 -0.0436933 0)
(1.20246 -0.0445106 -1.12099e-27)
(1.19987 -0.0452823 1.51006e-27)
(1.19727 -0.0460108 -1.06738e-27)
(1.19467 -0.0466985 1.43676e-27)
(1.19206 -0.0473476 0)
(1.18946 -0.04796 0)
(1.18686 -0.0485377 0)
(1.18426 -0.0490822 0)
(1.18166 -0.049595 0)
(1.17906 -0.0500773 0)
(1.17647 -0.0505304 0)
(1.17387 -0.0509551 0)
(1.17128 -0.0513524 0)
(1.16869 -0.0517229 0)
(1.16611 -0.0520671 0)
(1.16353 -0.0523856 0)
(1.16095 -0.0526787 0)
(1.15838 -0.0529467 0)
(1.15581 -0.0531897 0)
(1.15324 -0.053408 0)
(1.15068 -0.0536017 0)
(1.14812 -0.0537709 -6.19112e-28)
(1.14556 -0.0539157 5.98951e-28)
(1.14301 -0.0540362 0)
(1.14047 -0.0541327 0)
(1.13793 -0.0542053 0)
(1.1354 -0.0542543 0)
(1.13287 -0.0542802 0)
(1.13035 -0.0542834 0)
(1.12783 -0.0542645 0)
(1.12532 -0.0542243 0)
(1.12282 -0.0541635 0)
(1.12032 -0.054083 0)
(1.11783 -0.053984 0)
(1.23601 -0.0231947 -3.08224e-11)
(1.23401 -0.0248298 -3.0359e-11)
(1.23197 -0.0263788 0)
(1.22988 -0.0278458 0)
(1.22775 -0.0292346 -1.19994e-27)
(1.22558 -0.0305492 2.02986e-27)
(1.22338 -0.0317931 -2.79e-11)
(1.22114 -0.03297 -2.73886e-11)
(1.21888 -0.0340834 2.68732e-11)
(1.2166 -0.0351365 2.63548e-11)
(1.21429 -0.0361327 6.19911e-28)
(1.21196 -0.037075 0)
(1.20962 -0.0379662 0)
(1.20726 -0.0388092 0)
(1.20488 -0.0396065 -9.85644e-28)
(1.20249 -0.0403606 0)
(1.20008 -0.0410739 0)
(1.19767 -0.0417483 0)
(1.19524 -0.0423858 0)
(1.1928 -0.0429884 8.78403e-28)
(1.19036 -0.0435575 -2.06527e-11)
(1.18791 -0.0440948 -2.01484e-11)
(1.18545 -0.0446014 0)
(1.18299 -0.0450787 0)
(1.18052 -0.0455275 7.74637e-28)
(1.17804 -0.045949 0)
(1.17556 -0.0463437 0)
(1.17308 -0.0467123 -1.72175e-11)
(1.17059 -0.0470555 -3.34941e-11)
(1.1681 -0.0473735 -1.62823e-11)
(1.16561 -0.0476668 1.36731e-27)
(1.16312 -0.0479356 -6.38045e-28)
(1.16062 -0.0481801 0)
(1.15812 -0.0484005 6.01219e-28)
(1.15562 -0.0485969 0)
(1.15312 -0.0487694 -5.65459e-28)
(1.15062 -0.0489182 1.32011e-11)
(1.14812 -0.0490433 1.2787e-11)
(1.14563 -0.0491451 0)
(1.14313 -0.0492236 0)
(1.14063 -0.0492794 1.1586e-11)
(1.13814 -0.0493127 2.23993e-11)
(1.13565 -0.0493241 2.16409e-11)
(1.13316 -0.0493141 1.04484e-11)
(1.13067 -0.0492837 1.00836e-11)
(1.12819 -0.0492335 1.94522e-11)
(1.12572 -0.0491645 9.37585e-12)
(1.12325 -0.0490779 0)
(1.23229 -0.0196364 3.08224e-11)
(1.23058 -0.0211611 3.0359e-11)
(1.22882 -0.0226086 0)
(1.22701 -0.0239823 0)
(1.22515 -0.0252853 1.19994e-27)
(1.22325 -0.026521 -1.17917e-27)
(1.2213 -0.0276924 2.79e-11)
(1.21931 -0.0288027 2.73886e-11)
(1.21729 -0.0298548 -2.68732e-11)
(1.21524 -0.0308517 -2.63548e-11)
(1.21315 -0.0317962 -6.19911e-28)
(1.21104 -0.0326909 0)
(1.2089 -0.0335384 0)
(1.20674 -0.0343411 0)
(1.20455 -0.0351013 9.85644e-28)
(1.20234 -0.0358212 0)
(1.20012 -0.0365028 0)
(1.19787 -0.0371481 0)
(1.19561 -0.0377587 0)
(1.19333 -0.0383363 -8.78403e-28)
(1.19104 -0.0388824 2.06527e-11)
(1.18873 -0.0393983 2.01484e-11)
(1.18641 -0.0398851 0)
(1.18408 -0.0403441 0)
(1.18174 -0.0407761 -7.74636e-28)
(1.17938 -0.0411819 0)
(1.17702 -0.0415622 0)
(1.17465 -0.0419177 1.72175e-11)
(1.17227 -0.0422488 3.34941e-11)
(1.16988 -0.0425559 1.62823e-11)
(1.16748 -0.0428393 -1.36731e-27)
(1.16508 -0.0430993 6.38045e-28)
(1.16268 -0.0433361 0)
(1.16026 -0.0435498 -6.01219e-28)
(1.15785 -0.0437405 0)
(1.15542 -0.0439083 5.65459e-28)
(1.153 -0.0440535 -1.32011e-11)
(1.15057 -0.044176 -1.2787e-11)
(1.14814 -0.0442762 0)
(1.14571 -0.0443543 0)
(1.14328 -0.0444106 -1.1586e-11)
(1.14084 -0.0444456 -2.23993e-11)
(1.13841 -0.0444597 -2.16409e-11)
(1.13598 -0.0444536 -1.04484e-11)
(1.13355 -0.0444281 -1.00836e-11)
(1.13112 -0.0443839 -1.94522e-11)
(1.12869 -0.0443222 -9.37585e-12)
(1.12627 -0.0442438 0)
(1.2276 -0.0165992 0)
(1.22613 -0.0180013 0)
(1.2246 -0.0193347 -1.17809e-27)
(1.22301 -0.0206021 0)
(1.22136 -0.0218063 1.14564e-27)
(1.21967 -0.0229499 -8.14379e-28)
(1.21793 -0.0240357 -2.96908e-28)
(1.21614 -0.0250663 0)
(1.21432 -0.0260442 0)
(1.21245 -0.0269719 4.37391e-28)
(1.21055 -0.0278518 0)
(1.20861 -0.0286863 -4.21899e-28)
(1.20665 -0.0294776 0)
(1.20465 -0.0302278 2.04312e-27)
(1.20262 -0.0309389 -9.62256e-28)
(1.20057 -0.0316129 0)
(1.1985 -0.0322515 9.23555e-28)
(1.1964 -0.0328564 0)
(1.19428 -0.0334292 0)
(1.19214 -0.0339713 0)
(1.18998 -0.034484 -1.76106e-27)
(1.1878 -0.0349686 0)
(1.1856 -0.0354261 1.68089e-27)
(1.18339 -0.0358575 0)
(1.18116 -0.0362636 -7.69341e-28)
(1.17892 -0.0366451 0)
(1.17667 -0.0370027 0)
(1.1744 -0.037337 1.48436e-27)
(1.17212 -0.0376483 -6.94626e-28)
(1.16983 -0.0379371 0)
(1.16753 -0.0382036 1.37024e-27)
(1.16522 -0.038448 -6.40348e-28)
(1.16291 -0.0386706 0)
(1.16058 -0.0388714 6.0515e-28)
(1.15825 -0.0390505 0)
(1.15591 -0.0392082 0)
(1.15356 -0.0393445 0)
(1.15121 -0.0394595 0)
(1.14886 -0.0395536 -5.21064e-28)
(1.1465 -0.0396268 0)
(1.14414 -0.0396796 4.89124e-28)
(1.14178 -0.0397124 0)
(1.13942 -0.0397257 -9.53828e-28)
(1.13705 -0.0397201 0)
(1.13469 -0.0396964 0)
(1.13232 -0.0396554 4.13834e-28)
(1.12996 -0.039598 -8.31788e-28)
(1.1276 -0.0395254 0)
(1.22263 -0.0139735 0)
(1.22135 -0.0152444 0)
(1.22 -0.0164548 1.17809e-27)
(1.21859 -0.0176069 0)
(1.21712 -0.0187029 -1.14564e-27)
(1.21559 -0.0197452 0)
(1.21402 -0.0207359 1.11129e-27)
(1.21239 -0.0216773 0)
(1.21072 -0.0225715 0)
(1.20901 -0.0234207 -4.37391e-28)
(1.20726 -0.0242269 0)
(1.20547 -0.0249921 4.21899e-28)
(1.20364 -0.0257182 0)
(1.20178 -0.0264071 -2.04312e-27)
(1.19989 -0.0270606 9.62256e-28)
(1.19796 -0.0276802 0)
(1.19601 -0.0282677 -9.23555e-28)
(1.19404 -0.0288243 0)
(1.19203 -0.0293516 0)
(1.19001 -0.0298507 0)
(1.18796 -0.0303229 1.76106e-27)
(1.18589 -0.0307692 0)
(1.1838 -0.0311906 -1.68089e-27)
(1.18169 -0.0315879 0)
(1.17956 -0.0319619 7.69341e-28)
(1.17742 -0.0323132 0)
(1.17526 -0.0326424 0)
(1.17309 -0.0329499 -1.48436e-27)
(1.1709 -0.0332363 6.94626e-28)
(1.16869 -0.0335018 0)
(1.16648 -0.0337466 -1.37024e-27)
(1.16426 -0.0339709 6.40348e-28)
(1.16202 -0.034175 0)
(1.15977 -0.034359 -6.0515e-28)
(1.15752 -0.0345228 0)
(1.15526 -0.0346668 0)
(1.15299 -0.034791 0)
(1.15072 -0.0348955 0)
(1.14843 -0.0349805 5.21064e-28)
(1.14615 -0.0350464 0)
(1.14386 -0.0350933 -4.89124e-28)
(1.14157 -0.0351218 0)
(1.13928 -0.0351323 9.53828e-28)
(1.13698 -0.0351255 0)
(1.13469 -0.035102 0)
(1.13239 -0.0350627 -4.13834e-28)
(1.1301 -0.0350084 8.31788e-28)
(1.12781 -0.0349403 0)
(1.2178 -0.0116754 0)
(1.21667 -0.0128087 2.37015e-27)
(1.21546 -0.0138894 0)
(1.2142 -0.0149193 -2.31859e-27)
(1.21286 -0.0159002 0)
(1.21148 -0.0168339 -2.58803e-27)
(1.21003 -0.0177224 4.81947e-27)
(1.20854 -0.0185675 -2.54623e-11)
(1.20699 -0.0193709 -2.50902e-11)
(1.2054 -0.0201345 -4.24397e-28)
(1.20377 -0.0208599 -2.43181e-11)
(1.2021 -0.021549 -2.392e-11)
(1.20038 -0.0222033 9.76141e-28)
(1.19863 -0.0228243 0)
(1.19685 -0.0234137 -9.41839e-28)
(1.19503 -0.0239728 0)
(1.19318 -0.024503 0)
(1.19131 -0.0250056 1.85082e-27)
(1.1894 -0.0254817 0)
(1.18747 -0.0259324 0)
(1.18551 -0.0263589 -1.73934e-27)
(1.18353 -0.0267619 0)
(1.18153 -0.0271423 0)
(1.1795 -0.027501 7.81821e-28)
(1.17746 -0.0278385 0)
(1.1754 -0.0281554 -1.55323e-27)
(1.17332 -0.0284522 7.2843e-28)
(1.17122 -0.0287294 -1.47961e-27)
(1.16911 -0.0289873 0)
(1.16698 -0.0292261 0)
(1.16484 -0.0294462 -1.58647e-11)
(1.16269 -0.0296477 -1.54518e-11)
(1.16053 -0.0298306 0)
(1.15835 -0.0299953 0)
(1.15617 -0.0301417 1.23018e-27)
(1.15397 -0.0302699 0)
(1.15177 -0.0303801 0)
(1.14957 -0.0304725 -1.12861e-27)
(1.14735 -0.0305471 0)
(1.14513 -0.0306043 0)
(1.14291 -0.0306444 4.95248e-28)
(1.14069 -0.0306677 0)
(1.13846 -0.0306748 -9.68139e-28)
(1.13623 -0.0306662 0)
(1.134 -0.0306425 0)
(1.13177 -0.0306046 0)
(1.12954 -0.0305534 8.48542e-28)
(1.12732 -0.0304897 -3.93889e-28)
(1.21334 -0.00964088 0)
(1.21233 -0.0106316 -2.37015e-27)
(1.21124 -0.0115775 0)
(1.21009 -0.0124797 2.31859e-27)
(1.20887 -0.0133399 0)
(1.20759 -0.0141596 -7.70395e-28)
(1.20626 -0.0149401 -1.46104e-27)
(1.20487 -0.0156831 2.54623e-11)
(1.20342 -0.0163901 2.50902e-11)
(1.20193 -0.0170624 4.24397e-28)
(1.2004 -0.0177016 2.43181e-11)
(1.19882 -0.018309 2.392e-11)
(1.1972 -0.0188861 -9.76141e-28)
(1.19554 -0.0194341 0)
(1.19384 -0.0199544 9.41839e-28)
(1.19211 -0.0204481 0)
(1.19034 -0.0209163 0)
(1.18854 -0.0213603 -1.85082e-27)
(1.18672 -0.0217809 0)
(1.18486 -0.0221791 0)
(1.18298 -0.0225558 1.73934e-27)
(1.18107 -0.0229118 0)
(1.17914 -0.0232478 0)
(1.17719 -0.0235644 -7.81821e-28)
(1.17521 -0.0238622 0)
(1.17322 -0.0241418 1.55323e-27)
(1.1712 -0.0244035 -7.2843e-28)
(1.16917 -0.0246477 1.47961e-27)
(1.16712 -0.0248748 0)
(1.16506 -0.0250848 0)
(1.16298 -0.0252782 1.58647e-11)
(1.16089 -0.0254549 1.54518e-11)
(1.15878 -0.0256152 0)
(1.15667 -0.0257591 0)
(1.15454 -0.0258868 -1.23018e-27)
(1.15241 -0.0259983 0)
(1.15026 -0.0260937 0)
(1.14811 -0.0261732 1.12861e-27)
(1.14596 -0.026237 0)
(1.1438 -0.0262853 0)
(1.14163 -0.0263183 -4.95248e-28)
(1.13947 -0.0263365 0)
(1.1373 -0.0263403 9.68139e-28)
(1.13513 -0.0263302 0)
(1.13296 -0.0263068 0)
(1.13079 -0.0262708 0)
(1.12862 -0.0262231 -8.48542e-28)
(1.12645 -0.0261645 3.93889e-28)
(1.20939 -0.00782029 0)
(1.20847 -0.00866455 0)
(1.20748 -0.00947126 0)
(1.20642 -0.0102415 -2.59412e-11)
(1.20529 -0.0109765 -2.56737e-11)
(1.2041 -0.0116774 -2.19397e-27)
(1.20285 -0.0123454 2.50915e-11)
(1.20155 -0.0129816 2.47793e-11)
(1.20019 -0.0135874 -2.44545e-11)
(1.19878 -0.0141639 -2.41181e-11)
(1.19732 -0.0147122 -5.70411e-28)
(1.19582 -0.0152336 2.34149e-11)
(1.19427 -0.0157291 2.305e-11)
(1.19268 -0.0161998 2.26774e-11)
(1.19106 -0.0166468 2.2298e-11)
(1.18939 -0.0170711 -2.19126e-11)
(1.18769 -0.0174736 -2.1522e-11)
(1.18596 -0.0178552 -1.82559e-27)
(1.1842 -0.0182169 8.60444e-28)
(1.1824 -0.0185592 -8.43759e-28)
(1.18058 -0.0188831 -1.99218e-11)
(1.17873 -0.0191891 -1.95155e-11)
(1.17686 -0.0194778 0)
(1.17496 -0.0197499 1.86996e-11)
(1.17304 -0.0200057 1.8291e-11)
(1.1711 -0.0202456 -1.78826e-11)
(1.16914 -0.0204702 -1.74749e-11)
(1.16716 -0.0206796 1.70682e-11)
(1.16516 -0.0208741 3.33262e-11)
(1.16315 -0.0210539 1.62599e-11)
(1.16112 -0.0212191 0)
(1.15908 -0.02137 -1.54604e-11)
(1.15702 -0.0215066 -3.01295e-11)
(1.15496 -0.0216291 -3.04531e-28)
(1.15288 -0.0217374 1.42834e-11)
(1.15079 -0.0218317 0)
(1.1487 -0.0219121 -1.35168e-11)
(1.1466 -0.0219787 -1.31396e-11)
(1.14449 -0.0220317 -5.29961e-28)
(1.14238 -0.0220713 0)
(1.14026 -0.0220977 1.2035e-11)
(1.13814 -0.0221113 2.42348e-28)
(1.13602 -0.0221124 -1.13228e-11)
(1.1339 -0.0221015 -4.55556e-28)
(1.13178 -0.0220792 -1.06313e-11)
(1.12966 -0.0220462 -2.13647e-28)
(1.12755 -0.0220031 4.30382e-28)
(1.12543 -0.0219507 -1.92694e-11)
(1.20601 -0.0061727 0)
(1.20517 -0.00686732 0)
(1.20426 -0.00753157 0)
(1.20327 -0.0081663 2.59412e-11)
(1.20222 -0.00877238 2.56737e-11)
(1.2011 -0.00935073 2.94348e-27)
(1.19992 -0.00990228 -2.50915e-11)
(1.19869 -0.010428 -2.47793e-11)
(1.19739 -0.0109287 2.44545e-11)
(1.19605 -0.0114055 2.41181e-11)
(1.19465 -0.0118592 5.70411e-28)
(1.19321 -0.0122907 -2.34149e-11)
(1.19172 -0.012701 -2.305e-11)
(1.19019 -0.013091 -2.26774e-11)
(1.18862 -0.0134613 -2.2298e-11)
(1.18701 -0.0138129 2.19126e-11)
(1.18537 -0.0141466 2.1522e-11)
(1.18369 -0.0144629 1.82559e-27)
(1.18197 -0.0147627 -8.60444e-28)
(1.18023 -0.0150465 8.43759e-28)
(1.17845 -0.0153149 1.99218e-11)
(1.17665 -0.0155686 1.95155e-11)
(1.17482 -0.0158078 0)
(1.17297 -0.0160332 -1.86996e-11)
(1.1711 -0.016245 -1.8291e-11)
(1.1692 -0.0164437 1.78826e-11)
(1.16728 -0.0166295 1.74749e-11)
(1.16534 -0.0168026 -1.70682e-11)
(1.16338 -0.0169633 -3.33262e-11)
(1.16141 -0.0171118 -1.62599e-11)
(1.15942 -0.0172481 0)
(1.15742 -0.0173724 1.54604e-11)
(1.15541 -0.0174847 3.01295e-11)
(1.15338 -0.0175852 3.04531e-28)
(1.15134 -0.017674 -1.42834e-11)
(1.14929 -0.017751 0)
(1.14724 -0.0178164 1.35168e-11)
(1.14518 -0.0178703 1.31396e-11)
(1.14311 -0.0179129 5.29961e-28)
(1.14104 -0.0179442 0)
(1.13896 -0.0179646 -1.2035e-11)
(1.13688 -0.0179742 -2.42348e-28)
(1.1348 -0.0179736 1.13228e-11)
(1.13272 -0.0179629 4.55556e-28)
(1.13064 -0.0179428 1.06313e-11)
(1.12857 -0.0179138 2.13647e-28)
(1.12649 -0.0178765 -4.30382e-28)
(1.12442 -0.0178315 1.92694e-11)
(1.20327 -0.00466248 1.07594e-27)
(1.20249 -0.00520502 -2.22479e-27)
(1.20164 -0.00572418 0)
(1.20071 -0.00622058 0)
(1.19971 -0.00669485 0)
(1.19865 -0.00714766 0)
(1.19753 -0.00757971 2.12521e-27)
(1.19635 -0.0079917 -4.17632e-28)
(1.1951 -0.00838433 0)
(1.19381 -0.0087583 0)
(1.19246 -0.00911432 0)
(1.19107 -0.00945307 0)
(1.18963 -0.00977524 9.43529e-28)
(1.18814 -0.0100815 -1.93408e-27)
(1.18661 -0.0103724 0)
(1.18505 -0.0106487 0)
(1.18344 -0.0109109 0)
(1.1818 -0.0111595 0)
(1.18013 -0.0113951 0)
(1.17842 -0.0116181 0)
(1.17669 -0.0118291 1.70879e-27)
(1.17492 -0.0120284 -8.0474e-28)
(1.17313 -0.0122164 0)
(1.17131 -0.0123934 0)
(1.16947 -0.0125598 0)
(1.1676 -0.0127157 1.53931e-27)
(1.16572 -0.0128615 0)
(1.16381 -0.0129973 0)
(1.16189 -0.0131232 -6.90409e-28)
(1.15994 -0.0132395 0)
(1.15799 -0.0133462 0)
(1.15601 -0.0134434 6.41791e-28)
(1.15403 -0.0135311 -1.3026e-27)
(1.15203 -0.0136095 6.09832e-28)
(1.15002 -0.0136785 -1.23655e-27)
(1.14801 -0.0137383 5.78357e-28)
(1.14598 -0.0137889 -5.62829e-28)
(1.14395 -0.0138304 1.1396e-27)
(1.14191 -0.0138629 -5.32244e-28)
(1.13987 -0.0138865 1.07663e-27)
(1.13783 -0.0139015 0)
(1.13578 -0.0139081 0)
(1.13373 -0.0139065 -9.85016e-28)
(1.13169 -0.0138971 4.58915e-28)
(1.12964 -0.0138802 -9.25997e-28)
(1.1276 -0.0138563 0)
(1.12555 -0.0138259 0)
(1.12352 -0.0137895 0)
(1.20119 -0.00325697 -1.07594e-27)
(1.20046 -0.00364566 2.22479e-27)
(1.19965 -0.00401779 0)
(1.19876 -0.00437376 0)
(1.19781 -0.00471402 0)
(1.19679 -0.00503902 0)
(1.19571 -0.00534924 -2.12521e-27)
(1.19456 -0.00564517 4.17632e-28)
(1.19336 -0.00592728 0)
(1.1921 -0.00619608 0)
(1.19079 -0.00645205 0)
(1.18943 -0.00669567 0)
(1.18803 -0.00692741 -9.43529e-28)
(1.18657 -0.00714775 1.93408e-27)
(1.18508 -0.00735711 0)
(1.18354 -0.00755594 0)
(1.18197 -0.00774464 0)
(1.18036 -0.0079236 0)
(1.17871 -0.00809319 0)
(1.17703 -0.00825376 0)
(1.17532 -0.00840563 -1.70879e-27)
(1.17358 -0.00854907 8.0474e-28)
(1.17182 -0.00868437 0)
(1.17003 -0.00881176 0)
(1.16821 -0.00893145 0)
(1.16637 -0.00904362 -1.53931e-27)
(1.16451 -0.00914844 0)
(1.16262 -0.00924604 0)
(1.16072 -0.00933654 6.90409e-28)
(1.1588 -0.00942002 0)
(1.15687 -0.00949656 0)
(1.15492 -0.00956623 -6.41791e-28)
(1.15296 -0.00962907 1.3026e-27)
(1.15098 -0.00968513 -6.09832e-28)
(1.149 -0.00973444 1.23655e-27)
(1.147 -0.00977705 -5.78357e-28)
(1.145 -0.00981302 5.62829e-28)
(1.14299 -0.00984241 -1.1396e-27)
(1.14097 -0.0098653 5.32244e-28)
(1.13895 -0.00988181 -1.07663e-27)
(1.13693 -0.00989205 0)
(1.13491 -0.00989621 0)
(1.13289 -0.00989448 9.85016e-28)
(1.13086 -0.0098871 -4.58915e-28)
(1.12884 -0.00987436 9.25997e-28)
(1.12682 -0.00985656 0)
(1.12481 -0.00983407 0)
(1.1228 -0.00980728 0)
(1.1998 -0.00192495 -1.17746e-27)
(1.19909 -0.00215861 1.6154e-27)
(1.19831 -0.00238238 0)
(1.19746 -0.00259652 0)
(1.19653 -0.00280126 -1.14348e-27)
(1.19554 -0.00299688 3.98206e-27)
(1.19448 -0.00318365 -2.41853e-27)
(1.19336 -0.00336187 0)
(1.19218 -0.0035318 0)
(1.19095 -0.00369375 3.84333e-28)
(1.18967 -0.003848 9.10672e-28)
(1.18833 -0.00399483 3.74224e-28)
(1.18694 -0.00413453 1.03952e-27)
(1.18551 -0.00426737 0)
(1.18404 -0.00439361 0)
(1.18253 -0.00451351 0)
(1.18097 -0.00462731 0)
(1.17938 -0.00473524 0)
(1.17775 -0.00483753 -9.41997e-28)
(1.17609 -0.00493438 0)
(1.1744 -0.00502597 1.25248e-27)
(1.17268 -0.00511248 0)
(1.17093 -0.00519407 0)
(1.16915 -0.00527089 -8.54555e-28)
(1.16735 -0.00534305 0)
(1.16553 -0.00541067 1.13029e-27)
(1.16368 -0.00547384 0)
(1.16182 -0.00553265 0)
(1.15993 -0.00558716 -7.6534e-28)
(1.15803 -0.00563743 7.47538e-28)
(1.15611 -0.00568349 0)
(1.15417 -0.0057254 0)
(1.15222 -0.00576317 -9.58645e-28)
(1.15026 -0.00579684 0)
(1.14829 -0.00582643 0)
(1.14631 -0.00585196 6.42536e-28)
(1.14432 -0.00587348 0)
(1.14233 -0.00589101 -8.39973e-28)
(1.14033 -0.00590461 0)
(1.13832 -0.00591434 7.94041e-28)
(1.13632 -0.0059203 0)
(1.13431 -0.00592257 -5.42776e-28)
(1.1323 -0.00592129 0)
(1.13029 -0.0059166 0)
(1.12829 -0.00590867 0)
(1.12628 -0.00589769 4.80267e-28)
(1.12429 -0.00588388 -6.42088e-28)
(1.12229 -0.00586749 0)
(1.1991 -0.000636725 1.18491e-27)
(1.19841 -0.000714685 -1.62563e-27)
(1.19764 -0.000789361 0)
(1.1968 -0.000860832 0)
(1.19589 -0.000929179 1.15072e-27)
(1.19491 -0.000994491 6.96162e-28)
(1.19386 -0.00105686 -2.26959e-27)
(1.19276 -0.00111637 0)
(1.19159 -0.00117313 0)
(1.19037 -0.00122723 -3.86766e-28)
(1.1891 -0.00127876 -9.16438e-28)
(1.18777 -0.00132782 -3.76593e-28)
(1.1864 -0.00137449 -1.0461e-27)
(1.18498 -0.00141888 0)
(1.18352 -0.00146107 0)
(1.18201 -0.00150114 0)
(1.18047 -0.00153917 0)
(1.17889 -0.00157524 0)
(1.17727 -0.00160943 9.47961e-28)
(1.17562 -0.0016418 0)
(1.17394 -0.00167241 -1.26041e-27)
(1.17222 -0.00170133 0)
(1.17048 -0.0017286 0)
(1.16871 -0.00175427 8.59966e-28)
(1.16692 -0.00177838 0)
(1.16511 -0.00180097 -1.13744e-27)
(1.16327 -0.00182208 0)
(1.16141 -0.00184173 0)
(1.15953 -0.00185993 7.70186e-28)
(1.15763 -0.00187672 -7.52271e-28)
(1.15572 -0.0018921 0)
(1.15379 -0.00190609 0)
(1.15185 -0.00191869 9.64714e-28)
(1.1499 -0.00192992 0)
(1.14793 -0.00193978 0)
(1.14596 -0.00194829 -6.46604e-28)
(1.14398 -0.00195545 0)
(1.14199 -0.00196128 8.45291e-28)
(1.14 -0.00196579 0)
(1.138 -0.00196901 -7.99068e-28)
(1.136 -0.00197096 0)
(1.134 -0.00197168 5.46213e-28)
(1.132 -0.00197121 0)
(1.13 -0.00196961 0)
(1.12801 -0.00196691 0)
(1.12601 -0.00196321 -4.83307e-28)
(1.12402 -0.00195855 6.46153e-28)
(1.12204 -0.00195303 0)
(0.592358 0.00793234 -7.1467e-22)
(0.600306 0.0078895 4.24407e-22)
(0.608218 0.00784506 2.13622e-21)
)
;

boundaryField
{
    inlet
    {
        type            uniformFixedValue;
        uniformValue    constant (1 0 0);
        value           nonuniform 0();
    }
    outlet
    {
        type            pressureInletOutletVelocity;
        value           nonuniform 0();
    }
    cylinder
    {
        type            fixedValue;
        value           nonuniform 0();
    }
    top
    {
        type            symmetryPlane;
    }
    bottom
    {
        type            symmetryPlane;
    }
    defaultFaces
    {
        type            empty;
    }
    procBoundary6to2
    {
        type            processor;
        value           nonuniform List<vector> 
51
(
(0.192836 0.00908545 -2.51654e-20)
(0.201558 0.00912243 2.5338e-20)
(0.21032 0.00914991 5.3897e-21)
(0.219113 0.00916859 -1.69693e-20)
(0.227931 0.0091792 -1.49584e-20)
(0.236764 0.00918251 7.24633e-21)
(0.245607 0.00917928 2.95614e-21)
(0.254453 0.00917025 5.96622e-21)
(0.263298 0.00915615 2.64366e-20)
(0.272135 0.00913767 -2.90575e-20)
(0.280963 0.00911547 1.03208e-20)
(0.289777 0.00909015 -4.58035e-21)
(0.298574 0.00906228 -1.02008e-20)
(0.307351 0.00903237 2.5176e-20)
(0.316109 0.00900089 -2.95425e-20)
(0.324844 0.00896825 1.34018e-20)
(0.333556 0.00893482 8.02722e-21)
(0.342243 0.00890092 -1.45059e-20)
(0.350907 0.00886683 2.22187e-20)
(0.359546 0.00883277 -2.07719e-20)
(0.368161 0.00879893 -4.92004e-21)
(0.376751 0.00876546 2.47448e-20)
(0.385318 0.00873247 -6.48029e-21)
(0.393861 0.00870003 -1.43378e-20)
(0.402381 0.00866818 2.81596e-21)
(0.410878 0.00863694 5.324e-22)
(0.419354 0.00860629 1.35843e-20)
(0.427808 0.00857619 -5.90095e-21)
(0.436241 0.0085466 3.95109e-21)
(0.444654 0.00851742 -1.20814e-20)
(0.453046 0.00848857 1.24091e-20)
(0.461418 0.00845995 -1.07837e-21)
(0.469771 0.00843143 -7.4881e-21)
(0.478103 0.00840291 8.9956e-21)
(0.486415 0.00837423 -9.39447e-21)
(0.494707 0.00834529 2.24834e-21)
(0.502978 0.00831594 -7.9967e-21)
(0.511228 0.00828606 1.19863e-20)
(0.519456 0.00825551 -2.1449e-21)
(0.527662 0.00822417 -2.4665e-21)
(0.535844 0.00819192 1.77198e-21)
(0.544001 0.00815866 -1.37774e-21)
(0.552132 0.00812426 -1.01244e-21)
(0.560237 0.00808864 -2.66221e-21)
(0.568313 0.00805171 3.44861e-21)
(0.576359 0.00801339 6.47641e-22)
(0.584375 0.00797362 -1.13438e-21)
(0.608987 0.0233959 3.37564e-21)
(0.616551 0.0232704 -1.02061e-20)
(0.624082 0.0231402 8.07606e-21)
(0.584375 0.00797362 -1.13438e-21)
)
;
    }
    procBoundary6to3
    {
        type            processor;
        value           uniform (0.616092 0.00779898 1.55651e-21);
    }
    procBoundary6to5
    {
        type            processor;
        value           nonuniform List<vector> 
33
(
(0.184165 -0.00903841 1.91616e-20)
(0.220112 -0.0267227 -1.2457e-19)
(0.289089 -0.0432056 -2.61982e-20)
(0.392108 -0.0578821 -7.95525e-20)
(0.392108 -0.0578821 -7.95525e-20)
(0.507304 -0.0693896 -1.6038e-19)
(0.636456 -0.0773364 1.6198e-20)
(0.636456 -0.0773364 1.6198e-20)
(0.762893 -0.0812058 -1.9904e-19)
(0.762893 -0.0812058 -1.9904e-19)
(0.877728 -0.0813358 -4.89306e-19)
(0.877728 -0.0813358 -4.89306e-19)
(0.975115 -0.0753495 0)
(0.975115 -0.0753495 0)
(1.06466 -0.0692079 0)
(1.13366 -0.0604954 0)
(1.18217 -0.051708 0)
(1.21307 -0.0435849 3.56623e-11)
(1.23045 -0.0365066 -3.56623e-11)
(1.23831 -0.0305422 1.53782e-27)
(1.23999 -0.0255847 -1.53782e-27)
(1.23796 -0.0214697 0)
(1.23393 -0.0180311 0)
(1.229 -0.0151257 0)
(1.22384 -0.0126399 0)
(1.21886 -0.0104877 0)
(1.21428 -0.00860378 0)
(1.21023 -0.00693742 0)
(1.20677 -0.00544694 0)
(1.20397 -0.004096 0)
(1.20185 -0.00285134 0)
(1.20042 -0.0016812 0)
(1.1997 -0.000555411 0)
)
;
    }
    procBoundary6to7
    {
        type            processor;
        value           nonuniform List<vector> 
31
(
(0.616092 -0.00779897 -1.60141e-21)
(0.631577 -0.0230053 -6.02228e-21)
(0.631577 -0.0230053 -6.02228e-21)
(0.667688 -0.0368616 8.9145e-21)
(0.707049 -0.0491389 -1.14571e-20)
(0.753533 -0.0592866 1.65816e-21)
(0.803383 -0.0670966 2.65655e-20)
(0.803383 -0.0670966 2.65655e-20)
(0.855515 -0.0722125 1.12697e-20)
(0.901509 -0.0756965 2.77138e-20)
(0.901509 -0.0756965 2.77138e-20)
(0.946249 -0.0766015 0)
(0.988042 -0.0764438 0)
(1.02386 -0.074685 0)
(1.05333 -0.0717217 0)
(1.07658 -0.0678885 0)
(1.09413 -0.0634817 0)
(1.10676 -0.0587462 0)
(1.11535 -0.0538675 0)
(1.12078 -0.0489748 0)
(1.12385 -0.0441501 0)
(1.12525 -0.0394386 3.71912e-28)
(1.12552 -0.0348595 -3.71912e-28)
(1.1251 -0.0304147 0)
(1.12429 -0.0260961 0)
(1.12332 -0.0218898 -9.31377e-12)
(1.12235 -0.0177795 9.31377e-12)
(1.12149 -0.0137477 0)
(1.12079 -0.00977662 0)
(1.12031 -0.00584877 4.3579e-28)
(1.12006 -0.00194674 -4.3855e-28)
)
;
    }
}


// ************************************************************************* //
