/*--------------------------------*- C++ -*----------------------------------*\
  =========                 |
  \\      /  F ield         | OpenFOAM: The Open Source CFD Toolbox
   \\    /   O peration     | Website:  https://openfoam.org
    \\  /    A nd           | Version:  7
     \\/     M anipulation  |
\*---------------------------------------------------------------------------*/
FoamFile
{
    version     2.0;
    format      ascii;
    class       volVectorField;
    location    "45";
    object      U;
}
// * * * * * * * * * * * * * * * * * * * * * * * * * * * * * * * * * * * * * //

dimensions      [0 1 -1 0 0 0 0];

internalField   nonuniform List<vector> 
1360
(
(0.894465 0.0392033 0)
(0.953853 0.0379138 0)
(1.0069 0.0358303 6.3405e-12)
(1.0524 0.0331817 -6.3405e-12)
(1.0899 0.0302263 0)
(1.11955 0.0271773 0)
(1.14201 0.0241972 0)
(1.15825 0.0213928 0)
(1.16938 0.0188189 -3.09555e-28)
(1.17651 0.0164892 3.09555e-28)
(1.18066 0.0143888 -3.20897e-28)
(1.18271 0.0124871 3.20897e-28)
(1.18335 0.0107472 -7.94276e-12)
(1.18313 0.00913256 7.94276e-12)
(1.18244 0.00761129 0)
(1.18156 0.00615712 0)
(1.18068 0.00474962 8.19668e-12)
(1.17993 0.00337338 -8.19668e-12)
(1.17939 0.00201687 -3.79831e-28)
(1.17911 0.000671157 3.82235e-28)
(0.894101 0.0386229 0)
(0.953013 0.0373721 0)
(1.00571 0.0353365 6.98026e-29)
(1.05099 0.0327403 -6.98026e-29)
(1.08839 0.0298369 0)
(1.11803 0.0268361 0)
(1.14056 0.0238986 0)
(1.1569 0.0211305 0)
(1.16814 0.0185872 6.23905e-28)
(1.17539 0.0162835 -6.23905e-28)
(1.17965 0.014206 6.47448e-28)
(1.18179 0.0123253 -6.47448e-28)
(1.18251 0.0106051 -1.54103e-11)
(1.18234 0.00900984 1.54103e-11)
(1.18169 0.00750764 0)
(1.18084 0.00607244 0)
(1.17997 0.00468385 7.96005e-12)
(1.17924 0.00332647 -7.96005e-12)
(1.17871 0.00198875 5.09229e-28)
(1.17843 0.000661791 -5.12453e-28)
(0.893753 0.0380526 0)
(0.952194 0.0368393 0)
(1.00455 0.0348501 0)
(1.04961 0.0323049 0)
(1.08691 0.0294521 0)
(1.11654 0.0264985 0)
(1.13912 0.0236025 0)
(1.15556 0.0208699 0)
(1.16692 0.0183567 -2.90088e-28)
(1.17429 0.0160787 2.90088e-28)
(1.17865 0.0140239 0)
(1.18088 0.0121638 0)
(1.18167 0.0104633 -1.49432e-11)
(1.18156 0.00888712 1.49432e-11)
(1.18095 0.00740388 3.16576e-28)
(1.18012 0.00598759 -3.16576e-28)
(1.17928 0.0046179 0)
(1.17856 0.00327939 0)
(1.17804 0.00196053 -3.58217e-28)
(1.17776 0.000652387 3.60485e-28)
(0.89342 0.0374924 0)
(0.951396 0.0363155 0)
(1.00341 0.0343714 0)
(1.04826 0.0318757 0)
(1.08545 0.0290723 0)
(1.11507 0.0261646 0)
(1.1377 0.0233093 0)
(1.15424 0.0206116 0)
(1.16571 0.0181278 0)
(1.17319 0.0158752 0)
(1.17767 0.0138426 -6.07525e-28)
(1.17999 0.0120029 6.07525e-28)
(1.18085 0.0103219 -1.44842e-11)
(1.18079 0.00876466 1.44842e-11)
(1.18022 0.00730024 -6.39151e-28)
(1.17942 0.00590276 6.39151e-28)
(1.1786 0.00455192 -6.47854e-28)
(1.17789 0.00323227 6.47854e-28)
(1.17737 0.00193227 4.79833e-28)
(1.17711 0.000642967 -4.82871e-28)
(0.893101 0.0369424 0)
(0.950619 0.0358008 0)
(1.00229 0.0339004 1.24613e-29)
(1.04693 0.0314528 -1.24613e-29)
(1.08401 0.0286975 0)
(1.11362 0.0258347 0)
(1.13631 0.0230192 -2.86403e-28)
(1.15293 0.0203557 2.86403e-28)
(1.16452 0.017901 0)
(1.17211 0.0156732 0)
(1.17669 0.0136626 0)
(1.1791 0.011843 0)
(1.18003 0.0101811 -1.40332e-11)
(1.18003 0.00864268 1.40332e-11)
(1.1795 0.00719692 0)
(1.17873 0.00581814 0)
(1.17793 0.00448605 7.27137e-12)
(1.17723 0.0031852 -7.27137e-12)
(1.17672 0.00190402 0)
(1.17646 0.000633552 0)
(0.892797 0.0364023 -2.03483e-28)
(0.949862 0.0352951 2.03757e-28)
(1.0012 0.0334373 -1.20003e-29)
(1.04562 0.0310366 1.20003e-29)
(1.0826 0.0283282 0)
(1.11219 0.0255091 0)
(1.13493 0.0227326 2.76541e-28)
(1.15164 0.0201025 -2.76541e-28)
(1.16334 0.0176763 -6.32086e-12)
(1.17105 0.015473 6.32086e-12)
(1.17573 0.013484 0)
(1.17822 0.0116843 0)
(1.17923 0.0100413 -1.35902e-11)
(1.17928 0.00852142 1.35902e-11)
(1.17879 0.00709413 2.88441e-28)
(1.17805 0.00573388 -2.88441e-28)
(1.17727 0.00442042 1.40977e-11)
(1.17658 0.00313828 -1.40977e-11)
(1.17608 0.00187585 -3.26979e-28)
(1.17582 0.000624161 3.29049e-28)
(0.892506 0.0358724 4.07183e-28)
(0.949123 0.0347986 -4.07728e-28)
(1.00013 0.0329821 0)
(1.04434 0.030627 0)
(1.08121 0.0279643 0)
(1.11078 0.0251881 0)
(1.13357 0.0224496 -3.68388e-28)
(1.15037 0.0198524 3.68388e-28)
(1.16217 0.0174542 -6.10762e-12)
(1.16999 0.0152749 6.10762e-12)
(1.17477 0.0133072 0)
(1.17735 0.0115271 0)
(1.17843 0.0099027 -6.5775e-12)
(1.17854 0.00840108 6.5775e-12)
(1.17809 0.00699203 -5.81543e-28)
(1.17738 0.00565013 5.81543e-28)
(1.17661 0.00435515 6.82981e-12)
(1.17594 0.00309159 -6.82981e-12)
(1.17545 0.00184782 0)
(1.17519 0.000614812 0)
(0.892229 0.0353524 0)
(0.948403 0.0343111 0)
(0.999083 0.0325349 0)
(1.04308 0.0302243 0)
(1.07984 0.0276061 0)
(1.1094 0.0248717 0)
(1.13222 0.0221706 2.57484e-28)
(1.14911 0.0196056 -2.57484e-28)
(1.16102 0.0172349 0)
(1.16894 0.0150792 0)
(1.17383 0.0131324 0)
(1.1765 0.0113715 0)
(1.17764 0.00976546 0)
(1.1778 0.00828185 0)
(1.17739 0.00689081 0)
(1.17671 0.00556705 0)
(1.17597 0.00429036 2.74563e-28)
(1.17531 0.00304523 -2.74563e-28)
(1.17483 0.00181997 0)
(1.17457 0.000605523 0)
(0.891965 0.0348424 0)
(0.947702 0.0338328 0)
(0.998057 0.0320958 0)
(1.04184 0.0298284 0)
(1.0785 0.0272538 0)
(1.10803 0.0245603 0)
(1.1309 0.0218957 0)
(1.14787 0.0193623 0)
(1.15988 0.0170185 -4.92054e-28)
(1.16791 0.0148861 4.92054e-28)
(1.17289 0.0129598 0)
(1.17565 0.0112178 0)
(1.17686 0.00962979 0)
(1.17708 0.00816392 0)
(1.17671 0.00679063 0)
(1.17606 0.00548476 0)
(1.17534 0.00422616 0)
(1.17469 0.00299926 0)
(1.17421 0.00179235 4.10135e-28)
(1.17396 0.00059631 -4.12732e-28)
(0.891713 0.0343423 0)
(0.947018 0.0333635 0)
(0.997051 0.0316646 0)
(1.04062 0.0294396 0)
(1.07717 0.0269075 0)
(1.10668 0.0242539 0)
(1.12959 0.0216251 0)
(1.14664 0.0191226 0)
(1.15875 0.0168053 0)
(1.16689 0.0146957 0)
(1.17197 0.0127896 0)
(1.17481 0.0110662 0)
(1.17609 0.00949588 0)
(1.17636 0.00804744 0)
(1.17604 0.00669162 0)
(1.17541 0.0054034 0)
(1.17471 0.00416264 -2.57093e-28)
(1.17408 0.00295377 2.57093e-28)
(1.17361 0.001765 -2.87515e-28)
(1.17336 0.000587188 2.89335e-28)
(0.891473 0.0338519 -3.45952e-28)
(0.946351 0.0329032 3.46409e-28)
(0.996066 0.0312416 0)
(1.03943 0.0290578 0)
(1.07587 0.0265672 0)
(1.10535 0.0239527 0)
(1.1283 0.0213589 0)
(1.14543 0.0188868 0)
(1.15763 0.0165955 -5.29814e-12)
(1.16587 0.0145083 5.29814e-12)
(1.17105 0.012622 0)
(1.17398 0.0109168 0)
(1.17533 0.00936389 0)
(1.17566 0.00793258 0)
(1.17537 0.00659393 5.09104e-28)
(1.17478 0.00532307 -5.09104e-28)
(1.17409 0.0040999 5.98803e-12)
(1.17347 0.00290882 -5.98803e-12)
(1.17301 0.00173798 3.83748e-28)
(1.17277 0.000578171 -3.86178e-28)
(0.891245 0.0333713 1.59324e-28)
(0.945701 0.0324519 -1.59533e-28)
(0.9951 0.0308266 0)
(1.03826 0.0286831 0)
(1.07458 0.0262331 0)
(1.10404 0.0236569 0)
(1.12702 0.0210974 0)
(1.14423 0.0186551 0)
(1.15653 0.0163892 -1.02123e-11)
(1.16487 0.014324 1.02123e-11)
(1.17015 0.0124572 0)
(1.17316 0.0107698 0)
(1.17458 0.00923399 -5.54625e-12)
(1.17496 0.00781948 5.54625e-12)
(1.17471 0.00649769 -2.36232e-28)
(1.17415 0.0052439 2.36232e-28)
(1.17349 0.00403804 1.1572e-11)
(1.17288 0.00286448 -1.1572e-11)
(1.17243 0.00171131 -2.68699e-28)
(1.17219 0.000569273 2.704e-28)
(0.891029 0.0329003 2.63219e-29)
(0.945067 0.0320096 -2.63563e-29)
(0.994153 0.0304197 -1.42946e-28)
(1.0371 0.0283155 1.42946e-28)
(1.07332 0.0259052 0)
(1.10275 0.0233664 0)
(1.12576 0.0208406 0)
(1.14304 0.0184275 0)
(1.15544 0.0161867 -4.91812e-12)
(1.16388 0.014143 4.91812e-12)
(1.16925 0.0122953 0)
(1.17234 0.0106254 0)
(1.17384 0.00910633 -1.07019e-11)
(1.17427 0.00770828 1.07019e-11)
(1.17406 0.00640302 0)
(1.17353 0.00516598 0)
(1.17289 0.00397713 5.58723e-12)
(1.17229 0.00282081 -5.58723e-12)
(1.17185 0.00168504 0)
(1.17161 0.000560505 0)
(0.890824 0.0324387 1.70127e-28)
(0.944449 0.0315761 -1.70348e-28)
(0.993225 0.0300208 -1.02069e-28)
(1.03597 0.0279551 1.02069e-28)
(1.07208 0.0255836 0)
(1.10147 0.0230815 0)
(1.12452 0.0205886 0)
(1.14187 0.0182042 0)
(1.15436 0.015988 0)
(1.1629 0.0139655 0)
(1.16836 0.0121365 0)
(1.17154 0.0104838 0)
(1.1731 0.00898104 -1.03182e-11)
(1.17359 0.00759911 1.03182e-11)
(1.17342 0.00631004 0)
(1.17292 0.00508942 0)
(1.1723 0.00391726 2.60583e-28)
(1.17172 0.00277786 -2.60583e-28)
(1.17128 0.0016592 8.10443e-29)
(1.17105 0.00055188 -8.15574e-29)
(0.89063 0.0319866 0)
(0.943847 0.0311513 0)
(0.992316 0.0296299 0)
(1.03485 0.0276018 0)
(1.07085 0.0252684 0)
(1.10022 0.0228022 0)
(1.12329 0.0203417 0)
(1.14071 0.0179854 0)
(1.15329 0.0157933 3.25966e-29)
(1.16193 0.0137916 -3.25966e-29)
(1.16749 0.0119809 0)
(1.17075 0.010345 0)
(1.17238 0.00885825 -9.9414e-12)
(1.17292 0.00749208 9.9414e-12)
(1.17279 0.00621884 0)
(1.17232 0.0050143 0)
(1.17172 0.00385849 0)
(1.17115 0.0027357 0)
(1.17072 0.00163383 0)
(1.17049 0.000543409 0)
(0.890447 0.0315438 -2.78084e-28)
(0.94326 0.0307353 2.78442e-28)
(0.991424 0.029247 0)
(1.03376 0.0272557 0)
(1.06964 0.0249595 0)
(1.09898 0.0225286 0)
(1.12208 0.0200998 0)
(1.13956 0.0177712 0)
(1.15223 0.0156027 0)
(1.16097 0.0136214 0)
(1.16662 0.0118287 0)
(1.16996 0.0102092 0)
(1.17166 0.00873809 -9.57129e-12)
(1.17225 0.0073873 9.57129e-12)
(1.17217 0.00612954 0)
(1.17172 0.00494071 0)
(1.17114 0.0038009 0)
(1.17059 0.00269436 0)
(1.17017 0.00160895 0)
(1.16994 0.000535102 0)
(0.890275 0.0311102 1.27561e-28)
(0.942688 0.0303279 -1.27724e-28)
(0.99055 0.028872 7.64645e-30)
(1.03268 0.0269168 -7.64645e-30)
(1.06845 0.0246571 0)
(1.09775 0.0222608 0)
(1.12088 0.0198631 0)
(1.13843 0.0175615 0)
(1.15119 0.0154163 -4.20368e-12)
(1.16002 0.013455 4.20368e-12)
(1.16576 0.0116799 1.83721e-28)
(1.16918 0.0100765 -1.83721e-28)
(1.17094 0.00862066 -9.20776e-12)
(1.17159 0.00728489 9.20776e-12)
(1.17155 0.00604222 0)
(1.17114 0.00486873 0)
(1.17058 0.00374455 4.82387e-12)
(1.17004 0.00265391 -4.82387e-12)
(1.16963 0.00158459 -2.24208e-28)
(1.1694 0.00052697 2.25628e-28)
(0.890112 0.0306856 -2.96453e-28)
(0.942131 0.029929 0)
(0.989693 0.0285049 -2.66047e-28)
(1.03162 0.0265851 3.23877e-28)
(1.06728 0.0243612 -3.76622e-28)
(1.09655 0.0219987 -3.70239e-28)
(1.11969 0.0196316 3.35268e-28)
(1.13731 0.0173567 3.71772e-28)
(1.15015 0.0152343 -4.03404e-12)
(1.15907 0.0132925 4.03404e-12)
(1.1649 0.0115347 0)
(1.16841 0.00994697 3.8894e-28)
(1.17024 0.00850607 -4.42532e-12)
(1.17095 0.00718495 4.42532e-12)
(1.17094 0.00595698 4.09736e-28)
(1.17056 0.00479844 4.4347e-28)
(1.17002 0.00368951 9.28133e-12)
(1.1695 0.00261439 -9.28133e-12)
(1.16909 0.00156079 7.21157e-28)
(1.16887 0.000519022 -2.99639e-28)
(0.88996 0.03027 2.96455e-28)
(0.941588 0.0295386 0)
(0.988853 0.0281456 3.02684e-28)
(1.03058 0.0262605 -3.60514e-28)
(1.06613 0.0240717 3.76622e-28)
(1.09536 0.0217425 3.70239e-28)
(1.11852 0.0194054 -3.35268e-28)
(1.1362 0.0171567 -3.71772e-28)
(1.14913 0.0150567 3.34218e-28)
(1.15814 0.0131342 -3.34218e-28)
(1.16406 0.0113932 0)
(1.16764 0.0098208 -3.8894e-28)
(1.16954 0.00839443 -4.24482e-28)
(1.1703 0.00708756 0)
(1.17034 0.00587391 -4.09736e-28)
(1.16999 0.00472992 -4.4347e-28)
(1.16947 0.00363583 4.46039e-12)
(1.16896 0.00257583 -4.46039e-12)
(1.16856 0.00153757 -4.23403e-28)
(1.16835 0.000511266 0)
(0.889817 0.0298632 0)
(0.941059 0.0291565 0)
(0.98803 0.027794 0)
(1.02956 0.025943 0)
(1.06499 0.0237887 0)
(1.09418 0.0214922 0)
(1.11737 0.0191846 0)
(1.1351 0.0169616 0)
(1.14811 0.0148836 -1.53793e-28)
(1.15722 0.0129799 1.53793e-28)
(1.16323 0.0112555 0)
(1.16689 0.00969806 0)
(1.16886 0.00828584 0)
(1.16967 0.00699282 0)
(1.16975 0.00579308 0)
(1.16942 0.00466323 0)
(1.16893 0.00358358 4.28299e-12)
(1.16843 0.00253829 -4.28299e-12)
(1.16804 0.00151496 0)
(1.16784 0.000503713 0)
(0.889684 0.0294651 0)
(0.940543 0.0287827 0)
(0.987223 0.0274502 0)
(1.02855 0.0256326 0)
(1.06387 0.0235122 0)
(1.09302 0.0212478 0)
(1.11623 0.0189692 0)
(1.13402 0.0167715 0)
(1.14711 0.0147151 3.06342e-28)
(1.1563 0.0128299 -3.06342e-28)
(1.1624 0.0111216 0)
(1.16614 0.00957884 0)
(1.16817 0.00818038 0)
(1.16904 0.00690083 0)
(1.16916 0.00571458 3.48122e-28)
(1.16887 0.00459845 -3.48122e-28)
(1.16839 0.00353281 4.10838e-12)
(1.16791 0.00250181 -4.10838e-12)
(1.16753 0.00149298 -2.63724e-28)
(1.16733 0.00049637 2.65394e-28)
(0.889561 0.0290755 0)
(0.940042 0.028417 0)
(0.986432 0.027114 0)
(1.02756 0.0253293 0)
(1.06277 0.0232421 1.20674e-28)
(1.09188 0.0210094 -1.20674e-28)
(1.1151 0.0187593 0)
(1.13295 0.0165864 0)
(1.14612 0.0145513 -1.40667e-28)
(1.1554 0.0126843 1.40667e-28)
(1.16158 0.0109918 -1.48793e-28)
(1.1654 0.00946323 1.48793e-28)
(1.1675 0.00807816 0)
(1.16842 0.00681165 0)
(1.16858 0.00563848 0)
(1.16832 0.00453564 0)
(1.16787 0.00348357 0)
(1.1674 0.00246642 0)
(1.16703 0.00147165 0)
(1.16683 0.000489246 0)
(0.889447 0.0286944 0)
(0.939553 0.0280593 0)
(0.985656 0.0267854 0)
(1.02659 0.025033 0)
(1.06168 0.0229786 -2.39139e-28)
(1.09075 0.020777 2.39139e-28)
(1.11399 0.018555 0)
(1.13189 0.0164065 0)
(1.14513 0.0143923 2.79555e-28)
(1.1545 0.0125431 -2.79555e-28)
(1.16076 0.010866 0)
(1.16466 0.00935133 0)
(1.16683 0.00797925 0)
(1.1678 0.00672539 0)
(1.16801 0.00556486 -3.19025e-28)
(1.16777 0.00447486 3.19025e-28)
(1.16734 0.00343592 3.76726e-12)
(1.16689 0.00243216 -3.76726e-12)
(1.16653 0.001451 2.41898e-28)
(1.16633 0.000482348 -2.43429e-28)
(0.889342 0.0283216 0)
(0.939078 0.0277096 0)
(0.984897 0.0264643 0)
(1.02563 0.0247437 0)
(1.06061 0.0227216 0)
(1.08964 0.0205506 0)
(1.11289 0.0183562 -1.32149e-28)
(1.13084 0.0162318 1.32149e-28)
(1.14416 0.0142381 0)
(1.15361 0.0124064 0)
(1.15996 0.0107444 0)
(1.16393 0.00924323 0)
(1.16617 0.00788375 -1.4185e-28)
(1.16719 0.00664211 1.4185e-28)
(1.16744 0.00549379 0)
(1.16724 0.00441619 0)
(1.16683 0.0033899 7.2012e-12)
(1.16639 0.00239907 -7.2012e-12)
(1.16604 0.00143106 -1.67529e-28)
(1.16585 0.000475684 1.6859e-28)
(0.889246 0.0279569 0)
(0.938616 0.0273678 0)
(0.984152 0.0261506 2.26075e-12)
(1.02469 0.0244614 -2.26075e-12)
(1.05956 0.0224711 0)
(1.08854 0.0203302 0)
(1.1118 0.0181631 1.25664e-28)
(1.1298 0.0160624 -1.25664e-28)
(1.14319 0.0140889 -1.21924e-28)
(1.15273 0.0122742 1.21924e-28)
(1.15916 0.010627 0)
(1.16321 0.00913901 0)
(1.16551 0.00779174 0)
(1.16659 0.0065619 0)
(1.16688 0.00542535 0)
(1.16671 0.00435967 0)
(1.16632 0.00334557 3.43644e-12)
(1.1659 0.00236719 -3.43644e-12)
(1.16556 0.00141184 0)
(1.16537 0.000469261 0)
(0.889159 0.0276002 0)
(0.938166 0.0270337 0)
(0.983422 0.0258442 2.13765e-12)
(1.02377 0.024186 -2.13765e-12)
(1.05852 0.022227 0)
(1.08745 0.0201159 0)
(1.11072 0.0179757 -1.64681e-28)
(1.12877 0.0158983 1.64681e-28)
(1.14224 0.0139447 0)
(1.15185 0.0121468 0)
(1.15837 0.010514 0)
(1.1625 0.00903878 0)
(1.16486 0.00770332 -3.10336e-12)
(1.16599 0.00648485 3.10336e-12)
(1.16632 0.0053596 2.77078e-28)
(1.16618 0.00430538 -2.77078e-28)
(1.16582 0.00330298 3.2747e-12)
(1.16541 0.00233656 -3.2747e-12)
(1.16508 0.00139337 0)
(1.16489 0.000463088 0)
(0.889081 0.0272515 0)
(0.937729 0.0267072 0)
(0.982707 0.0255452 4.59319e-30)
(1.02286 0.0239175 -4.59319e-30)
(1.0575 0.0219895 0)
(1.08638 0.0199078 0)
(1.10966 0.017794 1.13095e-28)
(1.12776 0.0157397 -1.13095e-28)
(1.14129 0.0138055 1.10021e-28)
(1.15099 0.0120242 -1.10021e-28)
(1.15759 0.0104055 0)
(1.16179 0.00894262 0)
(1.16422 0.00761856 -5.90052e-12)
(1.1654 0.00641103 5.90052e-12)
(1.16578 0.00529662 -1.26594e-28)
(1.16567 0.00425337 1.26594e-28)
(1.16532 0.00326218 6.23058e-12)
(1.16493 0.0023072 -6.23058e-12)
(1.16461 0.00137567 1.45005e-28)
(1.16443 0.000457172 -1.45923e-28)
(0.889012 0.0269104 -1.4629e-28)
(0.937304 0.0263882 1.46464e-28)
(0.982007 0.0252534 2.16897e-29)
(1.02196 0.0236559 -2.16897e-29)
(1.05649 0.0217585 0)
(1.08533 0.0197058 0)
(1.10861 0.0176181 -1.47689e-28)
(1.12675 0.0155866 1.47689e-28)
(1.14035 0.0136716 -2.16986e-28)
(1.15013 0.0119064 2.16986e-28)
(1.15681 0.0103014 0)
(1.16108 0.00885062 0)
(1.16358 0.00753756 -5.59918e-12)
(1.16482 0.00634052 5.59918e-12)
(1.16523 0.00523648 0)
(1.16515 0.00420372 0)
(1.16483 0.00322322 2.95814e-12)
(1.16446 0.00227916 -2.95814e-12)
(1.16414 0.00135876 0)
(1.16396 0.00045152 0)
(0.888951 0.026577 6.5794e-29)
(0.936892 0.0260766 -6.58717e-29)
(0.981321 0.0249687 0)
(1.02109 0.0234011 0)
(1.05549 0.0215339 0)
(1.08428 0.0195099 0)
(1.10757 0.0174482 1.01037e-28)
(1.12576 0.015439 -1.01037e-28)
(1.13943 0.013543 9.85634e-29)
(1.14928 0.0117936 -9.85634e-29)
(1.15604 0.010202 0)
(1.16039 0.00876288 0)
(1.16294 0.00746041 -2.65127e-12)
(1.16424 0.00627342 2.65127e-12)
(1.16469 0.00517927 0)
(1.16465 0.00415647 0)
(1.16435 0.00318614 0)
(1.16399 0.00225248 0)
(1.16368 0.00134266 -1.30505e-28)
(1.16351 0.00044614 1.31331e-28)
(0.888899 0.026251 -1.27854e-28)
(0.936492 0.0257723 1.28004e-28)
(0.98065 0.0246911 0)
(1.02022 0.0231531 0)
(1.05451 0.0213159 0)
(1.08326 0.0193203 0)
(1.10655 0.0172841 0)
(1.12477 0.0152971 0)
(1.13851 0.0134197 0)
(1.14844 0.0116859 0)
(1.15527 0.0101074 0)
(1.15969 0.00867951 0)
(1.16232 0.0073872 -2.50521e-12)
(1.16366 0.00620979 2.50521e-12)
(1.16416 0.00512504 0)
(1.16414 0.0041117 0)
(1.16387 0.003151 -2.29008e-28)
(1.16352 0.00222719 2.29008e-28)
(1.16322 0.0013274 0)
(1.16306 0.000441039 0)
(0.888856 0.0259323 5.71533e-29)
(0.936104 0.0254752 -5.72197e-29)
(0.979993 0.0244205 3.56112e-30)
(1.01938 0.022912 -3.56112e-30)
(1.05355 0.0211044 0)
(1.08224 0.019137 0)
(1.10553 0.0171261 0)
(1.1238 0.0151609 0)
(1.1376 0.0133019 -8.75254e-29)
(1.1476 0.0115834 8.75254e-29)
(1.15451 0.0100176 0)
(1.15901 0.00860061 0)
(1.16169 0.00731804 -4.72265e-12)
(1.16309 0.00614975 4.72265e-12)
(1.16363 0.00507389 0)
(1.16364 0.00406947 0)
(1.16339 0.00311785 2.49931e-12)
(1.16306 0.00220332 -2.49931e-12)
(1.16277 0.001313 0)
(1.16261 0.000436224 0)
(0.888821 0.0256207 0)
(0.935728 0.0251851 0)
(0.97935 0.0241569 -3.31825e-30)
(1.01854 0.0226775 3.31825e-30)
(1.0526 0.0208995 0)
(1.08124 0.01896 0)
(1.10453 0.0169742 0)
(1.12283 0.0150306 0)
(1.13669 0.0131898 0)
(1.14677 0.0114861 0)
(1.15376 0.00993271 0)
(1.15833 0.00852628 0)
(1.16107 0.00725302 -2.21953e-12)
(1.16252 0.00609337 2.21953e-12)
(1.1631 0.00502588 0)
(1.16315 0.00402984 0)
(1.16292 0.00308674 4.70056e-12)
(1.16261 0.00218093 -4.70056e-12)
(1.16233 0.00129948 1.09448e-28)
(1.16217 0.000431704 -1.10141e-28)
(0.888795 0.0253161 -1.01863e-28)
(0.935364 0.0249021 1.01979e-28)
(0.978721 0.0239001 0)
(1.01772 0.0224499 0)
(1.05167 0.0207012 0)
(1.08025 0.0187894 0)
(1.10354 0.0168285 0)
(1.12188 0.0149063 0)
(1.1358 0.0130833 0)
(1.14595 0.0113943 0)
(1.15301 0.00985297 1.71009e-28)
(1.15765 0.00845666 -1.71009e-28)
(1.16046 0.00719225 0)
(1.16196 0.00604075 0)
(1.16258 0.00498112 0)
(1.16266 0.00399289 0)
(1.16246 0.00305773 4.40609e-12)
(1.16215 0.00216003 -4.40609e-12)
(1.16189 0.00128687 -1.41607e-28)
(1.16173 0.000427486 1.42504e-28)
(0.888778 0.0250184 4.498e-29)
(0.935012 0.0246259 -4.50308e-29)
(0.978106 0.0236502 0)
(1.01692 0.022229 0)
(1.05075 0.0205096 0)
(1.07928 0.0186253 0)
(1.10256 0.0166891 0)
(1.12093 0.0147881 0)
(1.13491 0.0129827 0)
(1.14513 0.0113081 0)
(1.15227 0.00977844 -7.66755e-29)
(1.15698 0.00839186 7.66755e-29)
(1.15985 0.00713586 0)
(1.1614 0.005992 0)
(1.16207 0.00493966 0)
(1.16218 0.00395868 0)
(1.16199 0.00303087 2.05752e-12)
(1.16171 0.00214068 -2.05752e-12)
(1.16145 0.00127519 9.58225e-29)
(1.1613 0.000423577 -9.64292e-29)
(0.888769 0.0247272 0)
(0.934672 0.0243564 0)
(0.977506 0.0234071 0)
(1.01613 0.0220149 0)
(1.04984 0.0203246 0)
(1.07832 0.0184679 0)
(1.1016 0.0165562 0)
(1.12 0.0146762 0)
(1.13404 0.0128882 1.38667e-28)
(1.14433 0.0112276 -1.38667e-28)
(1.15153 0.00970929 1.48383e-28)
(1.15631 0.00833201 -1.48383e-28)
(1.15924 0.00708395 -1.80576e-12)
(1.16085 0.00594721 1.80576e-12)
(1.16155 0.00490162 1.61666e-28)
(1.16169 0.0039273 -1.61666e-28)
(1.16153 0.00300622 1.91359e-12)
(1.16127 0.00212291 -1.91359e-12)
(1.16102 0.00126445 -1.23006e-28)
(1.16087 0.000419986 1.23785e-28)
(0.888769 0.0244426 0)
(0.934345 0.0240936 0)
(0.976919 0.0231708 0)
(1.01536 0.0218076 0)
(1.04895 0.0201465 0)
(1.07737 0.0183171 0)
(1.10064 0.0164298 0)
(1.11908 0.0145707 0)
(1.13317 0.0127998 -6.16127e-29)
(1.14352 0.011153 6.16127e-29)
(1.1508 0.00964566 0)
(1.15565 0.00827727 0)
(1.15864 0.00703665 -3.3428e-12)
(1.1603 0.0059065 3.3428e-12)
(1.16104 0.00486708 0)
(1.16122 0.0038988 0)
(1.16108 0.00298383 3.54231e-12)
(1.16083 0.00210676 -3.54231e-12)
(1.16059 0.00125469 8.24845e-29)
(1.16045 0.00041672 -8.30067e-29)
(0.888778 0.0241642 0)
(0.934029 0.0238373 0)
(0.976346 0.0229412 0)
(1.0146 0.0216072 0)
(1.04807 0.0199752 0)
(1.07643 0.0181732 0)
(1.0997 0.0163102 0)
(1.11816 0.0144717 0)
(1.1323 0.0127177 0)
(1.14273 0.0110845 0)
(1.15008 0.00958773 0)
(1.15499 0.00822778 0)
(1.15804 0.0069941 -3.07732e-12)
(1.15975 0.00586998 3.07732e-12)
(1.16053 0.00483612 -6.61685e-29)
(1.16074 0.00387326 6.61685e-29)
(1.16063 0.00296375 1.63012e-12)
(1.16039 0.00209227 -1.63012e-12)
(1.16016 0.00124593 0)
(1.16003 0.000413786 0)
(0.888796 0.0238919 -6.28466e-29)
(0.933726 0.0235875 6.29149e-29)
(0.975788 0.0227183 0)
(1.01386 0.0214136 0)
(1.04721 0.0198109 0)
(1.07551 0.0180363 0)
(1.09877 0.0161976 0)
(1.11725 0.0143796 0)
(1.13145 0.0126423 0)
(1.14194 0.0110222 0)
(1.14936 0.00953567 0)
(1.15433 0.0081837 0)
(1.15745 0.00695644 -2.81486e-12)
(1.1592 0.00583777 2.81486e-12)
(1.16003 0.00480886 0)
(1.16027 0.00385077 0)
(1.16018 0.00294605 1.49037e-12)
(1.15995 0.00207949 -1.49037e-12)
(1.15974 0.00123819 0)
(1.15961 0.000411194 0)
(0.888824 0.0236255 2.67539e-29)
(0.933436 0.0233441 -2.67827e-29)
(0.975244 0.0225022 0)
(1.01313 0.021227 0)
(1.04636 0.0196538 0)
(1.0746 0.0179066 0)
(1.09784 0.0160921 0)
(1.11636 0.0142945 0)
(1.1306 0.0125736 0)
(1.14115 0.0109664 0)
(1.14864 0.00948969 -5.04567e-29)
(1.15368 0.00814522 5.04567e-29)
(1.15685 0.00692382 -1.27761e-12)
(1.15866 0.00580999 1.27761e-12)
(1.15953 0.00478538 0)
(1.1598 0.00383139 0)
(1.15973 0.00293079 2.70358e-12)
(1.15952 0.00206844 -2.70358e-12)
(1.15931 0.00123149 -6.2932e-29)
(1.15919 0.000408948 6.33304e-29)
(0.888861 0.0233649 0)
(0.933158 0.0231069 0)
(0.974715 0.0222928 0)
(1.01241 0.0210476 0)
(1.04552 0.0195039 0)
(1.0737 0.0177843 0)
(1.09693 0.015994 0)
(1.11547 0.0142167 0)
(1.12976 0.0125121 8.83034e-29)
(1.14037 0.0109173 -8.83034e-29)
(1.14793 0.00944999 0)
(1.15303 0.0081125 0)
(1.15626 0.00689639 0)
(1.15812 0.00578677 0)
(1.15903 0.0047658 0)
(1.15933 0.00381522 0)
(1.15928 0.00291801 1.21427e-12)
(1.15909 0.00205917 -1.21427e-12)
(1.1589 0.00122586 0)
(1.15878 0.000407057 0)
(0.888908 0.0231097 0)
(0.932894 0.0228759 0)
(0.9742 0.0220901 0)
(1.01171 0.0208753 0)
(1.0447 0.0193617 0)
(1.07282 0.0176697 0)
(1.09604 0.0159037 0)
(1.11459 0.0141465 0)
(1.12893 0.0124578 0)
(1.1396 0.0108752 0)
(1.14722 0.00941682 0)
(1.15239 0.00808576 0)
(1.15567 0.00687432 0)
(1.15758 0.00576824 0)
(1.15853 0.0047502 4.3825e-29)
(1.15886 0.00380231 -4.3825e-29)
(1.15884 0.00290778 -4.47362e-29)
(1.15867 0.00205172 4.47362e-29)
(1.15848 0.00122132 5.01408e-29)
(1.15836 0.000405528 -5.04582e-29)
(0.888966 0.02286 0)
(0.932643 0.0226511 0)
(0.9737 0.0218944 5.3192e-13)
(1.01103 0.0207105 -5.3192e-13)
(1.0439 0.0192272 0)
(1.07195 0.0175631 0)
(1.09515 0.0158214 0)
(1.11372 0.0140842 0)
(1.1281 0.0124112 -6.92551e-29)
(1.13883 0.0108403 6.92551e-29)
(1.14651 0.00939041 0)
(1.15174 0.0080652 0)
(1.15509 0.00685777 0)
(1.15704 0.00575455 0)
(1.15803 0.00473871 -7.98215e-29)
(1.15839 0.00379276 7.98215e-29)
(1.1584 0.00290016 8.13939e-29)
(1.15824 0.00204612 -8.13939e-29)
(1.15806 0.00121788 -6.04574e-29)
(1.15795 0.000404364 6.08402e-29)
(0.889034 0.0226154 0)
(0.932405 0.0224324 0)
(0.973216 0.0217056 4.539e-13)
(1.01036 0.0205533 -4.539e-13)
(1.04311 0.0191007 0)
(1.07109 0.0174649 0)
(1.09427 0.0157474 -2.91634e-29)
(1.11286 0.0140301 2.91634e-29)
(1.12728 0.0123726 0)
(1.13807 0.0108131 0)
(1.14581 0.00937103 0)
(1.1511 0.00805104 0)
(1.1545 0.00684694 0)
(1.15651 0.00574581 0)
(1.15753 0.00473141 0)
(1.15793 0.00378663 0)
(1.15795 0.00289518 0)
(1.15781 0.0020424 0)
(1.15765 0.00121556 0)
(1.15754 0.000403571 0)
(0.889114 0.0223758 0)
(0.932182 0.0222199 0)
(0.972748 0.0215239 8.62327e-31)
(1.00971 0.020404 -8.62327e-31)
(1.04233 0.0189828 0)
(1.07025 0.0173754 0)
(1.09341 0.0156823 0)
(1.11201 0.0139848 0)
(1.12647 0.0123424 0)
(1.13731 0.0107937 0)
(1.14511 0.00935897 0)
(1.15046 0.00804352 0)
(1.15392 0.00684199 0)
(1.15597 0.00574218 0)
(1.15704 0.00472842 0)
(1.15746 0.003784 0)
(1.15751 0.0028929 -2.79127e-29)
(1.15739 0.00204059 2.79127e-29)
(1.15723 0.00121437 0)
(1.15713 0.000403149 0)
(0.889206 0.0221414 -1.77019e-29)
(0.931974 0.0220136 1.77196e-29)
(0.972296 0.0213496 0)
(1.00907 0.0202629 0)
(1.04157 0.0188736 0)
(1.06942 0.017295 0)
(1.09255 0.0156265 0)
(1.11117 0.0139486 0)
(1.12567 0.0123209 0)
(1.13656 0.0107826 0)
(1.14442 0.00935453 0)
(1.14983 0.00804288 0)
(1.15334 0.00684312 0)
(1.15543 0.0057438 0)
(1.15654 0.00472982 0)
(1.157 0.00378492 0)
(1.15707 0.00289335 5.38365e-13)
(1.15696 0.00204072 -5.38365e-13)
(1.15682 0.00121432 3.44362e-29)
(1.15672 0.000403096 -3.46542e-29)
(0.889309 0.0219121 5.90069e-30)
(0.931784 0.0218137 -5.90653e-30)
(0.971864 0.0211829 0)
(1.00846 0.0201305 0)
(1.04084 0.018774 0)
(1.06861 0.0172246 0)
(1.09172 0.0155806 1.62556e-29)
(1.11034 0.0139221 -1.62556e-29)
(1.12487 0.0123088 1.57058e-29)
(1.13581 0.0107802 -1.57058e-29)
(1.14373 0.00935805 1.62487e-29)
(1.14919 0.00804938 -1.62487e-29)
(1.15276 0.00685052 -3.98151e-13)
(1.1549 0.00575079 3.98151e-13)
(1.15605 0.0047357 0)
(1.15653 0.00378946 0)
(1.15663 0.00289658 4.04522e-13)
(1.15654 0.00204281 -4.04522e-13)
(1.1564 0.0012154 -1.86962e-29)
(1.15631 0.000403389 1.88146e-29)
(0.889433 0.0216875 -7.15194e-30)
(0.931602 0.0216198 7.15893e-30)
(0.971435 0.021024 0)
(1.00784 0.0200074 0)
(1.04009 0.0186846 0)
(1.0678 0.017165 0)
(1.09087 0.0155458 -1.70528e-29)
(1.10951 0.0139065 1.70528e-29)
(1.12407 0.012307 -2.41695e-29)
(1.13506 0.0107874 2.41695e-29)
(1.14303 0.00937034 -2.42394e-29)
(1.14855 0.00806367 2.42394e-29)
(1.15217 0.00686469 -5.55215e-13)
(1.15436 0.00576353 5.55215e-13)
(1.15555 0.00474635 0)
(1.15606 0.0037978 0)
(1.15618 0.0029027 -2.35794e-29)
(1.15611 0.00204693 2.35794e-29)
(1.15598 0.00121765 0)
(1.1559 0.00040405 0)
(0.889619 0.0214992 1.15372e-30)
(0.931383 0.021456 -1.15216e-30)
(0.970879 0.0208895 0)
(1.00703 0.0199041 0)
(1.03909 0.0186115 0)
(1.06668 0.0171191 0)
(1.08972 0.0155227 8.93069e-30)
(1.10835 0.0139012 -8.92146e-30)
(1.12295 0.0123144 0)
(1.134 0.0108029 0)
(1.14205 0.00938994 0)
(1.14765 0.00808439 0)
(1.15134 0.00688443 -3.28938e-13)
(1.1536 0.00578099 3.28897e-13)
(1.15483 0.0047609 0)
(1.1554 0.00380927 0)
(1.15555 0.00291121 1.47142e-13)
(1.1555 0.00205282 -1.47143e-13)
(1.15539 0.00122154 6.6181e-30)
(1.15531 0.000405602 -6.66047e-30)
(0.835042 0.0400422 -2.41367e-20)
(0.835204 0.0394243 4.18893e-20)
(0.835374 0.0388178 -2.68632e-20)
(0.835551 0.0382226 2.9442e-20)
(0.835736 0.0376385 -4.38608e-20)
(0.835929 0.0370656 1.17338e-20)
(0.836128 0.0365037 3.12474e-20)
(0.836333 0.0359527 -4.04249e-20)
(0.836545 0.0354125 9.55636e-21)
(0.836763 0.0348831 -7.67399e-21)
(0.836987 0.0343642 -9.90835e-22)
(0.837217 0.0338558 1.18825e-20)
(0.837452 0.0333577 3.84502e-21)
(0.837692 0.0328698 -7.10433e-21)
(0.837937 0.0323919 -5.07872e-21)
(0.838187 0.0319239 1.07197e-20)
(0.838442 0.0314657 -4.88385e-21)
(0.838701 0.031017 3.49871e-21)
(0.838965 0.0305778 -2.32739e-21)
(0.839234 0.0301479 1.79315e-21)
(0.839506 0.0297271 6.32758e-21)
(0.839783 0.0293153 -9.65643e-21)
(0.840064 0.0289123 -4.43623e-21)
(0.840349 0.028518 6.81019e-21)
(0.840638 0.0281322 -2.73769e-21)
(0.840932 0.0277547 1.39948e-21)
(0.841229 0.0273854 6.07316e-22)
(0.84153 0.0270241 -5.11543e-21)
(0.841834 0.0266706 4.93393e-21)
(0.842143 0.0263247 -3.56283e-22)
(0.842456 0.0259863 1.25891e-21)
(0.842773 0.0256552 1.48641e-22)
(0.843093 0.0253311 -1.89813e-21)
(0.843418 0.025014 -5.74074e-22)
(0.843747 0.0247034 1.16542e-21)
(0.84408 0.0243994 6.14155e-22)
(0.844418 0.0241015 -5.07579e-22)
(0.84476 0.0238095 2.05252e-22)
(0.845107 0.0235232 1.20362e-22)
(0.84546 0.0232423 -1.59835e-23)
(0.845817 0.0229664 6.40365e-23)
(0.846181 0.0226953 -1.27063e-22)
(0.846551 0.0224287 -1.3353e-22)
(0.846927 0.0221661 2.19041e-22)
(0.847312 0.0219074 -7.06835e-23)
(0.847704 0.0216527 -2.97412e-24)
(0.8481 0.0214017 2.50936e-23)
(0.848531 0.0211544 1.45901e-25)
(0.849118 0.0209499 -1.01791e-25)
(0.775523 0.0386708 -1.05392e-20)
(0.776331 0.0380667 -9.01714e-22)
(0.777136 0.0374739 2.03792e-20)
(0.777937 0.0368922 -1.23576e-20)
(0.778734 0.0363215 4.21161e-21)
(0.779527 0.0357618 2.58638e-20)
(0.780316 0.0352129 -1.45605e-20)
(0.781101 0.0346747 -1.75722e-20)
(0.781882 0.0341471 1.75857e-20)
(0.782659 0.0336299 -1.71604e-20)
(0.783432 0.033123 7.3132e-21)
(0.784201 0.0326263 1.25908e-20)
(0.784965 0.0321397 -1.78527e-22)
(0.785726 0.0316629 -9.9231e-21)
(0.786483 0.0311958 1.05094e-20)
(0.787235 0.0307384 -3.98563e-21)
(0.787984 0.0302903 -4.89698e-21)
(0.788728 0.0298515 -5.45483e-22)
(0.789469 0.0294218 -4.04978e-21)
(0.790206 0.0290011 3.04663e-21)
(0.79094 0.0285892 6.59258e-22)
(0.791669 0.0281859 2.13946e-21)
(0.792395 0.027791 -6.59469e-22)
(0.793118 0.0274045 5.35431e-21)
(0.793837 0.027026 -4.87737e-21)
(0.794553 0.0266556 -3.40474e-21)
(0.795265 0.0262929 8.13318e-21)
(0.795975 0.0259379 -4.08577e-21)
(0.796681 0.0255902 -5.20785e-22)
(0.797385 0.0252498 1.02753e-22)
(0.798086 0.0249165 1.23627e-22)
(0.798784 0.02459 -4.42518e-22)
(0.79948 0.0242701 -1.7054e-23)
(0.800174 0.0239565 -5.67885e-22)
(0.800865 0.0236492 1.49707e-21)
(0.801555 0.0233477 -8.17166e-22)
(0.802243 0.0230518 -1.21719e-21)
(0.802929 0.0227611 5.46121e-22)
(0.803615 0.0224754 2.14407e-22)
(0.804299 0.0221943 -3.56529e-22)
(0.804983 0.0219173 2.69694e-22)
(0.805667 0.0216441 -7.10719e-23)
(0.806352 0.021374 -1.21834e-22)
(0.807038 0.0211066 2.21837e-22)
(0.807726 0.0208415 -2.52443e-23)
(0.808415 0.0205785 -1.68726e-23)
(0.8091 0.020317 1.85409e-24)
(0.809836 0.0200572 1.34701e-24)
(0.810811 0.0198454 1.4573e-24)
(0.71366 0.0366609 -2.39145e-20)
(0.715204 0.0360767 -6.87448e-21)
(0.716731 0.0355034 1.58521e-20)
(0.718241 0.0349409 -1.20476e-20)
(0.719734 0.0343892 -7.24875e-21)
(0.721211 0.0338481 2.12564e-20)
(0.722672 0.0333175 1.54992e-21)
(0.724116 0.0327973 3.84056e-21)
(0.725545 0.0322874 -2.36713e-20)
(0.726959 0.0317875 1.06084e-20)
(0.728356 0.0312977 -2.30432e-21)
(0.729739 0.0308176 1.88929e-21)
(0.731107 0.0303473 7.18682e-21)
(0.732461 0.0298864 -8.16922e-21)
(0.7338 0.029435 2.40972e-21)
(0.735124 0.0289927 -1.48934e-21)
(0.736435 0.0285596 -4.28141e-21)
(0.737733 0.0281353 3.94577e-22)
(0.739017 0.0277198 9.0468e-21)
(0.740287 0.0273129 -2.38574e-22)
(0.741545 0.0269145 3.73036e-21)
(0.742791 0.0265243 -1.22865e-20)
(0.744024 0.0261422 1.64529e-21)
(0.745244 0.025768 8.82695e-21)
(0.746453 0.0254017 -2.92822e-23)
(0.747651 0.0250429 -5.7093e-21)
(0.748837 0.0246916 -1.51845e-21)
(0.750011 0.0243476 3.44109e-21)
(0.751175 0.0240106 -1.33435e-21)
(0.752329 0.0236806 -1.14625e-22)
(0.753472 0.0233572 -1.76969e-21)
(0.754605 0.0230404 5.93217e-22)
(0.755728 0.0227298 1.67528e-21)
(0.756841 0.0224253 -5.37616e-22)
(0.757945 0.0221266 2.6674e-22)
(0.75904 0.0218335 5.31151e-22)
(0.760126 0.0215456 -7.85303e-22)
(0.761204 0.0212627 3.37152e-22)
(0.762274 0.0209843 -2.07518e-22)
(0.763335 0.0207101 -1.17343e-22)
(0.76439 0.0204397 -3.47165e-22)
(0.765437 0.0201725 4.43005e-22)
(0.766477 0.019908 -9.03312e-23)
(0.767512 0.0196455 -6.51725e-23)
(0.768541 0.0193842 3.90168e-23)
(0.769565 0.0191236 -5.38955e-25)
(0.770583 0.0188631 1.25059e-23)
(0.771586 0.0186017 -2.80449e-24)
(0.772659 0.0183397 -2.32145e-24)
(0.774051 0.0181286 3.69408e-24)
(0.655014 0.0326079 -1.75361e-21)
(0.657311 0.0320802 6.04051e-21)
(0.659578 0.0315624 -1.0873e-20)
(0.661814 0.0310546 1.93689e-20)
(0.66402 0.0305566 -1.70422e-20)
(0.666197 0.0300683 7.01138e-21)
(0.668344 0.0295896 -4.88212e-21)
(0.670464 0.0291203 1.79544e-21)
(0.672555 0.0286603 5.52412e-21)
(0.674619 0.0282095 8.7137e-22)
(0.676656 0.0277678 3.90754e-21)
(0.678666 0.0273349 -1.26115e-20)
(0.680651 0.0269109 2.86182e-21)
(0.68261 0.0264954 3.96013e-21)
(0.684544 0.0260884 7.55666e-21)
(0.686453 0.0256898 -4.43604e-21)
(0.688338 0.0252993 -3.45239e-22)
(0.6902 0.0249168 -4.54728e-21)
(0.692039 0.0245423 -3.51308e-21)
(0.693854 0.0241755 -4.65559e-21)
(0.695648 0.0238162 9.99564e-21)
(0.69742 0.0234644 -1.74939e-21)
(0.69917 0.0231199 2.11819e-21)
(0.7009 0.0227825 -3.82242e-21)
(0.702608 0.0224521 5.97332e-22)
(0.704297 0.0221285 2.43337e-21)
(0.705966 0.0218115 -3.64207e-21)
(0.707616 0.0215011 2.36393e-21)
(0.709247 0.0211969 1.01046e-21)
(0.710859 0.0208989 -2.74826e-21)
(0.712454 0.0206068 9.36998e-22)
(0.71403 0.0203205 1.71716e-21)
(0.71559 0.0200397 -1.54299e-21)
(0.717132 0.0197643 1.49649e-21)
(0.718658 0.0194939 -1.41745e-21)
(0.720167 0.0192284 2.79991e-22)
(0.721661 0.0189673 -5.58159e-22)
(0.723139 0.0187105 3.68762e-22)
(0.724602 0.0184574 3.71633e-22)
(0.72605 0.0182078 -5.04822e-22)
(0.727483 0.0179611 1.25777e-22)
(0.728903 0.0177168 1.8854e-22)
(0.730309 0.0174741 -2.37211e-22)
(0.731701 0.0172324 4.15665e-23)
(0.733081 0.0169908 2.93787e-23)
(0.734449 0.0167485 -4.47247e-24)
(0.735801 0.0165048 -8.05867e-24)
(0.737127 0.0162582 1.22892e-23)
(0.738543 0.0160096 -4.15689e-24)
(0.740351 0.0158116 -1.504e-23)
(0.602336 0.0271393 1.13427e-20)
(0.605346 0.0266946 -1.55362e-21)
(0.608312 0.0262584 1.05494e-21)
(0.611235 0.0258305 -2.10783e-20)
(0.614115 0.025411 1.55525e-20)
(0.616954 0.0249997 -1.78597e-20)
(0.619752 0.0245965 1.88122e-20)
(0.622509 0.0242013 5.12416e-21)
(0.625227 0.023814 -1.32412e-20)
(0.627906 0.0234345 6.82839e-21)
(0.630548 0.0230625 -6.23453e-21)
(0.633151 0.0226982 -3.66756e-21)
(0.635719 0.0223412 -3.93726e-21)
(0.638251 0.0219914 1.31639e-20)
(0.640747 0.0216489 -7.70207e-21)
(0.643209 0.0213133 -2.61695e-21)
(0.645637 0.0209847 4.5204e-21)
(0.648032 0.0206628 6.73536e-22)
(0.650395 0.0203475 -1.05214e-21)
(0.652726 0.0200388 1.17967e-21)
(0.655025 0.0197364 -5.66773e-22)
(0.657294 0.0194403 3.22005e-22)
(0.659533 0.0191503 -3.21904e-22)
(0.661743 0.0188663 1.07379e-22)
(0.663924 0.0185881 -1.87918e-21)
(0.666077 0.0183156 1.52695e-21)
(0.668202 0.0180487 -1.07365e-21)
(0.6703 0.0177872 6.5119e-22)
(0.672372 0.017531 3.2479e-23)
(0.674417 0.0172799 -2.36961e-22)
(0.676437 0.0170337 -9.92556e-22)
(0.678432 0.0167923 4.18258e-22)
(0.680403 0.0165556 6.16896e-22)
(0.68235 0.0163232 4.87836e-22)
(0.684273 0.0160949 -2.98996e-23)
(0.686173 0.0158707 -3.11053e-23)
(0.688051 0.01565 -1.69228e-22)
(0.689906 0.0154327 -3.76006e-22)
(0.691739 0.0152185 -1.73947e-22)
(0.693551 0.0150068 -1.18738e-22)
(0.695342 0.0147973 2.33164e-22)
(0.697112 0.0145893 -4.16624e-23)
(0.698861 0.0143823 3.22777e-23)
(0.70059 0.0141755 3.47546e-23)
(0.702299 0.0139679 -2.19808e-23)
(0.70399 0.0137588 4.28769e-24)
(0.705654 0.0135475 6.93186e-26)
(0.707282 0.0133324 -1.88674e-24)
(0.709019 0.0131146 1.15034e-23)
(0.711211 0.0129432 2.49807e-24)
(0.559118 0.020408 -9.23026e-21)
(0.562736 0.0200704 7.88566e-21)
(0.566298 0.0197392 3.936e-21)
(0.569806 0.0194145 -2.88715e-21)
(0.57326 0.019096 2.35157e-21)
(0.576663 0.0187839 2.57593e-21)
(0.580014 0.0184779 -3.53859e-21)
(0.583315 0.0181779 5.64931e-21)
(0.586567 0.017884 -3.52442e-22)
(0.58977 0.017596 -4.86619e-21)
(0.592926 0.0173138 9.43773e-22)
(0.596036 0.0170373 4.81734e-22)
(0.5991 0.0167665 5.80077e-21)
(0.602119 0.0165012 -4.00694e-21)
(0.605094 0.0162413 -1.17503e-21)
(0.608026 0.0159867 -3.40605e-22)
(0.610917 0.0157374 2.20248e-21)
(0.613766 0.0154932 -1.93945e-21)
(0.616574 0.0152541 4.29601e-21)
(0.619343 0.0150198 -5.99987e-21)
(0.622073 0.0147905 6.45546e-22)
(0.624765 0.0145658 2.03537e-21)
(0.62742 0.0143458 -1.57186e-21)
(0.630038 0.0141303 7.19359e-22)
(0.632621 0.0139193 2.14768e-21)
(0.635168 0.0137125 -1.01552e-21)
(0.637681 0.01351 2.03081e-22)
(0.64016 0.0133116 -7.52639e-22)
(0.642606 0.0131171 1.52184e-21)
(0.64502 0.0129265 -1.67941e-21)
(0.647402 0.0127396 3.72353e-22)
(0.649753 0.0125564 3.32678e-22)
(0.652073 0.0123765 -4.82906e-22)
(0.654363 0.0122 1.06663e-21)
(0.656624 0.0120265 -1.17403e-21)
(0.658856 0.011856 7.3004e-22)
(0.661059 0.0116882 -1.45588e-22)
(0.663234 0.0115228 -5.25289e-23)
(0.665382 0.0113595 1.58327e-22)
(0.667502 0.0111981 -9.14714e-23)
(0.669596 0.0110381 5.819e-23)
(0.671663 0.0108791 -1.10255e-22)
(0.673703 0.0107205 -4.55523e-23)
(0.675717 0.0105617 6.82431e-23)
(0.677705 0.0104018 -1.26218e-23)
(0.679667 0.0102402 -3.66271e-24)
(0.681595 0.0100763 5.87502e-25)
(0.683476 0.00990873 1.07976e-23)
(0.685485 0.00973873 2.92687e-24)
(0.687997 0.00960618 -2.47622e-24)
(0.524282 0.0128903 6.25658e-21)
(0.528406 0.0126751 4.38739e-21)
(0.532466 0.012464 -9.31564e-21)
(0.536463 0.012257 3.40787e-21)
(0.540397 0.012054 -3.65451e-21)
(0.544271 0.011855 1.02431e-20)
(0.548084 0.0116599 -1.27027e-20)
(0.551839 0.0114687 6.16136e-21)
(0.555536 0.0112812 -2.63288e-21)
(0.559177 0.0110975 1.96477e-21)
(0.562763 0.0109176 -3.02702e-23)
(0.566294 0.0107412 8.10886e-22)
(0.569772 0.0105684 -2.53902e-21)
(0.573197 0.0103992 1.50092e-21)
(0.576572 0.0102334 -7.51238e-22)
(0.579896 0.010071 5.81827e-22)
(0.583171 0.00991194 -1.00791e-22)
(0.586398 0.00975616 2.0531e-22)
(0.589578 0.00960359 1.6784e-21)
(0.592712 0.00945416 -1.61061e-22)
(0.5958 0.00930782 -1.12907e-21)
(0.598843 0.0091645 1.8969e-21)
(0.601844 0.00902414 -1.73212e-21)
(0.604801 0.00888667 1.19008e-21)
(0.607717 0.00875203 -6.94009e-22)
(0.610591 0.00862015 -3.54354e-22)
(0.613426 0.00849096 -4.79445e-22)
(0.616221 0.0083644 3.18558e-22)
(0.618977 0.00824039 1.56007e-21)
(0.621696 0.00811886 -1.47845e-21)
(0.624378 0.00799973 6.21986e-22)
(0.627023 0.00788292 1.37112e-22)
(0.629632 0.00776834 -7.58624e-23)
(0.632207 0.0076559 -1.90355e-22)
(0.634747 0.00754549 1.83551e-22)
(0.637253 0.007437 1.2586e-22)
(0.639726 0.0073303 -4.93327e-22)
(0.642166 0.00722525 1.92183e-22)
(0.644574 0.00712169 2.82669e-23)
(0.64695 0.00701942 1.7032e-22)
(0.649294 0.00691823 -1.26136e-22)
(0.651608 0.00681785 -2.03127e-23)
(0.65389 0.00671798 1.34787e-23)
(0.656142 0.00661823 5.35495e-25)
(0.658362 0.00651817 -9.99918e-24)
(0.660552 0.00641728 8.9963e-25)
(0.662712 0.00631506 3.18943e-24)
(0.66483 0.00621112 -4.32058e-24)
(0.666895 0.00610458 2.38324e-24)
(0.6691 0.00599636 -7.57259e-24)
(0.671842 0.00591257 -4.95191e-24)
(0.50809 0.00437214 1.61912e-21)
(0.512452 0.00429893 3.18528e-22)
(0.516745 0.00422711 -1.55327e-21)
(0.520971 0.00415668 -4.24874e-22)
(0.52513 0.00408761 1.27427e-21)
(0.529224 0.00401989 1.98037e-21)
(0.533255 0.00395351 -2.643e-21)
(0.537222 0.00388844 3.03362e-22)
(0.541129 0.00382467 1.42693e-21)
(0.544975 0.00376217 -7.23751e-22)
(0.548761 0.00370094 1.06395e-21)
(0.55249 0.00364094 -1.72879e-21)
(0.556162 0.00358216 1.05951e-21)
(0.559779 0.00352458 1.38529e-22)
(0.563341 0.00346818 3.66081e-22)
(0.566849 0.00341293 -5.61655e-22)
(0.570305 0.00335882 6.74817e-22)
(0.573709 0.00330582 -5.77169e-22)
(0.577063 0.00325392 -2.21566e-22)
(0.580368 0.00320308 -1.6158e-22)
(0.583624 0.0031533 4.16037e-22)
(0.586833 0.00310454 -4.59886e-22)
(0.589996 0.00305679 2.4208e-22)
(0.593113 0.00301003 -2.3221e-22)
(0.596185 0.00296422 -1.48427e-22)
(0.599214 0.00291936 2.52479e-22)
(0.602199 0.00287541 2.9184e-22)
(0.605143 0.00283235 -2.13179e-22)
(0.608046 0.00279016 -1.3253e-22)
(0.610908 0.00274881 2.00801e-22)
(0.61373 0.00270828 5.9535e-23)
(0.616514 0.00266853 -1.57762e-22)
(0.61926 0.00262954 5.82363e-23)
(0.621968 0.00259128 -2.81143e-22)
(0.62464 0.0025537 2.53712e-22)
(0.627275 0.00251678 -5.31427e-23)
(0.629875 0.00248045 -6.52257e-23)
(0.63244 0.00244469 -2.5087e-23)
(0.63497 0.00240942 2.97183e-23)
(0.637466 0.00237458 3.36416e-23)
(0.639929 0.0023401 -5.14028e-23)
(0.642358 0.00230588 3.37148e-23)
(0.644754 0.00227182 -1.86279e-23)
(0.647116 0.00223778 -1.62655e-24)
(0.649445 0.0022036 4.515e-24)
(0.651741 0.0021691 -8.3356e-25)
(0.654004 0.00213411 7.16699e-26)
(0.656222 0.00209849 -6.43052e-25)
(0.658383 0.00206193 -3.82362e-24)
(0.660692 0.00202478 6.96445e-24)
(0.663553 0.00199611 2.20722e-24)
)
;

boundaryField
{
    inlet
    {
        type            uniformFixedValue;
        uniformValue    constant (1 0 0);
        value           nonuniform 0();
    }
    outlet
    {
        type            pressureInletOutletVelocity;
        value           nonuniform List<vector> 
28
(
(0.849118 0.0209499 -1.01791e-25)
(0.810811 0.0198454 1.4573e-24)
(0.774051 0.0181286 3.69408e-24)
(0.740351 0.0158116 -1.504e-23)
(0.711211 0.0129432 2.49807e-24)
(0.687997 0.00960618 -2.47622e-24)
(0.671842 0.00591257 -4.95191e-24)
(0.663553 0.00199611 2.20722e-24)
(0.889619 0.0214992 1.15372e-30)
(0.931383 0.021456 -1.15216e-30)
(0.970879 0.0208895 0)
(1.00703 0.0199041 0)
(1.03909 0.0186115 0)
(1.06668 0.0171191 0)
(1.08972 0.0155227 8.93069e-30)
(1.10835 0.0139012 -8.92146e-30)
(1.12295 0.0123144 0)
(1.134 0.0108029 0)
(1.14205 0.00938994 0)
(1.14765 0.00808439 0)
(1.15134 0.00688443 -3.28938e-13)
(1.1536 0.00578099 3.28897e-13)
(1.15483 0.0047609 0)
(1.1554 0.00380927 0)
(1.15555 0.00291121 1.47142e-13)
(1.1555 0.00205282 -1.47143e-13)
(1.15539 0.00122154 6.6181e-30)
(1.15531 0.000405602 -6.66047e-30)
)
;
    }
    cylinder
    {
        type            fixedValue;
        value           nonuniform 0();
    }
    top
    {
        type            symmetryPlane;
    }
    bottom
    {
        type            symmetryPlane;
    }
    defaultFaces
    {
        type            empty;
    }
    procBoundary3to2
    {
        type            processor;
        value           nonuniform List<vector> 
30
(
(0.894845 0.0397938 0)
(0.894845 0.0397938 0)
(0.954715 0.0384644 0)
(1.00811 0.0363314 6.57263e-12)
(1.05383 0.0336289 -6.57263e-12)
(1.09143 0.03062 0)
(1.12109 0.0275215 0)
(1.14349 0.024498 0)
(1.15962 0.0216566 0)
(1.17063 0.0190516 0)
(1.17764 0.0166954 0)
(1.18168 0.0145718 0)
(1.18364 0.012649 0)
(1.18421 0.010889 0)
(1.18393 0.009255 0)
(1.1832 0.0077146 0)
(1.18229 0.00624143 0)
(1.18139 0.00481504 8.43683e-12)
(1.18062 0.00342001 -8.43683e-12)
(1.18008 0.00204481 3.90873e-28)
(1.17979 0.000680462 -3.93347e-28)
(0.834889 0.0406713 2.37958e-20)
(0.774711 0.0392861 -1.29155e-20)
(0.774711 0.0392861 -1.29155e-20)
(0.712099 0.0372562 -2.28068e-21)
(0.652685 0.0331457 9.085e-21)
(0.599281 0.0275926 3.66812e-21)
(0.555445 0.0207522 1.56721e-20)
(0.555445 0.0207522 1.56721e-20)
(0.520092 0.0131095 8.19138e-21)
)
;
    }
    procBoundary3to6
    {
        type            processor;
        value           uniform (0.503658 0.00444675 2.21133e-21);
    }
    procBoundary3to7
    {
        type            processor;
        value           nonuniform List<vector> 
51
(
(0.50809 -0.00437214 -1.6661e-21)
(0.512452 -0.00429893 -3.32271e-22)
(0.516745 -0.00422711 1.53521e-21)
(0.520971 -0.00415668 4.81986e-22)
(0.52513 -0.00408761 -1.29099e-21)
(0.529224 -0.00401989 -1.99646e-21)
(0.533255 -0.00395351 2.68825e-21)
(0.537222 -0.00388844 -2.33471e-22)
(0.541129 -0.00382467 -1.44122e-21)
(0.544975 -0.00376217 7.10033e-22)
(0.548761 -0.00370094 -1.00208e-21)
(0.55249 -0.00364094 1.78813e-21)
(0.556162 -0.00358216 2.20705e-22)
(0.559779 -0.00352458 -1.45986e-21)
(0.563341 -0.00346818 -3.77172e-22)
(0.566849 -0.00341293 5.18615e-22)
(0.570305 -0.00335882 3.80608e-22)
(0.573709 -0.00330582 -5.13248e-22)
(0.577063 -0.00325392 2.1481e-22)
(0.580368 -0.00320308 2.02825e-22)
(0.583624 -0.0031533 -4.36181e-22)
(0.586833 -0.00310454 4.5196e-22)
(0.589996 -0.00305679 -2.60219e-22)
(0.593113 -0.00301003 1.88351e-22)
(0.596185 -0.00296422 1.55861e-22)
(0.599214 -0.00291936 -2.67776e-22)
(0.602199 -0.00287541 -2.89372e-22)
(0.605143 -0.00283235 2.01167e-22)
(0.608046 -0.00279016 1.49736e-22)
(0.610908 -0.00274881 -1.9878e-22)
(0.61373 -0.00270828 -7.04946e-23)
(0.616514 -0.00266853 1.47616e-22)
(0.61926 -0.00262954 -6.00393e-23)
(0.621968 -0.00259128 2.90577e-22)
(0.62464 -0.0025537 -2.61515e-22)
(0.627275 -0.00251678 3.51274e-23)
(0.629875 -0.00248045 7.38252e-23)
(0.63244 -0.00244469 1.94927e-23)
(0.63497 -0.00240942 -2.88809e-23)
(0.637466 -0.00237459 -3.78294e-23)
(0.639929 -0.0023401 5.07274e-23)
(0.642358 -0.00230589 -3.65417e-23)
(0.644754 -0.00227182 2.10075e-23)
(0.647116 -0.00223778 1.88437e-24)
(0.649445 -0.0022036 -5.67953e-24)
(0.651741 -0.0021691 6.25873e-25)
(0.654004 -0.00213412 -1.45861e-25)
(0.656222 -0.00209849 1.69599e-24)
(0.658383 -0.00206193 1.50511e-24)
(0.660692 -0.00202478 1.40109e-25)
(0.663553 -0.00199611 1.53621e-24)
)
;
    }
}


// ************************************************************************* //
