/*--------------------------------*- C++ -*----------------------------------*\
  =========                 |
  \\      /  F ield         | OpenFOAM: The Open Source CFD Toolbox
   \\    /   O peration     | Website:  https://openfoam.org
    \\  /    A nd           | Version:  7
     \\/     M anipulation  |
\*---------------------------------------------------------------------------*/
FoamFile
{
    version     2.0;
    format      ascii;
    class       surfaceScalarField;
    location    "45";
    object      phi;
}
// * * * * * * * * * * * * * * * * * * * * * * * * * * * * * * * * * * * * * //

dimensions      [0 3 -1 0 0 0 0];

internalField   nonuniform List<scalar> 
6855
(
-7.49536e-05
2.44506e-09
6.63515e-09
-0.00060938
2.94692e-10
-0.0014911
4.93883e-10
5.23423e-10
-0.00060938
0.00060938
-0.0014911
0.00088172
-0.00240521
0.000914106
-0.00333417
0.000928969
-0.0042941
0.000959932
-0.00529479
0.00100068
-0.00634602
0.00105123
-0.00745478
0.00110876
-0.00862715
0.00117238
0.00124436
-0.00987151
-0.000600086
0.00120947
-0.00147335
0.00175499
-0.00238055
0.00182131
-0.00330292
0.00185133
-0.00425628
0.00191329
-0.0052504
0.00199481
-0.00629514
0.00209597
-0.00739763
0.00221125
-0.00856412
0.00233886
0.00248303
-0.00980278
-0.000581588
0.00179105
-0.00143797
0.00261137
-0.00233132
0.00271466
-0.00324048
0.00276049
-0.0041807
0.00285351
-0.00516169
0.0029758
-0.00619331
0.0031276
-0.00728316
0.00330109
-0.00843747
0.00349317
0.00370923
-0.00966368
-0.000554171
0.00234522
-0.00138522
0.00344242
-0.00225765
0.00358709
-0.00314708
0.00364992
-0.00406771
0.00377413
-0.00502904
0.00393713
-0.00604085
0.00413941
-0.00711127
0.00437151
-0.00824671
0.00462861
0.00491555
-0.00945303
-0.000518858
0.00286408
-0.00131534
0.00423891
-0.00215956
0.00443131
-0.00302272
0.00451309
-0.00391724
0.00466865
-0.0048523
0.00487219
-0.00583753
0.00512464
-0.00688189
0.00541587
-0.00799188
0.0057386
0.0060945
-0.00917083
-0.000477762
0.00334184
-0.00122838
0.00498953
-0.0020374
0.00524032
-0.00286834
0.00534402
-0.00373103
0.00553135
-0.00463407
0.00577523
-0.00558633
0.0060769
-0.00659741
0.00642694
-0.00767458
0.00681578
0.00723812
-0.00881821
-0.000425025
0.00376687
-0.00112304
0.00568754
-0.00189093
0.00600822
-0.0026835
0.0061366
-0.00350769
0.00635553
-0.00437136
0.00663891
-0.00528245
0.00698799
-0.00625196
0.00739645
-0.00729154
0.00785535
0.0083428
-0.00839622
-0.000362156
0.00412903
-0.000999646
0.00632503
-0.00172052
0.00672909
-0.00246952
0.00688559
-0.00325049
0.00713651
-0.00407136
0.00745977
-0.00493863
0.00785526
-0.00586132
0.00831914
-0.00685416
0.00884819
0.00939937
-0.00791072
-0.000290138
0.00441916
-0.000858908
0.0068938
-0.00152659
0.00739678
-0.00222666
0.00758566
-0.00295846
0.00786831
-0.00372898
0.00823029
-0.00454187
0.00866815
-0.00540106
0.00917832
-0.00632616
0.0097733
0.010427
-0.0073538
-0.000209276
0.00462844
-0.000701533
0.00738606
-0.00130973
0.00800497
-0.00195593
0.00823186
-0.00263384
0.00854622
-0.00335021
0.00894666
-0.00411026
0.0094282
-0.00491675
0.00998482
-0.00577066
0.0106272
0.0114264
-0.00677001
-0.000119083
0.00474752
-0.000528701
0.00779567
-0.00107075
0.00854702
-0.00165855
0.00881966
-0.00227831
0.00916598
-0.00293516
0.00960352
-0.00363389
0.0101269
-0.00437727
0.0107282
-0.00516922
0.0114191
0.0121996
-0.00594247
-1.30085e-05
0.00476053
-0.000341683
0.00812435
-0.000809926
0.00901526
-0.00133567
0.0093454
-0.00189331
0.00972363
-0.00248595
0.0101962
-0.00311788
0.0107589
-0.00379062
0.0114009
-0.00449937
0.0121279
0.0129525
-0.00525226
7.31757e-05
0.00468735
-0.000139651
0.00833718
-0.000529386
0.009405
-0.000989022
0.00980503
-0.00148086
0.0102155
-0.00200616
0.0107214
-0.00256895
0.0113216
-0.00317357
0.0120056
-0.00382165
0.012776
0.0136372
-0.00450636
0.000166749
0.00452061
7.5269e-05
0.00842866
-0.000233584
0.00971385
-0.000620254
0.0101917
-0.00104293
0.0106381
-0.00149861
0.0111771
-0.00198973
0.0118128
-0.00252194
0.0125378
-0.00309411
0.0133481
0.014246
-0.0037029
0.000262022
0.00425858
0.000286689
0.00840399
7.74865e-05
0.00992306
-0.000232133
0.0105013
-0.000582038
0.0109881
-0.000965214
0.0115603
-0.00138075
0.0122283
-0.00183532
0.0129923
-0.00232747
0.0138403
0.0147717
-0.00285311
0.000353489
0.00390509
0.000507642
0.00824984
0.000409075
0.0100216
0.000177482
0.0107329
-0.000102446
0.011268
-0.0004083
0.0118662
-0.000744878
0.0125649
-0.00111644
0.0133639
-0.00152598
0.0142498
0.0152102
-0.00196451
0.000435633
0.00346946
0.000727624
0.00795784
0.000746561
0.0100027
0.00060776
0.0108717
0.000406241
0.0114695
0.000171919
0.0121005
-8.86136e-05
0.0128254
-0.000371389
0.0136467
-0.000689941
0.0145684
0.0155616
-0.00104133
0.000501379
0.00296808
0.000937497
0.00752173
0.00108717
0.00985301
0.00104811
0.0109108
0.000929694
0.0115879
0.000777031
0.0122531
0.0006003
0.0130021
0.00039876
0.0138482
0.000176197
0.0147909
0.0158335
-9.57442e-05
0.000542694
0.00242539
0.00112701
0.00693741
0.00142271
0.00955731
0.00149526
0.0108382
0.00146496
0.0116182
0.00139452
0.0123236
0.00130199
0.0130947
0.00118986
0.0139603
0.00105517
0.0149256
0.0159783
0.000910372
0.000552711
0.00187268
0.00128377
0.00620635
0.00174096
0.00910012
0.00194124
0.0106379
0.00200805
0.0115514
0.0020227
0.0123089
0.00201526
0.0131021
0.00199335
0.0139823
0.00195763
0.0149613
0.0160201
0.00191582
0.000528638
0.00134404
0.00139384
0.00534115
0.00202612
0.00846784
0.00237412
0.0102899
0.00255212
0.0113734
0.00265755
0.0122035
0.00273668
0.013023
0.00280515
0.0139138
0.00286537
0.0149011
0.0159672
0.00291834
0.000473067
0.000870973
0.00144232
0.0043719
0.00225721
0.00765295
0.00277795
0.0097692
0.00308705
0.0110643
0.00329282
0.0119977
0.00346124
0.0128546
0.00361946
0.0137556
0.00377334
0.0147472
0.0158174
0.00392313
0.000393407
0.000477565
0.00140635
0.00335896
0.00240775
0.00665155
0.00312924
0.00904772
0.00359677
0.0105968
0.00391919
0.0116753
0.00418257
0.0125912
0.00443169
0.0135064
0.00468028
0.0144987
0.0155704
0.00492724
0.000301937
0.000175628
0.00128106
0.00237984
0.00244961
0.00548299
0.00339464
0.00810269
0.00405547
0.00993594
0.00452117
0.0112096
0.00489288
0.0122195
0.00523538
0.0131639
0.00557991
0.0141541
0.0152237
0.00592661
0.000213969
-3.83407e-05
0.00108343
0.00151038
0.00235572
0.0042107
0.00353018
0.00692823
0.00442422
0.00904191
0.00507297
0.0105609
0.0055772
0.0117152
0.00602444
0.0127167
0.00646465
0.0137139
0.0147839
0.0069045
0.000141349
-0.00017969
0.000846638
0.000805092
0.00211116
0.00294618
0.00348452
0.00555487
0.00464553
0.0078809
0.00553061
0.00967578
0.00621061
0.0110352
0.00678096
0.0121463
0.00733066
0.0131642
0.0142488
0.00786578
8.6734e-05
-0.000266424
0.000611562
0.000280264
0.00173896
0.00181878
0.00321375
0.00408009
0.00464338
0.00645126
0.00582131
0.00849786
0.0067421
0.0101144
0.00748412
0.0114043
0.00815031
0.012498
0.0136032
0.00879587
4.77506e-05
-0.000314175
0.000411818
-8.3804e-05
0.00131143
0.000919175
0.00272308
0.00266843
0.00433641
0.00483793
0.00583838
0.00699589
0.00708105
0.00887178
0.00806768
0.0104177
0.00892166
0.0116441
0.0128684
0.00965644
2.16346e-05
-0.000335809
0.000260825
-0.000322994
0.000913205
0.000266795
0.00210164
0.00148
0.00371011
0.00322946
0.0054505
0.00525549
0.00707868
0.0072436
0.0084159
0.00908048
0.00953958
0.0105204
0.0118986
0.0105094
6.10587e-06
-0.000341915
0.000155775
-0.000472663
0.000596522
-0.000173953
0.00148642
0.000590098
0.00287771
0.00183817
0.0046374
0.00349581
0.00653088
0.00535011
0.00832277
0.00728859
0.0098563
0.00898685
0.0107594
0.0109955
-2.07644e-06
-0.000339839
8.6963e-05
-0.000561703
0.000369652
-0.000456642
0.000978114
-1.83632e-05
0.00203165
0.000784638
0.00356651
0.00196094
0.00543867
0.00347796
0.00748607
0.00524119
0.00959462
0.0068783
0.00911721
0.0112368
-6.48196e-06
-0.000333357
4.18913e-05
-0.000610076
0.000213652
-0.000628402
0.000602203
-0.000406914
0.00132257
6.42669e-05
0.00248348
0.000800032
0.0040653
0.00189613
0.00603058
0.00327591
0.00839051
0.00451837
0.00699781
0.0105099
-9.59843e-06
-0.000323758
8.32199e-06
-0.000627996
0.000100621
-0.000720701
0.000331842
-0.000638136
0.000786117
-0.000390008
0.00155787
2.82824e-05
0.00273897
0.000715025
0.00432447
0.00169042
0.0064031
0.00243974
0.00462499
0.00877592
-1.45161e-05
-0.000309242
-2.46984e-05
-0.000617814
6.13722e-06
-0.000751536
0.000122395
-0.000754394
0.000380057
-0.00064767
0.000841532
-0.000433193
0.00162493
-6.83738e-05
0.00273967
0.000575682
0.00427328
0.000906127
0.00248252
0.00641575
-2.29693e-05
-0.000286273
-6.14721e-05
-0.000579311
-8.44761e-05
-0.000728532
-5.92693e-05
-0.000779601
5.39152e-05
-0.000760854
0.000286755
-0.000666033
0.000733641
-0.00051526
0.00143922
-0.000129902
0.00240222
-5.68693e-05
0.000949649
0.00393509
-3.4425e-05
-0.000251848
-0.000102328
-0.000511409
-0.000175141
-0.000655718
-0.000226839
-0.000727903
-0.000233794
-0.000753899
-0.000165573
-0.000734254
3.33553e-05
-0.000714188
0.000379935
-0.000476482
0.000876747
-0.00055368
7.54344e-05
0.00175096
-4.74193e-05
-0.000204429
-0.000144187
-0.000414641
-0.000262318
-0.000537587
-0.000380518
-0.000609704
-0.000481941
-0.000652477
-0.000541817
-0.000674377
-0.000563595
-0.00069241
-0.000453344
-0.000586734
-0.00031837
-0.000688654
-0.000291524
4.85877e-05
-5.98624e-05
-0.000144566
-0.000182057
-0.000292447
-0.000338171
-0.000381473
-0.000509819
-0.000438055
-0.000684374
-0.000477922
-0.000849738
-0.000509014
-0.00100979
-0.000532354
-0.00109211
-0.000504421
-0.00121501
-0.000565749
-0.000380721
-0.00112581
-6.96103e-05
-7.49558e-05
-0.000210769
-0.000151288
-0.000394313
-0.000197929
-0.000603601
-0.000228767
-0.00082939
-0.000252132
-0.00106624
-0.000272161
-0.00131143
-0.000287165
-0.00152958
-0.000286276
-0.0017828
-0.000312526
-0.000249448
-0.00191407
-7.49534e-05
-0.000226235
-0.000424154
-0.000652907
-0.000905021
-0.00117716
-0.00146429
-0.00175053
-0.00206301
-0.00231241
-0.0100952
0.000223696
-0.0102669
0.000171678
-0.0104174
0.00015054
-0.0105356
0.000118177
-0.0106368
0.000101213
-0.0107167
7.98395e-05
-0.0107834
6.67384e-05
-0.0108355
5.20682e-05
-0.0108775
4.20458e-05
-0.0109091
3.16301e-05
-0.0109331
2.39266e-05
-0.0109494
1.62908e-05
-0.0109597
1.03098e-05
-0.0109643
4.64823e-06
-0.0109646
2.93552e-07
-0.0109601
-4.51811e-06
-0.0109516
-8.48607e-06
-0.0109395
-1.2113e-05
-0.0109242
-1.52753e-05
-0.010906
-1.82006e-05
-0.0108852
-2.08078e-05
-0.010862
-2.32344e-05
-0.0108365
-2.54401e-05
-0.010809
-2.75104e-05
-0.0107796
-2.94285e-05
-0.0107483
-3.12474e-05
-0.0107154
-3.29644e-05
-0.0106808
-3.46244e-05
-0.0106445
-3.6252e-05
-3.78991e-05
-0.0100292
0.000450151
-0.0102028
0.000345271
-0.0103552
0.000302957
-0.0104751
0.000238001
-0.0105781
0.000204252
-0.0106598
0.000161531
-0.0107286
0.000135504
-0.0107827
0.000106223
-0.010827
8.62929e-05
-0.0108608
6.55025e-05
-0.0108871
5.01593e-05
-0.0109057
3.49136e-05
-0.0109184
2.29889e-05
-0.0109254
1.16444e-05
-0.0109278
2.70568e-06
-0.0109258
-6.51261e-06
-0.0109198
-1.44512e-05
-0.0109102
-2.17584e-05
-0.0108974
-2.80788e-05
-0.0108816
-3.3946e-05
-0.0108633
-3.9157e-05
-0.0108425
-4.40169e-05
-0.0108195
-4.84293e-05
-0.0107944
-5.25755e-05
-0.0107675
-5.6415e-05
-0.0107386
-6.00584e-05
-0.0107081
-6.34977e-05
-0.0106759
-6.68241e-05
-0.0106421
-7.00841e-05
-7.338e-05
-0.00989518
0.000681656
-0.0100727
0.000522745
-0.0102291
0.000459447
-0.0103527
0.000361541
-0.0104598
0.000311327
-0.0105455
0.00024725
-0.0106185
0.000208563
-0.010677
0.000164732
-0.0107258
0.000135066
-0.0107643
0.000103948
-0.0107952
8.10654e-05
-0.0108185
5.82441e-05
-0.0108359
4.04208e-05
-0.0108476
2.33154e-05
-0.0108545
9.58337e-06
-0.0108575
-3.44665e-06
-0.0108565
-1.54996e-05
-0.0108518
-2.65081e-05
-0.0108439
-3.59703e-05
-0.010833
-4.47862e-05
-0.0108196
-5.26031e-05
-0.0108037
-5.99058e-05
-0.0107856
-6.65321e-05
-0.0107654
-7.27641e-05
-0.0107433
-7.8533e-05
-0.0107193
-8.40118e-05
-0.0106936
-8.91845e-05
-0.0106663
-9.41901e-05
-0.0106373
-9.90916e-05
-0.000104039
-0.00969135
0.000919983
-0.00987462
0.000706009
-0.0100376
0.000622428
-0.0101673
0.0004912
-0.0102809
0.000424996
-0.0103732
0.000339481
-0.010453
0.000288438
-0.0105184
0.000230063
-0.0105741
0.000190843
-0.0106196
0.000149421
-0.0106576
0.000119101
-0.0106881
8.87201e-05
-0.0107127
6.50471e-05
-0.0107316
4.21566e-05
-0.0107456
2.35671e-05
-0.0107554
6.35998e-06
-0.0107619
-9.02965e-06
-0.0107645
-2.38409e-05
-0.010764
-3.65023e-05
-0.0107605
-4.82959e-05
-0.0107543
-5.87299e-05
-0.0107458
-6.84892e-05
-0.010735
-7.73418e-05
-0.010722
-8.5673e-05
-0.0107072
-9.33867e-05
-0.0106905
-0.000100718
-0.010672
-0.000107641
-0.0106519
-0.000114344
-0.0106301
-0.000120901
-0.000127504
-0.00941755
0.00116671
-0.00960853
0.00089698
-0.00978051
0.000794417
-0.0099188
0.000629488
-0.0100417
0.000547901
-0.010143
0.000440812
-0.0102323
0.000377724
-0.010307
0.000304773
-0.0103724
0.000256159
-0.0104274
0.00020443
-0.010475
0.00016675
-0.0105151
0.000128805
-0.0105494
9.932e-05
-0.0105779
7.0678e-05
-0.0106017
4.73295e-05
-0.0106205
2.52107e-05
-0.0106365
6.92619e-06
-0.010649
-1.1282e-05
-0.0106582
-2.73137e-05
-0.0106644
-4.20527e-05
-0.010668
-5.51669e-05
-0.0106691
-6.73948e-05
-0.010668
-7.84867e-05
-0.0106647
-8.89497e-05
-0.0106594
-9.86286e-05
-0.0106523
-0.000107833
-0.0106434
-0.00011653
-0.0106328
-0.000124957
-0.0106205
-0.000133185
-0.000141446
-0.00907472
0.00142322
-0.00927513
0.00109739
-0.0094584
0.000977682
-0.00960776
0.000778856
-0.00974257
0.000682711
-0.00985571
0.000553945
-0.0099571
0.000479112
-0.0100438
0.000391514
-0.0101213
0.000333602
-0.0101884
0.000271523
-0.0102481
0.000226511
-0.0103003
0.000180968
-0.0103466
0.000145669
-0.0103872
0.000111265
-0.0104231
8.32458e-05
-0.0104545
5.6515e-05
-0.0104814
3.38989e-05
-0.0105055
1.28422e-05
-0.0105273
-5.53584e-06
-0.0105455
-2.38584e-05
-0.0105611
-3.96037e-05
-0.0105742
-5.42744e-05
-0.010585
-6.76729e-05
-0.0105937
-8.0311e-05
-0.0106003
-9.19533e-05
-0.0106051
-0.000103064
-0.010608
-0.000113581
-0.0106092
-0.000123761
-0.0106088
-0.000133677
-0.000143597
-0.00866487
0.00169187
-0.00887653
0.00130905
-0.00907368
0.00117484
-0.0092367
0.00094187
-0.00938581
0.000831821
-0.00951325
0.000681384
-0.0096291
0.000594969
-0.00973037
0.000492778
-0.00982235
0.000425582
-0.00990398
0.000353159
-0.00997826
0.000300781
-0.0100449
0.000247616
-0.0101057
0.000206465
-0.0101607
0.000166266
-0.010211
0.00013356
-0.0102568
0.000102303
-0.0102987
7.58296e-05
-0.0103367
5.08213e-05
-0.0103713
2.90879e-05
-0.0104042
9.00756e-06
-0.0104344
-9.40621e-06
-0.0104616
-2.70826e-05
-0.0104866
-4.26745e-05
-0.0105095
-5.74246e-05
-0.0105303
-7.11592e-05
-0.0105491
-8.42316e-05
-0.0105661
-9.66014e-05
-0.0105813
-0.000108559
-0.0105948
-0.000120191
-0.000131765
-0.00819117
0.00197232
-0.00841559
0.00153347
-0.00862728
0.00138653
-0.00880585
0.00112043
-0.00897146
0.000997438
-0.00911602
0.000825942
-0.00924916
0.000728107
-0.00936775
0.000611365
-0.00947695
0.000534787
-0.00957571
0.000451912
-0.00966697
0.000392048
-0.0097505
0.000331142
-0.00982807
0.00028404
-0.00989976
0.000237948
-0.00996668
0.000200485
-0.010029
0.000164648
-0.0100875
0.000134354
-0.0101424
0.000105682
-0.010194
8.06976e-05
-0.0102423
5.72464e-05
-0.010288
3.63053e-05
-0.0103316
1.65864e-05
-0.0103737
-5.89933e-07
-0.0104127
-1.84443e-05
-0.0104496
-3.4275e-05
-0.0104847
-4.91672e-05
-0.0105178
-6.34084e-05
-0.0105491
-7.72623e-05
-0.0105787
-9.06466e-05
-0.00010385
-0.00765482
0.00227334
-0.00789583
0.00177448
-0.00812532
0.00161603
-0.00832377
0.00131888
-0.00850761
0.00118127
-0.00867144
0.000989775
-0.00882312
0.000879781
-0.0089608
0.000749047
-0.00908882
0.000662813
-0.00920659
0.000569681
-0.00931674
0.000502196
-0.00941918
0.000433579
-0.00951558
0.00038044
-0.00960605
0.000328421
-0.00969169
0.000286124
-0.00977268
0.000245639
-0.00984978
0.000211451
-0.00992321
0.000179112
-0.00999348
0.000150968
-0.0100607
0.000124429
-0.0101251
0.000100702
-0.0101869
7.84305e-05
-0.0102458
5.82977e-05
-0.0103033
3.9057e-05
-0.0103588
2.12048e-05
-0.0104124
4.41356e-06
-0.0104637
-1.20731e-05
-0.010513
-2.79403e-05
-0.0105606
-4.30422e-05
-5.78608e-05
-0.00708306
0.00258639
-0.00733302
0.00202444
-0.00757336
0.00185636
-0.00778669
0.00153222
-0.00798952
0.0013841
-0.00817378
0.00117404
-0.0083482
0.0010542
-0.00850792
0.000908769
-0.00865859
0.000813482
-0.00879822
0.000709308
-0.00893028
0.000634258
-0.00905406
0.00055736
-0.00917172
0.000498099
-0.00928309
0.000439788
-0.00938953
0.000392564
-0.00949109
0.000347204
-0.00958867
0.00030903
-0.00968241
0.000272847
-0.00977289
0.000241446
-0.00986027
0.000211812
-0.00994499
0.000185419
-0.0100271
0.000160555
-0.0101067
0.000137888
-0.010184
0.000116369
-0.0102593
9.65021e-05
-0.0103324
7.75376e-05
-0.0104038
5.93011e-05
-0.0104732
4.1494e-05
-0.0105407
2.44192e-05
8.03702e-06
-0.01267
0.00237679
0.0128796
-0.0125765
0.00193089
-0.0125703
0.00185018
-0.0125684
0.00153028
-0.0126002
0.00141593
-0.0126252
0.00119901
-0.0126653
0.00109428
-0.0127003
0.000943781
-0.0127411
0.000854311
-0.0127777
0.000745877
-0.0128155
0.000672131
-0.0128498
0.000591576
-0.0128832
0.00053156
-0.0129135
0.000470068
-0.0129422
0.000421219
-0.012968
0.000373077
-0.012992
0.000332996
-0.0130135
0.000294374
-0.0130331
0.000261043
-0.0130506
0.000229279
-0.0130663
0.000201086
-0.01308
0.000174302
-0.013092
0.000149898
-0.0131023
0.000126676
-0.013111
0.000105164
-0.0131179
8.44751e-05
-0.0131234
6.47677e-05
-0.0131275
4.55859e-05
-0.0131302
2.71275e-05
8.98054e-06
-0.012889
0.00221311
0.0130527
-0.0128263
0.0018682
-0.0127572
0.0017811
-0.0127404
0.00151349
-0.0127352
0.00141068
-0.0127472
0.00121104
-0.0127653
0.00111234
-0.0127882
0.00096674
-0.0128144
0.000880499
-0.0128411
0.000772608
-0.0128689
0.000699852
-0.0128955
0.000618179
-0.0129217
0.000557765
-0.0129462
0.000494566
-0.0129695
0.00044459
-0.0129911
0.000394597
-0.0130111
0.00035307
-0.0130294
0.000312634
-0.0130461
0.000277767
-0.0130611
0.000244305
-0.0130746
0.000214594
-0.0130866
0.000186226
-0.0130971
0.000160393
-0.0131061
0.000135707
-0.0131137
0.00011275
-0.0131198
9.06223e-05
-0.0131246
6.95834e-05
-0.0131282
4.91203e-05
-0.0131304
2.93305e-05
9.73189e-06
-0.0130719
0.00206765
0.0132174
-0.0129994
0.00179563
-0.0129244
0.00170619
-0.0128931
0.00148217
-0.0128665
0.00138405
-0.0128633
0.00120787
-0.0128642
0.00111324
-0.0128752
0.000977724
-0.0128884
0.000893697
-0.0129056
0.000789764
-0.0129236
0.000717852
-0.0129426
0.000637251
-0.0129616
0.000576715
-0.0129803
0.000513225
-0.0129982
0.000462533
-0.0130152
0.000411632
-0.0130312
0.000369074
-0.0130461
0.000327478
-0.0130598
0.000291445
-0.0130722
0.000256748
-0.0130834
0.000225829
-0.0130934
0.00019623
-0.0131023
0.000169216
-0.0131099
0.000143332
-0.0131163
0.00011919
-0.0131216
9.58869e-05
-0.0131257
7.37104e-05
-0.0131287
5.21061e-05
-0.0131305
3.11462e-05
1.0339e-05
-0.0132261
0.00193845
0.0133553
-0.0131419
0.0017114
-0.0130663
0.00163061
-0.013023
0.00143889
-0.0129859
0.00134697
-0.0129693
0.0011913
-0.0129576
0.00110155
-0.0129573
0.000977351
-0.0129597
0.000896111
-0.0129677
0.000797779
-0.0129771
0.000727203
-0.0129889
0.000649069
-0.0130011
0.000588907
-0.013014
0.000526193
-0.0130268
0.000475264
-0.0130394
0.000424244
-0.0130514
0.000381088
-0.0130628
0.000338918
-0.0130735
0.000302089
-0.0130833
0.000266598
-0.0130923
0.000234787
-0.0131003
0.000204298
-0.0131075
0.000176357
-0.0131137
0.000149544
-0.013119
0.000124459
-0.0131233
0.000100224
-0.0131267
7.71118e-05
-0.0131292
5.45579e-05
-0.0131306
3.26242e-05
1.08312e-05
-0.0133517
0.00181965
0.0134705
-0.0132634
0.00162305
-0.0131866
0.00155388
-0.0131344
0.00138666
-0.0130907
0.00130329
-0.0130639
0.00116444
-0.013043
0.00108072
-0.0130328
0.000967145
-0.0130265
0.000889751
-0.0130262
0.000797487
-0.013028
0.000729064
-0.0130331
0.000654126
-0.0130392
0.000594994
-0.0130467
0.000533762
-0.0130546
0.000483136
-0.013063
0.000432599
-0.0130712
0.000389294
-0.0130793
0.000347038
-0.013087
0.000309789
-0.0130943
0.000273896
-0.013101
0.000241509
-0.0131072
0.000210447
-0.0131127
0.000181842
-0.0131175
0.000154364
-0.0131216
0.00012857
-0.013125
0.000103628
-0.0131277
7.97841e-05
-0.0131296
5.64861e-05
-0.0131307
3.37846e-05
1.12186e-05
-0.0134542
0.00170746
0.0135664
-0.013366
0.00153483
-0.0132884
0.00147629
-0.0132305
0.00132879
-0.0131818
0.00125454
-0.0131473
0.00112996
-0.0131196
0.00105297
-0.0131014
0.000949
-0.0130879
0.000876219
-0.0130804
0.000790006
-0.0130758
0.000724473
-0.0130748
0.000653096
-0.0130754
0.000595621
-0.013078
0.000536336
-0.0130814
0.000486539
-0.0130857
0.000436937
-0.0130904
0.000393919
-0.0130953
0.000351978
-0.0131002
0.000314673
-0.013105
0.000278721
-0.0131096
0.000246063
-0.0131138
0.000214719
-0.0131177
0.000185711
-0.0131212
0.000157818
-0.0131241
0.000131544
-0.0131266
0.000106115
-0.0131286
8.17426e-05
-0.01313
5.79051e-05
-0.0131308
3.46389e-05
1.15051e-05
-0.0135386
0.00160039
0.0136456
-0.0134519
0.00144818
-0.0133742
0.00139858
-0.0133132
0.00126774
-0.0132606
0.00120201
-0.0132206
0.00108997
-0.0131874
0.00101978
-0.0131631
0.000924628
-0.0131437
0.000856807
-0.0131302
0.000776499
-0.01312
0.000714341
-0.0131137
0.000646722
-0.0131094
0.000591397
-0.0131075
0.000534386
-0.0131068
0.000485865
-0.0131074
0.000437553
-0.0131087
0.000395212
-0.0131107
0.000353922
-0.0131129
0.000316895
-0.0131153
0.000281184
-0.0131178
0.000248543
-0.0131203
0.000217181
-0.0131226
0.000188021
-0.0131247
0.000159949
-0.0131266
0.000133416
-0.0131282
0.000107709
-0.0131295
8.30103e-05
-0.0131304
5.88321e-05
-0.0131309
3.51983e-05
1.16938e-05
-0.0136082
0.001498
0.0137106
-0.0135236
0.00136358
-0.0134464
0.00132138
-0.0133837
0.00120507
-0.0133286
0.0011469
-0.0132847
0.00104607
-0.0132473
0.000982362
-0.013218
0.000895402
-0.0131938
0.00083259
-0.0131753
0.000758017
-0.0131605
0.000699487
-0.0131495
0.000635738
-0.013141
0.0005829
-0.013135
0.000528405
-0.0131307
0.000481509
-0.0131279
0.00043477
-0.0131261
0.000393435
-0.0131253
0.000353077
-0.013125
0.000316625
-0.0131252
0.000281419
-0.0131257
0.000249058
-0.0131265
0.000217919
-0.0131273
0.000188841
-0.0131282
0.000160809
-0.013129
0.000134229
-0.0131297
0.000108444
-0.0131303
8.36146e-05
-0.0131308
5.9287e-05
-0.013131
3.54751e-05
1.17883e-05
-0.0136654
0.00140013
0.0137633
-0.0135831
0.00128127
-0.013507
0.00124521
-0.0134436
0.00114172
-0.0133869
0.00109017
-0.0133403
0.000999459
-0.0132996
0.000941738
-0.0132667
0.000862418
-0.0132386
0.000804482
-0.013216
0.000735463
-0.0131972
0.000680648
-0.0131822
0.000620816
-0.01317
0.000570676
-0.0131605
0.00051887
-0.0131528
0.000473858
-0.013147
0.000428919
-0.0131424
0.000388856
-0.013139
0.00034967
-0.0131364
0.000314045
-0.0131346
0.000279578
-0.0131332
0.00024773
-0.0131324
0.000217033
-0.0131318
0.000188251
-0.0131314
0.000160462
-0.0131312
0.000134032
-0.0131311
0.000108361
-0.0131311
8.35866e-05
-0.0131311
5.92919e-05
-0.0131311
3.54826e-05
1.17931e-05
-0.0137123
0.0013066
0.0138058
-0.0136324
0.00120141
-0.0135577
0.00117045
-0.0134943
0.00107834
-0.0134367
0.00103257
-0.0133882
0.000951015
-0.0133453
0.000898765
-0.0133094
0.000826551
-0.0132782
0.000773271
-0.0132523
0.000709593
-0.0132302
0.000658481
-0.0132119
0.00060256
-0.0131965
0.000555234
-0.0131838
0.000506233
-0.0131732
0.000463289
-0.0131647
0.000420325
-0.0131575
0.000381744
-0.0131518
0.00034393
-0.0131471
0.000309346
-0.0131433
0.000275819
-0.0131403
0.000244691
-0.0131379
0.000214632
-0.013136
0.000186341
-0.0131345
0.000158981
-0.0131334
0.000132885
-0.0131325
0.000107504
-0.0131319
8.29607e-05
-0.0131315
5.8871e-05
-0.0131312
3.52354e-05
1.1713e-05
-0.0137503
0.0012172
0.0138397
-0.013673
0.00112407
-0.0135999
0.00109737
-0.0135369
0.00101537
-0.013479
0.000974673
-0.0134294
0.000901398
-0.0133848
0.000854129
-0.0133467
0.000788505
-0.0133131
0.000739621
-0.0132845
0.000681045
-0.0132596
0.00063356
-0.0132386
0.0005815
-0.0132204
0.000537037
-0.013205
0.000490906
-0.0131919
0.000450155
-0.0131809
0.000409298
-0.0131715
0.000372363
-0.0131636
0.000336083
-0.013157
0.000302718
-0.0131515
0.000270305
-0.0131469
0.000240076
-0.0131431
0.000210828
-0.0131399
0.000183203
-0.0131374
0.000156442
-0.0131354
0.000130849
-0.0131338
0.000105922
-0.0131326
8.17741e-05
-0.0131318
5.80503e-05
-0.0131313
3.47488e-05
1.15531e-05
-0.013781
0.00113171
0.0138665
-0.0137061
0.00104923
-0.0136349
0.00102611
-0.0135726
0.000953118
-0.0135148
0.000916888
-0.0134646
0.000851108
-0.0134188
0.000808372
-0.0133791
0.000748842
-0.0133436
0.000704088
-0.0133129
0.000650354
-0.0132857
0.000606387
-0.0132623
0.000558098
-0.0132418
0.000516503
-0.0132242
0.000473267
-0.0132088
0.000434788
-0.0131956
0.000396131
-0.0131842
0.000360964
-0.0131745
0.000326349
-0.0131661
0.000294349
-0.013159
0.000263197
-0.013153
0.000234022
-0.0131479
0.000205737
-0.0131436
0.000178935
-0.0131401
0.000152925
-0.0131372
0.000127988
-0.013135
0.000103668
-0.0131333
8.00656e-05
-0.0131321
5.68572e-05
-0.0131314
3.40391e-05
1.13187e-05
-0.0138054
0.00104991
0.0138872
-0.013733
0.000976847
-0.0136637
0.000956767
-0.0136023
0.000891805
-0.013545
0.000859522
-0.0134944
0.000800525
-0.0134479
0.000761919
-0.0134071
0.000708014
-0.0133702
0.000667128
-0.0133378
0.000617967
-0.0133088
0.000577388
-0.0132834
0.000532755
-0.0132609
0.000494002
-0.0132413
0.000453651
-0.013224
0.000417491
-0.013209
0.000381093
-0.0131958
0.000347787
-0.0131844
0.000314936
-0.0131745
0.00028442
-0.0131659
0.000254651
-0.0131586
0.000226662
-0.0131523
0.000199475
-0.013147
0.000173632
-0.0131426
0.000148511
-0.013139
0.000124369
-0.0131361
0.000100793
-0.0131339
7.78748e-05
-0.0131324
5.53196e-05
-0.0131314
3.31227e-05
1.10155e-05
-0.0138246
0.00097154
0.0139029
-0.0137546
0.000906846
-0.0136871
0.00088935
-0.0136269
0.000831569
-0.0135702
0.000802789
-0.0135196
0.000749935
-0.0134728
0.000715098
-0.0134311
0.00066638
-0.0133931
0.000629111
-0.0133594
0.000584258
-0.0133289
0.000546926
-0.013302
0.000505818
-0.0132779
0.000469858
-0.0132566
0.000432358
-0.0132376
0.000398536
-0.013221
0.000364431
-0.0132062
0.000333052
-0.0131933
0.000302042
-0.013182
0.000273104
-0.0131722
0.00024482
-0.0131636
0.000218128
-0.0131563
0.000192154
-0.0131501
0.00016739
-0.0131448
0.00014328
-0.0131405
0.000120057
-0.0131371
9.735e-05
-0.0131345
7.52416e-05
-0.0131326
5.34655e-05
-0.0131315
3.20164e-05
1.06489e-05
-0.0138394
0.000896363
0.0139146
-0.0137717
0.000839117
-0.0137061
0.000823836
-0.0136471
0.000772489
-0.0135911
0.000746834
-0.0135407
0.000699553
-0.0134938
0.000668161
-0.0134516
0.000624225
-0.0134129
0.000590339
-0.0133781
0.000549534
-0.0133465
0.000515306
-0.0133183
0.000477582
-0.0132928
0.000444351
-0.0132701
0.000409653
-0.0132497
0.000378169
-0.0132316
0.000346369
-0.0132155
0.000316961
-0.0132014
0.000287846
-0.0131888
0.000260562
-0.0131778
0.000233844
-0.0131683
0.000208543
-0.01316
0.00018388
-0.0131529
0.0001603
-0.0131469
0.000137308
-0.013142
0.000115116
-0.013138
9.33897e-05
-0.013135
7.22054e-05
-0.0131328
5.13229e-05
-0.0131316
3.07369e-05
1.02245e-05
-0.0138506
0.000824132
0.0139228
-0.013785
0.000773535
-0.0137214
0.000760166
-0.0136635
0.0007146
-0.0136084
0.000691746
-0.0135584
0.000649528
-0.0135115
0.000621297
-0.013469
0.000581772
-0.0134297
0.00055105
-0.0133943
0.000514048
-0.0133617
0.000482782
-0.0133325
0.000448299
-0.0133058
0.000417726
-0.0132819
0.000385766
-0.0132604
0.000356604
-0.0132411
0.000327105
-0.0132238
0.000299697
-0.0132085
0.000272516
-0.0131949
0.000246943
-0.0131829
0.000221858
-0.0131724
0.000198026
-0.0131633
0.000174756
-0.0131554
0.000152452
-0.0131488
0.000130672
-0.0131433
0.000109607
-0.0131389
8.89623e-05
-0.0131355
6.88044e-05
-0.013133
4.89187e-05
-0.0131316
2.93002e-05
9.74759e-06
-0.0138589
0.000754606
0.0139284
-0.0137953
0.000709964
-0.0137334
0.000698258
-0.0136767
0.000657902
-0.0136225
0.000637573
-0.0135729
0.000599968
-0.0135263
0.000574643
-0.0134837
0.000539193
-0.0134441
0.000511436
-0.0134081
0.000478005
-0.0133748
0.000449564
-0.0133447
0.000418181
-0.0133172
0.000390189
-0.0132923
0.000360898
-0.0132697
0.000334032
-0.0132495
0.00030682
-0.0132312
0.000281426
-0.0132149
0.000256202
-0.0132003
0.000232385
-0.0131874
0.000208984
-0.0131761
0.000186686
-0.0131662
0.000164879
-0.0131577
0.000143928
-0.0131505
0.000123441
-0.0131445
0.000103591
-0.0131396
8.41157e-05
-0.0131359
6.50754e-05
-0.0131332
4.62791e-05
-0.0131317
2.77219e-05
9.22344e-06
-0.0138647
0.000687549
0.0139318
-0.013803
0.000648261
-0.0137428
0.000638013
-0.0136872
0.000602369
-0.013634
0.000584327
-0.0135849
0.000550937
-0.0135386
0.000528295
-0.013496
0.000496619
-0.0134562
0.000471644
-0.0134198
0.000441572
-0.0133861
0.000415825
-0.0133553
0.000387405
-0.013327
0.000361916
-0.0133013
0.00033522
-0.0132779
0.000310619
-0.0132568
0.000285669
-0.0132376
0.000262293
-0.0132205
0.000239041
-0.0132051
0.000217012
-0.0131914
0.000195335
-0.0131794
0.000174623
-0.0131688
0.000154338
-0.0131597
0.000134806
-0.013152
0.000115683
-0.0131455
9.71233e-05
-0.0131403
7.88952e-05
-0.0131363
6.10536e-05
-0.0131334
4.34289e-05
-0.0131317
2.60171e-05
8.65698e-06
-0.0138686
0.000622734
0.0139334
-0.0138086
0.00058828
-0.0137499
0.00057932
-0.0136955
0.000547955
-0.0136432
0.000531997
-0.0135947
0.000502471
-0.0135487
0.000482317
-0.0135063
0.000454145
-0.0134664
0.000431788
-0.0134297
0.000404878
-0.0133956
0.000381704
-0.0133643
0.000356118
-0.0133355
0.000333054
-0.0133091
0.00030888
-0.013285
0.000286507
-0.0132631
0.000263791
-0.0132433
0.00024243
-0.0132254
0.000221154
-0.0132093
0.000200936
-0.013195
0.000181014
-0.0131823
0.00016193
-0.0131712
0.000143216
-0.0131615
0.000125159
-0.0131533
0.00010746
-0.0131464
9.02561e-05
-0.0131409
7.33436e-05
-0.0131366
5.6772e-05
-0.0131336
4.03918e-05
-0.0131317
2.41997e-05
8.05292e-06
-0.013871
0.00055994
0.0139338
-0.0138126
0.000529869
-0.0137553
0.000522059
-0.013702
0.000494598
-0.0136505
0.000480551
-0.0136026
0.000454584
-0.0135571
0.000436744
-0.0135148
0.000411837
-0.0134749
0.00039195
-0.0134381
0.000368026
-0.0134037
0.000347312
-0.013372
0.000324441
-0.0133427
0.000303728
-0.0133158
0.000282004
-0.0132911
0.000261819
-0.0132686
0.000241305
-0.0132481
0.000221951
-0.0132296
0.00020265
-0.013213
0.000184259
-0.0131981
0.000166113
-0.0131848
0.000148693
-0.0131732
0.000131588
-0.0131631
0.000115054
-0.0131545
9.88303e-05
-0.0131472
8.30385e-05
-0.0131414
6.75009e-05
-0.0131369
5.22616e-05
-0.0131337
3.71899e-05
-0.0131318
2.22831e-05
7.41568e-06
-0.0138722
0.000498953
0.0139332
-0.0138152
0.00047288
-0.0137593
0.000466105
-0.0137069
0.000442224
-0.0136563
0.000429941
-0.013609
0.000407265
-0.0135638
0.000391592
-0.0135217
0.000369738
-0.013482
0.00035219
-0.013445
0.000331094
-0.0134105
0.000312738
-0.0133785
0.00029247
-0.0133488
0.000274038
-0.0133215
0.000254696
-0.0132963
0.000236661
-0.0132733
0.000218315
-0.0132523
0.000200955
-0.0132333
0.000183624
-0.0132161
0.00016707
-0.0132007
0.000150718
-0.013187
0.000134986
-0.013175
0.000119523
-0.0131645
0.000104552
-0.0131555
8.98471e-05
-0.013148
7.55157e-05
-0.0131419
6.14041e-05
-0.0131371
4.75512e-05
-0.0131338
3.38438e-05
-0.0131318
2.02796e-05
6.74939e-06
-0.0138726
0.000439571
0.013932
-0.0138169
0.000417164
-0.0137621
0.000411331
-0.0137106
0.000390751
-0.0136608
0.000380108
-0.013614
0.000360492
-0.0135693
0.000346857
-0.0135274
0.000327871
-0.0134878
0.000312547
-0.0134508
0.000294138
-0.0134161
0.000278049
-0.0133839
0.000260285
-0.013354
0.000244069
-0.0133263
0.000227045
-0.0133008
0.000211121
-0.0132774
0.00019491
-0.0132559
0.000179531
-0.0132365
0.000164162
-0.0132189
0.000149449
-0.013203
0.000134901
-0.0131889
0.000120881
-0.0131765
0.000107085
-0.0131656
9.37093e-05
-0.0131564
8.05595e-05
-0.0131486
6.77296e-05
-0.0131423
5.50877e-05
-0.0131374
4.26678e-05
-0.0131339
3.03728e-05
-0.0131318
1.82008e-05
6.0579e-06
-0.0138723
0.000381594
0.0139303
-0.0138177
0.000362572
-0.013764
0.000357605
-0.0137133
0.000340089
-0.0136642
0.000330981
-0.0136179
0.000314228
-0.0135736
0.000302521
-0.013532
0.000286243
-0.0134925
0.000273044
-0.0134555
0.000257198
-0.0134208
0.000243295
-0.0133884
0.000227946
-0.0133583
0.000213887
-0.0133303
0.000199123
-0.0133045
0.000185275
-0.0132807
0.000171168
-0.013259
0.000157753
-0.0132391
0.000144336
-0.0132212
0.000131468
-0.013205
0.000118731
-0.0131905
0.000106437
-0.0131778
9.43303e-05
-0.0131667
8.25765e-05
-0.0131571
7.10124e-05
-0.0131491
5.97184e-05
-0.0131426
4.85832e-05
-0.0131376
3.7636e-05
-0.013134
2.67946e-05
-0.0131318
1.60575e-05
5.34479e-06
-0.0138716
0.000324833
0.0139284
-0.013818
0.000308959
-0.0137652
0.000304799
-0.0137153
0.000290145
-0.0136668
0.000282486
-0.013621
0.000268428
-0.013577
0.000258555
-0.0135356
0.000244849
-0.0134963
0.000233689
-0.0134594
0.000220301
-0.0134246
0.000208512
-0.0133921
0.0001955
-0.0133618
0.000183548
-0.0133337
0.000170992
-0.0133076
0.000159186
-0.0132836
0.000147153
-0.0132615
0.000135688
-0.0132414
0.000124213
-0.0132231
0.000113188
-0.0132066
0.000102268
-0.0131919
9.1713e-05
-0.0131789
8.13105e-05
-0.0131675
7.12004e-05
-0.0131578
6.12469e-05
-0.0131496
5.15176e-05
-0.0131429
4.192e-05
-0.0131377
3.24789e-05
-0.0131341
2.31257e-05
-0.0131319
1.38594e-05
4.61337e-06
-0.0138708
0.000269105
0.0139265
-0.013818
0.000256181
-0.013766
0.00025278
-0.0137166
0.000240822
-0.0136687
0.000234541
-0.0136233
0.000223037
-0.0135797
0.000214923
-0.0135385
0.000203673
-0.0134993
0.000194479
-0.0134624
0.000183458
-0.0134277
0.000173725
-0.0133951
0.000162983
-0.0133647
0.000153092
-0.0133364
0.000142699
-0.0133101
0.000132908
-0.0132859
0.000122922
-0.0132636
0.000113392
-0.0132432
0.000103848
-0.0132247
9.46658e-05
-0.013208
8.55649e-05
-0.013193
7.67578e-05
-0.0131798
6.80726e-05
-0.0131682
5.96236e-05
-0.0131583
5.13008e-05
-0.0131499
4.31597e-05
-0.0131431
3.51251e-05
-0.0131379
2.72176e-05
-0.0131341
1.93814e-05
-0.0131319
1.16159e-05
3.86672e-06
-0.0138698
0.000214234
0.0139247
-0.0138177
0.000204097
-0.0137664
0.000201419
-0.0137176
0.00019202
-0.0136701
0.000187062
-0.013625
0.000177996
-0.0135817
0.000171578
-0.0135407
0.00016269
-0.0135016
0.000155404
-0.0134649
0.000146676
-0.0134301
0.000138949
-0.0133975
0.000130421
-0.013367
0.000122554
-0.0133386
0.000114286
-0.0133121
0.000106483
-0.0132877
9.85229e-05
-0.0132653
9.09154e-05
-0.0132447
8.32928e-05
-0.013226
7.59508e-05
-0.0132091
6.867e-05
-0.013194
6.16177e-05
-0.0131805
5.46592e-05
-0.0131688
4.7885e-05
-0.0131587
4.12088e-05
-0.0131502
3.46746e-05
-0.0131433
2.82236e-05
-0.013138
2.18719e-05
-0.0131342
1.5576e-05
-0.0131319
9.3355e-06
3.10771e-06
-0.0138689
0.000160044
0.0139231
-0.0138174
0.000152563
-0.0137665
0.000150585
-0.0137181
0.000143638
-0.013671
0.00013996
-0.0136263
0.000133242
-0.0135832
0.00012847
-0.0135424
0.00012187
-0.0135034
0.000116445
-0.0134667
0.00010995
-0.0134319
0.000104189
-0.0133993
9.78323e-05
-0.0133687
9.19582e-05
-0.0133402
8.57839e-05
-0.0133137
7.99501e-05
-0.0132892
7.39966e-05
-0.0132666
6.83009e-05
-0.0132459
6.25915e-05
-0.013227
5.70876e-05
-0.0132099
5.16272e-05
-0.0131947
4.63343e-05
-0.0131811
4.11098e-05
-0.0131693
3.60205e-05
-0.013159
3.10032e-05
-0.0131505
2.60904e-05
-0.0131435
2.12388e-05
-0.0131381
1.64603e-05
-0.0131342
1.17228e-05
-0.0131319
7.02622e-06
2.33904e-06
-0.0138681
0.000106351
0.0139218
-0.013817
0.000101443
-0.0137666
0.000100156
-0.0137185
9.55771e-05
-0.0136717
9.31469e-05
-0.0136272
8.87049e-05
-0.0135842
8.55453e-05
-0.0135435
8.11744e-05
-0.0135047
7.75781e-05
-0.013468
7.32717e-05
-0.0134332
6.94478e-05
-0.0134006
6.52278e-05
-0.01337
6.13247e-05
-0.0133414
5.7221e-05
-0.0133148
5.33407e-05
-0.0132902
4.93795e-05
-0.0132675
4.55872e-05
-0.0132467
4.17846e-05
-0.0132277
3.81167e-05
-0.0132106
3.44765e-05
-0.0131952
3.09464e-05
-0.0131815
2.74606e-05
-0.0131696
2.40639e-05
-0.0131593
2.07141e-05
-0.0131506
1.74333e-05
-0.0131436
1.41927e-05
-0.0131381
1.10002e-05
-0.0131342
7.83442e-06
-0.0131319
4.69564e-06
1.56313e-06
-0.0138675
5.29918e-05
0.0139209
-0.0138167
5.06218e-05
-0.0137665
5.00143e-05
-0.0137187
4.77299e-05
-0.0136721
4.65294e-05
-0.0136277
4.43131e-05
-0.0135849
4.27445e-05
-0.0135443
4.05642e-05
-0.0135055
3.87748e-05
-0.0134688
3.66264e-05
-0.0134341
3.47212e-05
-0.0134015
3.26152e-05
-0.0133708
3.06685e-05
-0.0133422
2.86196e-05
-0.0133156
2.66827e-05
-0.0132909
2.47039e-05
-0.0132681
2.28096e-05
-0.0132472
2.0909e-05
-0.0132282
1.90757e-05
-0.013211
1.72555e-05
-0.0131955
1.54901e-05
-0.0131818
1.37463e-05
-0.0131698
1.20467e-05
-0.0131595
1.03703e-05
-0.0131507
8.72823e-06
-0.0131437
7.10622e-06
-0.0131382
5.50829e-06
-0.0131343
3.92328e-06
-0.0131319
2.35086e-06
7.82099e-07
-0.0138672
0.0139202
-0.0138165
-0.0137665
-0.0137188
-0.0136723
-0.013628
-0.0135852
-0.0135446
-0.0135059
-0.0134692
-0.0134345
-0.0134019
-0.0133712
-0.0133426
-0.0133159
-0.0132912
-0.0132684
-0.0132475
-0.0132284
-0.0132112
-0.0131957
-0.0131819
-0.0131699
-0.0131595
-0.0131508
-0.0131437
-0.0131382
-0.0131343
-0.0131319
-0.00587639
0.0128136
-0.00583003
0.0130063
-0.00574755
0.0131349
-0.00563757
0.0132453
-0.0055053
0.0133382
-0.00535475
0.0134159
-0.00518907
0.01348
-0.00501078
0.0135323
-0.00482191
0.0135744
-0.00462417
0.0136081
-0.00441895
0.0136345
-0.00420744
0.013655
-0.00399066
0.0136704
-0.00376945
0.0136817
-0.00354454
0.0136897
-0.00331656
0.0136949
-0.00308603
0.0136979
-0.00285342
0.0136991
-0.0026191
0.0136991
-0.00238342
0.0136981
-0.00214666
0.0136964
-0.00190907
0.0136944
-0.00167086
0.0136921
-0.00143223
0.0136898
-0.00119335
0.0136876
-0.000954367
0.0136857
-0.000715413
0.0136841
-0.000476612
0.013683
-0.000238083
0.0136823
0.0136821
-0.00521223
0.0127735
-0.00515029
0.0129444
-0.0050687
0.0130533
-0.0049736
0.0131502
-0.00486281
0.0132274
-0.0047373
0.0132903
-0.00459834
0.013341
-0.00444749
0.0133814
-0.00428633
0.0134133
-0.00411627
0.013438
-0.00393859
0.0134568
-0.00375439
0.0134708
-0.00356466
0.0134807
-0.00337023
0.0134873
-0.00317184
0.0134913
-0.00297011
0.0134931
-0.0027656
0.0134933
-0.00255876
0.0134923
-0.00234999
0.0134903
-0.00213965
0.0134878
-0.00192803
0.0134848
-0.00171539
0.0134817
-0.00150195
0.0134786
-0.00128791
0.0134757
-0.00107345
0.0134731
-0.000858728
0.013471
-0.000643878
0.0134693
-0.000429032
0.0134682
-0.000214342
0.0134676
0.0134677
-0.00450425
0.0127714
-0.00446447
0.0129046
-0.00439965
0.0129885
-0.0043195
0.0130701
-0.00422482
0.0131327
-0.0041178
0.0131833
-0.00399949
0.0132227
-0.00387109
0.013253
-0.00373371
0.0132759
-0.00358845
0.0132927
-0.00343631
0.0133047
-0.00327821
0.0133127
-0.00311496
0.0133174
-0.00294727
0.0133196
-0.00277577
0.0133198
-0.00260101
0.0133184
-0.00242348
0.0133158
-0.0022436
0.0133124
-0.00206173
0.0133085
-0.00187821
0.0133042
-0.0016933
0.0132999
-0.00150726
0.0132957
-0.0013203
0.0132917
-0.00113262
0.0132881
-0.00094438
0.0132849
-0.000755741
0.0132823
-0.000566842
0.0132804
-0.000377816
0.0132791
-0.000188815
0.0132786
0.0132789
-0.00372409
0.0127926
-0.0037139
0.0128944
-0.00368062
0.0129552
-0.00362724
0.0130167
-0.00355676
0.0130623
-0.00347289
0.0130995
-0.00337774
0.0131276
-0.00327303
0.0131483
-0.00316008
0.0131629
-0.00303999
0.0131727
-0.00291368
0.0131784
-0.00278199
0.013181
-0.00264561
0.013181
-0.00250515
0.0131792
-0.00236117
0.0131758
-0.00221413
0.0131713
-0.00206444
0.0131661
-0.00191248
0.0131605
-0.00175857
0.0131546
-0.00160299
0.0131487
-0.001446
0.0131429
-0.00128781
0.0131375
-0.00112864
0.0131325
-0.00096866
0.0131281
-0.000808026
0.0131243
-0.00064689
0.0131212
-0.000485389
0.0131189
-0.00032365
0.0131174
-0.000161805
0.0131168
0.0131171
-0.00289399
0.0128335
-0.00290648
0.0129069
-0.00290226
0.012951
-0.00287911
0.0129935
-0.00283867
0.0130218
-0.00278395
0.0130447
-0.00271727
0.0130609
-0.00264064
0.0130717
-0.00255566
0.013078
-0.00246357
0.0130806
-0.00236542
0.0130802
-0.00226207
0.0130776
-0.00215425
0.0130732
-0.00204255
0.0130675
-0.00192748
0.0130607
-0.00180945
0.0130533
-0.00168887
0.0130455
-0.00156606
0.0130376
-0.00144132
0.0130298
-0.00131491
0.0130223
-0.00118706
0.0130151
-0.00105798
0.0130084
-0.000927842
0.0130024
-0.000796822
0.0129971
-0.000665071
0.0129925
-0.00053273
0.0129888
-0.000399933
0.0129861
-0.000266798
0.0129843
-0.000133439
0.0129834
0.0129837
-0.00203078
0.0128998
-0.00206679
0.0129429
-0.00208712
0.0129713
-0.00209102
0.0129974
-0.00208
0.0130108
-0.00205564
0.0130204
-0.00201955
0.0130248
-0.00197355
0.0130257
-0.00191917
0.0130236
-0.00185768
0.0130191
-0.00179011
0.0130127
-0.00171735
0.0130049
-0.00164012
0.012996
-0.00155903
0.0129864
-0.00147456
0.0129762
-0.00138713
0.0129659
-0.00129711
0.0129555
-0.00120484
0.0129454
-0.0011106
0.0129356
-0.00101463
0.0129263
-0.000917169
0.0129176
-0.000818403
0.0129096
-0.000718514
0.0129025
-0.000617664
0.0128962
-0.000516
0.0128909
-0.000413659
0.0128865
-0.000310775
0.0128832
-0.000207463
0.0128809
-0.000103823
0.0128798
0.0128798
-0.00113851
0.0129969
-0.00120221
0.0130066
-0.00124944
0.0130186
-0.00128004
0.013028
-0.00129718
0.0130279
-0.00130258
0.0130258
-0.00129735
0.0130196
-0.00128285
0.0130112
-0.00126021
0.0130009
-0.00123055
0.0129894
-0.00119482
0.0129769
-0.00115383
0.0129639
-0.00110841
0.0129506
-0.00105918
0.0129371
-0.00100646
0.0129235
-0.00095072
0.0129101
-0.000892335
0.0128971
-0.000831632
0.0128847
-0.000768894
0.0128728
-0.000704367
0.0128618
-0.000638271
0.0128515
-0.000570802
0.0128422
-0.000502136
0.0128338
-0.000432433
0.0128265
-0.00036184
0.0128203
-0.000290491
0.0128152
-0.00021852
0.0128112
-0.000146049
0.0128085
-7.31579e-05
0.0128069
0.0128067
-0.000224151
0.0131253
-0.000313237
0.0130957
-0.000392378
0.0130977
-0.000450869
0.0130865
-0.000497524
0.0130746
-0.000532206
0.0130605
-0.00055715
0.0130445
-0.00057361
0.0130276
-0.000582659
0.01301
-0.000585188
0.0129919
-0.000581984
0.0129737
-0.000573641
0.0129555
-0.000560979
0.0129379
-0.000544596
0.0129207
-0.0005246
0.0129035
-0.000501543
0.0128871
-0.000475764
0.0128714
-0.000447585
0.0128565
-0.000417287
0.0128425
-0.000385117
0.0128296
-0.000351294
0.0128177
-0.000316015
0.0128069
-0.000279458
0.0127973
-0.000241785
0.0127888
-0.000203146
0.0127816
-0.000163678
0.0127757
-0.000123512
0.0127711
-8.27858e-05
0.0127677
-4.15791e-05
0.0127657
0.0127651
0.000751835
0.0132839
0.000619162
0.0132284
0.000505373
0.0132115
0.000410616
0.0131813
0.000328642
0.0131566
0.000259076
0.01313
0.00019933
0.0131042
0.000148428
0.0130785
0.000105189
0.0130532
6.86528e-05
0.0130285
3.79672e-05
0.0130044
1.22947e-05
0.0129812
-8.22006e-06
0.0129584
-2.3991e-05
0.0129365
-3.65662e-05
0.0129161
-4.6152e-05
0.0128967
-5.30893e-05
0.0128783
-5.76503e-05
0.0128611
-6.0085e-05
0.012845
-6.06216e-05
0.0128301
-5.94683e-05
0.0128165
-5.68146e-05
0.0128042
-5.28343e-05
0.0127933
-4.76879e-05
0.0127837
-4.15242e-05
0.0127755
-3.44843e-05
0.0127687
-2.66958e-05
0.0127633
-1.82735e-05
0.0127593
-9.42615e-06
0.0127569
0.0127557
0.00172965
0.01347
0.00156085
0.0133971
0.00141518
0.0133572
0.00128527
0.0133112
0.00117123
0.0132706
0.00106921
0.0132321
0.000977177
0.0131963
0.000893387
0.0131623
0.000816782
0.0131298
0.000746542
0.0130987
0.000681972
0.013069
0.000622551
0.0130406
0.000567437
0.0130135
0.000516075
0.0129879
0.000468486
0.0129637
0.000424171
0.012941
0.000382766
0.0129197
0.000343951
0.0128999
0.000307443
0.0128815
0.000272993
0.0128646
0.000240375
0.0128492
0.000209385
0.0128352
0.000179835
0.0128228
0.000151552
0.012812
0.000124374
0.0128026
9.81512e-05
0.0127949
7.27411e-05
0.0127887
4.80029e-05
0.0127841
2.38318e-05
0.012781
0.0127795
0.00269596
0.0136924
0.00249481
0.0135983
0.00231812
0.0135339
0.00215745
0.0134719
0.00200974
0.0134183
0.00187275
0.013369
0.0017455
0.0133235
0.0016271
0.0132807
0.0015165
0.0132404
0.00141264
0.0132026
0.00131457
0.0131671
0.00122154
0.0131336
0.00113296
0.0131021
0.00104835
0.0130725
0.000967309
0.0130447
0.000889517
0.0130188
0.000814647
0.0129946
0.000742394
0.0129721
0.000672482
0.0129514
0.000604667
0.0129324
0.000538724
0.0129151
0.000474451
0.0128995
0.000411657
0.0128856
0.000350168
0.0128735
0.000289819
0.012863
0.000230453
0.0128542
0.000171925
0.0128472
0.000114097
0.0128419
5.68602e-05
0.0128383
0.0128364
0.00367089
0.0139447
0.00343517
0.013834
0.00322193
0.0137471
0.00302793
0.0136659
0.00284926
0.013597
0.0026818
0.0135365
0.00252308
0.0134822
0.00237194
0.0134319
0.00222765
0.0133847
0.00208949
0.0133408
0.00195684
0.0132997
0.00182921
0.0132613
0.00170612
0.0132252
0.00158712
0.0131915
0.00147181
0.01316
0.00135983
0.0131307
0.00125087
0.0131035
0.00114462
0.0130784
0.00104082
0.0130552
0.000939211
0.013034
0.000839565
0.0130147
0.00074167
0.0129974
0.000645327
0.012982
0.000550351
0.0129684
0.000456566
0.0129568
0.000363807
0.012947
0.000271916
0.0129391
0.000180743
0.0129331
9.01402e-05
0.0129289
0.0129265
0.00464865
0.0142233
0.00438388
0.0140988
0.00414049
0.0139905
0.00391235
0.013894
0.00369595
0.0138134
0.00348961
0.0137429
0.00329322
0.0136786
0.00310623
0.0136188
0.0029273
0.0135636
0.00275505
0.013513
0.0025886
0.0134662
0.00242734
0.0134225
0.0022707
0.0133819
0.00211819
0.013344
0.00196943
0.0133088
0.00182404
0.0132761
0.00168171
0.0132459
0.00154213
0.0132179
0.00140505
0.0131923
0.0012702
0.0131688
0.00113736
0.0131476
0.00100631
0.0131285
0.000876843
0.0131114
0.000748772
0.0130965
0.000621913
0.0130836
0.000496093
0.0130728
0.000371146
0.013064
0.000246911
0.0130573
0.000123242
0.0130525
0.0130498
0.00561647
0.0145334
0.00530971
0.0144055
0.00502728
0.0142729
0.00476887
0.0141524
0.00452599
0.0140563
0.00429191
0.0139769
0.00406527
0.0139053
0.00384591
0.0138382
0.00363313
0.0137764
0.00342634
0.0137198
0.00322521
0.0136673
0.00302937
0.0136184
0.00283827
0.013573
0.00265144
0.0135308
0.00246852
0.0134917
0.00228915
0.0134555
0.00211298
0.013422
0.00193973
0.0133912
0.0017691
0.0133629
0.00160083
0.0133371
0.00143468
0.0133137
0.00127042
0.0132927
0.00110782
0.013274
0.000946684
0.0132576
0.000786808
0.0132435
0.000628005
0.0132316
0.000470094
0.013222
0.000312898
0.0132145
0.000156256
0.0132092
0.013206
0.00657628
0.0148616
0.00625066
0.0147312
0.00593788
0.0145857
0.00563908
0.0144512
0.00535184
0.0143435
0.00507561
0.0142531
0.00481126
0.0141696
0.00455717
0.0140923
0.00431086
0.0140227
0.00407108
0.0139596
0.0038373
0.0139011
0.00360893
0.0138468
0.00338533
0.0137966
0.00316606
0.0137501
0.00295075
0.013707
0.00273905
0.0136672
0.0025306
0.0136305
0.00232511
0.0135967
0.00212228
0.0135657
0.00192186
0.0135375
0.00172359
0.013512
0.00152723
0.0134891
0.00133257
0.0134687
0.00113937
0.0134508
0.000947438
0.0134354
0.000756571
0.0134225
0.000566577
0.013412
0.000377269
0.0134038
0.000188469
0.013398
0.0133945
0.00749229
0.0152351
0.00712127
0.0151022
0.00677968
0.0149273
0.0064626
0.0147683
0.00615513
0.014651
0.0058537
0.0145546
0.00556015
0.0144632
0.0052738
0.0143786
0.00499372
0.0143028
0.00471998
0.0142333
0.00445238
0.0141687
0.00419027
0.0141089
0.0039331
0.0140537
0.00368048
0.0140027
0.00343204
0.0139555
0.0031874
0.0139119
0.00294622
0.0138717
0.00270817
0.0138347
0.00247296
0.013801
0.00224031
0.0137702
0.00200994
0.0137424
0.0017816
0.0137174
0.00155503
0.0136953
0.00133002
0.0136759
0.00110631
0.0136591
0.000883702
0.0136451
0.00066197
0.0136337
0.000440908
0.0136249
0.000220315
0.0136186
0.0136148
0.00842727
0.0156037
0.00804185
0.0154876
0.00765839
0.0153107
0.00728695
0.0151397
0.00692913
0.0150088
0.00658758
0.0148961
0.00626
0.0147908
0.0059415
0.0146971
0.00563015
0.0146142
0.0053257
0.0145378
0.0050275
0.0144669
0.00473479
0.0144016
0.0044471
0.0143414
0.00416405
0.0142857
0.00388525
0.0142343
0.00361029
0.0141868
0.00333883
0.0141431
0.00307055
0.014103
0.00280515
0.0140664
0.00254233
0.014033
0.00228183
0.0140029
0.00202336
0.0139759
0.00176668
0.0139519
0.00151155
0.013931
0.00125771
0.013913
0.00100493
0.0138979
0.000752993
0.0138856
0.000501668
0.0138762
0.000250736
0.0138695
0.0138655
0.00922881
0.0160313
0.00882514
0.0158913
0.0084462
0.0156897
0.00806873
0.0155172
0.00769229
0.0153853
0.00732537
0.015263
0.00696744
0.0151487
0.00661649
0.0150481
0.00627278
0.0149579
0.00593618
0.0148744
0.00560582
0.0147972
0.0052811
0.0147263
0.00496166
0.0146609
0.00464709
0.0146003
0.00433697
0.0145444
0.00403094
0.0144929
0.00372863
0.0144454
0.00342971
0.0144019
0.00313387
0.0143622
0.00284079
0.0143261
0.00255016
0.0142935
0.00226171
0.0142643
0.00197516
0.0142385
0.00169022
0.0142159
0.00140664
0.0141966
0.00112414
0.0141804
0.000842481
0.0141673
0.000561398
0.0141573
0.000280643
0.0141503
0.0141462
0.0101256
0.0164151
0.00968164
0.0163353
0.00923622
0.0161351
0.00880152
0.0159519
0.00838581
0.015801
0.00798699
0.0156619
0.00759907
0.0155366
0.00721977
0.0154274
0.00684846
0.0153292
0.00648418
0.0152386
0.0061261
0.0151553
0.00577379
0.0150786
0.00542686
0.0150078
0.00508484
0.0149423
0.00474733
0.0148819
0.00441395
0.0148262
0.00408433
0.0147751
0.00375813
0.0147281
0.00343503
0.0146853
0.0031147
0.0146464
0.00279684
0.0146114
0.00248116
0.01458
0.00216735
0.0145523
0.00185515
0.0145281
0.00154426
0.0145075
0.00123441
0.0144902
0.000925332
0.0144764
0.000616753
0.0144659
0.000308395
0.0144586
0.0144546
0.010733
0.0166775
0.0103801
0.0166882
0.00995812
0.0165571
0.00951629
0.0163937
0.00908025
0.016237
0.00865321
0.0160889
0.00823536
0.0159545
0.0078268
0.015836
0.00742645
0.0157295
0.0070331
0.015632
0.00664612
0.0155423
0.00626507
0.0154597
0.00588953
0.0153833
0.00551908
0.0153128
0.00515334
0.0152476
0.00479194
0.0151876
0.00443452
0.0151325
0.00408073
0.0150819
0.00373023
0.0150358
0.00338269
0.014994
0.00303776
0.0149563
0.00269515
0.0149226
0.00235452
0.0148929
0.00201558
0.0148671
0.00167801
0.014845
0.00134151
0.0148267
0.00100577
0.0148121
0.000670486
0.0148011
0.000335338
0.0147938
0.0147899
0.000935316
0.0165718
-0.000829556
0.000946405
0.0166771
0.000926699
0.0165768
0.000888093
0.0164323
0.000846913
0.0162782
0.000804457
0.0161314
0.000759831
0.0159991
0.000715243
0.0158805
0.000671818
0.0157729
0.000629395
0.0156744
0.000588055
0.0155836
0.000548052
0.0154997
0.000509442
0.0154219
0.000472172
0.01535
0.0004362
0.0152836
0.00040148
0.0152224
0.000367941
0.015166
0.000335499
0.0151144
0.000304067
0.0150672
0.000273559
0.0150245
0.000243887
0.014986
0.000214961
0.0149516
0.000186694
0.0149212
0.000158999
0.0148948
0.000131791
0.0148722
0.000104985
0.0148535
7.85047e-05
0.0148386
5.22537e-05
0.0148274
2.61201e-05
0.0148199
0.014816
0.000877921
0.016491
-0.000797149
0.000891075
0.016664
0.000873679
0.0165942
0.000843683
0.0164623
0.000807963
0.0163139
0.000768868
0.0161704
0.000728263
0.0160397
0.000687441
0.0159214
0.000646978
0.0158134
0.00060716
0.0157142
0.000568228
0.0156226
0.000530346
0.0155375
0.000493588
0.0154587
0.000457975
0.0153857
0.000423497
0.0153181
0.000390124
0.0152557
0.000357802
0.0151983
0.00032647
0.0151457
0.000296057
0.0150976
0.000266488
0.015054
0.000237688
0.0150148
0.000209577
0.0149797
0.000182076
0.0149487
0.000155107
0.0149217
0.000128591
0.0148988
0.00010245
0.0148797
7.66043e-05
0.0148644
5.09787e-05
0.014853
2.54889e-05
0.0148454
0.0148415
0.000833032
0.0164219
-0.000763896
0.000839859
0.0166571
0.000824442
0.0166096
0.000799144
0.0164876
0.000767691
0.0163454
0.000732543
0.0162056
0.000695754
0.0160765
0.000658388
0.0159587
0.000620953
0.0158508
0.00058384
0.0157513
0.000547341
0.015659
0.000511627
0.0155733
0.000476802
0.0154935
0.000442922
0.0154195
0.000410008
0.015351
0.000378049
0.0152877
0.000347013
0.0152294
0.000316855
0.0151759
0.000287521
0.015127
0.00025895
0.0150826
0.000231077
0.0150426
0.000203833
0.0150069
0.000177149
0.0149754
0.000150954
0.0149479
0.000125177
0.0149245
9.97449e-05
0.0149051
7.45871e-05
0.0148896
4.96333e-05
0.014878
2.48009e-05
0.0148702
0.0148663
0.000787238
0.0163558
-0.000721147
0.000793557
0.0166508
0.000779535
0.0166236
0.000756761
0.0165104
0.00072851
0.0163736
0.000696904
0.0162372
0.000663539
0.0161099
0.000629316
0.015993
0.000594757
0.0158854
0.000560261
0.0157858
0.000526125
0.0156932
0.000492539
0.0156068
0.000459632
0.0155264
0.000427487
0.0154517
0.000396145
0.0153824
0.000365615
0.0153182
0.000335884
0.0152591
0.000306924
0.0152048
0.000278695
0.0151552
0.000251147
0.0151102
0.000224228
0.0150695
0.000197879
0.0150333
0.000172038
0.0150012
0.000146644
0.0149733
0.000121633
0.0149495
9.69378e-05
0.0149298
7.2495e-05
0.014914
4.82399e-05
0.0149022
2.41006e-05
0.0148944
0.0148904
0.000739489
0.0162868
-0.000670522
0.000749515
0.0166408
0.000737483
0.0166356
0.00071672
0.0165312
0.000691095
0.0163992
0.000662502
0.0162658
0.000632145
0.0161402
0.000600769
0.0160243
0.000568875
0.0159173
0.000536843
0.0158179
0.000504956
0.0157251
0.000473419
0.0156384
0.000442377
0.0155575
0.000411931
0.0154821
0.000382139
0.0154121
0.000353027
0.0153473
0.000324597
0.0152875
0.000296836
0.0152326
0.000269716
0.0151823
0.0002432
0.0151367
0.000217246
0.0150955
0.000191803
0.0150587
0.00016682
0.0150262
0.000142241
0.0149979
0.000118011
0.0149738
9.40695e-05
0.0149537
7.03582e-05
0.0149377
4.68193e-05
0.0149258
2.33905e-05
0.0149178
0.0149138
0.000692242
0.0162155
-0.000620923
0.000706161
0.0166269
0.000696728
0.0166451
0.000678227
0.0165497
0.000655088
0.0164224
0.000629171
0.0162917
0.000601509
0.0161679
0.000572744
0.0160531
0.000543331
0.0159467
0.00051362
0.0158476
0.000483878
0.0157548
0.000454313
0.0156679
0.000425084
0.0155867
0.000396299
0.0155109
0.000368032
0.0154404
0.000340322
0.015375
0.000313186
0.0153147
0.000286621
0.0152591
0.000260613
0.0152083
0.000235134
0.0151622
0.000210152
0.0151205
0.000185625
0.0150832
0.00016151
0.0150503
0.00013776
0.0150217
0.000114323
0.0149972
9.11488e-05
0.0149769
6.81833e-05
0.0149607
4.53747e-05
0.0149486
2.26689e-05
0.0149405
0.0149365
0.000646167
0.0161446
-0.000575302
0.000663193
0.0166099
0.000656576
0.0166517
0.000640602
0.0165657
0.000619961
0.016443
0.00059656
0.0163151
0.000571401
0.016193
0.000545079
0.0160794
0.000518008
0.0159738
0.000490505
0.0158751
0.000462825
0.0157825
0.000435173
0.0156956
0.000407711
0.0156142
0.000380559
0.0155381
0.000353798
0.0154672
0.00032748
0.0154014
0.000301633
0.0153405
0.000276266
0.0152845
0.000251373
0.0152332
0.000226939
0.0151866
0.000202938
0.0151445
0.000179339
0.0151068
0.000156104
0.0150735
0.000133194
0.0150446
0.000110565
0.0150198
8.81721e-05
0.0149993
6.5967e-05
0.0149829
4.39034e-05
0.0149706
2.19338e-05
0.0149625
0.0149584
0.000601447
0.0160751
-0.000531898
0.000621018
0.0165903
0.000617074
0.0166556
0.000603607
0.0165791
0.00058542
0.0164612
0.000564438
0.0163361
0.000541661
0.0162158
0.000517662
0.0161034
0.000492825
0.0159986
0.000467443
0.0159005
0.000441756
0.0158082
0.000415966
0.0157214
0.000390237
0.0156399
0.000364692
0.0155636
0.000339423
0.0154924
0.000314489
0.0154263
0.000289929
0.0153651
0.000265762
0.0153087
0.000241991
0.015257
0.00021861
0.01521
0.0001956
0.0151675
0.00017294
0.0151295
0.000150598
0.0150959
0.000128542
0.0150666
0.000106735
0.0150416
8.51376e-05
0.0150209
6.37076e-05
0.0150043
4.24038e-05
0.0149919
2.11845e-05
0.0149837
0.0149796
0.000558106
0.0160062
-0.000489247
0.000579948
0.0165684
0.000578428
0.0166571
0.000567288
0.0165903
0.000551423
0.0164771
0.000532754
0.0163548
0.000512254
0.0162363
0.000490478
0.0161252
0.000467783
0.0160213
0.000444443
0.0159238
0.000420688
0.0158319
0.000396713
0.0157454
0.00037268
0.0156639
0.000348719
0.0155876
0.000324925
0.0155162
0.000301366
0.0154499
0.00027809
0.0153883
0.000255124
0.0153316
0.000232479
0.0152796
0.000210157
0.0152323
0.000188148
0.0151895
0.000166437
0.0151512
0.000144999
0.0151173
0.00012381
0.0150878
0.000102838
0.0150626
8.20487e-05
0.0150417
6.14075e-05
0.015025
4.08775e-05
0.0150125
2.04223e-05
0.0150041
0.015
0.000515988
0.0159378
-0.000447544
0.000539964
0.0165445
0.000540712
0.0166564
0.000531729
0.0165992
0.000518033
0.0164908
0.000501549
0.0163712
0.000483219
0.0162547
0.000463566
0.0161448
0.000442925
0.016042
0.000421553
0.0159452
0.000399667
0.0158538
0.000377457
0.0157676
0.000355084
0.0156863
0.000332679
0.01561
0.000310341
0.0155386
0.000288146
0.015472
0.000266147
0.0154103
0.000244378
0.0153534
0.000222861
0.0153012
0.000201602
0.0152536
0.0001806
0.0152105
0.000159845
0.015172
0.000139321
0.0151378
0.000119008
0.0151081
9.88812e-05
0.0150827
7.89125e-05
0.0150617
5.90719e-05
0.0150448
3.93277e-05
0.0150322
1.96487e-05
0.0150238
0.0150197
0.000474923
0.0158699
-0.000407055
0.000500918
0.0165185
0.000503875
0.0166534
0.000496948
0.0166062
0.000485296
0.0165024
0.000470876
0.0163857
0.000454605
0.0162709
0.000436976
0.0161625
0.000418302
0.0160606
0.000398822
0.0159647
0.000378744
0.0158739
0.000358249
0.0157881
0.000337496
0.0157071
0.000316615
0.0156309
0.000295711
0.0155595
0.000274863
0.0154929
0.000254131
0.0154311
0.000233555
0.015374
0.000213162
0.0153216
0.000192967
0.0152737
0.000172975
0.0152305
0.000153181
0.0151917
0.000133578
0.0151575
0.000114149
0.0151276
9.48762e-05
0.015102
7.57369e-05
0.0150808
5.67064e-05
0.0150639
3.77581e-05
0.0150512
1.88655e-05
0.0150427
0.0150385
0.000434862
0.0158028
-0.000367784
0.000462719
0.0164906
0.000467835
0.0166483
0.00046291
0.0166111
0.000453214
0.0165121
0.000440757
0.0163981
0.000426442
0.0162852
0.000410742
0.0161782
0.000393951
0.0160774
0.000376291
0.0159823
0.000357958
0.0158922
0.000339126
0.0158069
0.000319951
0.0157262
0.000300563
0.0156502
0.000281068
0.015579
0.000261549
0.0155124
0.00024207
0.0154506
0.000222678
0.0153934
0.000203405
0.0153408
0.000184273
0.0152929
0.000165291
0.0152495
0.000146462
0.0152106
0.000127783
0.0151761
0.000109244
0.0151461
9.08315e-05
0.0151204
7.2529e-05
0.0150991
5.43165e-05
0.0150821
3.61722e-05
0.0150693
1.80744e-05
0.0150608
0.0150566
0.000395844
0.0157367
-0.000329722
0.000425354
0.0164611
0.000432544
0.0166411
0.000429571
0.0166141
0.000421764
0.0165199
0.000411185
0.0164087
0.000398738
0.0162977
0.000384882
0.016192
0.000369894
0.0160924
0.000353984
0.0159982
0.000337336
0.0159089
0.000320118
0.0158241
0.00030248
0.0157439
0.000284551
0.0156682
0.000266438
0.0155971
0.000248228
0.0155306
0.000229988
0.0154688
0.000211769
0.0154116
0.00019361
0.015359
0.000175536
0.015311
0.000157563
0.0152675
0.0001397
0.0152284
0.000121947
0.0151939
0.000104302
0.0151637
8.6755e-05
0.015138
6.92948e-05
0.0151166
5.19064e-05
0.0150995
3.45728e-05
0.0150866
1.72767e-05
0.0150781
0.0150739
0.000357898
0.0156717
-0.000292895
0.000388837
0.0164302
0.000397989
0.016632
0.000396903
0.0166152
0.000390922
0.0165259
0.000382149
0.0164175
0.000371492
0.0163083
0.000359402
0.0162041
0.000346145
0.0161057
0.00033192
0.0160124
0.000316901
0.0159239
0.000301247
0.0158398
0.000285105
0.01576
0.000268601
0.0156847
0.000251844
0.0156138
0.000234921
0.0155475
0.000217904
0.0154858
0.000200847
0.0154286
0.000183792
0.015376
0.000166771
0.015328
0.000149805
0.0152844
0.000132906
0.0152453
0.000116081
0.0152107
9.93319e-05
0.0151805
8.26537e-05
0.0151547
6.604e-05
0.0151332
4.94805e-05
0.015116
3.29626e-05
0.0151032
1.64735e-05
0.0150946
0.0150904
0.000321025
0.015608
-0.000257305
0.000353186
0.016398
0.000364172
0.016621
0.000364897
0.0166144
0.000360674
0.0165301
0.000353637
0.0164245
0.0003447
0.0163173
0.000334307
0.0162145
0.000322715
0.0161173
0.000310115
0.016025
0.000296669
0.0159373
0.000282533
0.0158539
0.000267847
0.0157747
0.000252735
0.0156998
0.000237306
0.0156293
0.000221649
0.0155632
0.000205836
0.0155016
0.000189928
0.0154446
0.000173968
0.015392
0.000157994
0.0153439
0.000142029
0.0153004
0.000126093
0.0152613
0.000110195
0.0152266
9.4342e-05
0.0151963
7.85345e-05
0.0151705
6.27699e-05
0.0151489
4.70426e-05
0.0151317
3.13442e-05
0.0151189
1.56663e-05
0.0151103
0.015106
0.0002852
0.0155457
-0.000222911
0.000318395
0.0163648
0.000331095
0.0166083
0.000333551
0.016612
0.000331016
0.0165327
0.000325649
0.0164299
0.000318366
0.0163246
0.000309604
0.0162233
0.000299616
0.0161272
0.000288581
0.0160361
0.000276659
0.0159493
0.000263994
0.0158666
0.000250725
0.015788
0.000236972
0.0157135
0.000222843
0.0156434
0.000208429
0.0155776
0.000193803
0.0155163
0.000179028
0.0154593
0.000164153
0.0154069
0.000149216
0.0153589
0.000134248
0.0153153
0.00011927
0.0152763
0.000104298
0.0152416
8.93404e-05
0.0152113
7.44039e-05
0.0151854
5.94898e-05
0.0151639
4.45967e-05
0.0151466
2.97203e-05
0.0151337
1.48562e-05
0.0151251
0.0151209
0.000250403
0.015485
-0.000189669
0.000284461
0.0163307
0.000298758
0.016594
0.000302861
0.0166079
0.000301946
0.0165336
0.000298185
0.0164336
0.000292492
0.0163303
0.000285301
0.0162305
0.000276857
0.0161357
0.000267335
0.0160456
0.000256885
0.0159597
0.000245649
0.0158778
0.000233757
0.0157999
0.000221331
0.015726
0.000208474
0.0156563
0.000195279
0.0155908
0.000181821
0.0155297
0.000168164
0.015473
0.000154361
0.0154207
0.000140453
0.0153728
0.000126474
0.0153293
0.000112449
0.0152903
9.83982e-05
0.0152556
8.43349e-05
0.0152254
7.02686e-05
0.0151995
5.62049e-05
0.0151779
4.21466e-05
0.0151607
2.80934e-05
0.0151478
1.40446e-05
0.0151392
0.0151349
0.000216601
0.0154259
-0.000157516
0.000251383
0.016296
0.000267156
0.0165782
0.000272823
0.0166022
0.000273462
0.0165329
0.000271247
0.0164359
0.000267085
0.0163344
0.000261405
0.0162361
0.000254449
0.0161426
0.000246387
0.0160537
0.000237364
0.0159687
0.000227512
0.0158877
0.000216962
0.0158104
0.000205828
0.0157371
0.000194216
0.0156679
0.000182216
0.0156028
0.000169906
0.015542
0.000157351
0.0154855
0.000144606
0.0154334
0.000131716
0.0153857
0.000118717
0.0153423
0.00010564
0.0153034
9.25057e-05
0.0152688
7.9333e-05
0.0152385
6.61346e-05
0.0152127
5.29201e-05
0.0151911
3.9696e-05
0.0151739
2.64659e-05
0.015161
1.32327e-05
0.0151524
0.0151482
0.000183784
0.0153685
-0.000126421
0.000219163
0.0162606
0.000236287
0.0165611
0.000243426
0.0165951
0.000245562
0.0165308
0.000244838
0.0164366
0.00024215
0.0163371
0.000237924
0.0162404
0.000232402
0.0161482
0.000225751
0.0160603
0.000218107
0.0159764
0.0002096
0.0158962
0.000200352
0.0158197
0.000190479
0.015747
0.000180083
0.0156783
0.000169255
0.0156136
0.000158072
0.0155532
0.000146601
0.015497
0.000134901
0.0154451
0.000123017
0.0153976
0.00011099
0.0153544
9.88514e-05
0.0153155
8.66284e-05
0.015281
7.43417e-05
0.0152508
6.20079e-05
0.015225
4.96402e-05
0.0152035
3.72485e-05
0.0151863
2.48401e-05
0.0151734
1.24216e-05
0.0151648
0.0151606
0.00015191
0.015313
-9.63562e-05
0.000187808
0.0162247
0.000206134
0.0165428
0.000214662
0.0165865
0.000218245
0.0165272
0.000218959
0.0164359
0.000217687
0.0163384
0.000214861
0.0162432
0.000210724
0.0161523
0.000205436
0.0160656
0.000199128
0.0159827
0.000191924
0.0159034
0.000183944
0.0158276
0.000175299
0.0157556
0.000166091
0.0156875
0.000156409
0.0156233
0.000146332
0.0155633
0.000135929
0.0155074
0.000125257
0.0154558
0.000114367
0.0154085
0.0001033
0.0153654
9.20931e-05
0.0153267
8.07742e-05
0.0152923
6.93679e-05
0.0152622
5.78942e-05
0.0152365
4.63695e-05
0.015215
3.48074e-05
0.0151979
2.32184e-05
0.015185
1.16124e-05
0.0151764
0.0151722
0.000120973
0.0152594
-6.74192e-05
0.000157327
0.0161883
0.000176669
0.0165234
0.000186524
0.0165767
0.000191514
0.0165222
0.000193612
0.0164338
0.0001937
0.0163383
0.000192222
0.0162447
0.000189421
0.0161551
0.00018545
0.0160696
0.000180436
0.0159877
0.000174496
0.0159093
0.000167748
0.0158344
0.0001603
0.0157631
0.000152252
0.0156955
0.000143692
0.0156319
0.0001347
0.0155723
0.000125345
0.0155168
0.000115686
0.0154655
0.000105776
0.0154184
9.56593e-05
0.0153755
8.53733e-05
0.015337
7.49505e-05
0.0153027
6.44179e-05
0.0152728
5.37987e-05
0.0152471
4.31125e-05
0.0152257
3.23759e-05
0.0152086
2.16028e-05
0.0151958
1.08063e-05
0.0151872
0.015183
9.10026e-05
0.0152075
-3.91337e-05
0.000127713
0.0161516
0.000147852
0.0165033
0.00015902
0.0165655
0.000165375
0.0165159
0.000168795
0.0164303
0.000170187
0.0163369
0.000170009
0.0162449
0.000168499
0.0161566
0.000165803
0.0160723
0.00016204
0.0159915
0.000157327
0.015914
0.000151777
0.0158399
0.000145495
0.0157694
0.000138578
0.0157024
0.000131116
0.0156393
0.000123187
0.0155802
0.00011486
0.0155251
0.000106199
0.0154741
9.72546e-05
0.0154273
8.80749e-05
0.0153847
7.86999e-05
0.0153464
6.91642e-05
0.0153123
5.94978e-05
0.0152824
4.97266e-05
0.0152569
3.98731e-05
0.0152356
2.9957e-05
0.0152185
1.99953e-05
0.0152057
1.00041e-05
0.0151972
0.015193
6.23281e-05
0.0151559
-1.06994e-05
9.88872e-05
0.0161151
0.000119687
0.0164825
0.000132172
0.016553
0.000139832
0.0165082
0.000144504
0.0164257
0.000147148
0.0163343
0.000148227
0.0162438
0.000147965
0.0161569
0.000146499
0.0160737
0.000143949
0.015994
0.000140426
0.0159175
0.000136039
0.0158443
0.000130892
0.0157745
0.00012508
0.0157083
0.00011869
0.0156457
0.000111802
0.0155871
0.000104486
0.0155324
9.68038e-05
0.0154818
8.88109e-05
0.0154353
8.05555e-05
0.015393
7.20802e-05
0.0153548
6.34218e-05
0.0153209
5.46131e-05
0.0152912
4.56824e-05
0.0152658
3.66551e-05
0.0152446
2.75537e-05
0.0152276
1.83979e-05
0.0152149
9.20687e-06
0.0152064
0.0152022
3.51169e-05
0.0151062
1.4623e-05
7.07522e-05
0.0160794
9.22463e-05
0.016461
0.000106008
0.0165393
0.000114876
0.0164993
0.00012073
0.0164198
0.000124584
0.0163304
0.000126879
0.0162415
0.000127821
0.0161559
0.000127546
0.016074
0.00012617
0.0159954
0.000123801
0.0159199
0.000120546
0.0158476
0.000116503
0.0157785
0.000111767
0.015713
0.000106426
0.0156511
0.000100557
0.015593
9.42306e-05
0.0155387
8.75107e-05
0.0154885
8.04535e-05
0.0154424
7.31089e-05
0.0154003
6.55212e-05
0.0153624
5.77297e-05
0.0153287
4.97692e-05
0.0152992
4.16708e-05
0.0152739
3.34622e-05
0.0152528
2.51685e-05
0.0152359
1.68124e-05
0.0152233
8.41551e-06
0.0152148
0.0152106
9.43835e-06
0.0150584
3.83759e-05
4.3211e-05
0.0160457
6.56283e-05
0.0164386
8.05519e-05
0.0165243
9.04844e-05
0.0164894
9.74667e-05
0.0164128
0.000102497
0.0163254
0.000105967
0.016238
0.000108072
0.0161538
0.000108948
0.0160731
0.000108709
0.0159956
0.00010746
0.0159212
0.000105303
0.0158497
0.000102336
0.0157815
9.86499e-05
0.0157167
9.43316e-05
0.0156554
8.94591e-05
0.0155978
8.41031e-05
0.0155441
7.83276e-05
0.0154943
7.21901e-05
0.0154485
6.5742e-05
0.0154068
5.90294e-05
0.0153691
5.20935e-05
0.0153356
4.49712e-05
0.0153063
3.76958e-05
0.0152812
3.02976e-05
0.0152602
2.28041e-05
0.0152434
1.52405e-05
0.0152308
7.63086e-06
0.0152224
0.0152183
-1.74341e-05
0.0150134
6.23652e-05
1.60424e-05
0.0160122
3.98491e-05
0.0164148
5.57701e-05
0.0165084
6.66268e-05
0.0164786
7.47146e-05
0.0164047
8.08906e-05
0.0163192
8.54939e-05
0.0162334
8.87207e-05
0.0161506
9.071e-05
0.0160711
9.15729e-05
0.0159948
9.14102e-05
0.0159213
9.03202e-05
0.0158508
8.83983e-05
0.0157834
8.57353e-05
0.0157193
8.24158e-05
0.0156587
7.85176e-05
0.0156017
7.41115e-05
0.0155485
6.92622e-05
0.0154991
6.4028e-05
0.0154537
5.84617e-05
0.0154123
5.26109e-05
0.015375
4.65185e-05
0.0153417
4.02236e-05
0.0153126
3.37615e-05
0.0152876
2.71647e-05
0.0152668
2.04629e-05
0.0152501
1.36837e-05
0.0152376
6.85371e-06
0.0152293
0.0152251
-4.37877e-05
0.0149712
8.60436e-05
-1.00152e-05
0.0159784
1.493e-05
0.0163898
3.14173e-05
0.0164919
4.3272e-05
0.0164667
5.24843e-05
0.0163955
5.97659e-05
0.0163119
6.54583e-05
0.0162277
6.97688e-05
0.0161463
7.2836e-05
0.0160681
7.47663e-05
0.0159928
7.56569e-05
0.0159204
7.5603e-05
0.0158509
7.46981e-05
0.0157843
7.30313e-05
0.015721
7.06861e-05
0.0156611
6.77398e-05
0.0156047
6.42633e-05
0.015552
6.03216e-05
0.0155031
5.59739e-05
0.0154581
5.12741e-05
0.015417
4.62712e-05
0.01538
4.101e-05
0.015347
3.5531e-05
0.0153181
2.98716e-05
0.0152933
2.40662e-05
0.0152726
1.8147e-05
0.015256
1.21436e-05
0.0152436
6.08484e-06
0.0152353
0.0152312
-6.88233e-05
0.0149309
0.000109103
-3.47803e-05
0.0159444
-9.66345e-06
0.0163647
7.44281e-06
0.0164748
2.04563e-05
0.0164537
3.07766e-05
0.0163852
3.91165e-05
0.0163036
4.58591e-05
0.016221
5.12187e-05
0.0161409
5.53297e-05
0.016064
5.82941e-05
0.0159899
6.02058e-05
0.0159185
6.11579e-05
0.0158499
6.12417e-05
0.0157843
6.05447e-05
0.0157217
5.91495e-05
0.0156625
5.71326e-05
0.0156067
5.45651e-05
0.0155545
5.15122e-05
0.0155061
4.80338e-05
0.0154616
4.41849e-05
0.0154209
4.00157e-05
0.0153842
3.55724e-05
0.0153514
3.08972e-05
0.0153228
2.60293e-05
0.0152982
2.10051e-05
0.0152776
1.58586e-05
0.0152612
1.06215e-05
0.0152488
5.32492e-06
0.0152406
0.0152365
-9.30744e-05
0.0148925
0.000131495
-5.93705e-05
0.0159107
-3.40958e-05
0.0163394
-1.57625e-05
0.0164565
-1.71515e-06
0.0164396
9.58382e-06
0.0163739
1.89367e-05
0.0162942
2.66965e-05
0.0162132
3.30729e-05
0.0161346
3.81944e-05
0.0160588
4.21601e-05
0.0159859
4.50618e-05
0.0159156
4.69903e-05
0.015848
4.8035e-05
0.0157832
4.82818e-05
0.0157215
4.78123e-05
0.0156629
4.67025e-05
0.0156078
4.50232e-05
0.0155562
4.28401e-05
0.0155083
4.02136e-05
0.0154642
3.71995e-05
0.0154239
3.38492e-05
0.0153875
3.02101e-05
0.0153551
2.63262e-05
0.0153267
2.22381e-05
0.0153022
1.7984e-05
0.0152819
1.35996e-05
0.0152656
9.1189e-06
0.0152533
4.57464e-06
0.0152452
0.0152411
-0.000116679
0.0148559
0.000153276
-8.33445e-05
0.0158773
-5.75996e-05
0.0163137
-3.84291e-05
0.0164373
-2.34404e-05
0.0164246
-1.1121e-05
0.0163616
-7.80902e-07
0.0162839
7.97093e-06
0.0162045
1.53332e-05
0.0161272
2.14325e-05
0.0160528
2.63679e-05
0.015981
3.02294e-05
0.0159118
3.31051e-05
0.0158451
3.50832e-05
0.0157812
3.62482e-05
0.0157203
3.66802e-05
0.0156625
3.64551e-05
0.015608
3.56434e-05
0.015557
3.43108e-05
0.0155097
3.25183e-05
0.015466
3.03226e-05
0.0154261
2.77761e-05
0.0153901
2.49272e-05
0.0153579
2.18214e-05
0.0153298
1.85008e-05
0.0153056
1.50051e-05
0.0152854
1.1372e-05
0.0152692
7.63688e-06
0.0152571
3.83459e-06
0.015249
0.0152449
-0.000139622
0.014821
0.000174486
-0.000106611
0.0158443
-8.04588e-05
0.0162875
-6.05219e-05
0.0164174
-4.45866e-05
0.0164087
-3.13181e-05
0.0163483
-2.00146e-05
0.0162726
-1.03114e-05
0.0161948
-2.00052e-06
0.0161189
5.04559e-06
0.0160457
1.09204e-05
0.0159751
1.57123e-05
0.015907
1.95064e-05
0.0158413
2.23913e-05
0.0157783
2.4449e-05
0.0157182
2.57585e-05
0.0156612
2.63957e-05
0.0156074
2.64308e-05
0.015557
2.59293e-05
0.0155102
2.49529e-05
0.015467
2.35589e-05
0.0154275
2.18005e-05
0.0153918
1.97274e-05
0.01536
1.73861e-05
0.0153321
1.48201e-05
0.0153081
1.20708e-05
0.0152881
9.17722e-06
0.0152721
6.17661e-06
0.0152601
3.10535e-06
0.015252
0.015248
-0.000161886
0.0147878
0.000195129
-0.000129216
0.0158116
-0.000102717
0.016261
-8.20124e-05
0.0163967
-6.51903e-05
0.0163919
-5.10068e-05
0.0163341
-3.87817e-05
0.0162604
-2.81527e-05
0.0161841
-1.89197e-05
0.0161097
-1.09603e-05
0.0160377
-4.17947e-06
0.0159683
1.50971e-06
0.0159013
6.19764e-06
0.0158366
9.96315e-06
0.0157746
1.28885e-05
0.0157153
1.50516e-05
0.015659
1.6529e-05
0.0156059
1.73905e-05
0.0155561
1.77002e-05
0.0155098
1.75216e-05
0.0154671
1.69123e-05
0.0154281
1.59263e-05
0.0153928
1.46141e-05
0.0153613
1.30232e-05
0.0153337
1.11987e-05
0.01531
9.18311e-06
0.0152901
7.017e-06
0.0152743
4.73913e-06
0.0152623
2.38744e-06
0.0152544
0.0152504
-0.000183482
0.000215202
-0.000151191
-0.000124365
-0.000102923
-8.52547e-05
-7.01902e-05
-5.70743e-05
-4.55528e-05
-3.54307e-05
-2.65862e-05
-1.89253e-05
-1.23619e-05
-6.81433e-06
-2.19854e-06
1.56735e-06
4.5631e-06
6.85866e-06
8.52625e-06
9.62724e-06
1.02284e-05
1.03867e-05
1.01568e-05
9.59042e-06
8.7356e-06
7.63878e-06
6.3439e-06
4.89272e-06
3.32542e-06
1.68134e-06
0.0111326
-0.000725365
0.0110062
-0.000670718
0.0108895
-0.000647226
0.0107773
-0.000608878
0.0106658
-0.000559003
0.0105567
-0.000511885
0.0104513
-0.000469843
0.0103492
-0.000429849
0.0102504
-0.000390479
0.0101552
-0.000352318
0.0100639
-0.00031572
0.00997668
-0.00028058
0.00989376
-0.000246802
0.00981523
-0.000214363
0.00974113
-0.000183208
0.00967146
-0.000153239
0.00960616
-0.000124367
0.00954518
-9.65358e-05
0.00948847
-6.97129e-05
0.00943574
-4.36314e-05
0.00938605
-1.77211e-05
0.00933973
7.18621e-06
0.00930032
2.87065e-05
0.00926453
5.04118e-05
0.00923126
7.16469e-05
0.009201
9.26273e-05
0.00917372
0.000113326
0.0091493
0.000133522
0.00912766
0.000153131
0.00910873
0.000172205
0.00909242
0.000190803
0.0090786
0.000208944
0.0103499
-0.000565336
0.0101915
-0.000512313
0.0100288
-0.000484506
0.00987481
-0.000454934
0.00972921
-0.0004134
0.00959017
-0.000372843
0.00945778
-0.000337451
0.0093325
-0.000304572
0.00921441
-0.000272389
0.00910345
-0.000241357
0.00899966
-0.000211936
0.00890306
-0.000183979
0.0088135
-0.000157239
0.00873073
-0.000131595
0.00865448
-0.000106957
0.00858446
-8.32166e-05
0.00852039
-6.02937e-05
0.00846179
-3.79439e-05
0.00840773
-1.56531e-05
0.00835826
5.84196e-06
0.00831636
2.41791e-05
0.00828062
4.29224e-05
0.00824792
6.14103e-05
0.00821874
7.95963e-05
0.00819301
9.7374e-05
0.00817084
0.000114794
0.00815226
0.000131911
0.0081371
0.000148679
0.00812517
0.000165059
0.0081163
0.000181081
0.00811031
0.000196794
0.000212217
0.00861114
-0.000400553
0.00845426
-0.000355437
0.00829708
-0.000327325
0.00814609
-0.000303939
0.00800587
-0.000273187
0.00787506
-0.000242033
0.00775236
-0.000214746
0.00763808
-0.000190292
0.00753259
-0.000166902
0.00743562
-0.000144383
0.00734672
-0.000123032
0.00726552
-0.000102781
0.00719165
-8.33705e-05
0.00712467
-6.46172e-05
0.00706412
-4.64025e-05
0.00700949
-2.85919e-05
0.00696004
-1.08403e-05
0.00691605
6.0474e-06
0.00687919
2.12039e-05
0.0068485
3.65298e-05
0.00682103
5.16491e-05
0.00679734
6.66152e-05
0.0067775
8.12474e-05
0.00676158
9.55166e-05
0.00674946
0.000109498
0.00674097
0.000123281
0.00673597
0.000136914
0.00673426
0.000150389
0.00673563
0.000163686
0.0067399
0.000176811
0.00674691
0.000189787
0.00627561
-0.000260416
0.00614832
-0.000228145
0.00602761
-0.000206617
0.00591081
-0.000187142
0.0058036
-0.000165969
0.00570671
-0.000145143
0.00561868
-0.000126722
0.00553874
-0.00011035
0.00546672
-9.4879e-05
0.00540222
-7.98811e-05
0.0053446
-6.54206e-05
0.0052933
-5.14764e-05
0.0052478
-3.78701e-05
0.00520757
-2.43876e-05
0.0051719
-1.07317e-05
0.00514044
2.86991e-06
0.00511534
1.42579e-05
0.00509533
2.60578e-05
0.00507867
3.78589e-05
0.00506562
4.95841e-05
0.00505619
6.10788e-05
0.00505045
7.23516e-05
0.00504824
8.34568e-05
0.00504932
9.44343e-05
0.00505349
0.000105329
0.0050606
0.000116178
0.00507051
0.000126998
0.00508312
0.000137782
0.00509829
0.000148515
0.0051159
0.000159196
0.00383854
-0.000163862
0.00375771
-0.000147311
0.00368271
-0.00013162
0.00361321
-0.000117647
0.00355182
-0.000104578
0.00349861
-9.19279e-05
0.00345208
-8.01949e-05
0.00341106
-6.93253e-05
0.00337504
-5.88584e-05
0.00334371
-4.85543e-05
0.00331671
-3.84201e-05
0.00329368
-2.84515e-05
0.00327435
-1.85325e-05
0.0032584
-8.44238e-06
0.00324582
1.84465e-06
0.00323811
1.058e-05
0.00323278
1.95969e-05
0.00323022
2.86086e-05
0.00323058
3.75003e-05
0.00323388
4.62861e-05
0.00323996
5.49975e-05
0.00324874
6.3571e-05
0.00326006
7.21368e-05
0.00327381
8.06833e-05
0.00328992
8.92251e-05
0.00330832
9.77795e-05
0.00332896
0.000106354
0.0033518
0.000114948
0.00337675
0.000123556
0.000132178
0.00169704
-0.00010994
0.00165969
-0.000109966
0.00162751
-9.94393e-05
0.00159918
-8.93101e-05
0.00157439
-7.97903e-05
0.00155291
-7.04467e-05
0.00153419
-6.14769e-05
0.00151785
-5.29903e-05
0.00150387
-4.4869e-05
0.0014923
-3.69925e-05
0.00148319
-2.93067e-05
0.00147649
-2.17475e-05
0.00147215
-1.41967e-05
0.00147019
-6.48083e-06
0.00147064
1.39242e-06
0.00147328
7.9434e-06
0.00147823
1.46493e-05
0.00148553
2.1304e-05
0.0014951
2.79275e-05
0.00150685
3.45389e-05
0.00152067
4.11806e-05
0.00153659
4.76434e-05
0.00155455
5.41804e-05
0.00157449
6.07457e-05
0.00159637
6.73423e-05
0.00162017
7.39796e-05
0.00164586
8.06625e-05
0.00167342
8.73918e-05
0.00170281
9.41667e-05
0.000100987
4.1606e-05
-0.000102958
2.44223e-05
-9.27827e-05
9.99674e-06
-8.50137e-05
-3.93786e-06
-7.53755e-05
-1.74046e-05
-6.63235e-05
-2.97167e-05
-5.81347e-05
-4.05413e-05
-5.06523e-05
-4.97342e-05
-4.37974e-05
-5.71809e-05
-3.74223e-05
-6.27837e-05
-3.13897e-05
-6.64935e-05
-2.55969e-05
-6.82874e-05
-1.99536e-05
-6.8112e-05
-1.43721e-05
-6.5811e-05
-8.78188e-06
-6.1306e-05
-3.11252e-06
-5.5512e-05
2.14934e-06
-4.77244e-05
6.86168e-06
-3.80701e-05
1.16497e-05
-2.65913e-05
1.64487e-05
-1.33132e-05
2.12608e-05
1.77079e-06
2.60967e-05
1.84112e-05
3.1003e-05
3.68318e-05
3.57598e-05
5.69896e-05
4.0588e-05
7.88787e-05
4.54532e-05
0.000102497
5.0361e-05
0.000127842
5.53176e-05
0.000154909
6.03252e-05
0.000183691
6.53846e-05
-0.00115191
-7.68623e-05
-0.0011729
-7.17917e-05
-0.00119415
-6.37615e-05
-0.00121338
-5.61517e-05
-0.00123039
-4.93137e-05
-0.00124525
-4.32742e-05
-0.00125801
-3.78886e-05
-0.00126878
-3.30298e-05
-0.00127763
-2.85703e-05
-0.00128462
-2.4401e-05
-0.00128978
-2.04362e-05
-0.00129313
-1.66055e-05
-0.00129465
-1.2852e-05
-0.00129429
-9.14188e-06
-0.00129192
-5.48232e-06
-0.00128792
-1.8474e-06
-0.00128257
1.50785e-06
-0.00127544
4.52533e-06
-0.00126662
7.62891e-06
-0.00125613
1.07678e-05
-0.00124397
1.39324e-05
-0.00123011
1.71493e-05
-0.00121465
2.03016e-05
-0.00119756
2.34937e-05
-0.00117882
2.67189e-05
-0.00115844
2.99798e-05
-0.00113641
3.32799e-05
-0.0011127
3.66213e-05
4.00051e-05
-0.00194884
-4.20949e-05
-0.0019818
-3.88277e-05
-0.00201126
-3.43089e-05
-0.0020372
-3.02072e-05
-0.00205993
-2.65833e-05
-0.00207981
-2.33943e-05
-0.00209713
-2.05675e-05
-0.00211213
-1.80314e-05
-0.00212498
-1.57185e-05
-0.00213581
-1.35713e-05
-0.00214471
-1.1543e-05
-0.00215171
-9.59658e-06
-0.00215686
-7.70379e-06
-0.00216016
-5.84805e-06
-0.00216161
-4.03205e-06
-0.00216119
-2.26753e-06
-0.00215921
-4.72798e-07
-0.00215575
1.07116e-06
-0.0021507
2.5816e-06
-0.00214407
4.13167e-06
-0.00213584
5.70015e-06
-0.00212597
7.28188e-06
-0.00211453
8.86284e-06
-0.0021015
1.04605e-05
-0.00208685
1.20749e-05
-0.00207058
1.37077e-05
-0.00205266
1.5361e-05
-0.00203308
1.7036e-05
1.87336e-05
-0.00235448
-0.00239328
-0.00242756
-0.00245775
-0.00248431
-0.00250769
-0.00252825
-0.00254628
-0.002562
-0.00257558
-0.00258714
-0.00259676
-0.0026045
-0.00261039
-0.00261448
-0.00261681
-0.00261736
-0.00261636
-0.00261387
-0.00260983
-0.00260423
-0.00259705
-0.0025883
-0.00257796
-0.002566
-0.00255241
-0.00253718
-0.00252026
)
;

boundaryField
{
    inlet
    {
        type            calculated;
        value           nonuniform List<scalar> 
40
(
-0.0106066
-0.0106066
-0.0106066
-0.0106066
-0.0106066
-0.0106066
-0.0106066
-0.0106066
-0.0106066
-0.0106066
-0.0131311
-0.0131311
-0.0131311
-0.0131311
-0.0131311
-0.0131311
-0.0131311
-0.0131311
-0.0131311
-0.0131311
-0.0131311
-0.0131311
-0.0131311
-0.0131311
-0.0131311
-0.0131311
-0.0131311
-0.0131311
-0.0131311
-0.0131311
-0.0131311
-0.0131311
-0.0131311
-0.0131311
-0.0131311
-0.0131311
-0.0131311
-0.0131311
-0.0131311
-0.0131311
)
;
    }
    outlet
    {
        type            calculated;
        value           nonuniform 0();
    }
    cylinder
    {
        type            calculated;
        value           uniform 0;
    }
    top
    {
        type            symmetryPlane;
        value           nonuniform 0();
    }
    bottom
    {
        type            symmetryPlane;
        value           uniform 0;
    }
    defaultFaces
    {
        type            empty;
        value           nonuniform 0();
    }
    procBoundary0to1
    {
        type            processor;
        value           nonuniform List<scalar> 
44
(
0.0147561
0.0157794
0.0162342
0.0163752
0.0163742
0.0163191
0.0162472
0.0161726
0.0160995
0.0160289
0.0159607
0.0158947
0.0158311
0.01577
0.0157115
0.015656
0.0156036
0.0155545
0.0155087
0.0154665
0.0154279
0.015393
0.0153619
0.0153345
0.0153111
0.0152914
0.0152757
0.0152639
0.015256
0.0152521
0.00906717
0.000226629
0.00810703
0.0067565
0.000202623
0.00513586
0.000169833
0.00340377
0.001734
0.000214181
7.04968e-05
-0.00108732
-0.00201181
-0.00250165
)
;
    }
    procBoundary0to2
    {
        type            processor;
        value           nonuniform List<scalar> 
81
(
7.49512e-05
-0.000226236
0.000151276
-1.03811e-08
-1.40312e-08
-1.82995e-08
-2.36802e-08
-3.02773e-08
-3.77931e-08
-4.52418e-08
-5.26591e-08
0.00060938
0.000881719
0.000914105
-0.00240521
-5.28694e-10
-5.42253e-10
-5.57178e-10
-5.73264e-10
-5.88198e-10
-6.02071e-10
-6.14458e-10
-2.61569e-08
-2.52848e-08
-2.37293e-08
-2.14908e-08
-1.84569e-08
-1.46297e-08
-9.94861e-09
-4.39258e-09
2.02921e-09
9.30474e-09
1.73477e-08
2.60386e-08
3.52081e-08
4.46433e-08
5.41299e-08
6.34228e-08
7.19641e-08
7.84602e-08
8.48029e-08
9.21819e-08
9.93726e-08
1.05944e-07
1.11617e-07
1.16278e-07
1.19778e-07
1.21993e-07
1.22816e-07
1.22157e-07
1.1994e-07
-4.88883e-10
-4.64492e-10
-4.41767e-10
-4.21779e-10
-4.0072e-10
-3.81622e-10
-3.61529e-10
-3.42694e-10
-3.2319e-10
-3.04413e-10
-2.85472e-10
-2.66775e-10
-2.45875e-10
-2.23685e-10
-2.04747e-10
-1.94269e-10
-1.81534e-10
-1.6595e-10
-1.46837e-10
-1.28305e-10
-1.10731e-10
-9.40852e-11
-7.8478e-11
-6.37733e-11
-5.01971e-11
-3.77578e-11
-2.67022e-11
-1.70541e-11
-8.93024e-12
-2.36953e-12
)
;
    }
}


// ************************************************************************* //
