/*--------------------------------*- C++ -*----------------------------------*\
  =========                 |
  \\      /  F ield         | OpenFOAM: The Open Source CFD Toolbox
   \\    /   O peration     | Website:  https://openfoam.org
    \\  /    A nd           | Version:  7
     \\/     M anipulation  |
\*---------------------------------------------------------------------------*/
FoamFile
{
    version     2.0;
    format      ascii;
    class       volVectorField;
    location    "20";
    object      U;
}
// * * * * * * * * * * * * * * * * * * * * * * * * * * * * * * * * * * * * * //

dimensions      [0 1 -1 0 0 0 0];

internalField   nonuniform List<vector> 
1360
(
(0.088873 -0.044052 -6.3533e-20)
(0.151033 -0.0505846 8.2769e-20)
(0.216596 -0.0533652 -5.39112e-20)
(0.281842 -0.0535256 9.65176e-21)
(0.344525 -0.0519725 -5.53986e-20)
(0.403317 -0.0494033 1.10054e-20)
(0.457611 -0.0463214 8.62457e-20)
(0.507286 -0.0430665 -2.25087e-19)
(0.552508 -0.0398501 -2.5966e-20)
(0.593584 -0.0367908 4.89322e-20)
(0.630885 -0.0339445 9.3514e-20)
(0.664785 -0.0313285 -9.88017e-21)
(0.695638 -0.0289384 -8.82696e-20)
(0.723767 -0.0267596 7.52912e-20)
(0.749459 -0.0247741 -1.12425e-19)
(0.772975 -0.022961 8.63653e-20)
(0.794533 -0.0212968 8.96658e-20)
(0.814276 -0.0197717 -1.05947e-19)
(0.104632 -0.13006 -4.06084e-19)
(0.168667 -0.149536 -1.94233e-19)
(0.234799 -0.157937 -2.09297e-19)
(0.299764 -0.158575 4.20508e-19)
(0.361655 -0.154111 1.14296e-19)
(0.419383 -0.146603 -9.48685e-20)
(0.472502 -0.137543 4.062e-19)
(0.520995 -0.12794 -2.60884e-20)
(0.565083 -0.11843 -4.05543e-19)
(0.605106 -0.109371 5.67713e-20)
(0.641442 -0.100932 7.22604e-20)
(0.674466 -0.0931703 7.69661e-22)
(0.704526 -0.086074 -7.80861e-20)
(0.731935 -0.0796024 -2.06271e-19)
(0.756977 -0.073702 -6.95461e-20)
(0.779916 -0.0683094 7.6335e-21)
(0.800953 -0.0633573 3.72246e-19)
(0.820105 -0.0588332 2.41229e-19)
(0.135146 -0.209901 3.35662e-19)
(0.202903 -0.241946 3.51707e-19)
(0.270229 -0.256134 -3.37631e-19)
(0.334732 -0.257703 -3.6516e-19)
(0.395147 -0.250904 -1.17347e-19)
(0.45085 -0.239045 1.86703e-19)
(0.501712 -0.224552 1.41086e-20)
(0.547917 -0.209084 -2.40084e-19)
(0.589804 -0.193694 2.10737e-19)
(0.627772 -0.178984 -1.53354e-19)
(0.662224 -0.165252 5.99373e-20)
(0.693537 -0.152598 -5.59124e-19)
(0.722046 -0.141015 8.06415e-19)
(0.748048 -0.130442 1.97164e-19)
(0.771817 -0.120792 -7.28378e-19)
(0.793625 -0.111959 6.4624e-19)
(0.813642 -0.103837 1.2915e-21)
(0.83165 -0.0964614 1.06935e-19)
(0.251727 -0.323829 9.21628e-20)
(0.32098 -0.344036 3.94648e-20)
(0.385024 -0.347245 -5.85896e-20)
(0.44349 -0.339021 -3.78456e-19)
(0.496411 -0.323758 4.4748e-19)
(0.544115 -0.304717 4.72311e-21)
(0.58708 -0.284166 7.36599e-19)
(0.625826 -0.263568 9.16833e-20)
(0.660847 -0.243781 -1.04397e-19)
(0.692587 -0.225241 -3.89939e-19)
(0.72143 -0.208111 2.08393e-19)
(0.7477 -0.192399 -6.59248e-19)
(0.771669 -0.178035 9.24418e-19)
(0.793599 -0.164904 -1.11866e-18)
(0.813772 -0.152854 7.71e-19)
(0.832318 -0.141751 -4.79299e-19)
(0.848696 -0.131749 -2.25914e-19)
(0.38429 -0.418206 1.42109e-19)
(0.448137 -0.423944 -7.79188e-19)
(0.504479 -0.415481 1.28827e-18)
(0.554154 -0.398063 -1.02413e-18)
(0.598061 -0.375656 -4.64148e-19)
(0.637061 -0.351076 9.713e-19)
(0.671914 -0.326182 -2.35441e-19)
(0.703252 -0.302092 -8.75078e-20)
(0.731584 -0.279402 -1.09807e-18)
(0.757315 -0.258357 1.17825e-18)
(0.780757 -0.238999 3.27726e-19)
(0.802162 -0.221259 -9.09807e-19)
(0.821772 -0.205006 7.51805e-19)
(0.839884 -0.190036 -5.12545e-19)
(0.856586 -0.176189 -4.53163e-19)
(0.870957 -0.163833 1.5074e-18)
(0.456663 -0.475856 -3.79316e-19)
(0.520878 -0.485098 1.03218e-18)
(0.575291 -0.477767 -9.12872e-19)
(0.621626 -0.459675 8.39755e-19)
(0.661434 -0.435328 -8.4223e-19)
(0.696035 -0.408005 7.81118e-19)
(0.726491 -0.379933 -4.34762e-19)
(0.753617 -0.352499 1.07338e-18)
(0.778022 -0.326474 -1.32279e-18)
(0.800148 -0.302211 -1.18451e-19)
(0.820316 -0.279804 3.14113e-19)
(0.838752 -0.25921 6.61747e-19)
(0.855684 -0.240286 3.84543e-20)
(0.871429 -0.222774 -7.5355e-19)
(0.886046 -0.206479 -3.90163e-19)
(0.898181 -0.19206 8.07611e-19)
(0.599487 -0.528682 -2.57526e-19)
(0.652572 -0.523926 2.82692e-20)
(0.695894 -0.506782 2.81088e-20)
(0.731697 -0.482092 3.88377e-19)
(0.76181 -0.45349 6.67323e-20)
(0.787655 -0.423526 1.2628e-19)
(0.810281 -0.393852 7.04469e-19)
(0.830436 -0.365436 -6.56727e-19)
(0.848636 -0.338759 5.87808e-19)
(0.865225 -0.313996 -3.73303e-19)
(0.880425 -0.291145 3.31192e-19)
(0.894444 -0.270069 -6.02915e-19)
(0.90764 -0.250436 4.65406e-19)
(0.920135 -0.231955 -1.72823e-19)
(0.930123 -0.215602 -8.53749e-19)
(0.773653 -0.538116 -4.22438e-19)
(0.805989 -0.514768 -3.18294e-19)
(0.831931 -0.486468 2.94623e-19)
(0.853304 -0.456025 -3.04278e-19)
(0.871445 -0.425342 7.62529e-19)
(0.887292 -0.395594 4.58375e-19)
(0.901478 -0.367417 -9.81661e-19)
(0.914414 -0.341088 3.92358e-19)
(0.926344 -0.316665 2.74218e-19)
(0.93746 -0.29402 -3.55586e-19)
(0.948174 -0.272756 -8.09535e-19)
(0.958961 -0.252521 4.69883e-19)
(0.968037 -0.234898 1.45666e-19)
(0.9036 -0.506304 -3.44382e-19)
(0.920962 -0.476882 -4.63541e-19)
(0.934865 -0.446529 5.82864e-19)
(0.946478 -0.416639 3.83574e-20)
(0.956583 -0.388044 -1.50191e-19)
(0.965688 -0.361176 -4.67681e-20)
(0.974111 -0.336203 6.9978e-20)
(0.982046 -0.31314 -1.47165e-19)
(0.989641 -0.292007 1.17686e-19)
(0.997185 -0.273028 5.4443e-19)
(1.00555 -0.255865 -5.10283e-19)
(0.998492 -0.456912 -8.31917e-20)
(1.0063 -0.42793 -1.5383e-19)
(1.01259 -0.399749 -2.6204e-19)
(1.01802 -0.372946 2.10356e-19)
(1.02297 -0.347788 9.24891e-21)
(1.02766 -0.32438 4.65017e-20)
(1.03209 -0.302901 3.49502e-19)
(1.03625 -0.283491 -2.59568e-19)
(1.04129 -0.26453 8.87199e-20)
(1.07021 -0.377001 -1.10473e-19)
(1.07199 -0.352395 -9.29674e-20)
(1.07365 -0.329293 2.0777e-19)
(1.07518 -0.307958 1.63532e-19)
(1.07641 -0.288548 -1.58742e-19)
(1.07825 -0.269261 -4.21335e-20)
(1.11747 -0.307494 -3.08733e-20)
(1.11609 -0.28846 2.16294e-20)
(1.11506 -0.269491 1.27358e-19)
(0.831045 -0.0185202 1.4396e-19)
(0.845827 -0.0169366 -6.06903e-20)
(0.859289 -0.0153775 5.28655e-20)
(0.871532 -0.0139501 -6.88355e-20)
(0.882679 -0.0126706 6.08919e-20)
(0.892843 -0.0115292 -6.58755e-20)
(0.90213 -0.0105103 -3.16827e-20)
(0.910631 -0.00959867 4.66968e-20)
(0.918425 -0.00878059 -1.83209e-21)
(0.925584 -0.0080443 2.15e-20)
(0.932167 -0.00737962 3.63977e-20)
(0.938229 -0.00677785 -2.3918e-20)
(0.943817 -0.00623145 -4.9473e-20)
(0.948973 -0.00573393 5.32559e-20)
(0.953734 -0.00527967 -5.07494e-20)
(0.958133 -0.00486376 5.38647e-20)
(0.962199 -0.00448195 1.64791e-20)
(0.965959 -0.00413051 3.07148e-21)
(0.969434 -0.00380616 -5.97021e-20)
(0.972647 -0.00350605 -1.55007e-20)
(0.975617 -0.00322778 -4.00096e-21)
(0.978361 -0.00296965 3.84966e-20)
(0.980895 -0.00272996 -1.37576e-20)
(0.983226 -0.00250448 -1.93148e-20)
(0.985367 -0.00229251 4.56826e-20)
(0.98733 -0.0020931 -1.70013e-20)
(0.989124 -0.00190497 -2.68706e-20)
(0.990759 -0.00172695 3.70156e-20)
(0.992243 -0.00155793 -9.84937e-22)
(0.993582 -0.00139695 -3.41685e-20)
(0.994783 -0.00124312 1.56875e-20)
(0.995849 -0.00109559 1.01003e-20)
(0.996787 -0.000953621 5.03084e-22)
(0.9976 -0.000816491 -2.47409e-22)
(0.998291 -0.000683534 -5.45926e-21)
(0.998863 -0.000554118 -2.47801e-22)
(0.99932 -0.000427651 3.40334e-21)
(0.99966 -0.00030358 -6.77583e-21)
(0.999881 -0.00018135 3.38258e-21)
(0.999985 -6.02875e-05 -5.1647e-22)
(0.836125 -0.0551564 -2.47344e-19)
(0.850245 -0.0504689 -1.16383e-19)
(0.863099 -0.045849 1.16172e-19)
(0.874815 -0.0416139 -1.95077e-19)
(0.885509 -0.0378134 3.00348e-19)
(0.895289 -0.0344198 1.90027e-19)
(0.904247 -0.0313881 -2.73348e-19)
(0.912467 -0.0286736 1.91555e-20)
(0.92002 -0.0262363 6.20396e-20)
(0.92697 -0.0240414 -6.81157e-20)
(0.933374 -0.0220592 1.58993e-19)
(0.939281 -0.0202637 -2.1606e-19)
(0.944734 -0.0186329 2.53375e-19)
(0.949773 -0.0171475 -2.89834e-19)
(0.954432 -0.0157908 1.80795e-19)
(0.958741 -0.0145484 -1.35177e-20)
(0.962729 -0.0134074 -8.25116e-20)
(0.966419 -0.0123569 1.26608e-20)
(0.969834 -0.0113871 3.83058e-20)
(0.972993 -0.0104895 -4.09113e-20)
(0.975913 -0.0096564 7.11815e-20)
(0.978611 -0.00888184 5.10593e-21)
(0.981109 -0.00816138 1.77199e-20)
(0.983412 -0.00749057 -6.31469e-20)
(0.985525 -0.00685899 1.13323e-19)
(0.987462 -0.00626369 -1.85528e-19)
(0.989235 -0.00570139 7.25364e-20)
(0.99085 -0.00516906 -2.73581e-20)
(0.992317 -0.00466356 3.5086e-20)
(0.993641 -0.00418201 -1.98344e-20)
(0.994829 -0.00372176 4.76868e-20)
(0.995884 -0.00328035 -4.68112e-20)
(0.996813 -0.0028555 2.13096e-20)
(0.997618 -0.00244508 1.54295e-21)
(0.998302 -0.00204711 1.80105e-20)
(0.99887 -0.00165968 -1.01707e-20)
(0.999322 -0.00128101 -1.02535e-20)
(0.99966 -0.000909456 1.4548e-20)
(0.99988 -0.000543332 -8.93371e-21)
(0.999984 -0.00018063 -2.34778e-21)
(0.846217 -0.0905855 -3.46538e-21)
(0.85903 -0.082983 -5.49341e-19)
(0.870679 -0.0754745 -1.43693e-19)
(0.881349 -0.0685726 2.96393e-19)
(0.891148 -0.0623646 -7.45584e-19)
(0.900162 -0.0568107 1.82453e-19)
(0.908468 -0.0518409 1.79086e-19)
(0.916128 -0.0473848 2.9877e-20)
(0.923201 -0.0433787 2.52656e-19)
(0.929739 -0.0397672 7.90057e-20)
(0.935785 -0.0365024 -4.48716e-19)
(0.941383 -0.0335428 1.53887e-19)
(0.946567 -0.0308526 1.73523e-19)
(0.951372 -0.0284007 2.56428e-21)
(0.955827 -0.0261599 7.23993e-20)
(0.959958 -0.0241068 -1.9273e-19)
(0.963789 -0.0222207 -1.30437e-20)
(0.967342 -0.0204835 5.25072e-20)
(0.970636 -0.0188792 -1.79619e-19)
(0.973689 -0.0173937 6.92195e-20)
(0.976516 -0.0160146 1.39231e-19)
(0.979128 -0.014731 7.99487e-20)
(0.981539 -0.0135342 -1.52377e-19)
(0.983772 -0.012418 -7.30281e-20)
(0.985836 -0.0113744 9.48771e-20)
(0.987727 -0.0103917 -2.63744e-20)
(0.989456 -0.00945972 3.30346e-20)
(0.991033 -0.00857717 9.83323e-20)
(0.992466 -0.00773908 -1.18375e-19)
(0.99376 -0.00694071 -6.22082e-20)
(0.994922 -0.0061776 8.23378e-20)
(0.995956 -0.00544565 -1.75418e-20)
(0.996865 -0.00474106 8.27521e-20)
(0.997654 -0.00406028 -7.03147e-20)
(0.998326 -0.00339998 -3.67686e-20)
(0.998884 -0.00275701 4.86401e-20)
(0.999328 -0.00212839 2.46474e-20)
(0.999661 -0.00151135 -1.15362e-20)
(0.999878 -0.000903078 -6.38957e-21)
(0.999983 -0.000300249 -2.94051e-21)
(0.861195 -0.124027 3.0101e-19)
(0.872088 -0.113818 4.71177e-19)
(0.881962 -0.103705 -5.67239e-19)
(0.891087 -0.0943678 1.02356e-19)
(0.899558 -0.0859391 4.48176e-19)
(0.907437 -0.0783756 -1.58155e-19)
(0.914772 -0.0715903 -2.85288e-19)
(0.921601 -0.0654929 9.79081e-20)
(0.92796 -0.060001 -7.08032e-20)
(0.933881 -0.0550418 3.58776e-19)
(0.939396 -0.0505521 6.36067e-20)
(0.944532 -0.0464769 1.44714e-19)
(0.949316 -0.0427685 -7.34506e-19)
(0.953772 -0.0393852 -3.93224e-20)
(0.957922 -0.0362907 5.19244e-19)
(0.961786 -0.0334532 -5.66713e-19)
(0.965383 -0.0308449 4.84666e-19)
(0.96873 -0.0284412 -1.32152e-19)
(0.971843 -0.0262205 9.37025e-20)
(0.974736 -0.0241635 -4.19815e-20)
(0.977422 -0.0222534 8.72083e-20)
(0.979912 -0.0204749 -1.18629e-19)
(0.982214 -0.0188141 1.05845e-20)
(0.984335 -0.0172588 2.17172e-19)
(0.986299 -0.0158018 -6.32956e-20)
(0.988124 -0.0144316 8.25519e-20)
(0.989796 -0.0131437 -2.80896e-19)
(0.991315 -0.0119242 2.27957e-19)
(0.992695 -0.0107621 -2.16556e-19)
(0.993944 -0.00965392 3.40702e-20)
(0.995066 -0.00859438 7.72798e-20)
(0.996066 -0.00757773 1.62077e-21)
(0.996947 -0.00659875 -4.73336e-20)
(0.997712 -0.00565254 -6.05454e-21)
(0.998364 -0.00473447 3.92244e-20)
(0.998906 -0.00384012 6.23274e-22)
(0.999339 -0.00296537 -6.33207e-21)
(0.999663 -0.00210628 -6.74637e-21)
(0.999876 -0.00125888 1.41947e-20)
(0.999981 -0.000418587 -5.32529e-21)
(0.880904 -0.154712 -1.72071e-19)
(0.889315 -0.142316 -7.48983e-19)
(0.896879 -0.129988 -5.74806e-19)
(0.903982 -0.118538 3.46021e-19)
(0.910711 -0.10815 -1.30521e-20)
(0.917097 -0.0987902 -2.49179e-19)
(0.923152 -0.0903641 3.97861e-19)
(0.928882 -0.0827692 -2.48839e-19)
(0.934295 -0.07591 4.63791e-21)
(0.939402 -0.0697014 6.60722e-19)
(0.944211 -0.0640685 -3.36591e-19)
(0.948736 -0.058946 -3.84712e-19)
(0.952989 -0.0542767 2.18001e-19)
(0.956981 -0.0500104 1.47569e-19)
(0.960726 -0.0461032 2.67929e-19)
(0.964236 -0.0425164 -3.49732e-19)
(0.967522 -0.0392161 -1.22786e-19)
(0.970595 -0.0361721 6.10487e-19)
(0.973467 -0.0333579 -3.77592e-19)
(0.976147 -0.0307498 -2.73906e-19)
(0.978645 -0.0283268 2.45936e-19)
(0.980969 -0.02607 -2.29093e-19)
(0.983128 -0.0239624 1.31634e-19)
(0.985128 -0.0219874 1.1815e-19)
(0.986974 -0.0201304 -1.7324e-19)
(0.988669 -0.0183851 9.47511e-20)
(0.990234 -0.0167416 1.86176e-19)
(0.991685 -0.015184 -3.19445e-19)
(0.993006 -0.0137077 2.91824e-19)
(0.994196 -0.0123016 -2.39962e-19)
(0.995265 -0.010956 2.04643e-19)
(0.996219 -0.00966283 -7.15625e-20)
(0.997061 -0.0084167 -1.83785e-20)
(0.997793 -0.00721185 -2.13258e-20)
(0.998418 -0.00604235 7.54579e-20)
(0.998938 -0.00490248 -5.68222e-20)
(0.999355 -0.00378695 -1.88108e-20)
(0.999668 -0.00269073 1.79404e-20)
(0.999875 -0.00160864 1.19567e-20)
(0.99998 -0.000534939 -8.89228e-21)
(0.905222 -0.18203 -5.53951e-19)
(0.910638 -0.167963 1.84624e-19)
(0.915386 -0.153915 4.51714e-19)
(0.920013 -0.140756 -6.46753e-20)
(0.924599 -0.128734 5.67163e-20)
(0.929141 -0.117839 1.5463e-19)
(0.933614 -0.10798 2.37414e-19)
(0.937985 -0.0990545 -3.52294e-19)
(0.942229 -0.0909628 -1.91976e-19)
(0.946325 -0.0836142 -2.54877e-19)
(0.950261 -0.0769281 5.63972e-19)
(0.954027 -0.0708329 -3.03949e-19)
(0.957619 -0.0652653 1.78258e-19)
(0.961035 -0.0601693 -5.81343e-19)
(0.964275 -0.0554953 6.06768e-19)
(0.967342 -0.0511992 -1.82768e-19)
(0.970239 -0.047242 2.14384e-19)
(0.972969 -0.0435891 -6.77073e-20)
(0.975537 -0.0402095 7.39953e-20)
(0.977949 -0.0370756 -2.5571e-19)
(0.980209 -0.0341628 -1.65263e-19)
(0.982323 -0.031449 -1.50165e-19)
(0.984295 -0.0289144 1.31775e-19)
(0.986131 -0.0265409 2.46519e-19)
(0.987835 -0.0243117 -1.47615e-19)
(0.98941 -0.0222109 3.29026e-19)
(0.990861 -0.020223 -3.23219e-19)
(0.992189 -0.0183427 -2.66256e-21)
(0.993404 -0.0165604 -1.87253e-20)
(0.994517 -0.0148611 6.85373e-20)
(0.995523 -0.0132357 -1.05161e-19)
(0.996422 -0.0116766 1.11708e-19)
(0.997214 -0.0101749 -3.11203e-21)
(0.997903 -0.00872208 1.93032e-20)
(0.998493 -0.00731067 1.0476e-20)
(0.998985 -0.00593374 4.90055e-20)
(0.99938 -0.00458522 -9.1984e-20)
(0.999677 -0.00325914 4.22275e-20)
(0.999877 -0.00194905 -2.77778e-20)
(0.999979 -0.000648168 1.55744e-20)
(0.934161 -0.204984 1.65132e-18)
(0.936104 -0.189689 -8.45995e-19)
(0.93756 -0.174377 -8.10416e-20)
(0.939289 -0.159918 -9.9093e-19)
(0.941357 -0.146635 9.7563e-19)
(0.943726 -0.13454 4.67691e-19)
(0.946324 -0.123549 -1.61558e-18)
(0.949078 -0.113559 1.74454e-18)
(0.951923 -0.104469 -1.5487e-19)
(0.954807 -0.096185 -1.42817e-18)
(0.957689 -0.0886234 7.07422e-19)
(0.960537 -0.0817092 6.19166e-19)
(0.963327 -0.0753757 -2.66724e-19)
(0.966042 -0.0695636 -1.36898e-19)
(0.968667 -0.06422 2.09293e-19)
(0.971193 -0.0592978 4.77299e-20)
(0.973613 -0.0547551 -2.35199e-20)
(0.975922 -0.0505543 -3.37347e-20)
(0.978118 -0.0466617 -5.61026e-19)
(0.9802 -0.043047 4.31902e-19)
(0.982168 -0.0396833 4.46964e-20)
(0.984021 -0.0365459 -1.87097e-19)
(0.985762 -0.033613 -1.30599e-19)
(0.987392 -0.0308645 1.79314e-20)
(0.988913 -0.0282822 1.34271e-19)
(0.990327 -0.0258492 -6.9187e-20)
(0.991636 -0.0235501 1.01695e-19)
(0.992841 -0.0213709 7.83981e-20)
(0.993947 -0.0192967 -1.03684e-19)
(0.994955 -0.0173189 -1.34875e-19)
(0.995866 -0.0154281 1.88629e-19)
(0.996683 -0.0136142 -1.30418e-19)
(0.99741 -0.0118661 9.4812e-21)
(0.998046 -0.0101744 1.61306e-19)
(0.998592 -0.00853069 -2.51496e-20)
(0.999048 -0.00692739 5.06914e-20)
(0.999414 -0.00535627 -1.10395e-19)
(0.999692 -0.00380941 2.15587e-20)
(0.999881 -0.00227918 1.11736e-20)
(0.99998 -0.000758079 3.00789e-21)
(0.968979 -0.22477 2.91722e-19)
(0.966618 -0.209495 2.22767e-19)
(0.964028 -0.193886 -9.05849e-20)
(0.962221 -0.17889 1.79955e-19)
(0.961244 -0.164898 1.17629e-19)
(0.961004 -0.151966 -1.5308e-18)
(0.961369 -0.140058 5.66556e-19)
(0.962207 -0.129108 -2.52181e-19)
(0.963403 -0.119048 -4.49698e-19)
(0.964863 -0.109805 1.43165e-18)
(0.966512 -0.101311 -3.77703e-19)
(0.968287 -0.0935013 -1.00797e-18)
(0.970142 -0.0863153 8.61881e-19)
(0.972038 -0.079697 -2.20691e-19)
(0.973945 -0.0735947 4.72508e-19)
(0.975838 -0.0679611 -2.21926e-19)
(0.977699 -0.062753 -4.3475e-19)
(0.979515 -0.0579309 3.68559e-19)
(0.981273 -0.0534589 2.11006e-19)
(0.982965 -0.0493043 4.31621e-20)
(0.984585 -0.0454371 6.01596e-20)
(0.986129 -0.0418304 -6.6613e-20)
(0.987594 -0.0384592 -4.71018e-19)
(0.988976 -0.0353012 1.1852e-19)
(0.990276 -0.0323356 5.20908e-19)
(0.991492 -0.0295434 3.45171e-20)
(0.992625 -0.0269075 -5.42846e-19)
(0.993674 -0.0244114 2.35898e-19)
(0.99464 -0.0220402 6.97194e-20)
(0.995524 -0.0197807 -1.6209e-19)
(0.996326 -0.01762 -3.88585e-20)
(0.997047 -0.0155457 -2.02369e-20)
(0.997689 -0.0135474 -1.31088e-19)
(0.998251 -0.0116151 -1.1927e-10)
(0.998733 -0.00973886 1.18796e-10)
(0.999138 -0.00790917 7.18201e-20)
(0.999466 -0.00611609 2.4495e-20)
(0.999717 -0.00435034 -1.06595e-20)
(0.99989 -0.00260337 -7.37015e-21)
(0.999983 -0.000866982 1.51046e-20)
(1.00295 -0.226975 -2.43196e-27)
(0.996419 -0.212944 9.42677e-28)
(0.990331 -0.197851 0)
(0.985733 -0.183367 0)
(0.982387 -0.169767 0)
(0.98004 -0.157091 1.33032e-27)
(0.978499 -0.145322 -4.61333e-28)
(0.977606 -0.134419 0)
(0.977233 -0.124334 -1.11284e-27)
(0.977272 -0.115012 -3.72119e-27)
(0.977636 -0.106401 6.76474e-27)
(0.978251 -0.098445 0)
(0.979059 -0.0910926 -1.12552e-27)
(0.98001 -0.0842941 0)
(0.981065 -0.0780029 4.98472e-27)
(0.98219 -0.0721753 0)
(0.983358 -0.066771 0)
(0.984547 -0.0617524 0)
(0.98574 -0.0570852 0)
(0.986922 -0.0527377 0)
(0.988082 -0.0486808 0)
(0.989209 -0.0448877 6.50359e-27)
(0.990297 -0.0413339 -6.50376e-27)
(0.99134 -0.0379968 0)
(0.992333 -0.0348558 0)
(0.993272 -0.0318917 -1.08285e-27)
(0.994155 -0.0290869 -1.4094e-27)
(0.994979 -0.026425 0)
(0.995744 -0.023891 0)
(0.996447 -0.0214707 -6.31252e-27)
(0.997088 -0.0191511 7.70708e-27)
(0.997667 -0.0169196 4.73006e-27)
(0.998183 -0.0147648 0)
(0.998636 -0.0126756 -2.32981e-10)
(0.999024 -0.0106414 2.3299e-10)
(0.999349 -0.00865184 0)
(0.999609 -0.00669746 0)
(0.999805 -0.00476896 -4.85847e-29)
(0.999932 -0.00285723 1.42989e-27)
(0.999992 -0.00095339 9.35621e-28)
(1.02441 -0.203214 2.43576e-27)
(1.01717 -0.193098 -9.44855e-28)
(1.01036 -0.181742 0)
(1.0048 -0.170446 0)
(1.00034 -0.159525 0)
(0.996797 -0.149089 9.72483e-27)
(0.994044 -0.139184 -1.05957e-26)
(0.991956 -0.129828 0)
(0.990426 -0.12102 1.11505e-27)
(0.98936 -0.112748 -9.77429e-27)
(0.988677 -0.104995 6.725e-27)
(0.98831 -0.0977364 0)
(0.9882 -0.0909457 1.12763e-27)
(0.988297 -0.0845953 0)
(0.988559 -0.0786568 -4.99379e-27)
(0.98895 -0.0731023 0)
(0.98944 -0.0679045 0)
(0.990005 -0.0630369 0)
(0.990623 -0.0584746 0)
(0.991276 -0.0541935 0)
(0.99195 -0.0501713 0)
(0.992632 -0.0463866 0)
(0.993312 -0.0428195 0)
(0.993981 -0.0394514 0)
(0.994632 -0.0362647 0)
(0.99526 -0.0332431 1.08452e-27)
(0.99586 -0.0303711 1.41154e-27)
(0.996427 -0.0276342 0)
(0.99696 -0.0250188 0)
(0.997454 -0.0225122 0)
(0.997908 -0.0201021 -1.3963e-27)
(0.99832 -0.0177772 -4.73648e-27)
(0.99869 -0.0155263 0)
(0.999015 -0.0133391 -2.28694e-10)
(0.999295 -0.0112054 2.28694e-10)
(0.999529 -0.00911527 0)
(0.999717 -0.0070594 0)
(0.999858 -0.00502859 -8.99201e-27)
(0.99995 -0.00301365 7.6092e-27)
(0.999994 -0.00100518 -9.36485e-28)
(1.04009 -0.186456 -1.75562e-27)
(1.03276 -0.178323 -2.52431e-27)
(1.02589 -0.169169 3.16748e-27)
(1.02003 -0.159937 0)
(1.01506 -0.150863 0)
(1.01087 -0.142043 3.04392e-27)
(1.00738 -0.133536 -2.22992e-27)
(1.0045 -0.125377 0)
(1.00215 -0.117589 3.96711e-27)
(1.00027 -0.110179 -1.61584e-27)
(0.998775 -0.103149 4.07214e-27)
(0.997621 -0.0964944 0)
(0.996752 -0.0902038 6.47859e-28)
(0.996124 -0.0842643 -1.41295e-27)
(0.995698 -0.0786602 0)
(0.99544 -0.0733747 6.57668e-28)
(0.995321 -0.06839 0)
(0.995314 -0.0636883 5.68742e-27)
(0.995398 -0.0592513 -5.68742e-27)
(0.995555 -0.0550616 0)
(0.995767 -0.0511018 0)
(0.996021 -0.0473552 5.80242e-27)
(0.996305 -0.0438058 -6.46551e-27)
(0.99661 -0.0404381 6.62792e-28)
(0.996926 -0.0372374 7.12027e-28)
(0.997246 -0.0341897 0)
(0.997564 -0.0312815 1.43388e-27)
(0.997876 -0.0285002 7.1054e-28)
(0.998175 -0.0258334 0)
(0.99846 -0.0232697 -4.19158e-27)
(0.998726 -0.0207978 4.9626e-27)
(0.998972 -0.0184072 0)
(0.999194 -0.0160875 6.58644e-28)
(0.999392 -0.013829 -2.23857e-10)
(0.999563 -0.0116221 2.23857e-10)
(0.999708 -0.00945746 -6.57635e-28)
(0.999824 -0.00732613 0)
(0.999912 -0.00521934 -7.06438e-28)
(0.999969 -0.00312819 -1.42434e-27)
(0.999996 -0.00104343 0)
(1.05203 -0.170811 1.75443e-27)
(1.04492 -0.164163 1.48053e-27)
(1.03821 -0.156648 -2.1237e-27)
(1.0323 -0.149005 0)
(1.0271 -0.141408 0)
(1.02255 -0.133936 -9.50215e-11)
(1.0186 -0.12664 9.50215e-11)
(1.01519 -0.119561 0)
(1.01227 -0.112724 -3.96711e-27)
(1.00978 -0.106148 1.61584e-27)
(1.00767 -0.0998449 -4.07214e-27)
(1.0059 -0.0938184 0)
(1.00442 -0.0880688 -6.47859e-28)
(1.0032 -0.0825923 5.37214e-27)
(1.0022 -0.0773824 -3.95919e-27)
(1.00139 -0.0724303 -6.57668e-28)
(1.00074 -0.0677259 0)
(1.00023 -0.0632578 0)
(0.999845 -0.0590141 0)
(0.999556 -0.0549824 0)
(0.99935 -0.05115 0)
(0.999213 -0.0475045 -4.81967e-27)
(0.999133 -0.0440334 5.48275e-27)
(0.9991 -0.0407244 -6.62792e-28)
(0.999103 -0.0375655 -7.12027e-28)
(0.999135 -0.0345451 0)
(0.999188 -0.031652 -1.43388e-27)
(0.999257 -0.0288751 -7.1054e-28)
(0.999336 -0.0262038 0)
(0.999421 -0.0236279 4.81392e-27)
(0.999508 -0.0211376 -5.58493e-27)
(0.999594 -0.018723 0)
(0.999676 -0.0163751 -6.58644e-28)
(0.999752 -0.0140845 -1.09452e-10)
(0.99982 -0.0118426 1.09452e-10)
(0.999879 -0.00964066 6.57635e-28)
(0.999927 -0.00747024 0)
(0.999963 -0.00532306 -6.4106e-28)
(0.999987 -0.00319067 2.77184e-27)
(0.999999 -0.00106424 0)
(1.06117 -0.155791 0)
(1.05431 -0.150339 -3.49145e-11)
(1.04782 -0.144146 -3.6893e-11)
(1.04197 -0.137802 0)
(1.03671 -0.13144 0)
(1.03199 -0.125119 -8.80065e-11)
(1.02777 -0.118886 8.80065e-11)
(1.02403 -0.112775 0)
(1.02073 -0.106816 0)
(1.01781 -0.101029 0)
(1.01526 -0.0954299 0)
(1.01302 -0.0900291 0)
(1.01107 -0.0848325 8.95623e-28)
(1.00938 -0.0798426 -6.72374e-29)
(1.00792 -0.0750591 1.25069e-27)
(1.00665 -0.0704792 0)
(1.00557 -0.0660982 0)
(1.00464 -0.0619101 -5.944e-27)
(1.00384 -0.0579076 5.944e-27)
(1.00317 -0.0540829 0)
(1.0026 -0.0504273 0)
(1.00212 -0.0469318 0)
(1.00172 -0.0435872 0)
(1.00138 -0.0403841 0)
(1.0011 -0.0373132 0)
(1.00087 -0.0343651 0)
(1.00069 -0.0315305 0)
(1.00053 -0.0288003 0)
(1.00041 -0.0261655 0)
(1.00031 -0.0236173 0)
(1.00023 -0.021147 0)
(1.00017 -0.0187462 0)
(1.00012 -0.0164064 0)
(1.00009 -0.0141196 -6.09419e-27)
(1.00006 -0.0118778 6.09419e-27)
(1.00004 -0.00967289 0)
(1.00002 -0.00749729 0)
(1.00001 -0.00534328 0)
(1 -0.00320302 0)
(1 -0.0010683 0)
(1.06802 -0.141625 0)
(1.06143 -0.137145 3.49145e-11)
(1.05519 -0.13202 3.6893e-11)
(1.04948 -0.126734 0)
(1.04425 -0.12139 0)
(1.03947 -0.116037 4.94041e-27)
(1.03513 -0.110712 -4.94041e-27)
(1.0312 -0.105448 0)
(1.02764 -0.10027 0)
(1.02445 -0.0952005 0)
(1.02157 -0.0902555 0)
(1.019 -0.0854482 0)
(1.0167 -0.0807876 -8.95623e-28)
(1.01465 -0.07628 -1.18345e-27)
(1.01282 -0.0719286 0)
(1.0112 -0.0677347 0)
(1.00976 -0.0636974 0)
(1.00849 -0.0598146 0)
(1.00736 -0.0560826 0)
(1.00636 -0.0524967 0)
(1.00548 -0.0490517 0)
(1.00471 -0.0457414 -5.4905e-27)
(1.00403 -0.0425594 5.4905e-27)
(1.00343 -0.0394987 0)
(1.0029 -0.0365522 0)
(1.00244 -0.0337127 1.03434e-10)
(1.00204 -0.0309726 -1.03434e-10)
(1.00169 -0.0283246 0)
(1.00139 -0.0257613 0)
(1.00112 -0.023275 0)
(1.0009 -0.0208585 0)
(1.0007 -0.0185045 0)
(1.00053 -0.0162055 0)
(1.00039 -0.0139545 -1.04485e-10)
(1.00028 -0.0117442 1.04485e-10)
(1.00018 -0.0095676 0)
(1.00011 -0.00741764 0)
(1.00005 -0.00528739 -6.98316e-27)
(1.00002 -0.0031697 6.98316e-27)
(1 -0.00105712 0)
(1.07299 -0.128257 1.05935e-27)
(1.0667 -0.124571 -3.21994e-27)
(1.06073 -0.120319 2.03185e-27)
(1.0552 -0.115904 0)
(1.05006 -0.111409 0)
(1.04531 -0.106872 1.44843e-27)
(1.04093 -0.102327 -1.44843e-27)
(1.0369 -0.0977989 1.45295e-27)
(1.0332 -0.0933128 -2.17244e-28)
(1.02982 -0.0888884 0)
(1.02674 -0.0845422 0)
(1.02393 -0.0802876 0)
(1.02138 -0.0761352 2.36691e-28)
(1.01906 -0.0720928 5.53166e-28)
(1.01696 -0.0681661 0)
(1.01505 -0.0643587 0)
(1.01334 -0.0606722 0)
(1.01178 -0.0571071 -4.49813e-27)
(1.01038 -0.0536622 4.49813e-27)
(1.00912 -0.0503356 2.57133e-28)
(1.00799 -0.0471242 -3.30491e-27)
(1.00696 -0.0440243 4.62205e-27)
(1.00605 -0.0410315 -4.62205e-27)
(1.00523 -0.038141 0)
(1.00449 -0.0353476 0)
(1.00383 -0.0326458 2.00943e-10)
(1.00324 -0.0300297 -2.00943e-10)
(1.00272 -0.0274935 0)
(1.00226 -0.025031 0)
(1.00185 -0.0226362 4.74828e-27)
(1.00149 -0.0203027 -4.74828e-27)
(1.00117 -0.0180245 3.45093e-27)
(1.0009 -0.0157951 -2.70932e-28)
(1.00067 -0.0136083 -1.02064e-10)
(1.00047 -0.0114579 1.02064e-10)
(1.00031 -0.00933758 0)
(1.00019 -0.00724115 0)
(1.00009 -0.00516241 -4.41274e-27)
(1.00003 -0.00309497 3.7868e-27)
(1 -0.00103214 -2.40842e-28)
(1.07646 -0.115649 -1.05887e-27)
(1.07047 -0.112613 -2.83066e-27)
(1.06478 -0.10908 4.01875e-27)
(1.05945 -0.105388 0)
(1.05445 -0.101604 0)
(1.04977 -0.0977603 -7.25752e-11)
(1.04541 -0.0938832 7.25752e-11)
(1.04135 -0.0899961 -1.45295e-27)
(1.03759 -0.0861197 2.17244e-28)
(1.03411 -0.0822722 0)
(1.03089 -0.0784688 0)
(1.02792 -0.0747228 0)
(1.02519 -0.0710447 -2.36691e-28)
(1.02268 -0.0674434 -5.53166e-28)
(1.02038 -0.0639253 0)
(1.01826 -0.0604954 0)
(1.01633 -0.0571571 0)
(1.01456 -0.0539123 0)
(1.01294 -0.0507618 0)
(1.01147 -0.0477053 -2.57133e-28)
(1.01013 -0.0447415 3.30491e-27)
(1.0089 -0.0418685 0)
(1.00779 -0.0390836 0)
(1.00678 -0.0363835 0)
(1.00586 -0.0337648 0)
(1.00504 -0.0312232 9.76641e-11)
(1.00429 -0.0287544 -9.76641e-11)
(1.00362 -0.0263538 0)
(1.00302 -0.0240165 0)
(1.00248 -0.0217376 0)
(1.00201 -0.0195119 0)
(1.00159 -0.0173342 -3.45093e-27)
(1.00122 -0.0151992 2.70932e-28)
(1.00091 -0.0131015 0)
(1.00065 -0.0110358 0)
(1.00043 -0.00899655 0)
(1.00026 -0.00697837 0)
(1.00013 -0.00497582 6.25936e-28)
(1.00004 -0.00298328 0)
(1.00001 -0.000994839 2.40842e-28)
(1.07874 -0.10376 0)
(1.07305 -0.101258 0)
(1.06763 -0.0983207 2.19088e-28)
(1.06251 -0.0952319 0)
(1.05767 -0.0920469 -3.16945e-11)
(1.0531 -0.0887924 -1.01912e-10)
(1.0488 -0.0854903 6.88828e-11)
(1.04477 -0.0821604 1.7746e-27)
(1.04099 -0.0788205 -6.72916e-28)
(1.03746 -0.0754866 0)
(1.03417 -0.0721727 -3.85685e-11)
(1.03111 -0.0688908 -3.94663e-11)
(1.02826 -0.0656514 7.41544e-28)
(1.02561 -0.0624629 3.12621e-27)
(1.02316 -0.0593325 4.17937e-11)
(1.0209 -0.0562656 4.24581e-11)
(1.0188 -0.0532664 -7.92531e-28)
(1.01686 -0.0503378 3.5641e-27)
(1.01508 -0.0474818 0)
(1.01344 -0.0446993 0)
(1.01193 -0.0419902 0)
(1.01054 -0.0393538 -4.54855e-11)
(1.00927 -0.0367889 -9.17109e-11)
(1.0081 -0.0342933 -4.61933e-11)
(1.00704 -0.0318648 -4.6501e-11)
(1.00607 -0.0295004 -4.67805e-11)
(1.00519 -0.0271968 4.70335e-11)
(1.00439 -0.0249507 9.45232e-11)
(1.00368 -0.0227581 9.49325e-11)
(1.00303 -0.0206152 -4.89292e-11)
(1.00246 -0.0185178 9.65779e-11)
(1.00195 -0.0164615 -3.91639e-27)
(1.00151 -0.014442 8.84573e-28)
(1.00112 -0.0124547 -2.36328e-27)
(1.0008 -0.010495 4.82651e-11)
(1.00053 -0.00855833 4.83349e-11)
(1.00032 -0.00663996 4.83881e-11)
(1.00016 -0.00473519 4.84248e-11)
(1.00006 -0.00283916 -2.75442e-27)
(1.00001 -0.000946736 0)
(1.08011 -0.0925404 0)
(1.07472 -0.0904782 0)
(1.06955 -0.0880361 -2.19088e-28)
(1.06464 -0.0854533 0)
(1.05997 -0.0827753 3.16945e-11)
(1.05552 -0.0800241 3.30296e-11)
(1.05131 -0.0772179 3.42959e-27)
(1.04733 -0.0743734 -1.7746e-27)
(1.04358 -0.0715058 6.72916e-28)
(1.04004 -0.0686289 0)
(1.03672 -0.0657551 3.85685e-11)
(1.0336 -0.0628953 3.94663e-11)
(1.03068 -0.0600591 -7.41544e-28)
(1.02795 -0.0572546 0)
(1.0254 -0.0544887 -4.17937e-11)
(1.02302 -0.051767 -4.24581e-11)
(1.02081 -0.049094 7.92531e-28)
(1.01875 -0.0464733 -3.5641e-27)
(1.01683 -0.0439073 0)
(1.01506 -0.0413977 0)
(1.01342 -0.0389454 0)
(1.0119 -0.0365505 4.54855e-11)
(1.0105 -0.0342125 9.17109e-11)
(1.00921 -0.0319306 4.61933e-11)
(1.00803 -0.029703 4.6501e-11)
(1.00694 -0.027528 4.67805e-11)
(1.00595 -0.0254032 -4.70335e-11)
(1.00505 -0.0233261 -9.45232e-11)
(1.00423 -0.0212937 -9.49325e-11)
(1.0035 -0.019303 -1.41989e-10)
(1.00284 -0.0173505 9.434e-11)
(1.00226 -0.0154329 3.91639e-27)
(1.00175 -0.0135465 -8.84573e-28)
(1.0013 -0.0116875 -9.53924e-11)
(1.00093 -0.00985206 4.71273e-11)
(1.00062 -0.0080363 -4.83349e-11)
(1.00037 -0.00623624 -4.83881e-11)
(1.00018 -0.00444787 -4.84248e-11)
(1.00006 -0.00266702 0)
(1.00001 -0.000889297 0)
(1.08081 -0.081932 -1.1872e-27)
(1.07568 -0.080234 7.95005e-28)
(1.07076 -0.0782063 5.30825e-28)
(1.06605 -0.0760505 -5.12551e-28)
(1.06154 -0.073804 1.45887e-27)
(1.05723 -0.0714849 0)
(1.05312 -0.0691083 -1.58011e-27)
(1.04921 -0.0666881 0)
(1.04551 -0.0642372 6.21326e-28)
(1.04199 -0.0617674 -2.64689e-28)
(1.03867 -0.0592894 6.57414e-28)
(1.03553 -0.0568129 0)
(1.03257 -0.0543465 0)
(1.02978 -0.0518977 -1.28938e-27)
(1.02717 -0.0494729 5.39533e-27)
(1.02471 -0.0470775 -7.30758e-28)
(1.02241 -0.0447161 7.42796e-28)
(1.02026 -0.0423923 -4.18772e-27)
(1.01825 -0.0401089 4.18772e-27)
(1.01638 -0.037868 -7.74271e-28)
(1.01464 -0.035671 3.477e-27)
(1.01302 -0.0335186 1.03377e-27)
(1.01151 -0.031411 7.99492e-28)
(1.01013 -0.0293479 0)
(1.00884 -0.0273284 -3.60978e-27)
(1.00767 -0.0253513 9.03616e-11)
(1.00658 -0.0234152 -9.03616e-11)
(1.0056 -0.021518 0)
(1.0047 -0.0196577 0)
(1.00389 -0.0178319 -4.61697e-27)
(1.00316 -0.0160379 3.77493e-27)
(1.00252 -0.0142729 0)
(1.00195 -0.0125341 0)
(1.00146 -0.0108183 -1.86875e-10)
(1.00104 -0.00912235 1.86875e-10)
(1.00069 -0.00744301 0)
(1.00041 -0.00577695 -8.55206e-28)
(1.00021 -0.00412079 -2.64351e-27)
(1.00007 -0.00247101 2.64351e-27)
(1.00001 -0.000823906 7.57749e-28)
(1.08102 -0.0718739 1.18689e-27)
(1.07613 -0.0704795 9.32397e-28)
(1.07143 -0.0688011 -2.25823e-27)
(1.06691 -0.067008 5.12551e-28)
(1.06256 -0.0651312 -1.45887e-27)
(1.05838 -0.0631854 -6.08569e-11)
(1.05438 -0.061183 6.08569e-11)
(1.05056 -0.0591355 0)
(1.0469 -0.0570537 -6.21326e-28)
(1.04343 -0.0549476 2.64689e-28)
(1.04012 -0.0528264 -6.57414e-28)
(1.03698 -0.0506985 0)
(1.03401 -0.0485714 0)
(1.0312 -0.0464518 -9.19427e-28)
(1.02854 -0.0443456 -3.18652e-27)
(1.02604 -0.0422577 7.30758e-28)
(1.02368 -0.0401925 -7.42796e-28)
(1.02146 -0.0381536 -3.80664e-27)
(1.01938 -0.0361439 3.80664e-27)
(1.01744 -0.0341655 7.74271e-28)
(1.01562 -0.0322201 -3.477e-27)
(1.01392 -0.0303089 5.37425e-28)
(1.01234 -0.0284323 -2.37069e-27)
(1.01087 -0.0265905 0)
(1.00951 -0.0247832 3.60978e-27)
(1.00826 -0.0230097 8.83416e-11)
(1.00711 -0.0212691 -8.83416e-11)
(1.00605 -0.01956 0)
(1.00509 -0.0178808 0)
(1.00422 -0.0162297 0)
(1.00343 -0.0146048 8.4204e-28)
(1.00273 -0.0130037 0)
(1.00212 -0.0114243 0)
(1.00158 -0.00986391 -9.16447e-11)
(1.00113 -0.00832004 9.16447e-11)
(1.00075 -0.00678999 0)
(1.00045 -0.00527101 8.55206e-28)
(1.00022 -0.0037603 0)
(1.00008 -0.00225494 0)
(1.00001 -0.000751836 -7.57749e-28)
(1.08089 -0.0623035 0)
(1.07623 -0.0611642 -2.46086e-27)
(1.07172 -0.0597828 2.46086e-27)
(1.06737 -0.0583007 0)
(1.06317 -0.0567432 -1.37027e-27)
(1.05912 -0.0551223 -5.89809e-11)
(1.05522 -0.0534482 5.89809e-11)
(1.05148 -0.0517302 0)
(1.04789 -0.0499773 -5.84106e-28)
(1.04446 -0.0481978 2.49032e-28)
(1.04118 -0.0463996 -6.19119e-28)
(1.03806 -0.0445897 1.72782e-27)
(1.03509 -0.0427747 0)
(1.03227 -0.0409603 8.6889e-28)
(1.02959 -0.0391518 3.01525e-27)
(1.02706 -0.0373537 -6.92394e-28)
(1.02466 -0.0355699 0)
(1.0224 -0.0338037 7.93335e-11)
(1.02028 -0.032058 -7.93335e-11)
(1.01827 -0.0303349 -7.37527e-28)
(1.0164 -0.0286362 3.31623e-27)
(1.01464 -0.026963 2.25152e-27)
(1.013 -0.0253163 -4.99932e-28)
(1.01147 -0.0236964 0)
(1.01005 -0.0221034 0)
(1.00874 -0.020537 8.65404e-11)
(1.00753 -0.0189965 -8.65404e-11)
(1.00642 -0.0174811 -3.53984e-27)
(1.0054 -0.0159897 0)
(1.00448 -0.014521 5.24487e-27)
(1.00365 -0.0130734 -4.43781e-27)
(1.00291 -0.0116451 0)
(1.00226 -0.0102345 -8.17845e-28)
(1.00169 -0.0088394 -9.00266e-11)
(1.0012 -0.00745783 9.00266e-11)
(1.0008 -0.0060876 8.24603e-28)
(1.00048 -0.00472647 0)
(1.00024 -0.00337216 3.35427e-27)
(1.00008 -0.00202226 -2.27384e-27)
(1.00001 -0.000674235 7.32082e-28)
(1.08055 -0.0531583 0)
(1.07608 -0.0522356 -7.26473e-28)
(1.07175 -0.0511095 7.26473e-28)
(1.06755 -0.0498966 0)
(1.06348 -0.0486177 1.37027e-27)
(1.05955 -0.0472824 -1.42827e-27)
(1.05575 -0.0458987 0)
(1.05208 -0.0444744 0)
(1.04856 -0.0430168 5.84106e-28)
(1.04518 -0.0415327 -2.49032e-28)
(1.04194 -0.0400285 6.19119e-28)
(1.03884 -0.0385104 -1.72782e-27)
(1.03589 -0.0369837 0)
(1.03307 -0.0354533 -8.6889e-28)
(1.03038 -0.0339239 -3.01525e-27)
(1.02783 -0.0323992 6.92394e-28)
(1.02541 -0.0308829 0)
(1.02313 -0.0293779 1.55167e-10)
(1.02096 -0.0278867 -1.55167e-10)
(1.01893 -0.0264114 7.37527e-28)
(1.01701 -0.0249538 -3.31623e-27)
(1.01521 -0.023515 -9.87198e-28)
(1.01352 -0.0220959 -7.64389e-28)
(1.01195 -0.0206972 0)
(1.01048 -0.0193191 0)
(1.00912 -0.0179615 1.69924e-10)
(1.00787 -0.0166242 -1.69924e-10)
(1.00671 -0.0153065 3.53984e-27)
(1.00566 -0.0140077 0)
(1.00469 -0.0127269 5.13739e-28)
(1.00383 -0.0114629 -1.3208e-27)
(1.00305 -0.0102143 0)
(1.00237 -0.00897989 8.17845e-28)
(1.00177 -0.00775796 -1.77186e-10)
(1.00126 -0.00654691 1.77186e-10)
(1.00084 -0.00534501 -8.24603e-28)
(1.0005 -0.00415048 0)
(1.00025 -0.00296146 0)
(1.00009 -0.00177603 -1.08044e-27)
(1.00001 -0.000592123 -7.32082e-28)
(1.0801 -0.0443767 1.07831e-27)
(1.0758 -0.0436403 0)
(1.07162 -0.0427364 0)
(1.06755 -0.0417597 -4.61114e-28)
(1.0636 -0.0407268 1.3106e-27)
(1.05976 -0.0396452 0)
(1.05605 -0.0385214 -1.81182e-27)
(1.05246 -0.0373615 1.46938e-27)
(1.049 -0.0361714 0)
(1.04567 -0.0349567 0)
(1.04247 -0.0337225 3.21925e-11)
(1.0394 -0.0324739 8.2703e-28)
(1.03646 -0.0312152 -3.38826e-11)
(1.03365 -0.0299506 0)
(1.03096 -0.0286839 3.54195e-11)
(1.02841 -0.0274184 3.32415e-28)
(1.02598 -0.0261572 -3.68071e-11)
(1.02367 -0.0249027 7.6105e-11)
(1.02149 -0.0236571 -3.80547e-11)
(1.01942 -0.0224225 3.86195e-11)
(1.01748 -0.0212003 0)
(1.01564 -0.0199916 3.96568e-11)
(1.01393 -0.0187975 8.02529e-11)
(1.01232 -0.0176185 8.11287e-11)
(1.01082 -0.0164549 1.67314e-27)
(1.00942 -0.015307 4.22596e-11)
(1.00813 -0.0141744 -4.19124e-11)
(1.00694 -0.0130571 4.20137e-11)
(1.00585 -0.0119543 0)
(1.00486 -0.0108655 -1.02267e-27)
(1.00397 -0.0097898 0)
(1.00317 -0.00872624 -3.51281e-27)
(1.00246 -0.00767373 0)
(1.00184 -0.00663109 -2.18054e-10)
(1.00131 -0.00559704 1.31223e-10)
(1.00087 -0.00457023 0)
(1.00052 -0.00354925 -8.03527e-28)
(1.00026 -0.00253266 -4.3726e-11)
(1.00009 -0.00151891 5.98731e-19)
(1.00001 -0.000506389 3.87123e-11)
(1.07962 -0.0358986 -1.07821e-27)
(1.07546 -0.0353252 0)
(1.0714 -0.0346178 0)
(1.06744 -0.0338513 4.61114e-28)
(1.06358 -0.0330385 -1.3106e-27)
(1.05984 -0.0321854 0)
(1.0562 -0.031297 1.81182e-27)
(1.05268 -0.0303781 -1.46938e-27)
(1.04927 -0.0294331 0)
(1.04599 -0.0284667 0)
(1.04282 -0.0274827 -3.21925e-11)
(1.03978 -0.0264852 -8.2703e-28)
(1.03686 -0.0254777 3.38826e-11)
(1.03406 -0.0244636 1.95505e-27)
(1.03138 -0.0234459 -3.54195e-11)
(1.02883 -0.0224273 -3.32415e-28)
(1.02639 -0.0214103 3.68071e-11)
(1.02407 -0.020397 6.89086e-28)
(1.02188 -0.0193893 -3.80503e-11)
(1.01979 -0.0183887 -3.86195e-11)
(1.01783 -0.0173967 0)
(1.01597 -0.0164141 -3.96568e-11)
(1.01423 -0.015442 -8.02529e-11)
(1.0126 -0.0144808 -8.11287e-11)
(1.01107 -0.013531 -1.67314e-27)
(1.00965 -0.0125926 4.13481e-11)
(1.00834 -0.0116658 -4.16954e-11)
(1.00712 -0.0107504 -4.20137e-11)
(1.00601 -0.00984595 0)
(1.00499 -0.00895208 1.02267e-27)
(1.00407 -0.00806816 0)
(1.00325 -0.00719351 3.51281e-27)
(1.00252 -0.00632731 0)
(1.00189 -0.00546868 -1.2927e-10)
(1.00135 -0.00461664 2.16101e-10)
(1.0009 -0.00377017 0)
(1.00054 -0.0029282 8.03527e-28)
(1.00027 -0.00208962 4.3726e-11)
(1.00009 -0.00125324 -5.91762e-19)
(1.00001 -0.000417808 -3.87123e-11)
(1.07917 -0.0276662 -2.10341e-11)
(1.07511 -0.027238 2.13291e-27)
(1.07115 -0.0267074 2.32583e-11)
(1.06728 -0.026131 4.87462e-11)
(1.06351 -0.0255186 2.54574e-11)
(1.05983 -0.0248744 1.32648e-27)
(1.05626 -0.0242024 0)
(1.05279 -0.023506 0)
(1.04943 -0.0227886 0)
(1.04618 -0.0220536 0)
(1.04305 -0.0213042 0)
(1.04003 -0.0205431 0)
(1.03713 -0.0197733 0)
(1.03434 -0.0189973 -3.68716e-28)
(1.03167 -0.0182173 -2.44537e-27)
(1.02912 -0.0174355 6.47031e-28)
(1.02668 -0.0166539 -6.59449e-28)
(1.02436 -0.015874 2.97947e-27)
(1.02216 -0.0150974 0)
(1.02006 -0.0143253 -6.92984e-28)
(1.01808 -0.0135588 3.12022e-27)
(1.01621 -0.0127987 9.30098e-28)
(1.01446 -0.0120458 7.21122e-28)
(1.0128 -0.0113006 0)
(1.01126 -0.0105634 -3.27138e-27)
(1.00982 -0.00983434 8.15767e-11)
(1.00849 -0.00911357 -8.15767e-11)
(1.00725 -0.00840099 0)
(1.00612 -0.00769639 0)
(1.00509 -0.00699947 0)
(1.00416 -0.00630982 0)
(1.00332 -0.00562695 0)
(1.00258 -0.00495028 0)
(1.00193 -0.00427918 -8.54712e-11)
(1.00138 -0.00361293 8.54712e-11)
(1.00092 -0.0029508 -4.27569e-11)
(1.00055 -0.00229199 -4.28422e-11)
(1.00027 -0.00163569 3.50387e-27)
(1.0001 -0.000981016 0)
(1.00001 -0.00032705 0)
(1.07879 -0.0196226 2.10335e-11)
(1.07482 -0.019327 2.2594e-27)
(1.07093 -0.0189589 -2.32583e-11)
(1.06713 -0.0185579 -4.87462e-11)
(1.06341 -0.0181311 -2.54574e-11)
(1.05979 -0.0176814 -1.32648e-27)
(1.05626 -0.0172114 0)
(1.05284 -0.0167237 0)
(1.04951 -0.0162206 0)
(1.0463 -0.0157045 0)
(1.04319 -0.0151776 0)
(1.04019 -0.0146419 0)
(1.0373 -0.0140993 0)
(1.03453 -0.0135518 0)
(1.03187 -0.0130008 2.81408e-27)
(1.02932 -0.012448 -6.47031e-28)
(1.02688 -0.0118947 6.59449e-28)
(1.02456 -0.0113421 -1.87053e-27)
(1.02235 -0.0107913 -1.10894e-27)
(1.02025 -0.0102431 6.92984e-28)
(1.01826 -0.00969838 -3.12022e-27)
(1.01638 -0.00915777 2.95044e-27)
(1.01461 -0.00862179 -4.60166e-27)
(1.01295 -0.00809081 0)
(1.01139 -0.00756512 3.27138e-27)
(1.00994 -0.00704489 1.618e-10)
(1.00859 -0.00653019 -1.618e-10)
(1.00735 -0.00602098 0)
(1.0062 -0.00551716 0)
(1.00516 -0.00501854 -1.26194e-27)
(1.00421 -0.00452486 1.26194e-27)
(1.00336 -0.00403579 0)
(1.00261 -0.00355095 0)
(1.00196 -0.00306991 -8.48393e-11)
(1.0014 -0.0025922 8.48393e-11)
(1.00093 -0.0021173 4.27569e-11)
(1.00056 -0.00164469 4.28422e-11)
(1.00028 -0.00117379 -5.91031e-27)
(1.0001 -0.000704006 2.40644e-27)
(1.00001 -0.0002347 0)
(1.07851 -0.0117125 -7.69781e-28)
(1.0746 -0.0115417 1.17547e-28)
(1.07076 -0.0113263 0)
(1.067 -0.0110907 0)
(1.06333 -0.0108392 -9.29378e-28)
(1.05974 -0.0105737 -5.33702e-11)
(1.05625 -0.0102958 5.33702e-11)
(1.05285 -0.0100071 1.04046e-27)
(1.04955 -0.00970901 0)
(1.04636 -0.00940288 0)
(1.04327 -0.00909006 0)
(1.04028 -0.00877177 -1.17209e-27)
(1.03741 -0.00844917 1.74725e-28)
(1.03464 -0.00812332 0)
(1.03198 -0.00779523 0)
(1.02944 -0.00746579 -1.86669e-28)
(1.02701 -0.00713582 1.90294e-28)
(1.02468 -0.00680604 0)
(1.02247 -0.00647709 -1.97014e-28)
(1.02037 -0.00614954 2.00113e-28)
(1.01837 -0.00582385 -2.5904e-27)
(1.01649 -0.00550042 3.60646e-27)
(1.01471 -0.00517957 -3.60646e-27)
(1.01304 -0.00486154 0)
(1.01148 -0.00454651 2.71842e-27)
(1.01002 -0.00423459 8.04492e-11)
(1.00866 -0.00392585 -8.04492e-11)
(1.00741 -0.00362026 0)
(1.00625 -0.00331778 -2.20538e-28)
(1.0052 -0.0030183 -4.65743e-27)
(1.00425 -0.00272169 4.14684e-27)
(1.00339 -0.00242775 -2.86464e-27)
(1.00264 -0.00213626 2.25573e-28)
(1.00197 -0.00184699 -8.44167e-11)
(1.00141 -0.00155966 8.44167e-11)
(1.00094 -0.00127397 2.27822e-28)
(1.00056 -0.00098963 0)
(1.00028 -0.000706296 -3.21425e-27)
(1.0001 -0.000423601 -2.28526e-28)
(1.00001 -0.000141191 0)
(1.07836 -0.00389145 7.74683e-28)
(1.07448 -0.00383711 -1.18288e-28)
(1.07067 -0.00376671 0)
(1.06694 -0.00368922 0)
(1.06328 -0.00360626 9.35238e-28)
(1.05971 -0.00351853 -5.35182e-11)
(1.05624 -0.00342662 5.35182e-11)
(1.05285 -0.00333105 -1.04702e-27)
(1.04957 -0.0032323 0)
(1.04638 -0.00313086 0)
(1.0433 -0.00302714 0)
(1.04032 -0.00292156 1.17948e-27)
(1.03745 -0.00281451 -1.75826e-28)
(1.03469 -0.00270634 0)
(1.03204 -0.00259739 0)
(1.0295 -0.00248795 1.87846e-28)
(1.02706 -0.00237829 -1.91494e-28)
(1.02474 -0.00226866 0)
(1.02253 -0.00215928 1.98256e-28)
(1.02042 -0.00205032 -2.01374e-28)
(1.01843 -0.00194194 2.60673e-27)
(1.01654 -0.00183429 0)
(1.01476 -0.00172747 0)
(1.01309 -0.00162155 0)
(1.01152 -0.00151661 -2.73556e-27)
(1.01005 -0.00141268 8.07298e-11)
(1.00869 -0.00130978 -8.07298e-11)
(1.00744 -0.00120791 0)
(1.00628 -0.00110705 2.21929e-28)
(1.00522 -0.00100718 5.1381e-28)
(1.00427 -0.000908242 0)
(1.00341 -0.000810182 2.88271e-27)
(1.00265 -0.000712928 -2.26995e-28)
(1.00198 -0.000616399 -8.47361e-11)
(1.00142 -0.000520508 8.47361e-11)
(1.00094 -0.000425161 -2.29258e-28)
(1.00056 -0.000330263 0)
(1.00028 -0.000235701 -2.27343e-28)
(1.0001 -0.000141347 3.69183e-27)
(1.00001 -4.70937e-05 0)
(1.02007 -0.229274 1.9234e-19)
(1.03794 -0.206569 2.19836e-21)
(1.05167 -0.189431 -4.3704e-19)
(1.06265 -0.172716 3.76153e-19)
(1.07102 -0.156935 -2.65495e-19)
(1.07717 -0.142228 1.44938e-19)
(1.08151 -0.128479 -7.82265e-20)
(1.08442 -0.115616 5.47097e-20)
(1.08621 -0.103566 -1.4759e-20)
(1.08717 -0.0922534 -3.90779e-20)
(1.0875 -0.0816007 1.51221e-21)
(1.08741 -0.0715323 1.67666e-20)
(1.08703 -0.0619745 2.47318e-20)
(1.08649 -0.0528569 -1.4635e-20)
(1.08588 -0.0441122 2.05806e-20)
(1.08528 -0.0356764 -1.01425e-20)
(1.08473 -0.0274888 -2.15086e-11)
(1.0843 -0.01949 2.13312e-11)
(1.084 -0.011621 1.02109e-20)
(1.08384 -0.00384413 -7.6655e-21)
(1.05248 -0.233145 -8.60315e-20)
(1.06585 -0.209503 -2.69562e-19)
(1.07549 -0.191465 3.39011e-19)
(1.08323 -0.173835 -1.9954e-19)
(1.08891 -0.15741 9.26786e-20)
(1.09285 -0.142219 -4.06329e-20)
(1.09539 -0.128133 1.65818e-20)
(1.09685 -0.115057 -4.35477e-20)
(1.09746 -0.102888 7.22951e-20)
(1.09747 -0.0915248 -1.02194e-19)
(1.09705 -0.0808705 4.71122e-20)
(1.09636 -0.0708342 -1.82548e-20)
(1.09551 -0.0613311 8.1105e-20)
(1.0946 -0.0522827 -8.20883e-20)
(1.09371 -0.043616 2.996e-20)
(1.0929 -0.0352632 6.76945e-21)
(1.09222 -0.0271614 -2.61336e-20)
(1.09169 -0.0192483 2.15546e-20)
(1.09135 -0.0114586 -1.35341e-20)
(1.09119 -0.0037654 3.31939e-21)
(1.08489 -0.236811 -6.7317e-20)
(1.09385 -0.211226 7.02865e-20)
(1.10006 -0.191677 3.78349e-20)
(1.10471 -0.173221 -1.70627e-20)
(1.10766 -0.156374 1.30619e-20)
(1.10929 -0.140961 -3.1722e-20)
(1.10992 -0.12678 1.58707e-20)
(1.10982 -0.113693 -7.35949e-21)
(1.10918 -0.101568 2.09547e-20)
(1.10818 -0.0902845 -1.88234e-20)
(1.10696 -0.0797316 2.08678e-20)
(1.10563 -0.0698089 -8.67376e-21)
(1.10428 -0.0604256 -5.52353e-21)
(1.10298 -0.0514992 -1.14304e-20)
(1.10179 -0.0429543 8.10437e-21)
(1.10076 -0.034722 1.97207e-21)
(1.09991 -0.0267389 2.22794e-20)
(1.09928 -0.0189429 -5.62453e-21)
(1.09888 -0.0112645 -7.55211e-21)
(1.0987 -0.00368373 -1.9081e-21)
(1.11673 -0.237963 -9.41927e-20)
(1.12033 -0.211136 -2.24945e-20)
(1.12289 -0.190371 -2.63084e-20)
(1.12464 -0.171343 6.60554e-20)
(1.12522 -0.154259 1.1418e-20)
(1.12489 -0.138799 -7.02462e-20)
(1.1239 -0.124682 3.51543e-20)
(1.12246 -0.111721 -5.23492e-21)
(1.12073 -0.0997559 5.06515e-20)
(1.11884 -0.088647 -6.91858e-20)
(1.1169 -0.0782727 3.51695e-21)
(1.11498 -0.0685262 1.54593e-21)
(1.11316 -0.0593136 1.69397e-20)
(1.11148 -0.0505512 -1.39334e-20)
(1.11 -0.0421634 5.81018e-21)
(1.10874 -0.0340818 1.6484e-20)
(1.10772 -0.0262446 7.41252e-21)
(1.10697 -0.0185916 -1.10241e-20)
(1.10649 -0.0110524 -1.16482e-21)
(1.10627 -0.00360725 3.69464e-21)
)
;

boundaryField
{
    inlet
    {
        type            uniformFixedValue;
        uniformValue    constant (1 0 0);
        value           uniform (1 0 0);
    }
    outlet
    {
        type            pressureInletOutletVelocity;
        value           nonuniform 0();
    }
    cylinder
    {
        type            fixedValue;
        value           nonuniform 0();
    }
    top
    {
        type            symmetryPlane;
    }
    bottom
    {
        type            symmetryPlane;
    }
    defaultFaces
    {
        type            empty;
    }
    procBoundary0to1
    {
        type            processor;
        value           nonuniform List<vector> 
50
(
(0.0375032 -0.0323254 -2.61064e-19)
(0.0494098 -0.0953106 -3.35638e-19)
(0.0723992 -0.153404 -1.55047e-19)
(0.17846 -0.279853 5.18551e-19)
(0.17846 -0.279853 5.18551e-19)
(0.312241 -0.391745 3.19192e-19)
(0.312241 -0.391745 3.19192e-19)
(0.38081 -0.442982 2.61239e-21)
(0.534024 -0.51499 5.32834e-19)
(0.534024 -0.51499 5.32834e-19)
(0.679786 -0.553442 4.92136e-19)
(0.732558 -0.552656 -5.36925e-19)
(0.732558 -0.552656 -5.36925e-19)
(0.851273 -0.552995 -3.25141e-19)
(0.881119 -0.53267 -3.67347e-20)
(0.881119 -0.53267 -3.67347e-20)
(0.973953 -0.512646 6.76333e-20)
(0.988192 -0.485679 -2.83964e-19)
(0.988192 -0.485679 -2.83964e-19)
(1.06019 -0.456644 -3.73864e-20)
(1.06498 -0.429698 9.86993e-20)
(1.06805 -0.402902 -1.6847e-19)
(1.06805 -0.402902 -1.6847e-19)
(1.12071 -0.373699 -6.09514e-21)
(1.11974 -0.350371 -1.37131e-20)
(1.11864 -0.328196 -7.83806e-21)
(1.11864 -0.328196 -7.83806e-21)
(1.15801 -0.301794 1.50279e-20)
(1.15434 -0.283556 -2.03987e-20)
(1.15086 -0.26543 1.08506e-20)
(1.1482 -0.235968 -1.89227e-20)
(1.14656 -0.208808 5.67048e-21)
(1.14522 -0.187418 1.32554e-20)
(1.14395 -0.168266 1.93439e-20)
(1.1422 -0.151255 -4.26214e-20)
(1.14004 -0.13596 4.33943e-20)
(1.13757 -0.12205 -4.92747e-20)
(1.13491 -0.109319 2.95905e-20)
(1.13219 -0.0975939 -9.17849e-21)
(1.12947 -0.0867243 3.58946e-21)
(1.12685 -0.0765807 -2.53091e-21)
(1.12438 -0.0670533 1.80457e-20)
(1.12211 -0.0580471 2.34797e-21)
(1.12006 -0.0494789 -3.52788e-21)
(1.11828 -0.0412745 -5.57061e-21)
(1.11678 -0.0333672 -3.96502e-21)
(1.11558 -0.0256972 -4.53246e-21)
(1.11469 -0.0182072 3.14293e-21)
(1.11412 -0.0108289 1.60324e-21)
(1.11385 -0.00353763 -2.37665e-21)
)
;
    }
    procBoundary0to4
    {
        type            processor;
        value           nonuniform List<vector> 
58
(
(0.088873 0.044052 7.603e-20)
(0.151033 0.0505846 1.11566e-20)
(0.216596 0.0533652 1.41213e-19)
(0.281842 0.0535256 -1.15702e-19)
(0.344525 0.0519725 6.99747e-20)
(0.403317 0.0494033 -2.6613e-20)
(0.457611 0.0463214 -1.00891e-19)
(0.507286 0.0430665 1.57727e-19)
(0.552508 0.0398501 -7.49542e-20)
(0.593584 0.0367908 -8.98965e-20)
(0.630885 0.0339445 2.18218e-20)
(0.664785 0.0313285 -7.24328e-20)
(0.695638 0.0289384 3.81447e-20)
(0.723767 0.0267596 -5.56711e-20)
(0.749459 0.0247741 2.18911e-19)
(0.772975 0.022961 -7.2899e-20)
(0.794533 0.0212968 -2.49753e-20)
(0.814276 0.0197717 1.22541e-19)
(0.831045 0.0185202 2.28321e-20)
(0.845827 0.0169366 -1.01593e-19)
(0.859289 0.0153775 -5.32537e-20)
(0.871532 0.0139501 6.8658e-20)
(0.882679 0.0126706 -6.38061e-20)
(0.892843 0.0115292 6.35653e-20)
(0.90213 0.0105103 -3.99306e-20)
(0.910631 0.00959867 2.21919e-20)
(0.918425 0.0087806 1.4941e-21)
(0.925584 0.0080443 -2.34526e-20)
(0.932167 0.00737962 -3.761e-20)
(0.938229 0.00677785 2.63539e-20)
(0.943817 0.00623145 4.76146e-20)
(0.948973 0.00573393 -5.70186e-20)
(0.953734 0.00527967 5.18904e-20)
(0.958133 0.00486376 -5.28989e-20)
(0.962199 0.00448195 -1.54319e-20)
(0.965959 0.00413051 -1.96996e-21)
(0.969434 0.00380616 6.06369e-20)
(0.972647 0.00350605 1.65168e-20)
(0.975617 0.00322778 5.07223e-21)
(0.978361 0.00296965 -3.75854e-20)
(0.980895 0.00272996 1.03237e-20)
(0.983226 0.00250448 1.76538e-20)
(0.985367 0.00229251 -4.35512e-20)
(0.98733 0.0020931 1.59631e-20)
(0.989124 0.00190497 2.79031e-20)
(0.990759 0.00172695 -3.40328e-20)
(0.992243 0.00155793 -4.09456e-23)
(0.993582 0.00139695 7.09423e-21)
(0.994783 0.00124312 1.20726e-20)
(0.995849 0.00109559 -1.12645e-20)
(0.996787 0.000953622 5.13753e-22)
(0.9976 0.000816491 -1.02566e-21)
(0.998291 0.000683534 5.20856e-21)
(0.998863 0.000554118 2.32587e-21)
(0.99932 0.000427651 -2.38603e-21)
(0.99966 0.00030358 5.75615e-21)
(0.999881 0.00018135 -4.22066e-22)
(0.999985 6.02875e-05 1.40018e-21)
)
;
    }
}


// ************************************************************************* //
