/*--------------------------------*- C++ -*----------------------------------*\
  =========                 |
  \\      /  F ield         | OpenFOAM: The Open Source CFD Toolbox
   \\    /   O peration     | Website:  https://openfoam.org
    \\  /    A nd           | Version:  7
     \\/     M anipulation  |
\*---------------------------------------------------------------------------*/
FoamFile
{
    version     2.0;
    format      ascii;
    class       surfaceScalarField;
    location    "90";
    object      phi;
}
// * * * * * * * * * * * * * * * * * * * * * * * * * * * * * * * * * * * * * //

dimensions      [0 3 -1 0 0 0 0];

internalField   nonuniform List<scalar> 
6855
(
-7.49437e-05
-1.82706e-06
8.30105e-07
-0.00060932
-5.79707e-07
-0.00149097
-6.21145e-07
-5.04421e-07
-0.000609305
0.000608725
-0.00149094
0.000881015
-0.00240498
0.000913531
-0.00333388
0.000928524
-0.00429376
0.000959625
-0.0052944
0.00100052
-0.0063456
0.00105121
-0.00745433
0.00110886
-0.00862669
0.00117262
0.00124474
-0.00987105
-0.000599995
0.00120872
-0.00147316
0.00175418
-0.00238028
0.00182065
-0.00330257
0.00185082
-0.00425587
0.00191292
-0.00524995
0.00199459
-0.00629464
0.0020959
-0.0073971
0.00221133
-0.00856357
0.00233909
0.00248339
-0.00980222
-0.00058148
0.0017902
-0.00143775
0.00261045
-0.002331
0.0027139
-0.00324008
0.00275989
-0.00418022
0.00285307
-0.00516115
0.00297552
-0.00619273
0.00312748
-0.00728254
0.00330114
-0.00843683
0.00349337
0.00370959
-0.00966302
-0.000554046
0.00234425
-0.00138496
0.00344136
-0.00225728
0.00358623
-0.00314662
0.00364923
-0.00406716
0.00377361
-0.00502843
0.00393678
-0.00604018
0.00413923
-0.00711055
0.00437151
-0.00824596
0.00462878
0.00491589
-0.00945227
-0.000518711
0.00286296
-0.00131504
0.00423769
-0.00215913
0.00443032
-0.00302219
0.00451228
-0.00391662
0.00466804
-0.00485159
0.00487176
-0.00583676
0.0051244
-0.00688107
0.00541582
-0.00799103
0.00573874
0.00609482
-0.00916995
-0.000477593
0.00334055
-0.00122804
0.00498814
-0.00203691
0.00523919
-0.00286773
0.0053431
-0.00373032
0.00553063
-0.00463327
0.00577471
-0.00558546
0.00607659
-0.00659648
0.00642684
-0.00767361
0.00681588
0.00723842
-0.00881721
-0.000424836
0.00376539
-0.00112265
0.00568595
-0.00189038
0.00600693
-0.00268282
0.00613553
-0.00350688
0.00635469
-0.00437046
0.00663829
-0.00528146
0.00698759
-0.0062509
0.00739628
-0.00729043
0.0078554
0.00834308
-0.00839509
-0.000361945
0.00412733
-0.000999208
0.00632322
-0.0017199
0.00672762
-0.00246875
0.00688438
-0.00324959
0.00713553
-0.00407034
0.00745904
-0.00493751
0.00785477
-0.00586012
0.00831889
-0.0068529
0.00884818
0.00939962
-0.00790944
-0.000289905
0.00441724
-0.000858418
0.00689173
-0.0015259
0.0073951
-0.00222579
0.00758428
-0.00295745
0.00786718
-0.00372784
0.00822943
-0.00454062
0.00866755
-0.00539973
0.00917799
-0.00632477
0.00977322
0.0104272
-0.00735235
-0.000209022
0.00462626
-0.000700987
0.00738369
-0.00130895
0.00800307
-0.00195497
0.00823029
-0.00263271
0.00854492
-0.00334894
0.00894565
-0.00410886
0.00942747
-0.00491524
0.00998438
-0.00576906
0.010627
0.0114264
-0.00676828
-0.000118807
0.00474507
-0.000528094
0.00779298
-0.00106989
0.00854486
-0.00165748
0.00881788
-0.00227706
0.0091645
-0.00293375
0.00960234
-0.00363233
0.010126
-0.00437559
0.0107276
-0.00516745
0.0114189
0.0121997
-0.0059407
-1.26281e-05
0.00475769
-0.000341012
0.00812136
-0.000808979
0.00901283
-0.00133449
0.00934339
-0.00189193
0.00972194
-0.00248438
0.0101948
-0.00311616
0.0107578
-0.00378877
0.0114003
-0.00449742
0.0121275
0.0129525
-0.00525025
7.34307e-05
0.00468426
-0.000138911
0.00833371
-0.000528354
0.00940227
-0.000987725
0.00980276
-0.00147934
0.0102136
-0.00200443
0.0107199
-0.00256705
0.0113204
-0.00317152
0.0120047
-0.00381949
0.0127755
0.0136371
-0.00450412
0.000167036
0.00451723
7.59767e-05
0.00842476
-0.000232482
0.00971073
-0.000618837
0.0101891
-0.00104126
0.010636
-0.00149672
0.0111753
-0.00198764
0.0118114
-0.00251969
0.0125368
-0.00309173
0.0133475
0.0142458
-0.00370043
0.000262311
0.00425492
0.000287473
0.0083996
7.87429e-05
0.00991946
-0.000230601
0.0104985
-0.000580206
0.0109856
-0.000963139
0.0115583
-0.00137844
0.0122267
-0.00183282
0.0129912
-0.00232484
0.0138396
0.0147714
-0.00285037
0.000353753
0.00390116
0.00050845
0.00824491
0.000410371
0.0100175
0.000179186
0.0107296
-0.00010048
0.0112653
-0.000406038
0.0118638
-0.000742337
0.012563
-0.0011137
0.0133625
-0.00152307
0.0142489
0.0152098
-0.00196148
0.000435838
0.00346533
0.000728416
0.00795233
0.000747923
0.00999803
0.000609569
0.010868
0.000408441
0.0114664
0.000174444
0.0120978
-8.58779e-05
0.0128233
-0.000368383
0.013645
-0.000686702
0.0145673
0.0155611
-0.001038
0.000501486
0.00296384
0.000938229
0.00751558
0.00108857
0.0098477
0.00105003
0.0109065
0.000932048
0.0115844
0.000779758
0.0122501
0.000603388
0.0129997
0.000402119
0.0138463
0.00017969
0.0147897
0.0158329
-9.21692e-05
0.000542663
0.00242118
0.00112762
0.00693063
0.00142409
0.00955123
0.00149727
0.0108333
0.00146748
0.0116142
0.00139748
0.0123201
0.00130535
0.0130918
0.00119356
0.0139581
0.00105916
0.0149241
0.0159775
0.000914596
0.000552513
0.00186866
0.00128419
0.00619895
0.00174224
0.00909318
0.0019433
0.0106323
0.00201073
0.0115467
0.00202591
0.0123049
0.00201895
0.0130987
0.00199746
0.0139796
0.00196209
0.0149595
0.0160191
0.0019205
0.000528274
0.00134039
0.00139398
0.00533325
0.0020272
0.00845995
0.00237614
0.0102833
0.00255492
0.011368
0.002661
0.0121989
0.00274071
0.013019
0.0028097
0.0139106
0.00287034
0.0148988
0.0159659
0.00292358
0.000472563
0.000867827
0.00144206
0.00436375
0.00225794
0.00764407
0.00277981
0.00976147
0.0030899
0.0110579
0.00329649
0.0119923
0.00346563
0.0128499
0.0036245
0.0137517
0.00377892
0.0147444
0.0158157
0.00392908
0.000392816
0.000475011
0.00140555
0.00335102
0.00240793
0.00664169
0.00313075
0.00903865
0.00359954
0.0105891
0.00392302
0.0116688
0.00418733
0.0125856
0.00443728
0.0135018
0.00468656
0.0144951
0.0155682
0.00493402
0.000301339
0.000173672
0.00127976
0.0023726
0.00244902
0.00547244
0.0033955
0.00809216
0.00405792
0.00992667
0.00452504
0.0112017
0.00489798
0.0122126
0.00524156
0.0131582
0.005587
0.0141497
0.0152209
0.00593438
0.000213445
-3.97737e-05
0.00108177
0.00150428
0.00235413
0.00420007
0.00353001
0.00691629
0.00442597
0.00903071
0.00507663
0.010551
0.00558255
0.0117067
0.00603124
0.0127095
0.00647268
0.0137082
0.0147801
0.00691342
0.000140906
-0.00018068
0.000844803
0.000800378
0.00210849
0.00293638
0.00348283
0.00554195
0.004646
0.00786753
0.00553359
0.00966342
0.00621597
0.0110243
0.00678836
0.0121371
0.00733972
0.0131569
0.0142437
0.00787612
8.6322e-05
-0.000267002
0.000609713
0.000276987
0.00173543
0.00181067
0.00321016
0.00406722
0.00464177
0.00643592
0.00582282
0.00848238
0.00674691
0.0101003
0.00749193
0.0113921
0.00816057
0.0124882
0.0135965
0.00880774
4.72828e-05
-0.000314284
0.000409954
-8.56843e-05
0.00130741
0.000913211
0.00271767
0.00265696
0.00433191
0.00482169
0.00583711
0.00697717
0.0070843
0.00885306
0.0080753
0.0104011
0.00893302
0.0116305
0.0128591
0.0096705
2.10454e-05
-0.00033533
0.000258823
-0.000323461
0.000908979
0.000263054
0.002095
0.00147093
0.0037026
0.00321409
0.00544502
0.00523476
0.00707825
0.00721983
0.00842196
0.00905737
0.00955173
0.0105008
0.0118852
0.0105256
5.41172e-06
-0.000340742
0.000153577
-0.000471627
0.000592212
-0.000175581
0.00147934
0.000583807
0.00286815
0.00182528
0.00462754
0.00347536
0.00652453
0.00532284
0.00832351
0.0072584
0.00986803
0.00895623
0.0107382
0.0110151
-3.03203e-06
-0.00033771
8.46995e-05
-0.000559358
0.000365517
-0.000456398
0.00097134
-2.20161e-05
0.00202167
0.000774947
0.00355406
0.00194298
0.00542679
0.00345011
0.00747786
0.00520732
0.0096002
0.00683389
0.00908485
0.0112535
-7.2921e-06
-0.000330417
3.99226e-05
-0.000606573
0.000210213
-0.000626689
0.00059672
-0.000408523
0.00131413
5.75357e-05
0.00247147
0.000785639
0.00405134
0.00187024
0.00601567
0.00324299
0.0083846
0.00446497
0.00695226
0.0105172
-1.01752e-05
-0.000320242
7.04485e-06
-0.000623793
9.85514e-05
-0.000718196
0.000328689
-0.000638661
0.000781108
-0.000394884
0.0015498
1.69445e-05
0.00272832
0.000691723
0.00431038
0.00166093
0.00639042
0.00238493
0.00456886
0.00877382
-1.48193e-05
-0.000305423
-2.51367e-05
-0.000613475
5.85422e-06
-0.000749186
0.000122264
-0.00075507
0.000379769
-0.000652389
0.000840304
-0.000443591
0.00162227
-9.02441e-05
0.00273543
0.000547775
0.0042671
0.000853254
0.00242048
0.00641549
-2.29512e-05
-0.000282472
-6.09786e-05
-0.000575448
-8.30025e-05
-0.000727163
-5.64426e-05
-0.00078163
5.83074e-05
-0.000767139
0.000293266
-0.000678549
0.000741203
-0.000538181
0.00144955
-0.000160572
0.00241234
-0.000109535
0.000882845
0.00394997
-3.41269e-05
-0.000248345
-0.000101089
-0.000508486
-0.000172311
-0.00065594
-0.000221769
-0.000732173
-0.000225675
-0.000763233
-0.000153821
-0.000750403
4.84018e-05
-0.000740404
0.000404282
-0.000516453
0.000904156
-0.000609409
-1.15168e-06
0.00178815
-4.69442e-05
-0.000201401
-0.000142534
-0.000412896
-0.000258809
-0.000539665
-0.000374401
-0.00061658
-0.000472248
-0.000665386
-0.000527215
-0.000695437
-0.000542359
-0.00072526
-0.00042415
-0.000634662
-0.000278503
-0.000755055
-0.000384988
0.000105333
-5.93432e-05
-0.000142057
-0.000180377
-0.000291862
-0.000334735
-0.000385308
-0.000503939
-0.000447376
-0.000675109
-0.000494216
-0.000835691
-0.000534855
-0.000989455
-0.000571496
-0.00106325
-0.00056087
-0.00117489
-0.000643409
-0.000486931
-0.00107295
-6.91774e-05
-7.288e-05
-0.000209423
-0.000151616
-0.000391625
-0.000203106
-0.000599062
-0.00023994
-0.000822281
-0.000270997
-0.00105554
-0.000301592
-0.00129593
-0.000331107
-0.00150755
-0.000349256
-0.00175225
-0.000398702
-0.000365023
-0.00187416
-7.47071e-05
-0.000225493
-0.000422705
-0.00065051
-0.000901336
-0.00117172
-0.0014565
-0.00173962
-0.00204799
-0.00229295
-0.0100948
0.000224091
-0.0102665
0.000172093
-0.0104171
0.000150971
-0.0105353
0.000118616
-0.0106365
0.000101654
-0.0107164
8.02782e-05
-0.0107832
6.7169e-05
-0.0108353
5.24881e-05
-0.0108773
4.24502e-05
-0.010909
3.20166e-05
-0.0109329
2.42916e-05
-0.0109492
1.6633e-05
-0.0109596
1.06272e-05
-0.0109642
4.93695e-06
-0.0109645
5.22871e-07
-0.01096
-4.25336e-06
-0.0109515
-8.2587e-06
-0.0109394
-1.1918e-05
-0.0109242
-1.51094e-05
-0.010906
-1.80625e-05
-0.0108852
-2.06956e-05
-0.010862
-2.31466e-05
-0.0108365
-2.53744e-05
-0.010809
-2.74647e-05
-0.0107796
-2.93998e-05
-0.0107483
-3.12326e-05
-0.0107154
-3.29597e-05
-0.0106808
-3.4626e-05
-0.0106445
-3.62559e-05
-3.79017e-05
-0.0100287
0.000450593
-0.0102024
0.000345731
-0.0103548
0.000303431
-0.0104747
0.000238482
-0.0105778
0.000204731
-0.0106595
0.000162006
-0.0107283
0.000135967
-0.0107825
0.000106674
-0.0108268
8.67248e-05
-0.0108607
6.59143e-05
-0.0108869
5.05477e-05
-0.0109056
3.52776e-05
-0.0109182
2.33252e-05
-0.0109253
1.19478e-05
-0.0109277
2.96433e-06
-0.0109257
-6.23979e-06
-0.0109198
-1.42125e-05
-0.0109101
-2.1553e-05
-0.0108973
-2.79025e-05
-0.0108816
-3.37993e-05
-0.0108633
-3.90371e-05
-0.0108425
-4.39227e-05
-0.0108195
-4.83581e-05
-0.0107944
-5.25254e-05
-0.0107675
-5.63827e-05
-0.0107386
-6.00407e-05
-0.0107081
-6.34909e-05
-0.0106759
-6.68243e-05
-0.0106421
-7.00872e-05
-7.33823e-05
-0.00989458
0.000682154
-0.0100721
0.00052326
-0.0102287
0.000459972
-0.0103522
0.00036207
-0.0104594
0.00031185
-0.0105451
0.000247766
-0.0106182
0.000209065
-0.0106768
0.000165217
-0.0107256
0.00013553
-0.010764
0.00010439
-0.010795
8.14811e-05
-0.0108183
5.86332e-05
-0.0108358
4.0779e-05
-0.0108475
2.36365e-05
-0.0108544
9.86155e-06
-0.0108575
-3.14722e-06
-0.0108564
-1.52507e-05
-0.0108517
-2.6291e-05
-0.0108438
-3.57835e-05
-0.010833
-4.46289e-05
-0.0108195
-5.24741e-05
-0.0108037
-5.98037e-05
-0.0107856
-6.64544e-05
-0.0107654
-7.27085e-05
-0.0107433
-7.84963e-05
-0.0107193
-8.39908e-05
-0.0106936
-8.91753e-05
-0.0106663
-9.41886e-05
-0.0106373
-9.90938e-05
-0.000104041
-0.00969066
0.000920552
-0.00987399
0.000706589
-0.010037
0.000623013
-0.0101667
0.000491785
-0.0102805
0.00042557
-0.0103727
0.000340045
-0.0104527
0.000288982
-0.010518
0.000230588
-0.0105739
0.000191343
-0.0106194
0.000149896
-0.0106574
0.000119548
-0.0106879
8.91377e-05
-0.0107126
6.5432e-05
-0.0107315
4.25076e-05
-0.0107455
2.38836e-05
-0.0107553
6.63246e-06
-0.0107618
-8.75112e-06
-0.0107644
-2.36036e-05
-0.0107639
-3.63003e-05
-0.0107604
-4.81264e-05
-0.0107543
-5.85904e-05
-0.0107457
-6.83779e-05
-0.0107349
-7.72563e-05
-0.010722
-8.5611e-05
-0.0107072
-9.33449e-05
-0.0106905
-0.000100694
-0.010672
-0.000107629
-0.0106519
-0.000114341
-0.0106301
-0.000120902
-0.000127506
-0.00941677
0.00116736
-0.00960781
0.000897637
-0.00977987
0.000795072
-0.00991823
0.000630138
-0.0100412
0.000548534
-0.0101426
0.00044143
-0.0102319
0.000378318
-0.0103067
0.000305344
-0.010372
0.000256701
-0.0104271
0.000204944
-0.0104748
0.000167232
-0.0105149
0.000129253
-0.0105492
9.97338e-05
-0.0105777
7.10579e-05
-0.0106015
4.76764e-05
-0.0106204
2.55214e-05
-0.0106363
7.18842e-06
-0.0106489
-1.10192e-05
-0.0106581
-2.70949e-05
-0.0106644
-4.18687e-05
-0.010668
-5.50145e-05
-0.0106691
-6.72729e-05
-0.0106679
-7.83922e-05
-0.0106647
-8.88807e-05
-0.0106594
-9.85812e-05
-0.0106523
-0.000107803
-0.0106434
-0.000116515
-0.0106328
-0.000124951
-0.0106205
-0.000133185
-0.000141447
-0.00907383
0.00142398
-0.00927433
0.00109814
-0.00945768
0.000978418
-0.00960712
0.000779581
-0.009742
0.00068341
-0.00985519
0.000554625
-0.00995663
0.000479761
-0.0100434
0.000392136
-0.0101209
0.00033419
-0.010188
0.000272079
-0.0102478
0.000227031
-0.0103
0.000181452
-0.0103464
0.000146116
-0.010387
0.000111674
-0.010423
8.36193e-05
-0.0104543
5.68528e-05
-0.0104813
3.41978e-05
-0.0105054
1.30941e-05
-0.0105273
-5.28587e-06
-0.0105455
-2.36602e-05
-0.010561
-3.94407e-05
-0.0105742
-5.41398e-05
-0.010585
-6.75684e-05
-0.0105936
-8.02341e-05
-0.0106003
-9.18991e-05
-0.0106051
-0.00010303
-0.010608
-0.000113562
-0.0106092
-0.000123753
-0.0106088
-0.000133675
-0.000143598
-0.00866386
0.00169275
-0.00887563
0.0013099
-0.00907288
0.00117567
-0.00923598
0.000942681
-0.00938516
0.000832597
-0.00951267
0.000682133
-0.00962859
0.000595681
-0.00972991
0.000493456
-0.00982194
0.000426222
-0.00990363
0.000353762
-0.00997794
0.000301345
-0.0100446
0.00024814
-0.0101055
0.000206948
-0.0101605
0.000166709
-0.0102108
0.000133963
-0.0102567
0.000102667
-0.0102986
7.61547e-05
-0.0103366
5.11084e-05
-0.0103712
2.93365e-05
-0.0104041
9.21071e-06
-0.0104343
-9.21723e-06
-0.0104615
-2.69345e-05
-0.0104866
-4.25581e-05
-0.0105095
-5.73361e-05
-0.0105303
-7.10982e-05
-0.0105491
-8.4192e-05
-0.0105661
-9.65794e-05
-0.0105813
-0.000108549
-0.0105948
-0.000120188
-0.000131765
-0.00819003
0.00197335
-0.00841458
0.00153445
-0.00862638
0.00138747
-0.00880505
0.00112134
-0.00897075
0.000998302
-0.00911539
0.000826769
-0.0092486
0.000728889
-0.00936725
0.000612107
-0.00947651
0.000535485
-0.00957531
0.000452567
-0.00966663
0.000392659
-0.0097502
0.000331709
-0.00982781
0.000284563
-0.00989953
0.000238427
-0.00996649
0.00020092
-0.0100289
0.000165041
-0.0100874
0.000134705
-0.0101423
0.000105993
-0.0101939
8.09696e-05
-0.0102422
5.74773e-05
-0.0102879
3.64969e-05
-0.0103316
1.67332e-05
-0.0103737
-4.35105e-07
-0.0104127
-1.8352e-05
-0.0104496
-3.42107e-05
-0.0104846
-4.91226e-05
-0.0105178
-6.33821e-05
-0.0105491
-7.72485e-05
-0.0105787
-9.06423e-05
-0.00010385
-0.00765355
0.00227454
-0.00789471
0.00177562
-0.00812433
0.0016171
-0.0083229
0.00131991
-0.00850683
0.00118223
-0.00867075
0.00099069
-0.0088225
0.00088064
-0.00896025
0.000749859
-0.00908834
0.000663573
-0.00920617
0.000570394
-0.00931637
0.000502859
-0.00941885
0.000434193
-0.0095153
0.000381006
-0.00960581
0.000328939
-0.00969148
0.000286595
-0.0097725
0.000246063
-0.00984963
0.000211831
-0.00992309
0.000179448
-0.00999338
0.000151263
-0.0100606
0.000124682
-0.010125
0.000100913
-0.0101869
7.86021e-05
-0.0102457
5.84388e-05
-0.0103033
3.9165e-05
-0.0103588
2.12823e-05
-0.0104123
4.46434e-06
-0.0104637
-1.20402e-05
-0.010513
-2.79236e-05
-0.0105606
-4.30363e-05
-5.78601e-05
-0.00708156
0.00258782
-0.00733175
0.0020258
-0.00757223
0.00185758
-0.0077857
0.00153338
-0.00798865
0.00138518
-0.00817301
0.00117505
-0.00834753
0.00105515
-0.00850733
0.00090966
-0.00865807
0.000814313
-0.00879776
0.000710084
-0.00892988
0.000634978
-0.00905371
0.000558027
-0.00917142
0.000498713
-0.00928283
0.000440349
-0.00938931
0.000393073
-0.00949091
0.000347664
-0.00958852
0.000309441
-0.00968228
0.000273211
-0.00977278
0.000241764
-0.00986018
0.000212085
-0.00994492
0.000185649
-0.0100271
0.000160746
-0.0101067
0.000138041
-0.010184
0.000116486
-0.0102593
9.65887e-05
-0.0103324
7.75958e-05
-0.0104038
5.93384e-05
-0.0104732
4.15137e-05
-0.0105407
2.4427e-05
8.03813e-06
-0.0126692
0.00237836
0.0128786
-0.0125758
0.00193242
-0.0125697
0.00185152
-0.0125679
0.00153154
-0.0125998
0.00141708
-0.0126248
0.00120009
-0.012665
0.00109528
-0.0127
0.000944712
-0.0127409
0.000855179
-0.0127775
0.000746682
-0.0128154
0.000672878
-0.0128496
0.000592264
-0.0128831
0.000532193
-0.0129134
0.000470646
-0.0129421
0.000421744
-0.0129679
0.00037355
-0.0129919
0.000333419
-0.0130135
0.000294748
-0.0130331
0.00026137
-0.0130505
0.000229561
-0.0130662
0.000201325
-0.01308
0.000174501
-0.013092
0.000150057
-0.0131023
0.000126799
-0.013111
0.000105256
-0.0131179
8.4539e-05
-0.0131234
6.48089e-05
-0.0131275
4.56088e-05
-0.0131302
2.71377e-05
8.98247e-06
-0.0128883
0.00221482
0.0130518
-0.0128257
0.00186981
-0.0127567
0.00178254
-0.01274
0.00151482
-0.0127348
0.0014119
-0.0127469
0.00121216
-0.012765
0.00111339
-0.012788
0.000967705
-0.0128142
0.000881399
-0.012841
0.000773437
-0.0128687
0.000700622
-0.0128953
0.000618885
-0.0129215
0.000558415
-0.0129461
0.000495158
-0.0129694
0.000445128
-0.012991
0.000395081
-0.0130111
0.000353503
-0.0130293
0.000313017
-0.0130461
0.000278102
-0.0130611
0.000244594
-0.0130746
0.00021484
-0.0130865
0.00018643
-0.013097
0.000160558
-0.0131061
0.000135836
-0.0131137
0.000112847
-0.0131198
9.06912e-05
-0.0131246
6.96284e-05
-0.0131282
4.91463e-05
-0.0131304
2.93427e-05
9.73456e-06
-0.0130714
0.00206948
0.0132168
-0.0129989
0.00179729
-0.0129241
0.00170769
-0.0128928
0.00148354
-0.0128662
0.00138532
-0.0128631
0.00120904
-0.012864
0.00111433
-0.012875
0.000978717
-0.0128883
0.000894622
-0.0129054
0.000790613
-0.0129234
0.000718641
-0.0129425
0.000637973
-0.0129615
0.000577378
-0.0129802
0.000513829
-0.0129981
0.000463081
-0.0130152
0.000412125
-0.0130312
0.000369516
-0.013046
0.000327869
-0.0130597
0.000291788
-0.0130722
0.000257044
-0.0130834
0.000226081
-0.0130934
0.00019644
-0.0131022
0.000169386
-0.0131099
0.000143467
-0.0131163
0.000119292
-0.0131216
9.59601e-05
-0.0131257
7.37591e-05
-0.0131287
5.21351e-05
-0.0131305
3.11602e-05
1.03423e-05
-0.0132257
0.00194032
0.0133549
-0.0131415
0.0017131
-0.013066
0.00163216
-0.0130227
0.0014403
-0.0129857
0.00134827
-0.0129691
0.00119249
-0.0129575
0.00110266
-0.0129571
0.000978365
-0.0129596
0.000897055
-0.0129676
0.000798644
-0.012977
0.000728004
-0.0129888
0.000649802
-0.013001
0.00058958
-0.013014
0.000526805
-0.0130267
0.00047582
-0.0130393
0.000424745
-0.0130513
0.000381536
-0.0130628
0.000339315
-0.0130734
0.000302438
-0.0130833
0.0002669
-0.0130922
0.000235044
-0.0131003
0.000204513
-0.0131075
0.000176533
-0.0131137
0.000149684
-0.013119
0.000124566
-0.0131233
0.000100301
-0.0131267
7.71639e-05
-0.0131292
5.45896e-05
-0.0131306
3.264e-05
1.08352e-05
-0.0133515
0.00182155
0.0134703
-0.0132632
0.00162476
-0.0131864
0.00155545
-0.0131342
0.00138809
-0.0130906
0.00130461
-0.0130637
0.00116564
-0.0130429
0.00108184
-0.0130327
0.000968171
-0.0130264
0.000890705
-0.0130261
0.000798361
-0.013028
0.000729873
-0.013033
0.000654866
-0.0130391
0.000595673
-0.0130467
0.000534379
-0.0130546
0.000483697
-0.0130629
0.000433104
-0.0130711
0.000389746
-0.0130793
0.000347439
-0.013087
0.000310141
-0.0130943
0.000274202
-0.013101
0.00024177
-0.0131071
0.000210666
-0.0131126
0.000182021
-0.0131175
0.000154507
-0.0131216
0.00012868
-0.013125
0.000103709
-0.0131277
7.98393e-05
-0.0131296
5.65203e-05
-0.0131307
3.3802e-05
1.12232e-05
-0.0134542
0.00170935
0.0135664
-0.0133659
0.00153653
-0.0132883
0.00147787
-0.0132305
0.00133022
-0.0131817
0.00125587
-0.0131473
0.00113117
-0.0131195
0.0010541
-0.0131014
0.000950031
-0.0130878
0.000877177
-0.0130804
0.000790884
-0.0130758
0.000725284
-0.0130747
0.000653838
-0.0130754
0.000596302
-0.0130779
0.000536955
-0.0130814
0.000487101
-0.0130857
0.000437444
-0.0130903
0.000394373
-0.0130953
0.000352382
-0.0131001
0.000315028
-0.013105
0.000279029
-0.0131095
0.000246327
-0.0131138
0.000214941
-0.0131177
0.000185894
-0.0131211
0.000157965
-0.0131241
0.000131658
-0.0131266
0.000106199
-0.0131286
8.18005e-05
-0.01313
5.79415e-05
-0.0131308
3.46578e-05
1.15103e-05
-0.0135386
0.00160225
0.0136458
-0.013452
0.00144985
-0.0133742
0.00140014
-0.0133132
0.00126916
-0.0132606
0.00120333
-0.0132206
0.00109117
-0.0131874
0.0010209
-0.0131631
0.000925655
-0.0131437
0.000857761
-0.0131301
0.000777373
-0.01312
0.00071515
-0.0131136
0.000647462
-0.0131094
0.000592076
-0.0131075
0.000535004
-0.0131068
0.000486427
-0.0131074
0.000438059
-0.0131087
0.000395666
-0.0131106
0.000354325
-0.0131129
0.00031725
-0.0131153
0.000281493
-0.0131178
0.000248808
-0.0131203
0.000217405
-0.0131226
0.000188206
-0.0131247
0.000160098
-0.0131266
0.000133532
-0.0131282
0.000107796
-0.0131295
8.30706e-05
-0.0131304
5.88705e-05
-0.0131309
3.52185e-05
1.16995e-05
-0.0136084
0.00149981
0.0137108
-0.0135237
0.00136521
-0.0134465
0.00132291
-0.0133838
0.00120646
-0.0133287
0.0011482
-0.0132847
0.00104726
-0.0132473
0.000983469
-0.0132181
0.000896418
-0.0131939
0.000833533
-0.0131754
0.000758883
-0.0131605
0.000700288
-0.0131495
0.000636471
-0.013141
0.000583573
-0.013135
0.000529018
-0.0131307
0.000482066
-0.0131279
0.000435273
-0.0131261
0.000393887
-0.0131252
0.000353479
-0.013125
0.000316978
-0.0131252
0.000281728
-0.0131257
0.000249323
-0.0131265
0.000218144
-0.0131273
0.000189027
-0.0131281
0.000160959
-0.013129
0.000134346
-0.0131297
0.000108533
-0.0131303
8.36769e-05
-0.0131308
5.9327e-05
-0.013131
3.54964e-05
1.17945e-05
-0.0136658
0.00140188
0.0137637
-0.0135834
0.00128285
-0.0135072
0.0012467
-0.0134438
0.00114308
-0.013387
0.00109144
-0.0133404
0.00100062
-0.0132998
0.000942824
-0.0132668
0.000863414
-0.0132386
0.00080541
-0.0132161
0.000736315
-0.0131972
0.000681437
-0.0131823
0.000621539
-0.01317
0.00057134
-0.0131605
0.000519475
-0.0131528
0.000474409
-0.013147
0.000429416
-0.0131424
0.000389302
-0.013139
0.000350068
-0.0131364
0.000314396
-0.0131346
0.000279884
-0.0131332
0.000247994
-0.0131324
0.000217257
-0.0131318
0.000188438
-0.0131314
0.000160613
-0.0131312
0.000134151
-0.0131311
0.00010845
-0.0131311
8.36503e-05
-0.0131311
5.93332e-05
-0.0131311
3.5505e-05
1.17997e-05
-0.0137127
0.00130826
0.0138063
-0.0136328
0.00120293
-0.013558
0.00117189
-0.0134945
0.00107965
-0.0134369
0.0010338
-0.0133884
0.000952143
-0.0133454
0.000899821
-0.0133095
0.000827523
-0.0132783
0.000774176
-0.0132524
0.000710426
-0.0132302
0.000659252
-0.013212
0.000603268
-0.0131965
0.000555885
-0.0131839
0.000506826
-0.0131733
0.000463829
-0.0131647
0.000420813
-0.0131576
0.000382183
-0.0131518
0.000344321
-0.0131471
0.000309693
-0.0131433
0.000276122
-0.0131403
0.000244953
-0.0131379
0.000214854
-0.013136
0.000186526
-0.0131345
0.000159132
-0.0131334
0.000133004
-0.0131325
0.000107594
-0.0131319
8.30255e-05
-0.0131315
5.89133e-05
-0.0131312
3.52585e-05
1.17199e-05
-0.0137509
0.00121878
0.0138403
-0.0136734
0.00112551
-0.0136003
0.00109874
-0.0135373
0.00101662
-0.0134793
0.000975858
-0.0134297
0.000902487
-0.013385
0.000855151
-0.0133469
0.000789447
-0.0133132
0.0007405
-0.0132847
0.000681854
-0.0132597
0.00063431
-0.0132386
0.000582189
-0.0132204
0.000537671
-0.0132051
0.000491485
-0.0131919
0.000450682
-0.0131809
0.000409776
-0.0131715
0.000372792
-0.0131637
0.000336466
-0.013157
0.000303058
-0.0131515
0.000270602
-0.0131469
0.000240334
-0.0131431
0.000211047
-0.0131399
0.000183387
-0.0131374
0.000156592
-0.0131354
0.000130968
-0.0131338
0.000106013
-0.0131326
8.18395e-05
-0.0131318
5.80933e-05
-0.0131313
3.47725e-05
1.15602e-05
-0.0137816
0.00113321
0.0138671
-0.0137067
0.00105059
-0.0136353
0.00102742
-0.013573
0.000954315
-0.0135152
0.000918021
-0.0134649
0.000852152
-0.0134191
0.000809354
-0.0133794
0.000749749
-0.0133438
0.000704935
-0.0133131
0.000651135
-0.0132859
0.000607112
-0.0132625
0.000558765
-0.0132419
0.000517117
-0.0132242
0.000473828
-0.0132089
0.0004353
-0.0131957
0.000396595
-0.0131843
0.000361383
-0.0131745
0.000326722
-0.0131662
0.000294681
-0.013159
0.000263487
-0.013153
0.000234274
-0.0131479
0.000205953
-0.0131436
0.000179116
-0.0131401
0.000153073
-0.0131372
0.000128106
-0.013135
0.000103759
-0.0131333
8.0131e-05
-0.0131321
5.69005e-05
-0.0131314
3.40631e-05
1.1326e-05
-0.013806
0.00105131
0.0138879
-0.0137336
0.000978132
-0.0136642
0.000958
-0.0136028
0.00089294
-0.0135454
0.000860599
-0.0134947
0.00080152
-0.0134482
0.000762856
-0.0134074
0.000708882
-0.0133704
0.000667939
-0.013338
0.000618717
-0.0133089
0.000578085
-0.0132836
0.000533397
-0.013261
0.000494594
-0.0132414
0.000454192
-0.0132241
0.000417985
-0.013209
0.000381542
-0.0131959
0.000348192
-0.0131844
0.000315298
-0.0131745
0.000284742
-0.0131659
0.000254934
-0.0131586
0.000226908
-0.0131523
0.000199686
-0.013147
0.000173809
-0.0131426
0.000148657
-0.013139
0.000124486
-0.0131361
0.000100883
-0.0131339
7.79397e-05
-0.0131324
5.53628e-05
-0.0131314
3.31469e-05
1.10229e-05
-0.0138253
0.00097285
0.0139037
-0.0137552
0.000908049
-0.0136877
0.000890508
-0.0136274
0.000832639
-0.0135706
0.000803807
-0.01352
0.000750878
-0.0134731
0.000715988
-0.0134314
0.000667205
-0.0133934
0.000629884
-0.0133596
0.000584973
-0.0133291
0.000547591
-0.0133022
0.000506432
-0.013278
0.000470424
-0.0132567
0.000432877
-0.0132377
0.000399011
-0.013221
0.000364862
-0.0132063
0.000333442
-0.0131934
0.000302391
-0.013182
0.000273415
-0.0131722
0.000245093
-0.0131637
0.000218366
-0.0131563
0.000192357
-0.0131501
0.000167562
-0.0131449
0.000143421
-0.0131405
0.000120171
-0.0131371
9.74377e-05
-0.0131345
7.53057e-05
-0.0131326
5.35084e-05
-0.0131315
3.20406e-05
1.06564e-05
-0.0138402
0.000897578
0.0139154
-0.0137723
0.000840237
-0.0137068
0.000824917
-0.0136476
0.000773491
-0.0135916
0.00074779
-0.0135411
0.00070044
-0.0134942
0.000669001
-0.013452
0.000625004
-0.0134131
0.00059107
-0.0133784
0.000550212
-0.0133467
0.000515937
-0.0133185
0.000478165
-0.0132929
0.000444891
-0.0132702
0.000410148
-0.0132498
0.000378621
-0.0132317
0.00034678
-0.0132156
0.000317333
-0.0132014
0.00028818
-0.0131889
0.00026086
-0.0131779
0.000234107
-0.0131683
0.000208772
-0.01316
0.000184076
-0.0131529
0.000160466
-0.0131469
0.000137445
-0.013142
0.000115226
-0.013138
9.34752e-05
-0.013135
7.2268e-05
-0.0131328
5.1365e-05
-0.0131316
3.07607e-05
1.02319e-05
-0.0138514
0.000825253
0.0139237
-0.0137857
0.000774572
-0.013722
0.00076117
-0.013664
0.000715533
-0.0136089
0.000692638
-0.0135588
0.000650359
-0.0135119
0.000622083
-0.0134694
0.000582504
-0.0134301
0.000551738
-0.0133945
0.000514687
-0.013362
0.000483378
-0.0133327
0.00044885
-0.013306
0.000418236
-0.0132821
0.000386234
-0.0132605
0.000357033
-0.0132412
0.000327496
-0.0132239
0.000300051
-0.0132086
0.000272833
-0.013195
0.000247227
-0.013183
0.000222108
-0.0131724
0.000198245
-0.0131633
0.000174944
-0.0131554
0.000152611
-0.0131488
0.000130804
-0.0131433
0.000109714
-0.0131389
8.90449e-05
-0.0131355
6.88652e-05
-0.013133
4.89597e-05
-0.0131316
2.93235e-05
9.75488e-06
-0.0138597
0.000755634
0.0139293
-0.013796
0.000710919
-0.0137341
0.000699185
-0.0136773
0.000658766
-0.013623
0.0006384
-0.0135734
0.000600739
-0.0135267
0.000575375
-0.0134841
0.000539876
-0.0134444
0.000512079
-0.0134083
0.000478603
-0.0133751
0.000450122
-0.0133449
0.000418698
-0.0133174
0.000390668
-0.0132925
0.000361338
-0.0132699
0.000334436
-0.0132496
0.000307188
-0.0132313
0.00028176
-0.0132149
0.000256502
-0.0132004
0.000232653
-0.0131875
0.000209221
-0.0131761
0.000186893
-0.0131662
0.000165058
-0.0131577
0.000144079
-0.0131505
0.000123567
-0.0131445
0.000103693
-0.0131396
8.41949e-05
-0.0131359
6.51339e-05
-0.0131332
4.63187e-05
-0.0131317
2.77445e-05
9.23054e-06
-0.0138656
0.000688487
0.0139327
-0.0138038
0.000649135
-0.0137435
0.000638862
-0.0136878
0.000603163
-0.0136345
0.000585088
-0.0135854
0.000551649
-0.013539
0.000528971
-0.0134964
0.000497252
-0.0134566
0.00047224
-0.0134201
0.000442127
-0.0133863
0.000416344
-0.0133555
0.000387886
-0.0133272
0.000362362
-0.0133015
0.00033563
-0.0132781
0.000310996
-0.0132569
0.000286013
-0.0132377
0.000262606
-0.0132206
0.000239322
-0.0132052
0.000217264
-0.0131915
0.000195558
-0.0131794
0.000174818
-0.0131689
0.000154507
-0.0131597
0.000134949
-0.013152
0.000115802
-0.0131455
9.72199e-05
-0.0131403
7.89705e-05
-0.0131363
6.11094e-05
-0.0131334
4.34668e-05
-0.0131317
2.60387e-05
8.66382e-06
-0.0138695
0.000623584
0.0139344
-0.0138094
0.000589074
-0.0137507
0.000580093
-0.0136962
0.00054868
-0.0136438
0.000532693
-0.0135953
0.000503124
-0.0135492
0.000482937
-0.0135067
0.000454726
-0.0134668
0.000432336
-0.0134301
0.000405389
-0.0133959
0.000382182
-0.0133646
0.000356563
-0.0133357
0.000333467
-0.0133093
0.00030926
-0.0132852
0.000286856
-0.0132633
0.000264109
-0.0132434
0.00024272
-0.0132255
0.000221415
-0.0132094
0.000201171
-0.013195
0.000181221
-0.0131823
0.000162112
-0.0131712
0.000143373
-0.0131615
0.000125293
-0.0131533
0.000107572
-0.0131464
9.03467e-05
-0.0131409
7.34145e-05
-0.0131366
5.68246e-05
-0.0131336
4.04276e-05
-0.0131317
2.42203e-05
8.05944e-06
-0.0138719
0.000560703
0.0139348
-0.0138134
0.000530585
-0.0137561
0.000522756
-0.0137026
0.000495253
-0.0136511
0.000481181
-0.0136032
0.000455175
-0.0135576
0.000437308
-0.0135152
0.000412366
-0.0134753
0.000392449
-0.0134384
0.000368493
-0.013404
0.00034775
-0.0133723
0.000324847
-0.0133429
0.000304105
-0.013316
0.000282352
-0.0132913
0.00026214
-0.0132688
0.000241597
-0.0132483
0.000222217
-0.0132297
0.00020289
-0.013213
0.000184475
-0.0131981
0.000166305
-0.0131849
0.000148861
-0.0131732
0.000131733
-0.0131631
0.000115178
-0.0131545
9.89338e-05
-0.0131473
8.31227e-05
-0.0131414
6.75669e-05
-0.0131369
5.23106e-05
-0.0131337
3.72234e-05
-0.0131318
2.23024e-05
7.42181e-06
-0.0138731
0.000499633
0.0139342
-0.0138161
0.000473519
-0.01376
0.000466728
-0.0137076
0.000442811
-0.0136569
0.000430506
-0.0136095
0.000407796
-0.0135643
0.000392099
-0.0135222
0.000370214
-0.0134824
0.00035264
-0.0134454
0.000331515
-0.0134108
0.000313133
-0.0133788
0.000292838
-0.013349
0.00027438
-0.0133217
0.000255011
-0.0132965
0.000236952
-0.0132735
0.00021858
-0.0132525
0.000201198
-0.0132334
0.000183843
-0.0132162
0.000167266
-0.0132008
0.000150892
-0.0131871
0.00013514
-0.013175
0.000119656
-0.0131645
0.000104666
-0.0131555
8.99419e-05
-0.013148
7.55929e-05
-0.0131419
6.14647e-05
-0.0131372
4.75964e-05
-0.0131338
3.38747e-05
-0.0131318
2.02975e-05
6.75508e-06
-0.0138735
0.000440169
0.0139329
-0.0138177
0.000417727
-0.0137628
0.00041188
-0.0137113
0.000391269
-0.0136614
0.000380608
-0.0136146
0.000360963
-0.0135698
0.000347307
-0.0135279
0.000328294
-0.0134882
0.000312948
-0.0134512
0.000294513
-0.0134164
0.000278401
-0.0133842
0.000260612
-0.0133542
0.000244374
-0.0133265
0.000227327
-0.0133009
0.000211381
-0.0132775
0.000195148
-0.0132561
0.000179748
-0.0132366
0.000164358
-0.0132189
0.000149626
-0.0132031
0.000135058
-0.013189
0.000121018
-0.0131765
0.000107205
-0.0131657
9.38116e-05
-0.0131564
8.06451e-05
-0.0131486
6.77994e-05
-0.0131423
5.51425e-05
-0.0131374
4.27088e-05
-0.0131339
3.04009e-05
-0.0131318
1.82171e-05
6.06309e-06
-0.0138732
0.000382112
0.0139313
-0.0138186
0.000363061
-0.0137648
0.000358083
-0.013714
0.000340541
-0.0136648
0.000331417
-0.0136185
0.000314639
-0.0135741
0.000302914
-0.0135324
0.000286613
-0.0134929
0.000273394
-0.0134559
0.000257527
-0.0134211
0.000243604
-0.0133887
0.000228233
-0.0133585
0.000214156
-0.0133306
0.000199371
-0.0133047
0.000185504
-0.0132809
0.000171377
-0.0132591
0.000157945
-0.0132393
0.000144509
-0.0132213
0.000131623
-0.0132051
0.00011887
-0.0131906
0.000106559
-0.0131778
9.44362e-05
-0.0131667
8.26671e-05
-0.0131571
7.10883e-05
-0.0131491
5.97804e-05
-0.0131426
4.8632e-05
-0.0131376
3.76725e-05
-0.013134
2.68196e-05
-0.0131318
1.6072e-05
5.34944e-06
-0.0138726
0.000325274
0.0139294
-0.0138189
0.000309376
-0.013766
0.000305206
-0.013716
0.000290531
-0.0136674
0.000282859
-0.0136216
0.000268779
-0.0135776
0.000258892
-0.0135361
0.000245166
-0.0134967
0.000233989
-0.0134598
0.000220582
-0.0134249
0.000208778
-0.0133924
0.000195747
-0.0133621
0.000183778
-0.0133339
0.000171205
-0.0133078
0.000159384
-0.0132837
0.000147334
-0.0132616
0.000135853
-0.0132415
0.000124362
-0.0132232
0.000113322
-0.0132067
0.000102388
-0.013192
9.18184e-05
-0.0131789
8.14021e-05
-0.0131676
7.12789e-05
-0.0131578
6.13127e-05
-0.0131496
5.15714e-05
-0.0131429
4.19624e-05
-0.0131377
3.25106e-05
-0.0131341
2.31475e-05
-0.0131319
1.38721e-05
4.61743e-06
-0.0138717
0.00026947
0.0139275
-0.0138188
0.000256526
-0.0137667
0.000253118
-0.0137174
0.000241142
-0.0136694
0.000234851
-0.0136239
0.000223329
-0.0135802
0.000215203
-0.013539
0.000203937
-0.0134997
0.00019473
-0.0134628
0.000183693
-0.013428
0.000173947
-0.0133954
0.00016319
-0.013365
0.000153285
-0.0133366
0.000142877
-0.0133103
0.000133072
-0.0132861
0.000123073
-0.0132637
0.00011353
-0.0132433
0.000103973
-0.0132248
9.47784e-05
-0.0132081
8.56651e-05
-0.0131931
7.68463e-05
-0.0131799
6.81495e-05
-0.0131683
5.96896e-05
-0.0131583
5.13561e-05
-0.0131499
4.3205e-05
-0.0131431
3.51609e-05
-0.0131379
2.72444e-05
-0.0131341
1.93998e-05
-0.0131319
1.16266e-05
3.87016e-06
-0.0138707
0.000214524
0.0139257
-0.0138186
0.000204372
-0.0137671
0.000201688
-0.0137183
0.000192275
-0.0136707
0.000187308
-0.0136256
0.00017823
-0.0135822
0.000171802
-0.0135412
0.000162901
-0.0135021
0.000155605
-0.0134652
0.000146864
-0.0134304
0.000139126
-0.0133978
0.000130587
-0.0133672
0.000122708
-0.0133388
0.000114428
-0.0133123
0.000106615
-0.0132879
9.86443e-05
-0.0132654
9.10264e-05
-0.0132448
8.33932e-05
-0.0132261
7.60413e-05
-0.0132092
6.87506e-05
-0.013194
6.16889e-05
-0.0131806
5.47212e-05
-0.0131688
4.79381e-05
-0.0131587
4.12534e-05
-0.0131502
3.47112e-05
-0.0131433
2.82524e-05
-0.013138
2.18936e-05
-0.0131342
1.55909e-05
-0.0131319
9.34418e-06
3.11051e-06
-0.0138698
0.000160261
0.0139241
-0.0138182
0.000152768
-0.0137673
0.000150786
-0.0137189
0.000143829
-0.0136717
0.000140145
-0.0136269
0.000133417
-0.0135837
0.000128638
-0.0135429
0.000122028
-0.0135038
0.000116596
-0.0134671
0.000110092
-0.0134323
0.000104322
-0.0133996
9.79565e-05
-0.013369
9.20742e-05
-0.0133405
8.58913e-05
-0.0133139
8.00495e-05
-0.0132893
7.40878e-05
-0.0132667
6.83843e-05
-0.013246
6.26671e-05
-0.0132271
5.71557e-05
-0.01321
5.16879e-05
-0.0131947
4.6388e-05
-0.0131812
4.11565e-05
-0.0131693
3.60606e-05
-0.0131591
3.10369e-05
-0.0131505
2.6118e-05
-0.0131435
2.12606e-05
-0.0131381
1.64766e-05
-0.0131342
1.1734e-05
-0.0131319
7.03279e-06
2.34115e-06
-0.013869
0.000106495
0.0139228
-0.0138179
0.000101579
-0.0137674
0.000100289
-0.0137192
9.5704e-05
-0.0136724
9.32699e-05
-0.0136278
8.88213e-05
-0.0135848
8.56569e-05
-0.013544
8.12798e-05
-0.0135051
7.76783e-05
-0.0134684
7.33658e-05
-0.0134336
6.95365e-05
-0.013401
6.53106e-05
-0.0133703
6.14021e-05
-0.0133417
5.72927e-05
-0.013315
5.34071e-05
-0.0132904
4.94404e-05
-0.0132677
4.5643e-05
-0.0132468
4.18351e-05
-0.0132278
3.81622e-05
-0.0132107
3.45171e-05
-0.0131953
3.09822e-05
-0.0131816
2.74919e-05
-0.0131696
2.40907e-05
-0.0131593
2.07367e-05
-0.0131507
1.74518e-05
-0.0131436
1.42073e-05
-0.0131381
1.10111e-05
-0.0131342
7.84199e-06
-0.0131319
4.70005e-06
1.56455e-06
-0.0138684
5.30635e-05
0.0139219
-0.0138176
5.06898e-05
-0.0137673
5.00811e-05
-0.0137194
4.77933e-05
-0.0136728
4.65908e-05
-0.0136283
4.43713e-05
-0.0135854
4.28003e-05
-0.0135448
4.06169e-05
-0.0135059
3.88249e-05
-0.0134692
3.66735e-05
-0.0134345
3.47655e-05
-0.0134018
3.26566e-05
-0.0133711
3.07072e-05
-0.0133425
2.86555e-05
-0.0133158
2.67159e-05
-0.0132911
2.47344e-05
-0.0132683
2.28375e-05
-0.0132474
2.09343e-05
-0.0132283
1.90985e-05
-0.0132111
1.72758e-05
-0.0131956
1.5508e-05
-0.0131819
1.37619e-05
-0.0131698
1.20602e-05
-0.0131595
1.03816e-05
-0.0131508
8.73751e-06
-0.0131437
7.11354e-06
-0.0131382
5.5138e-06
-0.0131343
3.92708e-06
-0.0131319
2.35307e-06
7.82813e-07
-0.0138681
0.0139212
-0.0138174
-0.0137673
-0.0137195
-0.0136729
-0.0136286
-0.0135858
-0.0135452
-0.0135063
-0.0134697
-0.0134349
-0.0134022
-0.0133715
-0.0133429
-0.0133162
-0.0132914
-0.0132686
-0.0132476
-0.0132285
-0.0132113
-0.0131958
-0.013182
-0.0131699
-0.0131596
-0.0131508
-0.0131437
-0.0131382
-0.0131343
-0.0131319
-0.00587468
0.0128126
-0.00582836
0.0130055
-0.00574595
0.0131343
-0.00563605
0.013245
-0.00550385
0.0133381
-0.00535339
0.0134159
-0.0051878
0.0134802
-0.00500959
0.0135326
-0.00482081
0.0135749
-0.00462315
0.0136087
-0.004418
0.0136352
-0.00420657
0.0136557
-0.00398986
0.0136712
-0.00376872
0.0136826
-0.00354387
0.0136906
-0.00331595
0.0136958
-0.00308548
0.0136988
-0.00285292
0.0137001
-0.00261865
0.0137001
-0.00238302
0.0136991
-0.0021463
0.0136975
-0.00190875
0.0136954
-0.00167059
0.0136931
-0.001432
0.0136908
-0.00119316
0.0136886
-0.000954211
0.0136867
-0.000715296
0.0136852
-0.000476533
0.013684
-0.000238044
0.0136834
0.0136831
-0.00521023
0.0127726
-0.00514834
0.0129436
-0.00506683
0.0130528
-0.00497183
0.01315
-0.00486113
0.0132274
-0.00473572
0.0132905
-0.00459686
0.0133413
-0.00444613
0.0133819
-0.00428507
0.0134139
-0.00411511
0.0134387
-0.00393752
0.0134576
-0.00375342
0.0134716
-0.00356377
0.0134816
-0.00336942
0.0134883
-0.0031711
0.0134923
-0.00296945
0.0134942
-0.002765
0.0134944
-0.00255822
0.0134934
-0.00234951
0.0134914
-0.00213922
0.0134888
-0.00192765
0.0134859
-0.00171505
0.0134828
-0.00150166
0.0134797
-0.00128767
0.0134768
-0.00107325
0.0134742
-0.000858566
0.0134721
-0.000643757
0.0134704
-0.000428951
0.0134692
-0.000214301
0.0134687
0.0134688
-0.00450204
0.0127705
-0.00446233
0.0129039
-0.00439761
0.0129881
-0.00431757
0.0130699
-0.004223
0.0131328
-0.00411609
0.0131836
-0.0039979
0.0132231
-0.00386961
0.0132536
-0.00373234
0.0132766
-0.00358719
0.0132935
-0.00343516
0.0133056
-0.00327716
0.0133136
-0.00311401
0.0133184
-0.0029464
0.0133207
-0.00277499
0.0133209
-0.00260031
0.0133195
-0.00242285
0.0133169
-0.00224303
0.0133135
-0.00206123
0.0133096
-0.00187776
0.0133054
-0.0016929
0.0133011
-0.00150691
0.0132968
-0.00132
0.0132928
-0.00113236
0.0132892
-0.000944169
0.013286
-0.000755573
0.0132835
-0.000566717
0.0132815
-0.000377733
0.0132803
-0.000188773
0.0132798
0.01328
-0.00372167
0.0127918
-0.00371156
0.0128938
-0.00367839
0.012955
-0.00362514
0.0130167
-0.00355479
0.0130624
-0.00347105
0.0130998
-0.00337604
0.0131281
-0.00327146
0.013149
-0.00315863
0.0131638
-0.00303866
0.0131736
-0.00291247
0.0131794
-0.00278088
0.013182
-0.0026446
0.0131821
-0.00250424
0.0131803
-0.00236035
0.013177
-0.00221338
0.0131725
-0.00206377
0.0131673
-0.00191188
0.0131617
-0.00175803
0.0131558
-0.00160251
0.0131499
-0.00144558
0.0131441
-0.00128745
0.0131387
-0.00112833
0.0131337
-0.000968395
0.0131293
-0.000807807
0.0131254
-0.000646716
0.0131224
-0.000485259
0.01312
-0.000323564
0.0131186
-0.000161762
0.013118
0.0131183
-0.00289133
0.0128327
-0.00290393
0.0129064
-0.00289982
0.0129508
-0.00287682
0.0129937
-0.00283652
0.0130221
-0.00278196
0.0130453
-0.00271542
0.0130616
-0.00263895
0.0130725
-0.00255411
0.0130789
-0.00246216
0.0130816
-0.00236414
0.0130814
-0.0022609
0.0130788
-0.00215319
0.0130744
-0.00204159
0.0130687
-0.00192661
0.013062
-0.00180868
0.0130546
-0.00168817
0.0130468
-0.00156544
0.0130389
-0.00144077
0.0130311
-0.00131442
0.0130235
-0.00118663
0.0130163
-0.0010576
0.0130097
-0.000927516
0.0130036
-0.000796547
0.0129983
-0.000664845
0.0129937
-0.000532551
0.0129901
-0.000399799
0.0129873
-0.000266709
0.0129855
-0.000133395
0.0129847
0.0129849
-0.00202784
0.0128991
-0.002064
0.0129426
-0.00208445
0.0129713
-0.0020885
0.0129977
-0.00207765
0.0130113
-0.00205347
0.0130211
-0.00201756
0.0130257
-0.00197173
0.0130267
-0.00191751
0.0130247
-0.00185617
0.0130203
-0.00178875
0.0130139
-0.00171612
0.0130062
-0.00163901
0.0129973
-0.00155803
0.0129877
-0.00147365
0.0129776
-0.00138631
0.0129672
-0.00129639
0.0129569
-0.00120419
0.0129467
-0.00111002
0.0129369
-0.00101412
0.0129276
-0.000916717
0.0129189
-0.000818009
0.0129109
-0.000718175
0.0129038
-0.000617377
0.0128975
-0.000515764
0.0128921
-0.000413472
0.0128878
-0.000310635
0.0128845
-0.000207371
0.0128822
-0.000103777
0.0128811
0.0128811
-0.00113529
0.0129964
-0.00119914
0.0130064
-0.00124653
0.0130187
-0.00127731
0.0130285
-0.00129465
0.0130286
-0.00130025
0.0130267
-0.00129522
0.0130206
-0.00128089
0.0130124
-0.00125844
0.0130022
-0.00122895
0.0129908
-0.00119337
0.0129784
-0.00115253
0.0129653
-0.00110723
0.012952
-0.00105812
0.0129386
-0.00100551
0.012925
-0.00094987
0.0129116
-0.000891574
0.0128986
-0.000830953
0.0128861
-0.00076829
0.0128743
-0.000703833
0.0128632
-0.000637802
0.0128529
-0.000570393
0.0128435
-0.000501784
0.0128352
-0.000432135
0.0128278
-0.000361595
0.0128216
-0.000290297
0.0128165
-0.000218375
0.0128125
-0.000145954
0.0128098
-7.31103e-05
0.0128082
0.012808
-0.000220691
0.0131249
-0.000309869
0.0130956
-0.000389203
0.013098
-0.000447881
0.0130872
-0.000494758
0.0130755
-0.000529665
0.0130616
-0.000554837
0.0130458
-0.000571517
0.013029
-0.000580773
0.0130115
-0.000583494
0.0129935
-0.000580461
0.0129753
-0.000572294
0.0129571
-0.000559727
0.0129395
-0.000543496
0.0129224
-0.000523611
0.0129051
-0.000500659
0.0128886
-0.000474974
0.0128729
-0.000446881
0.012858
-0.00041666
0.012844
-0.000384562
0.0128311
-0.000350805
0.0128191
-0.000315589
0.0128083
-0.000279091
0.0127987
-0.000241474
0.0127902
-0.00020289
0.012783
-0.000163475
0.0127771
-0.000123361
0.0127724
-8.26859e-05
0.0127691
-4.15294e-05
0.0127671
0.0127665
0.000755924
0.0132836
0.000623021
0.0132285
0.000508994
0.0132121
0.000413952
0.0131822
0.000331698
0.0131578
0.000261857
0.0131314
0.000201852
0.0131058
0.000150708
0.0130802
0.000107246
0.013055
7.05048e-05
0.0130303
3.96286e-05
0.0130062
1.38102e-05
0.012983
-7.00021e-06
0.0129603
-2.28671e-05
0.0129382
-3.55611e-05
0.0129178
-4.52494e-05
0.0128983
-5.22809e-05
0.0128799
-5.69278e-05
0.0128627
-5.94413e-05
0.0128466
-6.00506e-05
0.0128317
-5.8965e-05
0.012818
-5.63751e-05
0.0128057
-5.24554e-05
0.0127948
-4.7367e-05
0.0127851
-4.12595e-05
0.0127769
-3.42744e-05
0.0127701
-2.65396e-05
0.0127647
-1.81698e-05
0.0127607
-9.37499e-06
0.0127583
0.0127571
0.00173417
0.0134699
0.00156516
0.0133975
0.0014192
0.013358
0.00128898
0.0133124
0.00117462
0.0132721
0.00107228
0.0132338
0.000979931
0.0131981
0.000895842
0.0131643
0.000818961
0.0131318
0.000748472
0.0131007
0.000683682
0.013071
0.000624051
0.0130426
0.000568823
0.0130155
0.000517292
0.0129898
0.000469568
0.0129655
0.000425134
0.0129428
0.000383626
0.0129214
0.000344719
0.0129016
0.000308127
0.0128831
0.000273601
0.0128662
0.000240912
0.0128507
0.000209854
0.0128368
0.00018024
0.0128244
0.000151895
0.0128135
0.000124658
0.0128041
9.83771e-05
0.0127964
7.29096e-05
0.0127902
4.81147e-05
0.0127855
2.38878e-05
0.0127825
0.012781
0.00270102
0.0136924
0.00249956
0.013599
0.00232247
0.0135351
0.00216138
0.0134735
0.00201326
0.0134202
0.00187591
0.0133711
0.00174833
0.0133257
0.00162962
0.013283
0.00151875
0.0132427
0.00141464
0.0132049
0.00131634
0.0131693
0.00122312
0.0131358
0.00113436
0.0131043
0.0010496
0.0130745
0.000968425
0.0130467
0.000890512
0.0130207
0.000815535
0.0129964
0.000743186
0.0129739
0.000673189
0.0129531
0.000605294
0.0129341
0.000539279
0.0129168
0.000474937
0.0129011
0.000412078
0.0128872
0.000350526
0.012875
0.000290115
0.0128645
0.000230689
0.0128558
0.000172101
0.0128487
0.000114214
0.0128434
5.69184e-05
0.0128398
0.0128379
0.00367661
0.0139449
0.00344053
0.0138351
0.00322686
0.0137488
0.00303241
0.013668
0.00285329
0.0135994
0.00268539
0.013539
0.00252624
0.0134849
0.00237471
0.0134345
0.00223007
0.0133874
0.0020916
0.0133433
0.00195869
0.0133022
0.00183084
0.0132637
0.00170755
0.0132275
0.0015884
0.0131937
0.00147294
0.0131622
0.00136084
0.0131328
0.00125177
0.0131055
0.00114543
0.0130803
0.00104155
0.013057
0.000939859
0.0130358
0.000840141
0.0130165
0.000742178
0.0129991
0.000645769
0.0129836
0.000550728
0.0129701
0.000456879
0.0129584
0.000364057
0.0129486
0.000272103
0.0129407
0.000180868
0.0129347
9.02023e-05
0.0129305
0.0129281
0.00465514
0.0142238
0.00438983
0.0141004
0.00414578
0.0139928
0.003917
0.0138967
0.00370005
0.0138163
0.00349322
0.0137459
0.00329639
0.0136817
0.00310902
0.0136219
0.00292975
0.0135666
0.00275721
0.0135159
0.0025905
0.0134689
0.00242901
0.0134252
0.00227217
0.0133844
0.0021195
0.0133464
0.00197059
0.0133111
0.00182508
0.0132783
0.00168264
0.0132479
0.00154297
0.0132199
0.0014058
0.0131942
0.00127087
0.0131707
0.00113796
0.0131494
0.00100684
0.0131302
0.000877305
0.0131132
0.000749167
0.0130982
0.000622242
0.0130853
0.000496357
0.0130745
0.000371344
0.0130657
0.000247043
0.013059
0.000123308
0.0130542
0.0130514
0.00562393
0.0145342
0.00531657
0.0144077
0.00503344
0.0142759
0.00477437
0.0141558
0.00453085
0.0140598
0.00429615
0.0139806
0.00406891
0.013909
0.00384902
0.0138418
0.0036358
0.0137798
0.00342862
0.013723
0.00322719
0.0136704
0.00303108
0.0136213
0.00283976
0.0135757
0.00265276
0.0135334
0.00246969
0.0134941
0.00229019
0.0134578
0.00211392
0.0134242
0.00194058
0.0133933
0.00176986
0.0133649
0.00160152
0.013339
0.0014353
0.0133156
0.00127097
0.0132945
0.00110831
0.0132758
0.000947103
0.0132594
0.000787159
0.0132453
0.000628288
0.0132334
0.000470307
0.0132237
0.000313041
0.0132162
0.000156327
0.0132109
0.0132077
0.00658476
0.0148629
0.00625817
0.0147343
0.00594433
0.0145898
0.00564463
0.0144555
0.00535664
0.0143478
0.00507974
0.0142575
0.00481481
0.0141739
0.00456023
0.0140964
0.0043135
0.0140266
0.00407336
0.0139632
0.00383928
0.0139044
0.00361065
0.0138499
0.00338684
0.0137995
0.00316739
0.0137528
0.00295194
0.0137096
0.00274011
0.0136696
0.00253156
0.0136328
0.00232598
0.0135989
0.00212307
0.0135678
0.00192258
0.0135395
0.00172424
0.0135139
0.00152781
0.013491
0.00133308
0.0134706
0.00113981
0.0134527
0.00094781
0.0134373
0.000756871
0.0134243
0.000566804
0.0134138
0.000377421
0.0134056
0.000188545
0.0133998
0.0133963
0.00750223
0.0152368
0.00713016
0.0151064
0.00678746
0.0149325
0.00646946
0.0147735
0.00616105
0.0146562
0.00585868
0.0145598
0.00556431
0.0144683
0.00527728
0.0143834
0.00499663
0.0143072
0.00472241
0.0142374
0.00445443
0.0141724
0.00419202
0.0141123
0.00393461
0.0140569
0.0036818
0.0140056
0.00343321
0.0139582
0.00318845
0.0139144
0.00294717
0.013874
0.00270904
0.013837
0.00247376
0.0138031
0.00224104
0.0137723
0.00201061
0.0137444
0.0017822
0.0137194
0.00155558
0.0136972
0.00133049
0.0136778
0.00110671
0.013661
0.000884027
0.013647
0.000662217
0.0136356
0.000441074
0.0136267
0.000220399
0.0136205
0.0136167
0.0084384
0.0156061
0.00805127
0.0154935
0.00766631
0.0153174
0.00729374
0.0151461
0.00693485
0.0150151
0.00659235
0.0149023
0.00626401
0.0147966
0.00594488
0.0147025
0.00563298
0.0146191
0.00532808
0.0145423
0.00502952
0.014471
0.00473651
0.0144053
0.00444859
0.0143448
0.00416536
0.0142889
0.00388641
0.0142371
0.00361134
0.0141895
0.00333979
0.0141456
0.00307144
0.0141053
0.00280597
0.0140686
0.00254309
0.0140351
0.00228253
0.0140049
0.002024
0.0139779
0.00176726
0.0139539
0.00151205
0.013933
0.00125813
0.013915
0.00100528
0.0138998
0.000753259
0.0138876
0.000501847
0.0138782
0.000250826
0.0138715
0.0138675
0.00924209
0.0160345
0.00883665
0.015899
0.00845629
0.0156978
0.00807742
0.015525
0.00769946
0.0153931
0.00733124
0.0152706
0.00697224
0.0151556
0.00662037
0.0150544
0.00627592
0.0149636
0.00593873
0.0148795
0.00560791
0.0148018
0.00528283
0.0147304
0.00496312
0.0146645
0.00464836
0.0146036
0.0043381
0.0145474
0.00403195
0.0144956
0.00372957
0.014448
0.00343059
0.0144043
0.00313469
0.0143645
0.00284156
0.0143283
0.00255089
0.0142956
0.00226238
0.0142664
0.00197577
0.0142406
0.00169076
0.014218
0.0014071
0.0141986
0.00112452
0.0141824
0.000842774
0.0141693
0.000561597
0.0141593
0.000280743
0.0141523
0.0141482
0.0101399
0.0164202
0.00969365
0.0163452
0.00924651
0.0161449
0.00881008
0.0159614
0.00839281
0.0158103
0.00799271
0.0156707
0.00760371
0.0155446
0.0072235
0.0154346
0.00685147
0.0153356
0.00648661
0.0152443
0.00612809
0.0151603
0.00577544
0.015083
0.00542825
0.0150117
0.00508606
0.0149458
0.00474842
0.014885
0.00441494
0.0148291
0.00408526
0.0147777
0.00375901
0.0147306
0.00343587
0.0146876
0.0031155
0.0146486
0.0027976
0.0146135
0.00248186
0.0145821
0.002168
0.0145544
0.00185572
0.0145303
0.00154476
0.0145096
0.00123482
0.0144924
0.00092565
0.0144785
0.000616969
0.014468
0.000308504
0.0144608
0.0144568
0.0107502
0.0166852
0.0103958
0.0166995
0.00997159
0.0165692
0.00952732
0.0164057
0.00908917
0.0162485
0.00866033
0.0160995
0.00824094
0.015964
0.00783114
0.0158444
0.00742981
0.0157369
0.00703571
0.0156384
0.00664815
0.0155479
0.00626669
0.0154645
0.00589086
0.0153876
0.00552021
0.0153165
0.00515433
0.0152509
0.00479286
0.0151905
0.00443539
0.0151351
0.00408158
0.0150844
0.00373106
0.0150381
0.00338349
0.0149962
0.00303854
0.0149585
0.00269589
0.0149248
0.00235521
0.0148951
0.00201621
0.0148693
0.00167856
0.0148472
0.00134197
0.0148289
0.00100612
0.0148144
0.000670728
0.0148034
0.00033546
0.0147961
0.0147922
0.000947244
0.0165819
-0.000843994
0.00095593
0.0166909
0.000933943
0.0165912
0.000893248
0.0164464
0.00085055
0.0162912
0.000806993
0.0161431
0.000761502
0.0160095
0.000716277
0.0158896
0.000672422
0.0157808
0.000629717
0.0156812
0.000588203
0.0155894
0.000548109
0.0155046
0.00050947
0.0154262
0.00047221
0.0153537
0.000436272
0.0152868
0.0004016
0.0152252
0.000368114
0.0151686
0.000335721
0.0151168
0.000304331
0.0150695
0.000273856
0.0150267
0.000244203
0.0149881
0.000215283
0.0149537
0.00018701
0.0149234
0.000159296
0.014897
0.000132057
0.0148745
0.000105211
0.0148558
7.86817e-05
0.0148409
5.23755e-05
0.0148297
2.6182e-05
0.0148223
0.0148184
0.000890288
0.0165036
-0.000812008
0.000900588
0.0166806
0.000880589
0.0166112
0.000848517
0.0164784
0.000811238
0.0163285
0.000770978
0.0161833
0.000729519
0.0160509
0.0006881
0.015931
0.000647242
0.0158217
0.000607182
0.0157212
0.000568121
0.0156285
0.000530193
0.0155425
0.000493446
0.0154629
0.000457879
0.0153893
0.000423469
0.0153212
0.000390171
0.0152585
0.000357925
0.0152009
0.000326662
0.015148
0.000296307
0.0150999
0.000266782
0.0150562
0.00023801
0.0150169
0.000209912
0.0149818
0.000182408
0.0149509
0.000155421
0.014924
0.000128875
0.014901
0.000102691
0.014882
7.67936e-05
0.0148668
5.11091e-05
0.0148554
2.55553e-05
0.0148478
0.014844
0.000845596
0.0164378
-0.00077972
0.00084913
0.016677
0.000830935
0.0166293
0.000803508
0.0165059
0.000770461
0.0163615
0.000734139
0.0162196
0.000696522
0.0160886
0.000658603
0.015969
0.000620824
0.0158594
0.000583522
0.0157585
0.000546949
0.015665
0.000511241
0.0155782
0.000476473
0.0154977
0.000442682
0.0154231
0.000409873
0.0153541
0.000378021
0.0152904
0.000347087
0.0152318
0.000317019
0.0151781
0.00028776
0.0151291
0.000259246
0.0150847
0.00023141
0.0150447
0.000204185
0.015009
0.000177502
0.0149775
0.00015129
0.0149502
0.000125481
0.0149268
0.000100004
0.0149075
7.47911e-05
0.014892
4.97739e-05
0.0148804
2.48726e-05
0.0148727
0.0148688
0.000799671
0.0163756
-0.000737548
0.000802372
0.0166743
0.000785438
0.0166463
0.000760475
0.0165308
0.000730619
0.0163914
0.000697868
0.0162524
0.000663728
0.0161227
0.000629016
0.0160037
0.000594181
0.0158943
0.000559566
0.0157931
0.00052542
0.0156992
0.0004919
0.0156118
0.000459105
0.0155305
0.000427097
0.0154551
0.0003959
0.0153853
0.000365512
0.0153208
0.000335912
0.0152614
0.000307065
0.0152069
0.000278928
0.0151573
0.00025145
0.0151122
0.000224578
0.0150716
0.000198253
0.0150354
0.000172416
0.0150034
0.000147006
0.0149756
0.000121962
0.0149519
9.72189e-05
0.0149322
7.27164e-05
0.0149165
4.83926e-05
0.0149047
2.41785e-05
0.0148969
0.014893
0.000751368
0.0163109
-0.000686678
0.0007576
0.0166681
0.000742558
0.0166613
0.000719583
0.0165538
0.000692382
0.0164186
0.000662709
0.0162821
0.00063166
0.0161537
0.000599881
0.0160354
0.0005678
0.0159264
0.000535733
0.0158252
0.000503915
0.015731
0.000472512
0.0156432
0.000441644
0.0155614
0.000411388
0.0154853
0.000381786
0.0154149
0.000352853
0.0153497
0.000324584
0.0152897
0.00029696
0.0152346
0.000269951
0.0151843
0.000243519
0.0151386
0.00021762
0.0150975
0.000192207
0.0150608
0.00016723
0.0150284
0.000142636
0.0150002
0.00011837
0.0149761
9.43765e-05
0.0149562
7.06002e-05
0.0149403
4.69862e-05
0.0149284
2.34757e-05
0.0149204
0.0149165
0.000703174
0.0162441
-0.00063633
0.000713177
0.0166581
0.000700707
0.0166738
0.000680026
0.0165745
0.000655388
0.0164432
0.000628495
0.016309
0.000600254
0.016182
0.0005712
0.0160645
0.000541708
0.0159558
0.000512061
0.0158548
0.000482479
0.0157606
0.000453129
0.0156725
0.000424141
0.0155904
0.000395604
0.0155139
0.000367576
0.0154429
0.000340085
0.0153772
0.000313141
0.0153166
0.000286738
0.015261
0.000260859
0.0152102
0.000235477
0.015164
0.00021056
0.0151224
0.000186068
0.0150853
0.000161961
0.0150525
0.000138193
0.0150239
0.000114717
0.0149996
9.1486e-05
0.0149794
6.84491e-05
0.0149633
4.5558e-05
0.0149513
2.27624e-05
0.0149432
0.0149392
0.000655768
0.0161782
-0.000589874
0.000668767
0.0166451
0.000659161
0.0166834
0.000641112
0.0165925
0.000619105
0.0164652
0.000594874
0.0163332
0.000569282
0.0162076
0.000542812
0.016091
0.000515791
0.0159829
0.000488469
0.0158822
0.00046105
0.015788
0.000433701
0.0156999
0.000406556
0.0156175
0.000379715
0.0155407
0.000353245
0.0154694
0.000327187
0.0154032
0.000301566
0.0153422
0.000276386
0.0152862
0.000251642
0.0152349
0.000227317
0.0151883
0.000203389
0.0151463
0.000179829
0.0151088
0.000156602
0.0150757
0.000133673
0.0150469
0.000111001
0.0150223
8.85443e-05
0.0150019
6.62602e-05
0.0149856
4.41055e-05
0.0149734
2.20368e-05
0.0149653
0.0149613
0.000609297
0.0161142
-0.000545272
0.000624773
0.0166296
0.000617959
0.0166902
0.000602595
0.0166079
0.000583234
0.0164846
0.000561615
0.0163548
0.000538586
0.0162306
0.000514608
0.0161149
0.000489971
0.0160075
0.000464903
0.0159072
0.000439592
0.0158133
0.000414203
0.0157252
0.000388872
0.0156428
0.000363706
0.0155659
0.000338782
0.0154943
0.000314153
0.0154279
0.000289853
0.0153665
0.000265898
0.0153101
0.000242294
0.0152585
0.000219035
0.0152116
0.000196106
0.0151693
0.000173487
0.0151314
0.000151153
0.015098
0.000129074
0.015069
0.000107218
0.0150441
8.555e-05
0.0150235
6.40321e-05
0.0150071
4.26274e-05
0.0149948
2.12985e-05
0.0149866
0.0149826
0.000563711
0.0160512
-0.000500712
0.000581492
0.0166118
0.000577303
0.0166944
0.000564517
0.0166207
0.000547732
0.0165014
0.000528665
0.0163739
0.000508135
0.0162511
0.000486576
0.0161365
0.000464254
0.0160298
0.000441378
0.0159301
0.000418125
0.0158366
0.000394657
0.0157487
0.000371112
0.0156664
0.000347601
0.0155894
0.00032421
0.0155177
0.000301001
0.0154511
0.000278019
0.0153895
0.000255291
0.0153328
0.000232831
0.015281
0.000210642
0.0152338
0.00018872
0.0151912
0.000167052
0.0151531
0.000145621
0.0151195
0.000124404
0.0150902
0.000103375
0.0150652
8.2507e-05
0.0150444
6.17675e-05
0.0150279
4.11252e-05
0.0150155
2.05485e-05
0.0150072
0.0150031
0.000518798
0.0159888
-0.000456433
0.000538871
0.0165918
0.000537258
0.016696
0.000526961
0.016631
0.000512663
0.0165157
0.000496073
0.0163905
0.000477972
0.0162692
0.000458763
0.0161557
0.000438691
0.0160499
0.000417948
0.0159509
0.000396704
0.0158578
0.000375116
0.0157703
0.000353324
0.0156882
0.000331444
0.0156113
0.000309568
0.0155395
0.000287769
0.0154729
0.000266099
0.0154112
0.000244594
0.0153543
0.000223278
0.0153023
0.000202163
0.0152549
0.000181252
0.0152121
0.000160541
0.0151738
0.00014002
0.01514
0.000119673
0.0151105
9.94815e-05
0.0150854
7.94228e-05
0.0150645
5.9472e-05
0.0150478
3.96027e-05
0.0150353
1.97887e-05
0.015027
0.0150229
0.000474357
0.0159272
-0.0004127
0.000496745
0.0165694
0.000497768
0.016695
0.000489951
0.0166388
0.000478083
0.0165275
0.000463901
0.0164047
0.000448159
0.016285
0.000431231
0.0161726
0.000413342
0.0160678
0.000394672
0.0159695
0.000375385
0.0158771
0.000355634
0.0157901
0.000335559
0.0157082
0.000315283
0.0156316
0.000294902
0.0155599
0.000274496
0.0154933
0.000254127
0.0154315
0.000233838
0.0153746
0.000213663
0.0153225
0.000193621
0.0152749
0.000173723
0.015232
0.000153972
0.0151936
0.000134366
0.0151596
0.000114895
0.01513
9.55473e-05
0.0151047
7.63059e-05
0.0150837
5.71517e-05
0.015067
3.80637e-05
0.0150544
1.9021e-05
0.0150461
0.0150419
0.00043034
0.0158663
-0.000369456
0.00045503
0.0165447
0.000458762
0.0166913
0.000453465
0.0166441
0.000444009
0.016537
0.000432185
0.0164165
0.000418738
0.0162984
0.000404025
0.0161874
0.000388256
0.0160836
0.0003716
0.0159862
0.000354217
0.0158945
0.000336258
0.015808
0.000317864
0.0157266
0.000299159
0.0156503
0.000280248
0.0155788
0.000261217
0.0155123
0.000242134
0.0154506
0.000223052
0.0153937
0.000204011
0.0153415
0.000185038
0.0152939
0.000166151
0.0152509
0.000147362
0.0152124
0.000128673
0.0151783
0.000110082
0.0151486
9.15823e-05
0.0151232
7.31636e-05
0.0151021
5.4812e-05
0.0150853
3.65118e-05
0.0150727
1.8247e-05
0.0150643
0.0150602
0.000386795
0.0158062
-0.000326668
0.000413736
0.0165177
0.000420219
0.0166848
0.000417481
0.0166468
0.000410437
0.016544
0.000400938
0.016426
0.000389736
0.0163096
0.000377178
0.0161999
0.000363468
0.0160973
0.000348769
0.0160009
0.000333238
0.01591
0.000317025
0.0158242
0.000300272
0.0157434
0.000283107
0.0156674
0.000265639
0.0155963
0.000247961
0.01553
0.000230148
0.0154684
0.00021226
0.0154116
0.000194343
0.0153594
0.000176433
0.0153118
0.000158555
0.0152688
0.000140725
0.0152302
0.000122953
0.0151961
0.000105244
0.0151663
8.7595e-05
0.0151409
7.00025e-05
0.0151197
5.24578e-05
0.0151029
3.49501e-05
0.0150902
1.74682e-05
0.0150818
0.0150776
0.000343779
0.0157467
-0.000284365
0.00037292
0.0164886
0.000382163
0.0166755
0.000382
0.016647
0.000377367
0.0165487
0.000370171
0.0164332
0.000361172
0.0163186
0.000350715
0.0162104
0.000339007
0.016109
0.000326211
0.0160137
0.000312481
0.0159237
0.000297967
0.0158387
0.000282815
0.0157585
0.000267155
0.0156831
0.000251102
0.0156124
0.000234754
0.0155463
0.000218192
0.015485
0.000201482
0.0154283
0.000184679
0.0153762
0.000167824
0.0153287
0.000150948
0.0152856
0.000134074
0.0152471
0.000117218
0.0152129
0.00010039
0.0151831
8.35929e-05
0.0151577
6.68287e-05
0.0151365
5.00935e-05
0.0151196
3.33814e-05
0.0151069
1.66859e-05
0.0150985
0.0150943
0.000301336
0.015688
-0.000242584
0.000332662
0.0164573
0.000344644
0.0166635
0.000347049
0.0166446
0.000344819
0.0165509
0.000339904
0.0164381
0.000333067
0.0163255
0.000324662
0.0162188
0.000314902
0.0161187
0.000303954
0.0160246
0.000291974
0.0159357
0.000279114
0.0158516
0.000265522
0.0157721
0.000251331
0.0156973
0.000236662
0.015627
0.000221618
0.0155614
0.000206286
0.0155003
0.000190739
0.0154439
0.000175036
0.0153919
0.000159225
0.0153445
0.000143344
0.0153015
0.000127421
0.015263
0.000111478
0.0152288
9.55285e-05
0.0151991
7.95834e-05
0.0151736
6.36478e-05
0.0151524
4.77233e-05
0.0151355
3.18085e-05
0.0151228
1.59016e-05
0.0151144
0.0151102
0.000259502
0.0156298
-0.000201319
0.000293034
0.0164237
0.000307719
0.0166489
0.000312667
0.0166396
0.000312827
0.0165507
0.000310168
0.0164407
0.000305453
0.0163302
0.000299048
0.0162252
0.000291182
0.0161266
0.000282029
0.0160338
0.000271748
0.015946
0.000260495
0.0158629
0.00024842
0.0157842
0.000235662
0.01571
0.000222345
0.0156403
0.000208578
0.0155752
0.000194454
0.0155145
0.00018005
0.0154583
0.000165432
0.0154065
0.000150654
0.0153593
0.000135758
0.0153164
0.000120779
0.015278
0.000105743
0.0152439
9.06693e-05
0.0152141
7.55736e-05
0.0151887
6.04655e-05
0.0151675
4.53514e-05
0.0151506
3.02343e-05
0.015138
1.51164e-05
0.0151295
0.0151254
0.000218331
0.0155721
-0.00016066
0.000254113
0.016388
0.000271446
0.0166315
0.000278897
0.0166322
0.000281435
0.0165482
0.000281004
0.0164412
0.000278364
0.0163328
0.000273906
0.0162296
0.000267879
0.0161326
0.000260467
0.0160412
0.000251833
0.0159546
0.000242139
0.0158725
0.000231538
0.0157948
0.000220173
0.0157214
0.000208175
0.0156523
0.000195656
0.0155877
0.000182714
0.0155274
0.000169433
0.0154715
0.000155884
0.0154201
0.000142124
0.015373
0.000128202
0.0153303
0.000114158
0.015292
0.000100023
0.015258
8.58203e-05
0.0152283
7.15703e-05
0.0152029
5.72873e-05
0.0151818
4.29818e-05
0.0151649
2.86613e-05
0.0151523
1.43318e-05
0.0151439
0.0151397
0.000177895
0.0155148
-0.000120597
0.000216019
0.0163498
0.000235869
0.0166117
0.000245784
0.0166223
0.000250697
0.0165433
0.000252458
0.0164394
0.000251838
0.0163334
0.00024927
0.0162322
0.000245025
0.0161369
0.000239298
0.0160469
0.000232258
0.0159617
0.000224072
0.0158807
0.0002149
0.015804
0.000204889
0.0157314
0.000194174
0.0156631
0.000182872
0.015599
0.000171087
0.0155392
0.000158907
0.0154837
0.000146406
0.0154326
0.00013365
0.0153858
0.00012069
0.0153433
0.000107571
0.0153051
9.43275e-05
0.0152713
8.09895e-05
0.0152417
6.75802e-05
0.0152164
5.41183e-05
0.0151953
4.06185e-05
0.0151784
2.7092e-05
0.0151658
1.35491e-05
0.0151574
0.0151532
0.000138366
0.0154579
-8.1453e-05
0.000178834
0.0163094
0.000200996
0.0165895
0.00021339
0.0166099
0.000220679
0.016536
0.000224578
0.0164355
0.000225914
0.0163321
0.000225175
0.0162329
0.000222653
0.0161394
0.000218552
0.016051
0.00021305
0.0159672
0.000206321
0.0158875
0.000198531
0.0158118
0.000189832
0.0157401
0.000180363
0.0156725
0.000170246
0.0156091
0.00015959
0.0155498
0.000148486
0.0154948
0.000137015
0.0154441
0.000125245
0.0153976
0.000113233
0.0153553
0.000101026
0.0153173
8.86658e-05
0.0152836
7.61845e-05
0.0152542
6.36095e-05
0.0152289
5.09634e-05
0.0152079
3.82649e-05
0.0151911
2.5529e-05
0.0151785
1.27694e-05
0.0151702
0.015166
0.000100038
0.0154003
-4.24264e-05
0.000142642
0.0162668
0.000166848
0.0165653
0.000181814
0.0165949
0.000191452
0.0165264
0.000197409
0.0164296
0.000200629
0.0163289
0.000201656
0.0162319
0.000200794
0.0161403
0.000198257
0.0160536
0.000194236
0.0159712
0.000188911
0.0158928
0.000182454
0.0158182
0.000175023
0.0157475
0.000166761
0.0156808
0.000157796
0.0156181
0.000148239
0.0155594
0.000138187
0.0155049
0.000127724
0.0154545
0.000116921
0.0154084
0.000105841
0.0153664
9.45346e-05
0.0153286
8.3046e-05
0.0152951
7.14121e-05
0.0152658
5.96638e-05
0.0152407
4.78273e-05
0.0152198
3.59247e-05
0.015203
2.39745e-05
0.0151905
1.19938e-05
0.0151821
0.015178
6.36189e-05
0.0153386
-1.92437e-06
0.000107369
0.016223
0.000133617
0.0165391
0.000151197
0.0165773
0.000163082
0.0165145
0.000170992
0.0164216
0.000176024
0.0163239
0.000178749
0.0162292
0.00017948
0.0161395
0.000178442
0.0160546
0.00017584
0.0159738
0.000171863
0.0158968
0.00016669
0.0158234
0.000160482
0.0157537
0.000153388
0.0156879
0.000145539
0.0156259
0.00013705
0.0155679
0.000128023
0.0155139
0.000118544
0.015464
0.00010869
0.0154182
9.8525e-05
0.0153766
8.81045e-05
0.0153391
7.74758e-05
0.0153057
6.66791e-05
0.0152766
5.57488e-05
0.0152516
4.47142e-05
0.0152308
3.36009e-05
0.0152142
2.24305e-05
0.0152017
1.12234e-05
0.0151933
0.0151892
2.93337e-05
0.0152793
3.0019e-05
7.31171e-05
0.0161792
0.000101584
0.0165106
0.000121663
0.0165572
0.000135617
0.0165005
0.00014537
0.0164119
0.000152139
0.0163171
0.00015649
0.0162248
0.000158739
0.0161373
0.000159132
0.0160542
0.000157886
0.015975
0.0001552
0.0158995
0.000151257
0.0158273
0.000146226
0.0157588
0.000140258
0.0156938
0.000133489
0.0156327
0.000126037
0.0155753
0.000118007
0.0155219
0.000109489
0.0154725
0.000100562
0.0154271
9.12942e-05
0.0153858
8.17442e-05
0.0153486
7.19622e-05
0.0153155
6.19914e-05
0.0152866
5.18692e-05
0.0152617
4.16281e-05
0.015241
3.12965e-05
0.0152245
2.08992e-05
0.0152121
1.04592e-05
0.0152038
0.0151997
-2.47984e-06
0.0152186
6.3107e-05
3.98953e-05
0.0161369
7.0988e-05
0.0164795
9.33638e-05
0.0165349
0.000109092
0.0164848
0.000120585
0.0164004
0.000129017
0.0163087
0.000134912
0.0162189
0.0001386
0.0161336
0.00014035
0.0160524
0.000140395
0.015975
0.00013894
0.0159009
0.000136175
0.0158301
0.000132272
0.0157627
0.000127388
0.0156987
0.00012166
0.0156384
0.000115212
0.0155818
0.00010815
0.015529
0.000100567
0.0154801
9.25461e-05
0.0154352
8.4157e-05
0.0153942
7.54612e-05
0.0153573
6.65117e-05
0.0153245
5.73545e-05
0.0152957
4.80298e-05
0.0152711
3.85727e-05
0.0152505
2.90144e-05
0.015234
1.93822e-05
0.0152217
9.70209e-06
0.0152135
0.0152094
-3.78697e-05
0.0151607
9.58478e-05
7.35595e-06
0.0160916
4.18542e-05
0.016445
6.61411e-05
0.0165106
8.35174e-05
0.0164674
9.66935e-05
0.0163872
0.000106701
0.0162986
0.000114045
0.0162116
0.000119087
0.0161285
0.00012212
0.0160494
0.000123387
0.0159737
0.000123101
0.0159012
0.000121458
0.0158318
0.000118634
0.0157655
0.000114789
0.0157026
0.000110065
0.0156431
0.000104586
0.0155873
9.84623e-05
0.0155351
9.17894e-05
0.0154868
8.46513e-05
0.0154423
7.7121e-05
0.0154017
6.92621e-05
0.0153652
6.11302e-05
0.0153326
5.27736e-05
0.0153041
4.42348e-05
0.0152796
3.55514e-05
0.0152592
2.67569e-05
0.0152428
1.78813e-05
0.0152306
8.95289e-06
0.0152224
0.0152183
-6.94652e-05
0.0151029
0.000127256
-2.194e-05
0.0160441
1.42831e-05
0.0164088
3.98763e-05
0.016485
5.89432e-05
0.0164483
7.37459e-05
0.0163724
8.52268e-05
0.0162872
9.39172e-05
0.0162029
0.000100224
0.0161222
0.000104461
0.0160452
0.000106879
0.0159713
0.000107698
0.0159004
0.00010712
0.0158323
0.000105325
0.0157673
0.000102475
0.0157054
9.87141e-05
0.0156469
9.41699e-05
0.0155918
8.89537e-05
0.0155403
8.31635e-05
0.0154926
7.68849e-05
0.0154486
7.0193e-05
0.0154084
6.31532e-05
0.0153722
5.58231e-05
0.0153399
4.82531e-05
0.0153116
4.04879e-05
0.0152874
3.2567e-05
0.0152671
2.45263e-05
0.0152509
1.6398e-05
0.0152387
8.21236e-06
0.0152306
0.0152265
-9.89824e-05
0.015045
0.000156888
-4.99513e-05
0.0159951
-1.23537e-05
0.0163712
1.46558e-05
0.016458
3.54459e-05
0.0164276
5.17953e-05
0.0163561
6.46217e-05
0.0162743
7.45505e-05
0.016193
8.2032e-05
0.0161148
8.73905e-05
0.0160398
9.0886e-05
0.0159678
9.27453e-05
0.0158985
9.31734e-05
0.0158319
9.23547e-05
0.0157681
9.04537e-05
0.0157073
8.76164e-05
0.0156497
8.39713e-05
0.0155955
7.96316e-05
0.0155447
7.46967e-05
0.0154975
6.92536e-05
0.015454
6.33789e-05
0.0154143
5.71397e-05
0.0153785
5.0595e-05
0.0153465
4.37972e-05
0.0153184
3.67925e-05
0.0152944
2.96225e-05
0.0152743
2.23248e-05
0.0152582
1.49336e-05
0.0152461
7.48119e-06
0.015238
0.015234
-0.000126699
0.014987
0.000184628
-7.65935e-05
0.015945
-3.79562e-05
0.0163326
-9.18527e-06
0.0164292
1.31946e-05
0.0164052
3.08818e-05
0.0163384
4.49051e-05
0.0162603
5.59664e-05
0.0161819
6.45286e-05
0.0161062
7.09242e-05
0.0160334
7.54212e-05
0.0159633
7.82529e-05
0.0158957
7.96279e-05
0.0158305
7.9733e-05
0.015768
7.87346e-05
0.0157083
7.67796e-05
0.0156517
7.39976e-05
0.0155982
7.05028e-05
0.0155482
6.63952e-05
0.0155016
6.17632e-05
0.0154586
5.66841e-05
0.0154194
5.12263e-05
0.0153839
4.54502e-05
0.0153523
3.94094e-05
0.0153245
3.31517e-05
0.0153006
2.67202e-05
0.0152807
2.01541e-05
0.0152647
1.34894e-05
0.0152528
6.75999e-06
0.0152448
0.0152408
-0.000152502
0.0149291
0.000210409
-0.000101494
0.015894
-6.16313e-05
0.0162927
-3.13579e-05
0.0163989
-7.7686e-06
0.0163816
1.10116e-05
0.0163196
2.61009e-05
0.0162452
3.81856e-05
0.0161698
4.77289e-05
0.0160967
5.50732e-05
0.0160261
6.04941e-05
0.0159579
6.42294e-05
0.0158919
6.64908e-05
0.0158283
6.74666e-05
0.015767
6.73238e-05
0.0157085
6.62098e-05
0.0156528
6.42545e-05
0.0156002
6.15725e-05
0.0155509
5.82641e-05
0.0155049
5.44182e-05
0.0154625
5.01127e-05
0.0154237
4.54169e-05
0.0153886
4.0392e-05
0.0153573
3.50927e-05
0.0153298
2.9568e-05
0.0153061
2.38622e-05
0.0152864
1.80159e-05
0.0152706
1.20664e-05
0.0152587
6.0493e-06
0.0152508
0.0152468
-0.000176218
0.0148712
0.000234095
-0.000124508
0.0158423
-8.36056e-05
0.0162518
-5.22556e-05
0.0163676
-2.75966e-05
0.0163569
-7.80344e-06
0.0162998
8.23345e-06
0.0162292
2.12231e-05
0.0161569
3.16437e-05
0.0160862
3.98459e-05
0.0160179
4.61111e-05
0.0159516
5.06806e-05
0.0158874
5.37675e-05
0.0158252
5.55603e-05
0.0157652
5.62258e-05
0.0157078
5.59114e-05
0.0156531
5.47464e-05
0.0156014
5.28449e-05
0.0155528
5.03074e-05
0.0155075
4.72225e-05
0.0154656
4.36685e-05
0.0154273
3.97149e-05
0.0153926
3.54236e-05
0.0153616
3.08498e-05
0.0153344
2.60436e-05
0.015311
2.10503e-05
0.0152914
1.59114e-05
0.0152757
1.06656e-05
0.015264
5.34956e-06
0.0152561
0.0152522
-0.000197742
0.0148135
0.000255531
-0.000145572
0.0157901
-0.000103926
0.0162101
-7.16901e-05
0.0163354
-4.61402e-05
0.0163314
-2.55189e-05
0.0162792
-8.68498e-06
0.0162124
5.0872e-06
0.0161431
1.62791e-05
0.016075
2.52468e-05
0.0160089
3.22759e-05
0.0159446
3.76095e-05
0.015882
4.14606e-05
0.0158213
4.40167e-05
0.0157627
4.54436e-05
0.0157064
4.58873e-05
0.0156527
4.54761e-05
0.0156018
4.43231e-05
0.0155539
4.2528e-05
0.0155092
4.0179e-05
0.0154679
3.73541e-05
0.0154301
3.41228e-05
0.0153958
3.05471e-05
0.0153651
2.66829e-05
0.0153382
2.25804e-05
0.0153151
1.82859e-05
0.0152957
1.38418e-05
0.0152802
9.28765e-06
0.0152685
4.66118e-06
0.0152607
0.0152568
-0.000217022
0.0147559
0.00027459
-0.000164656
0.0157377
-0.000122538
0.016168
-8.96251e-05
0.0163024
-6.34111e-05
0.0163052
-4.21308e-05
0.0162579
-2.46377e-05
0.0161949
-1.02149e-05
0.0161287
1.63668e-06
0.0160632
1.12765e-05
0.0159993
1.89887e-05
0.0159369
2.50164e-05
0.015876
2.95706e-05
0.0158168
3.28366e-05
0.0157594
3.49781e-05
0.0157042
3.61387e-05
0.0156515
3.64451e-05
0.0156015
3.60087e-05
0.0155543
3.49279e-05
0.0155103
3.32897e-05
0.0154696
3.11716e-05
0.0154322
2.86426e-05
0.0153983
2.57646e-05
0.015368
2.25934e-05
0.0153414
1.91799e-05
0.0153185
1.55704e-05
0.0152993
1.18081e-05
0.0152839
7.93329e-06
0.0152724
3.98446e-06
0.0152647
0.0152608
-0.000234024
0.0146987
0.000291195
-0.000181736
0.0156854
-0.000139398
0.0161257
-0.000106064
0.0162691
-7.93993e-05
0.0162785
-5.76373e-05
0.0162361
-3.96446e-05
0.0161769
-2.46906e-05
0.0161137
-1.22839e-05
0.0160508
-2.06776e-06
0.0159891
6.24611e-06
0.0159286
1.28987e-05
0.0158694
1.80952e-05
0.0158116
2.20184e-05
0.0157555
2.48282e-05
0.0157014
2.66653e-05
0.0156497
2.76537e-05
0.0156005
2.79023e-05
0.0155541
2.75078e-05
0.0155107
2.65557e-05
0.0154705
2.51222e-05
0.0154336
2.32755e-05
0.0154002
2.10772e-05
0.0153702
1.85828e-05
0.0153439
1.5843e-05
0.0153212
1.29046e-05
0.0153022
9.81103e-06
0.015287
6.60298e-06
0.0152756
3.31967e-06
0.015268
0.0152642
-0.000248728
0.000305297
-0.000196798
-0.000154502
-0.00012101
-9.41068e-05
-7.20459e-05
-5.37029e-05
-3.83493e-05
-2.54993e-05
-1.47937e-05
-5.95481e-06
1.25107e-06
7.02969e-06
1.15586e-05
1.49913e-05
1.74652e-05
1.91006e-05
2.00034e-05
2.02677e-05
1.99771e-05
1.92063e-05
1.80223e-05
1.64858e-05
1.46517e-05
1.25706e-05
1.02892e-05
7.85101e-06
5.29708e-06
2.66699e-06
0.0111519
-0.000742395
0.0110282
-0.000688281
0.0109142
-0.000665698
0.0108057
-0.000629085
0.0106983
-0.000579244
0.0105933
-0.000531402
0.0104919
-0.000488435
0.0103938
-0.000447177
0.0102988
-0.000405713
0.010207
-0.000364648
0.0101187
-0.000324354
0.0100339
-0.000284662
0.00995266
-0.000245454
0.009875
-0.000206707
0.00980083
-0.000168417
0.00973
-0.000130491
0.00966236
-9.30224e-05
0.00959746
-5.56942e-05
0.00953393
-1.79198e-05
0.00947411
1.7388e-05
0.00942206
5.0131e-05
0.00936993
8.21504e-05
0.00931962
0.000113418
0.00927143
0.000144033
0.0092253
0.00017339
0.00918122
0.000200959
0.00913928
0.000226572
0.00909952
0.00025017
0.00906199
0.00027163
0.00902673
0.000290786
0.00899381
0.000307508
0.0089633
0.00032171
0.0103612
-0.000586404
0.0102059
-0.000532997
0.010047
-0.000506819
0.00989799
-0.000480049
0.00975777
-0.000439018
0.00962457
-0.0003982
0.00949832
-0.000362186
0.00937926
-0.000328118
0.00926735
-0.000293804
0.00916239
-0.000259689
0.00906427
-0.000226229
0.00897282
-0.000193211
0.00888772
-0.000160361
0.00880856
-0.000127542
0.00873476
-9.46149e-05
0.00866573
-6.14629e-05
0.00860029
-2.75872e-05
0.00853797
6.63142e-06
0.00848368
3.63697e-05
0.00843398
6.70905e-05
0.00838647
9.76344e-05
0.00834119
0.000127436
0.00829824
0.000156369
0.00825784
0.000184424
0.00821994
0.000211294
0.00818432
0.000236581
0.00815084
0.000260055
0.00811941
0.000281594
0.00808998
0.000301058
0.0080625
0.000318272
0.00803693
0.000333078
0.000345363
0.00861425
-0.000426836
0.00846321
-0.000381955
0.00831272
-0.000356331
0.00816852
-0.000335853
0.00803616
-0.000306655
0.0079137
-0.000275743
0.00779959
-0.000248074
0.00769401
-0.000222536
0.00759718
-0.000196977
0.00750862
-0.000171124
0.00742767
-0.000145279
0.00735377
-0.000119315
0.00728632
-9.29057e-05
0.0072246
-6.58267e-05
0.00716782
-3.78357e-05
0.00711482
-8.46603e-06
0.00706799
1.92443e-05
0.0070275
4.71225e-05
0.00698856
7.5313e-05
0.00695201
0.000103642
0.00691792
0.00013172
0.00688614
0.000159218
0.00685649
0.000186019
0.00682889
0.000212024
0.0068032
0.000236983
0.00677921
0.000260569
0.00675675
0.000282512
0.00673573
0.000302613
0.00671611
0.000320686
0.00669785
0.000336534
0.00668094
0.000349983
0.00628121
-0.000292558
0.00616335
-0.000264091
0.00605128
-0.000244259
0.00594388
-0.000228459
0.00584663
-0.000209404
0.00576018
-0.000189294
0.00568274
-0.000170634
0.00561323
-0.000153022
0.00555132
-0.000135063
0.00549639
-0.000116203
0.00544758
-9.64662e-05
0.00540403
-7.57675e-05
0.00536497
-5.3845e-05
0.00532952
-3.03755e-05
0.00529631
-4.62718e-06
0.0052686
1.92511e-05
0.00524361
4.42282e-05
0.00522068
7.00556e-05
0.00519974
9.62475e-05
0.00518078
0.000122604
0.00516357
0.000148932
0.00514778
0.000175008
0.00513317
0.000200627
0.00511963
0.000225568
0.00510706
0.000249549
0.00509538
0.000272252
0.00508451
0.000293383
0.00507443
0.000312693
0.00506516
0.000329953
0.00505675
0.000344951
0.00386304
-0.000205623
0.00379053
-0.000191586
0.0037272
-0.000180934
0.00366856
-0.000169814
0.0036177
-0.000158542
0.00357494
-0.000146541
0.00353853
-0.000134215
0.00350695
-0.000121448
0.00347954
-0.000107648
0.00345578
-9.24472e-05
0.00343509
-7.57807e-05
0.00341692
-5.75976e-05
0.00340085
-3.77683e-05
0.00338657
-1.60992e-05
0.00337533
6.61625e-06
0.00336536
2.92158e-05
0.00335658
5.30125e-05
0.00334905
7.7589e-05
0.00334255
0.000102743
0.00333688
0.000128273
0.00333187
0.000153947
0.00332737
0.000179502
0.00332333
0.000204669
0.00331973
0.000229168
0.00331658
0.000252698
0.00331389
0.000274944
0.00331167
0.000295605
0.00330996
0.000314398
0.00330886
0.000331061
0.000345374
0.00174356
-0.000161029
0.00171696
-0.00016499
0.00169419
-0.000158162
0.00167469
-0.00015031
0.00165827
-0.000142124
0.00164462
-0.000132891
0.00163301
-0.000122607
0.00162285
-0.000111287
0.00161392
-9.87218e-05
0.00160618
-8.46993e-05
0.00159951
-6.91153e-05
0.00159381
-5.18951e-05
0.00158897
-3.29319e-05
0.00158494
-1.20624e-05
0.00158213
9.42472e-06
0.00158015
3.11953e-05
0.00157894
5.42205e-05
0.00157834
7.81925e-05
0.00157822
0.000102858
0.00157853
0.000127961
0.00157924
0.000153235
0.00158034
0.000178402
0.00158184
0.000203173
0.00158376
0.000227249
0.00158614
0.000250319
0.00158901
0.000272071
0.0015924
0.000292216
0.00159635
0.000310446
0.00160098
0.00032643
0.000339963
0.000104054
-0.00015975
9.45692e-05
-0.000155505
8.59973e-05
-0.00014959
7.82387e-05
-0.000142552
7.0509e-05
-0.000134395
6.31889e-05
-0.000125571
5.65132e-05
-0.000115931
5.0502e-05
-0.000105276
4.5161e-05
-9.33808e-05
4.05142e-05
-8.00525e-05
3.65637e-05
-6.51647e-05
3.33001e-05
-4.86316e-05
3.07659e-05
-3.03976e-05
2.90193e-05
-1.03158e-05
2.81941e-05
1.02499e-05
2.7866e-05
3.15233e-05
2.79907e-05
5.40958e-05
2.85504e-05
7.76329e-05
2.95413e-05
0.000101868
3.09666e-05
0.000126536
3.28425e-05
0.000151359
3.5198e-05
0.000176046
3.80782e-05
0.000200292
4.15442e-05
0.000223783
4.56693e-05
0.000246193
5.05407e-05
0.0002672
5.6273e-05
0.000286483
6.29488e-05
0.00030377
7.05411e-05
0.000318838
-0.00109368
-0.000139018
-0.00111078
-0.000138409
-0.00112764
-0.000132731
-0.00114344
-0.00012675
-0.00115768
-0.000120157
-0.00117041
-0.000112841
-0.00118173
-0.000104603
-0.00119179
-9.52192e-05
-0.00120068
-8.44921e-05
-0.00120846
-7.22692e-05
-0.00121518
-5.84471e-05
-0.00122085
-4.29597e-05
-0.0012255
-2.57505e-05
-0.00122922
-6.5903e-06
-0.00123167
1.27002e-05
-0.00123339
3.32373e-05
-0.00123432
5.5029e-05
-0.00123446
7.77679e-05
-0.00123378
0.000101191
-0.00123227
0.00012503
-0.00122992
0.000149004
-0.00122669
0.000172816
-0.00122255
0.000196157
-0.00121748
0.000218709
-0.00121143
0.000240149
-0.00120439
0.000260157
-0.00119633
0.000278425
-0.00118723
0.000294669
0.000308618
-0.00190576
-0.000107425
-0.00193644
-0.00010772
-0.00196368
-0.0001055
-0.00198782
-0.000102603
-0.00200915
-9.88316e-05
-0.00202798
-9.4005e-05
-0.00204464
-8.79466e-05
-0.00205937
-8.04924e-05
-0.00207235
-7.15082e-05
-0.00208372
-6.08967e-05
-0.00209357
-4.85972e-05
-0.00210195
-3.45789e-05
-0.00210889
-1.88122e-05
-0.0021145
-9.81889e-07
-0.00211853
1.67275e-05
-0.00212159
3.62944e-05
-0.00212358
5.70208e-05
-0.00212447
7.86594e-05
-0.00212424
0.000100963
-0.00212288
0.000123666
-0.00212036
0.000146488
-0.00211667
0.000169129
-0.0021118
0.00019128
-0.00210571
0.000212621
-0.00209839
0.000232831
-0.00208982
0.00025159
-0.00207999
0.000268587
-0.00206884
0.000283523
0.00029611
-0.00233359
-0.00237123
-0.00240438
-0.00243351
-0.00245911
-0.00248161
-0.00250137
-0.00251871
-0.00253384
-0.00254692
-0.00255808
-0.00256739
-0.00257488
-0.00258005
-0.00258437
-0.0025873
-0.00258881
-0.00258891
-0.00258757
-0.00258479
-0.00258057
-0.0025749
-0.00256775
-0.00255911
-0.00254896
-0.00253729
-0.00252407
-0.00250926
)
;

boundaryField
{
    inlet
    {
        type            calculated;
        value           nonuniform List<scalar> 
40
(
-0.0106066
-0.0106066
-0.0106066
-0.0106066
-0.0106066
-0.0106066
-0.0106066
-0.0106066
-0.0106066
-0.0106066
-0.0131311
-0.0131311
-0.0131311
-0.0131311
-0.0131311
-0.0131311
-0.0131311
-0.0131311
-0.0131311
-0.0131311
-0.0131311
-0.0131311
-0.0131311
-0.0131311
-0.0131311
-0.0131311
-0.0131311
-0.0131311
-0.0131311
-0.0131311
-0.0131311
-0.0131311
-0.0131311
-0.0131311
-0.0131311
-0.0131311
-0.0131311
-0.0131311
-0.0131311
-0.0131311
)
;
    }
    outlet
    {
        type            calculated;
        value           nonuniform 0();
    }
    cylinder
    {
        type            calculated;
        value           uniform 0;
    }
    top
    {
        type            symmetryPlane;
        value           nonuniform 0();
    }
    bottom
    {
        type            symmetryPlane;
        value           uniform 0;
    }
    defaultFaces
    {
        type            empty;
        value           nonuniform 0();
    }
    procBoundary0to1
    {
        type            processor;
        value           nonuniform List<scalar> 
44
(
0.0146422
0.0156335
0.0160834
0.0162356
0.0162516
0.0162141
0.0161585
0.0160983
0.0160379
0.0159783
0.0159197
0.0158622
0.0158058
0.015751
0.015698
0.0156472
0.0155988
0.0155532
0.0155105
0.0154708
0.0154344
0.0154013
0.0153718
0.0153457
0.0153233
0.0153045
0.0152895
0.0152781
0.0152706
0.0152668
0.00893525
0.000333341
0.00801328
0.00666541
0.000360894
0.00504923
0.0003575
0.00330843
0.00160639
7.91005e-05
0.000331404
-0.00117701
-0.00205633
-0.00249283
)
;
    }
    procBoundary0to2
    {
        type            processor;
        value           nonuniform List<scalar> 
81
(
7.67708e-05
-0.00022623
0.000150456
-5.89358e-06
-1.21351e-05
-2.01708e-05
-3.1211e-05
-4.6323e-05
-6.61406e-05
-9.03232e-05
-0.000120067
0.000609899
0.000882272
0.000914552
-0.00240502
3.83384e-07
2.54047e-07
1.23767e-07
-6.4135e-09
-1.33845e-07
-2.60311e-07
-3.79228e-07
-6.67836e-05
-7.00807e-05
-7.23555e-05
-7.34676e-05
-7.32332e-05
-7.15072e-05
-6.81785e-05
-6.31576e-05
-5.63808e-05
-4.78107e-05
-3.74368e-05
-2.52702e-05
-1.13249e-05
4.19275e-06
2.10408e-05
3.92261e-05
5.85364e-05
7.87506e-05
9.96245e-05
0.000120892
0.000142269
0.000163453
0.000184131
0.000203982
0.000222684
0.000239916
0.000255363
0.000268715
0.000279679
-3.58488e-07
-3.79347e-07
-3.94811e-07
-4.05514e-07
-4.08634e-07
-4.09061e-07
-4.02779e-07
-3.94232e-07
-3.80561e-07
-3.64983e-07
-3.45851e-07
-3.24905e-07
-2.99564e-07
-2.71697e-07
-2.4668e-07
-2.28862e-07
-2.10328e-07
-1.86704e-07
-1.58707e-07
-1.31695e-07
-1.06166e-07
-8.26251e-08
-6.11912e-08
-4.2082e-08
-2.57598e-08
-1.2574e-08
-3.04004e-09
2.68652e-09
4.54577e-09
2.72994e-09
)
;
    }
}


// ************************************************************************* //
