/*--------------------------------*- C++ -*----------------------------------*\
  =========                 |
  \\      /  F ield         | OpenFOAM: The Open Source CFD Toolbox
   \\    /   O peration     | Website:  https://openfoam.org
    \\  /    A nd           | Version:  7
     \\/     M anipulation  |
\*---------------------------------------------------------------------------*/
FoamFile
{
    version     2.0;
    format      ascii;
    class       volVectorField;
    location    "45";
    object      U;
}
// * * * * * * * * * * * * * * * * * * * * * * * * * * * * * * * * * * * * * //

dimensions      [0 1 -1 0 0 0 0];

internalField   nonuniform List<vector> 
3500
(
(-0.216957 -0.00128307 1.78455e-20)
(-0.215288 -0.00141164 -1.85588e-20)
(-0.213462 -0.00154238 7.81376e-21)
(-0.211478 -0.00167525 9.58728e-21)
(-0.209332 -0.00181019 -1.72101e-20)
(-0.207022 -0.00194707 2.01007e-20)
(-0.204545 -0.00208579 -1.96556e-20)
(-0.201901 -0.00222616 2.34023e-20)
(-0.199086 -0.00236801 -1.06652e-20)
(-0.196099 -0.00251113 -4.12723e-21)
(-0.192938 -0.00265528 7.43182e-22)
(-0.189603 -0.00280022 6.24266e-21)
(-0.186092 -0.00294567 3.62981e-21)
(-0.182404 -0.00309134 8.29446e-23)
(-0.17854 -0.00323694 -9.606e-21)
(-0.174499 -0.00338216 -1.08804e-21)
(-0.170281 -0.00352668 -3.0749e-21)
(-0.165888 -0.00367019 6.4854e-21)
(-0.161319 -0.00381236 -5.53305e-22)
(-0.156578 -0.00395288 6.95478e-21)
(-0.151664 -0.00409138 -1.33051e-20)
(-0.146581 -0.00422742 6.726e-21)
(-0.141331 -0.00436062 5.18468e-22)
(-0.135915 -0.00449078 -1.13922e-20)
(-0.130338 -0.00461707 5.47791e-21)
(-0.124605 -0.00473901 2.48646e-21)
(-0.118719 -0.0048572 1.42577e-21)
(-0.112687 -0.00497133 -3.34873e-21)
(-0.106511 -0.00508103 1.97474e-22)
(-0.100197 -0.00518604 1.04528e-20)
(-0.0937491 -0.00528614 -1.52481e-20)
(-0.0871739 -0.00538116 1.05025e-20)
(-0.0804767 -0.00547094 1.43152e-21)
(-0.073663 -0.00555535 -1.44414e-21)
(-0.066739 -0.00563426 -1.09571e-21)
(-0.0597111 -0.00570762 1.1904e-21)
(-0.0525856 -0.00577595 -2.26124e-21)
(-0.0453671 -0.00584084 -2.12653e-22)
(-0.0380626 -0.00589734 -5.61426e-22)
(-0.0306804 -0.00594788 2.89092e-22)
(-0.0232266 -0.00599321 1.5269e-21)
(-0.0157072 -0.00603327 -2.86603e-21)
(-0.00812879 -0.00606806 -7.59123e-22)
(-0.000497542 -0.00609763 2.35541e-21)
(0.00718035 -0.0061221 1.64078e-21)
(0.0148986 -0.00614164 -1.95893e-21)
(0.0226511 -0.00615639 8.03908e-22)
(0.030432 -0.00616649 -2.13541e-21)
(0.0382356 -0.00617213 1.40556e-21)
(0.0460562 -0.0061735 1.04522e-21)
(0.0538886 -0.00617079 -7.9334e-22)
(0.0617274 -0.00616422 3.11076e-22)
(0.0695678 -0.00615397 5.30346e-22)
(0.0774048 -0.00614028 -1.66665e-21)
(0.0852341 -0.00612335 1.75626e-21)
(0.0930512 -0.00610341 -1.50776e-21)
(0.100852 -0.00608065 1.36256e-21)
(0.108633 -0.00605531 -1.01793e-21)
(0.11639 -0.00602759 2.26185e-23)
(0.124121 -0.00599771 3.04602e-22)
(0.131821 -0.00596586 -1.93752e-22)
(0.139488 -0.00593226 -1.30015e-22)
(0.14712 -0.0058971 5.77337e-23)
(0.154714 -0.00586057 -4.51892e-22)
(0.162267 -0.00582287 1.21751e-22)
(0.169779 -0.00578417 -1.6004e-23)
(0.177247 -0.00574467 4.44571e-22)
(0.18467 -0.00570452 -1.87669e-22)
(0.192047 -0.00566391 -3.77369e-22)
(0.199377 -0.005623 1.38129e-22)
(0.206659 -0.00558195 9.34642e-23)
(0.213893 -0.00554092 -1.28101e-22)
(0.221078 -0.00550008 1.14264e-22)
(0.228215 -0.00545957 7.87243e-23)
(0.235303 -0.00541956 -1.13525e-22)
(0.242343 -0.00538022 -2.32797e-23)
(0.249336 -0.0053417 8.04891e-23)
(0.256283 -0.00530419 -6.11381e-23)
(0.263184 -0.00526788 3.15305e-23)
(0.270042 -0.00523296 -1.47696e-23)
(0.276857 -0.00519967 -1.97072e-24)
(0.283633 -0.00516828 6.04083e-24)
(0.290372 -0.00513911 -3.57988e-24)
(0.297077 -0.00511249 -6.57813e-24)
(0.303752 -0.00508909 2.24725e-24)
(0.310397 -0.00506899 -1.04251e-24)
(0.317035 -0.00505445 -8.07527e-26)
(0.323602 -0.00504318 -3.51372e-25)
(0.33041 -0.00504384 -7.33467e-25)
(0.336247 -0.00504666 2.94271e-25)
(0.3467 -0.00504083 7.56364e-25)
(-0.174617 -0.00417875 -6.83632e-21)
(-0.172638 -0.00456237 5.19697e-20)
(-0.170503 -0.00495134 2.63065e-20)
(-0.168211 -0.00534556 -2.98338e-20)
(-0.165761 -0.00574486 4.87072e-20)
(-0.16315 -0.00614895 -5.43029e-20)
(-0.160376 -0.0065575 5.29077e-20)
(-0.157438 -0.00697007 -3.83345e-20)
(-0.154335 -0.00738617 -2.88339e-20)
(-0.151066 -0.00780521 -6.22178e-21)
(-0.147629 -0.00822656 -1.86998e-21)
(-0.144024 -0.00864951 3.63183e-20)
(-0.140251 -0.00907333 1.62951e-20)
(-0.136309 -0.0094972 -3.55835e-20)
(-0.132199 -0.00992031 3.07434e-20)
(-0.127921 -0.0103418 3.14658e-21)
(-0.123476 -0.0107608 -2.74332e-20)
(-0.118866 -0.0111763 2.48156e-21)
(-0.114092 -0.0115876 9.43207e-21)
(-0.109155 -0.0119938 3.8982e-21)
(-0.104059 -0.0123941 -1.25106e-22)
(-0.0988049 -0.0127875 -6.80793e-21)
(-0.0933969 -0.0131742 -1.79881e-20)
(-0.0878365 -0.013556 1.01482e-20)
(-0.0821256 -0.013926 -5.11222e-21)
(-0.0762718 -0.0142781 1.29265e-20)
(-0.0702807 -0.0146187 -3.3679e-22)
(-0.0641557 -0.014948 6.3284e-21)
(-0.0579014 -0.0152649 -1.85927e-20)
(-0.0515228 -0.0155687 1.06531e-20)
(-0.0450253 -0.0158586 4.21646e-21)
(-0.0384143 -0.0161342 -1.62989e-20)
(-0.0316954 -0.0163949 2.67239e-20)
(-0.0248744 -0.0166404 -1.28391e-20)
(-0.0179571 -0.0168704 -9.0568e-21)
(-0.010951 -0.0170848 1.67873e-20)
(-0.00386597 -0.0172836 -3.1539e-21)
(0.0033022 -0.0174656 -3.50823e-21)
(0.0105479 -0.0176308 -1.00166e-21)
(0.0178539 -0.0177803 5.85854e-21)
(0.0252172 -0.0179139 4.64097e-21)
(0.0326332 -0.0180318 -1.80123e-20)
(0.0400957 -0.0181342 2.80562e-21)
(0.0475985 -0.0182214 9.66847e-22)
(0.0551358 -0.0182935 -1.89748e-21)
(0.0627018 -0.0183511 9.66309e-21)
(0.0702906 -0.0183945 1.40812e-21)
(0.0778969 -0.0184242 -2.93121e-21)
(0.0855151 -0.0184407 -3.70975e-21)
(0.0931403 -0.0184444 5.51374e-21)
(0.100767 -0.0184359 -2.40569e-21)
(0.108391 -0.0184157 6.24527e-21)
(0.116008 -0.0183845 -5.73782e-21)
(0.123613 -0.0183428 -4.11414e-23)
(0.131202 -0.0182913 1.4762e-21)
(0.138771 -0.0182305 -1.10044e-21)
(0.146317 -0.018161 -1.27158e-22)
(0.153836 -0.0180835 1.04033e-21)
(0.161325 -0.0179986 7.07067e-22)
(0.168781 -0.0179069 1.16518e-22)
(0.176201 -0.017809 -5.33056e-22)
(0.183583 -0.0177054 4.93856e-22)
(0.190925 -0.0175968 -1.35574e-21)
(0.198225 -0.0174838 -2.09956e-22)
(0.20548 -0.017367 4.23485e-22)
(0.21269 -0.0172468 -3.13787e-22)
(0.219854 -0.0171238 1.69748e-21)
(0.226969 -0.0169987 -1.0453e-21)
(0.234036 -0.0168718 3.03303e-22)
(0.241053 -0.0167438 7.66649e-22)
(0.24802 -0.0166151 -7.4503e-22)
(0.254938 -0.0164863 -2.02198e-24)
(0.261806 -0.0163578 -3.66708e-22)
(0.268624 -0.0162303 3.1482e-22)
(0.275392 -0.0161041 -8.66374e-24)
(0.282113 -0.0159798 -3.0404e-22)
(0.288785 -0.015858 1.43733e-22)
(0.295412 -0.0157391 1.0612e-22)
(0.301993 -0.0156239 -9.40729e-23)
(0.308531 -0.0155129 1.18396e-22)
(0.315028 -0.0154069 -1.33486e-22)
(0.321486 -0.0153066 7.23894e-23)
(0.327907 -0.0152131 3.16027e-23)
(0.334295 -0.0151272 -1.62831e-23)
(0.340654 -0.0150511 1.69451e-23)
(0.346981 -0.0149846 9.60679e-25)
(0.353312 -0.0149344 -1.21699e-24)
(0.359539 -0.0148937 -2.50003e-24)
(0.366089 -0.0148841 5.20658e-24)
(0.371509 -0.0148873 -2.72698e-25)
(0.381542 -0.0148739 -2.51771e-24)
(-0.0935505 -0.00787754 4.24155e-21)
(-0.0910646 -0.00850821 -6.47471e-20)
(-0.088426 -0.0091467 3.01572e-20)
(-0.0856336 -0.00979277 4.79164e-21)
(-0.0826866 -0.010446 -4.74192e-20)
(-0.0795842 -0.011106 1.10405e-21)
(-0.0763258 -0.011772 4.73916e-20)
(-0.0729108 -0.0124434 -4.76621e-20)
(-0.0693392 -0.0131192 2.00834e-20)
(-0.0656107 -0.0137986 -4.48286e-20)
(-0.0617256 -0.0144804 8.69554e-20)
(-0.0576844 -0.0151636 7.77661e-21)
(-0.0534877 -0.015847 -7.30743e-20)
(-0.0491365 -0.0165292 2.864e-20)
(-0.044632 -0.0172089 -4.5005e-20)
(-0.0399759 -0.0178848 3.08819e-20)
(-0.0351699 -0.0185554 -2.85335e-21)
(-0.0302164 -0.0192194 3.90699e-20)
(-0.0251177 -0.0198754 -7.19472e-20)
(-0.0198768 -0.0205219 3.06986e-20)
(-0.0144969 -0.0211578 -2.51397e-20)
(-0.008983 -0.0217818 1.16201e-20)
(-0.00334576 -0.0223931 4.02079e-20)
(0.00242046 -0.0229879 -2.05545e-20)
(0.0083311 -0.0235617 2.28841e-20)
(0.0143654 -0.0241161 -2.32698e-20)
(0.0205036 -0.0246524 -1.44868e-20)
(0.0267493 -0.0251687 3.44034e-20)
(0.0330996 -0.0256638 -6.56792e-21)
(0.0395491 -0.0261366 4.5356e-21)
(0.0460925 -0.0265864 6.4211e-21)
(0.0527242 -0.0270122 -1.10011e-20)
(0.0594384 -0.0274134 -1.33002e-20)
(0.0662294 -0.0277896 1.62148e-20)
(0.0730913 -0.0281404 -2.14968e-20)
(0.0800179 -0.0284658 -6.5882e-22)
(0.0870029 -0.0287651 2.05487e-20)
(0.0940412 -0.0290348 7.85606e-21)
(0.101128 -0.0292803 -6.5339e-21)
(0.108256 -0.0295004 -1.63266e-20)
(0.115419 -0.0296947 2.41735e-20)
(0.122611 -0.0298633 -2.0162e-20)
(0.129828 -0.0300069 -4.85181e-21)
(0.137064 -0.0301258 1.90133e-20)
(0.144312 -0.0302206 -5.56993e-21)
(0.151569 -0.030292 5.56439e-21)
(0.158829 -0.0303406 -5.07961e-21)
(0.166088 -0.0303673 -5.68888e-21)
(0.17334 -0.0303728 -2.45189e-21)
(0.180581 -0.0303579 8.15365e-21)
(0.187808 -0.0303237 -5.99697e-21)
(0.195015 -0.0302709 -3.62021e-21)
(0.202199 -0.0302006 8.19087e-21)
(0.209357 -0.0301137 -6.81372e-21)
(0.216486 -0.0300113 -1.67207e-22)
(0.223581 -0.0298942 4.77099e-21)
(0.230641 -0.0297636 1.38622e-21)
(0.237662 -0.0296204 5.03189e-22)
(0.244643 -0.0294656 -1.7782e-21)
(0.25158 -0.0293002 5.12152e-22)
(0.258473 -0.0291253 -3.17718e-21)
(0.265319 -0.0289417 4.568e-21)
(0.272117 -0.0287504 -3.57238e-21)
(0.278865 -0.0285525 2.74844e-22)
(0.285563 -0.0283487 4.5961e-22)
(0.292209 -0.0281402 3.14282e-21)
(0.298803 -0.0279276 -1.07565e-21)
(0.305345 -0.027712 -2.62888e-22)
(0.311834 -0.0274941 -1.85264e-21)
(0.318269 -0.0272749 5.54372e-22)
(0.324653 -0.0270552 4.55402e-22)
(0.330983 -0.0268358 -4.16423e-23)
(0.337262 -0.0266176 -1.7213e-22)
(0.34349 -0.0264013 -8.43115e-23)
(0.349668 -0.0261878 -4.58036e-22)
(0.355796 -0.025978 3.10306e-22)
(0.361877 -0.0257728 -3.84805e-23)
(0.367912 -0.025573 4.30148e-22)
(0.373902 -0.0253796 -3.90419e-25)
(0.37985 -0.0251936 -2.06016e-22)
(0.385757 -0.0250163 -7.30889e-23)
(0.391627 -0.0248487 1.13343e-22)
(0.397462 -0.0246926 -8.93416e-23)
(0.403263 -0.0245489 -1.20721e-23)
(0.409042 -0.0244215 3.23254e-23)
(0.414778 -0.024309 -1.33926e-23)
(0.420547 -0.024222 1.94293e-25)
(0.426142 -0.0241511 -1.16431e-24)
(0.432209 -0.0241185 -2.01507e-24)
(0.4369 -0.0241187 5.27042e-24)
(0.446127 -0.0241135 -5.13827e-25)
(0.0236435 -0.0133636 1.45606e-20)
(0.0267821 -0.0142477 -1.46469e-19)
(0.0300727 -0.0151392 4.04689e-21)
(0.0335148 -0.0160377 4.91378e-20)
(0.0371074 -0.0169424 5.18729e-20)
(0.0408498 -0.0178525 4.23039e-21)
(0.0447406 -0.0187672 2.6844e-20)
(0.0487786 -0.0196851 -3.88616e-20)
(0.0529623 -0.0206052 6.5234e-21)
(0.05729 -0.0215259 2.02213e-20)
(0.0617596 -0.0224458 5.27616e-22)
(0.066369 -0.0233632 -6.24557e-20)
(0.0711158 -0.0242765 9.46311e-21)
(0.0759972 -0.025184 2.00285e-20)
(0.0810103 -0.0260837 2.66513e-21)
(0.086152 -0.0269739 6.33982e-21)
(0.0914188 -0.0278526 -2.11116e-20)
(0.096807 -0.0287182 5.24729e-20)
(0.102313 -0.0295686 -8.25488e-20)
(0.107931 -0.0304022 2.06247e-20)
(0.113659 -0.0312176 -4.46639e-20)
(0.11949 -0.0320125 1.20188e-19)
(0.125419 -0.032779 -6.95077e-20)
(0.131446 -0.0335169 -2.18831e-20)
(0.137564 -0.0342333 -3.24611e-20)
(0.143766 -0.0349232 4.26193e-20)
(0.150048 -0.0355842 -3.14454e-21)
(0.156403 -0.0362149 -2.00583e-20)
(0.162827 -0.036814 1.69034e-20)
(0.169313 -0.0373806 1.64981e-20)
(0.175856 -0.0379138 6.61744e-21)
(0.18245 -0.0384127 -5.46812e-20)
(0.189089 -0.0388769 2.88345e-20)
(0.195769 -0.039306 1.00224e-20)
(0.202483 -0.0396996 -2.46014e-21)
(0.209225 -0.0400578 -2.92925e-20)
(0.21599 -0.0403798 1.99303e-22)
(0.222774 -0.0406664 2.42598e-20)
(0.229571 -0.0409178 -9.56756e-21)
(0.236375 -0.0411344 2.21266e-20)
(0.243181 -0.0413166 3.2998e-22)
(0.249986 -0.0414652 -7.11452e-21)
(0.256783 -0.041581 1.02024e-20)
(0.263568 -0.0416647 -2.2853e-20)
(0.270338 -0.0417173 9.90327e-21)
(0.277088 -0.0417398 4.7581e-21)
(0.283815 -0.0417334 -2.80573e-21)
(0.290513 -0.0416991 -1.30608e-20)
(0.297181 -0.0416381 1.15373e-20)
(0.303815 -0.0415519 1.09762e-20)
(0.310411 -0.0414415 -7.85947e-21)
(0.316968 -0.0413085 -3.94341e-21)
(0.323481 -0.041154 -2.75692e-21)
(0.32995 -0.0409796 9.91391e-21)
(0.336372 -0.0407865 -1.08574e-20)
(0.342744 -0.0405761 2.88544e-21)
(0.349066 -0.0403499 -2.76643e-21)
(0.355335 -0.0401091 1.13395e-21)
(0.361551 -0.0398553 1.86293e-21)
(0.367713 -0.0395896 9.18698e-22)
(0.373818 -0.0393135 -5.32569e-22)
(0.379868 -0.0390282 -1.50585e-22)
(0.385861 -0.038735 9.87024e-22)
(0.391797 -0.0384352 1.93655e-21)
(0.397676 -0.03813 -1.80404e-21)
(0.403498 -0.0378207 8.28073e-22)
(0.409263 -0.0375084 -1.90626e-21)
(0.414972 -0.0371942 2.20338e-21)
(0.420625 -0.0368794 -1.47779e-21)
(0.426223 -0.0365651 -1.27828e-22)
(0.431767 -0.0362524 1.76263e-22)
(0.437259 -0.0359423 3.56111e-22)
(0.442698 -0.0356361 -1.37268e-21)
(0.448087 -0.0353348 5.36838e-22)
(0.453428 -0.0350396 7.21196e-23)
(0.458721 -0.0347515 -4.18469e-22)
(0.46397 -0.0344719 5.13677e-22)
(0.469175 -0.0342021 -1.0725e-23)
(0.47434 -0.0339432 5.76063e-23)
(0.479466 -0.0336969 -8.3747e-23)
(0.484556 -0.0334645 -1.66171e-22)
(0.489616 -0.0332486 5.45024e-23)
(0.494639 -0.0330497 -4.34244e-23)
(0.499652 -0.0328728 6.97579e-23)
(0.504601 -0.0327164 3.05501e-24)
(0.509633 -0.0325908 -1.193e-23)
(0.514394 -0.0324909 -6.85308e-25)
(0.519796 -0.0324266 -1.24511e-24)
(0.523607 -0.032415 7.81411e-25)
(0.531712 -0.0324214 -1.54402e-24)
(0.165445 -0.0189003 8.16794e-20)
(0.168852 -0.0200217 -8.55258e-20)
(0.172414 -0.0211487 1.73803e-19)
(0.176128 -0.0222805 -1.48716e-19)
(0.179991 -0.0234161 7.73572e-23)
(0.184 -0.0245545 1.0902e-19)
(0.188153 -0.0256944 4.27217e-20)
(0.192445 -0.0268343 -8.38309e-20)
(0.196873 -0.0279728 -2.31229e-20)
(0.201434 -0.029108 -6.2485e-22)
(0.206124 -0.0302381 -1.73333e-20)
(0.210938 -0.0313612 -8.57834e-21)
(0.215872 -0.0324752 7.33552e-20)
(0.220922 -0.033578 -7.30639e-20)
(0.226084 -0.0346674 2.2519e-21)
(0.231352 -0.0357411 4.87202e-20)
(0.236722 -0.0367969 1.03752e-20)
(0.242189 -0.0378326 2.32344e-20)
(0.247747 -0.0388459 -4.66427e-20)
(0.253391 -0.0398346 -6.83876e-21)
(0.259116 -0.0407967 4.06447e-20)
(0.264915 -0.0417301 1.58468e-20)
(0.270784 -0.0426319 -5.23152e-20)
(0.276717 -0.0434997 1.37872e-20)
(0.28271 -0.0443325 -3.07152e-20)
(0.288757 -0.0451287 4.26102e-20)
(0.29485 -0.0458868 -1.01469e-19)
(0.300985 -0.0466056 5.91582e-20)
(0.307156 -0.0472838 -1.69153e-20)
(0.313358 -0.0479204 4.01482e-20)
(0.319584 -0.0485144 -2.12004e-20)
(0.325829 -0.0490653 1.71723e-20)
(0.332089 -0.0495723 -6.5324e-20)
(0.338357 -0.0500352 9.01252e-20)
(0.344629 -0.0504539 -3.51653e-20)
(0.3509 -0.0508282 2.20613e-20)
(0.357165 -0.0511584 -2.40336e-20)
(0.363419 -0.0514447 1.21619e-20)
(0.369658 -0.0516877 -1.30964e-20)
(0.375878 -0.0518882 1.3409e-20)
(0.382075 -0.0520468 4.50583e-21)
(0.388244 -0.0521646 -1.99609e-20)
(0.394382 -0.0522426 -4.48543e-21)
(0.400486 -0.052282 9.47126e-21)
(0.406553 -0.052284 -7.43594e-21)
(0.412579 -0.05225 -5.69696e-21)
(0.418562 -0.0521815 1.40597e-20)
(0.424499 -0.05208 4.57398e-22)
(0.430387 -0.051947 -1.09107e-20)
(0.436225 -0.0517843 -5.68873e-21)
(0.442011 -0.0515934 1.43285e-20)
(0.447743 -0.051376 -2.62795e-21)
(0.453419 -0.0511339 -7.21674e-21)
(0.459038 -0.0508689 3.10306e-22)
(0.4646 -0.0505825 9.17707e-21)
(0.470102 -0.0502767 -1.45089e-21)
(0.475545 -0.049953 -3.252e-21)
(0.480928 -0.0496132 7.77083e-21)
(0.48625 -0.049259 -3.66465e-21)
(0.491512 -0.0488921 -3.38372e-21)
(0.496712 -0.048514 -7.3027e-22)
(0.501852 -0.0481264 -5.83595e-21)
(0.506932 -0.047731 6.41711e-21)
(0.511953 -0.0473291 -1.1313e-21)
(0.516913 -0.0469224 -1.00055e-22)
(0.521816 -0.0465123 9.20326e-22)
(0.526661 -0.0461002 7.76036e-22)
(0.531449 -0.0456877 -2.17687e-21)
(0.536182 -0.045276 1.57587e-21)
(0.54086 -0.0448665 7.27957e-22)
(0.545486 -0.0444607 -2.58144e-21)
(0.550061 -0.0440598 4.02872e-23)
(0.554586 -0.0436652 1.45542e-21)
(0.559063 -0.0432782 -3.02406e-22)
(0.563495 -0.0429002 -1.0433e-22)
(0.567882 -0.0425325 3.09306e-22)
(0.572228 -0.0421767 -2.99403e-22)
(0.576534 -0.0418342 2.56883e-23)
(0.580803 -0.0415066 1.52486e-22)
(0.585038 -0.0411957 -1.38124e-22)
(0.589238 -0.0409029 -1.03321e-22)
(0.593416 -0.0406311 1.35895e-23)
(0.597552 -0.0403812 1.75076e-22)
(0.601697 -0.0401577 -1.17721e-22)
(0.60575 -0.0399611 -4.98983e-24)
(0.609944 -0.0397967 1.54419e-24)
(0.613776 -0.0396698 -1.22113e-23)
(0.61837 -0.0395728 -3.05629e-24)
(0.621298 -0.0395408 1.58367e-24)
(0.628067 -0.039548 1.36645e-24)
(0.328627 -0.0243594 -3.79231e-20)
(0.331848 -0.0257349 -5.05961e-20)
(0.335237 -0.0271094 -4.6173e-20)
(0.338788 -0.028482 1.38988e-19)
(0.342495 -0.0298516 1.38717e-21)
(0.346352 -0.0312173 1.24838e-20)
(0.350354 -0.0325776 -7.78325e-20)
(0.354493 -0.033931 7.69641e-20)
(0.358763 -0.0352759 -4.72874e-21)
(0.36316 -0.0366103 6.98569e-21)
(0.367676 -0.0379321 -1.66806e-19)
(0.372305 -0.0392394 5.83703e-20)
(0.37704 -0.0405298 1.11699e-19)
(0.381876 -0.041801 -1.04346e-19)
(0.386805 -0.0430508 -7.12524e-20)
(0.391822 -0.0442766 3.71361e-20)
(0.39692 -0.0454762 2.76861e-20)
(0.402092 -0.046647 1.24307e-20)
(0.407332 -0.0477868 -3.055e-20)
(0.412634 -0.048893 1.2035e-19)
(0.41799 -0.0499635 -9.28982e-20)
(0.423395 -0.050996 3.94721e-20)
(0.428842 -0.0519882 -6.08866e-20)
(0.434325 -0.0529379 2.90715e-20)
(0.439839 -0.0538436 2.38087e-20)
(0.445378 -0.0547037 1.52282e-21)
(0.450934 -0.0555169 -1.36929e-20)
(0.456504 -0.0562817 -1.92072e-20)
(0.462081 -0.0569971 1.38334e-20)
(0.467661 -0.0576622 -3.7325e-20)
(0.473237 -0.0582761 3.46873e-20)
(0.478805 -0.0588385 2.53499e-21)
(0.48436 -0.0593488 -6.73137e-21)
(0.489898 -0.0598071 6.08254e-21)
(0.495415 -0.0602133 -3.88847e-20)
(0.500906 -0.0605677 -2.20325e-20)
(0.506367 -0.0608707 8.02874e-20)
(0.511795 -0.061123 -8.09404e-20)
(0.517186 -0.0613254 9.94181e-20)
(0.522538 -0.0614789 -3.17437e-20)
(0.527848 -0.0615845 2.24615e-20)
(0.533112 -0.0616437 -6.52747e-20)
(0.538328 -0.0616577 -1.83407e-21)
(0.543494 -0.0616282 1.36049e-20)
(0.548609 -0.0615566 7.52418e-21)
(0.553669 -0.0614449 4.34535e-23)
(0.558674 -0.0612946 2.35633e-20)
(0.563623 -0.0611078 -2.27374e-20)
(0.568513 -0.0608862 1.39944e-20)
(0.573345 -0.060632 1.34375e-21)
(0.578116 -0.0603471 -1.26071e-21)
(0.582827 -0.0600336 -1.67919e-20)
(0.587478 -0.0596934 9.41736e-21)
(0.592067 -0.0593286 4.5344e-21)
(0.596594 -0.0589413 5.81065e-21)
(0.601061 -0.0585335 -8.05502e-21)
(0.605466 -0.0581072 -1.36074e-20)
(0.609811 -0.0576643 3.54876e-21)
(0.614095 -0.057207 9.35428e-21)
(0.618319 -0.056737 -4.71017e-21)
(0.622484 -0.0562563 2.08677e-23)
(0.626591 -0.0557668 3.37498e-21)
(0.630641 -0.0552701 -1.74139e-21)
(0.634634 -0.0547682 -2.02734e-21)
(0.638571 -0.0542628 5.28696e-21)
(0.642455 -0.0537554 -4.26809e-21)
(0.646285 -0.0532479 2.92939e-21)
(0.650065 -0.0527417 -6.47082e-22)
(0.653794 -0.0522386 -1.92878e-21)
(0.657475 -0.05174 1.70345e-22)
(0.661109 -0.0512474 -5.33572e-22)
(0.664699 -0.0507624 1.26661e-21)
(0.668245 -0.0502866 1.0167e-21)
(0.67175 -0.0498213 -2.44263e-22)
(0.675215 -0.0493682 -7.49393e-22)
(0.678644 -0.0489288 -1.27924e-21)
(0.682037 -0.0485047 1.38419e-21)
(0.685398 -0.0480975 -6.40956e-22)
(0.688727 -0.0477089 2.23262e-22)
(0.69203 -0.0473409 1.07434e-22)
(0.695302 -0.0469953 1.82301e-22)
(0.698562 -0.0466744 -2.71019e-22)
(0.701776 -0.0463804 3.23852e-23)
(0.705021 -0.0461154 4.7496e-23)
(0.70815 -0.0458844 -1.06569e-23)
(0.711464 -0.0456846 -4.04983e-24)
(0.714369 -0.0455328 2.22016e-23)
(0.718063 -0.0454072 -1.77243e-23)
(0.720193 -0.045352 1.23484e-24)
(0.725532 -0.0453464 -1.5496e-24)
(0.508745 -0.0305145 -2.59338e-19)
(0.511404 -0.0321456 3.48172e-19)
(0.514243 -0.0337647 -3.433e-19)
(0.517253 -0.0353707 1.76679e-19)
(0.520423 -0.0369626 -2.10543e-19)
(0.523744 -0.0385392 8.67803e-20)
(0.527207 -0.0400991 2.02923e-19)
(0.530803 -0.0416406 8.78301e-21)
(0.534523 -0.0431616 -3.44519e-20)
(0.538357 -0.0446604 -2.63647e-19)
(0.542298 -0.0461347 8.26599e-20)
(0.546337 -0.0475823 1.52967e-19)
(0.550465 -0.0490009 -1.30624e-19)
(0.554673 -0.0503881 9.82955e-20)
(0.558954 -0.0517416 -9.67816e-20)
(0.5633 -0.053059 1.17539e-19)
(0.567703 -0.0543379 -9.51232e-20)
(0.572155 -0.0555759 -4.96981e-20)
(0.576649 -0.0567708 3.77492e-20)
(0.581177 -0.0579203 9.63162e-21)
(0.585734 -0.0590224 -7.4398e-22)
(0.590311 -0.060075 -5.51254e-20)
(0.594904 -0.0610763 7.09318e-20)
(0.599505 -0.0620245 1.04592e-21)
(0.604109 -0.0629183 8.68174e-21)
(0.608711 -0.0637564 -9.62223e-21)
(0.613304 -0.0645376 -1.36135e-20)
(0.617885 -0.0652612 2.6188e-20)
(0.622447 -0.0659265 -2.94986e-20)
(0.626988 -0.066533 -5.12669e-21)
(0.631502 -0.0670806 7.65776e-21)
(0.635986 -0.0675691 3.12888e-20)
(0.640437 -0.0679988 8.62055e-21)
(0.644851 -0.0683701 -3.97508e-20)
(0.649224 -0.0686834 5.45351e-20)
(0.653556 -0.0689396 -1.53086e-20)
(0.657842 -0.0691397 7.81982e-21)
(0.662081 -0.0692848 -5.27338e-20)
(0.666271 -0.0693763 -6.14046e-21)
(0.67041 -0.0694155 4.0117e-20)
(0.674497 -0.0694041 1.98283e-20)
(0.678531 -0.0693439 7.12156e-21)
(0.68251 -0.0692367 -2.96401e-20)
(0.686434 -0.0690845 -2.1004e-22)
(0.690302 -0.0688892 -1.56041e-20)
(0.694113 -0.068653 -1.37998e-20)
(0.697868 -0.0683781 3.0211e-21)
(0.701565 -0.0680667 4.58977e-20)
(0.705206 -0.0677211 -7.64017e-21)
(0.708791 -0.0673435 -3.97798e-20)
(0.712319 -0.0669363 2.93586e-20)
(0.715791 -0.0665017 -9.20529e-21)
(0.719207 -0.0660421 1.25556e-20)
(0.722569 -0.0655597 -1.12106e-20)
(0.725876 -0.0650568 2.4665e-21)
(0.72913 -0.0645356 1.26399e-20)
(0.732331 -0.0639984 -1.68357e-20)
(0.735481 -0.0634473 6.87729e-21)
(0.738581 -0.0628845 4.05843e-21)
(0.741631 -0.0623119 -6.33164e-21)
(0.744632 -0.0617317 5.88759e-22)
(0.747587 -0.0611459 -5.81055e-22)
(0.750496 -0.0605563 7.95607e-21)
(0.75336 -0.0599649 -5.09892e-21)
(0.756182 -0.0593734 -6.11949e-21)
(0.758962 -0.0587838 1.02035e-20)
(0.761702 -0.0581977 -6.85573e-21)
(0.764403 -0.0576169 -2.69163e-21)
(0.767067 -0.057043 6.79784e-21)
(0.769696 -0.0564777 -2.07281e-21)
(0.772291 -0.0559227 -6.91901e-22)
(0.774854 -0.0553796 2.05651e-21)
(0.777387 -0.0548499 -1.96103e-21)
(0.779891 -0.0543354 6.07471e-22)
(0.782368 -0.0538376 1.86383e-22)
(0.78482 -0.0533583 -1.62248e-22)
(0.787251 -0.0528992 -4.42338e-22)
(0.789657 -0.0524622 4.30595e-22)
(0.792049 -0.0520489 -2.42114e-22)
(0.794414 -0.0516619 4.88573e-22)
(0.796782 -0.0513021 1.70099e-22)
(0.799102 -0.0509741 1.07288e-22)
(0.801471 -0.0506762 -2.30978e-22)
(0.803718 -0.0504186 1.31677e-22)
(0.806164 -0.0501909 -3.50149e-23)
(0.808217 -0.0500182 4.74099e-23)
(0.810981 -0.0498708 2.73517e-24)
(0.812438 -0.0497954 -6.33036e-24)
(0.816363 -0.04977 5.8545e-25)
(0.691049 -0.0351088 -1.2219e-19)
(0.692661 -0.0370284 1.59061e-19)
(0.694458 -0.0389174 -4.00465e-19)
(0.696427 -0.0407753 4.5679e-19)
(0.698556 -0.0426012 -1.84144e-19)
(0.700831 -0.044394 -9.0536e-20)
(0.703242 -0.0461523 1.66579e-19)
(0.705777 -0.0478749 -2.38393e-19)
(0.708424 -0.0495601 3.94143e-19)
(0.711174 -0.0512062 -3.48288e-19)
(0.714015 -0.0528116 7.81364e-20)
(0.716939 -0.0543744 9.17454e-20)
(0.719935 -0.0558926 -1.4048e-19)
(0.722994 -0.0573643 -3.09126e-20)
(0.726107 -0.0587876 9.46053e-20)
(0.729265 -0.0601606 -1.50232e-19)
(0.732462 -0.0614813 2.54252e-19)
(0.735688 -0.0627479 -1.37517e-19)
(0.738937 -0.0639586 2.46979e-20)
(0.742202 -0.0651118 5.72341e-20)
(0.745477 -0.0662058 -8.00484e-20)
(0.748755 -0.0672393 -7.47722e-22)
(0.75203 -0.068211 7.49875e-20)
(0.755298 -0.0691199 -3.58769e-20)
(0.758553 -0.069965 -3.6769e-20)
(0.761792 -0.0707457 2.25607e-20)
(0.765009 -0.0714615 4.60477e-20)
(0.768201 -0.0721123 2.2878e-20)
(0.771365 -0.0726979 -2.16775e-20)
(0.774497 -0.0732186 -7.05482e-20)
(0.777595 -0.0736746 1.01124e-19)
(0.780657 -0.0740667 -6.46825e-20)
(0.783681 -0.0743954 4.91441e-20)
(0.786664 -0.0746619 -8.90666e-20)
(0.789605 -0.0748671 1.88301e-21)
(0.792503 -0.0750125 -8.4989e-21)
(0.795357 -0.0750996 9.67148e-20)
(0.798166 -0.0751299 -3.48038e-20)
(0.80093 -0.0751053 3.52788e-20)
(0.803647 -0.0750278 -1.22035e-20)
(0.806319 -0.0748993 -6.18066e-20)
(0.808945 -0.074722 3.87368e-20)
(0.811524 -0.0744981 4.78283e-21)
(0.814058 -0.0742299 -3.71633e-20)
(0.816547 -0.0739197 1.11325e-20)
(0.818991 -0.07357 2.87598e-20)
(0.821391 -0.0731832 -3.82631e-20)
(0.823747 -0.0727618 2.61306e-20)
(0.82606 -0.0723083 1.76608e-20)
(0.828331 -0.071825 -3.00512e-20)
(0.830562 -0.0713147 1.31814e-20)
(0.832752 -0.0707796 7.44963e-21)
(0.834903 -0.0702223 1.60511e-21)
(0.837015 -0.0696451 -7.72913e-21)
(0.839091 -0.0690505 2.73278e-21)
(0.841131 -0.0684407 -1.09696e-20)
(0.843135 -0.0678181 6.81605e-21)
(0.845106 -0.0671849 -3.75184e-21)
(0.847044 -0.0665434 6.91255e-21)
(0.848951 -0.0658956 -3.72266e-21)
(0.850828 -0.0652436 -2.32409e-21)
(0.852675 -0.0645895 7.97064e-21)
(0.854495 -0.0639352 -8.94359e-21)
(0.856288 -0.0632827 3.05153e-21)
(0.858055 -0.0626338 3.20591e-21)
(0.859798 -0.0619905 -3.60703e-21)
(0.861519 -0.0613544 -4.38151e-23)
(0.863218 -0.0607274 -1.24744e-22)
(0.864896 -0.0601111 -2.45564e-21)
(0.866555 -0.0595074 4.85963e-21)
(0.868197 -0.0589178 -1.98878e-21)
(0.869822 -0.058344 5.50674e-22)
(0.871432 -0.0577878 -1.40084e-21)
(0.873029 -0.0572507 -8.14217e-22)
(0.874612 -0.0567348 8.81593e-22)
(0.876186 -0.0562414 8.25676e-22)
(0.877747 -0.0557728 -1.33716e-21)
(0.879305 -0.0553302 8.20899e-22)
(0.880845 -0.0549168 -8.52478e-22)
(0.882397 -0.0545324 6.0402e-22)
(0.883912 -0.0541832 8.82634e-23)
(0.885479 -0.0538647 -2.32836e-22)
(0.886942 -0.0535904 1.89372e-22)
(0.888581 -0.0533456 -4.5767e-23)
(0.889904 -0.0531587 9.51828e-24)
(0.891778 -0.0529978 -3.48572e-23)
(0.892694 -0.0529083 -1.3482e-23)
(0.895324 -0.0528658 2.49769e-25)
(0.860701 -0.035456 -9.39174e-20)
(0.860814 -0.0376522 -9.84578e-21)
(0.86111 -0.0397988 -1.0128e-20)
(0.861574 -0.041897 -3.32671e-19)
(0.862193 -0.0439469 7.42387e-20)
(0.862954 -0.0459483 2.56445e-20)
(0.863846 -0.0479007 3.71077e-19)
(0.864855 -0.0498034 -5.05288e-20)
(0.865972 -0.0516553 -1.05076e-19)
(0.867184 -0.0534554 1.20254e-19)
(0.868481 -0.0552024 -8.57629e-20)
(0.869854 -0.056895 -8.5037e-20)
(0.871293 -0.0585317 -7.06541e-20)
(0.87279 -0.0601111 1.3298e-19)
(0.874335 -0.0616318 -2.81439e-19)
(0.875921 -0.0630922 2.68675e-19)
(0.877541 -0.0644909 6.38984e-21)
(0.879188 -0.0658266 -1.87713e-19)
(0.880855 -0.067098 -7.56477e-20)
(0.882536 -0.0683038 2.29388e-19)
(0.884225 -0.069443 -3.79037e-20)
(0.885918 -0.0705146 -1.11818e-19)
(0.887611 -0.0715178 1.32511e-19)
(0.889298 -0.0724519 -1.63919e-20)
(0.890976 -0.0733166 -1.35258e-20)
(0.892641 -0.0741114 3.41713e-20)
(0.894292 -0.0748365 -3.07927e-20)
(0.895924 -0.0754918 1.17411e-20)
(0.897536 -0.0760776 5.48722e-20)
(0.899125 -0.0765944 -6.17108e-20)
(0.900691 -0.0770429 2.65664e-20)
(0.902231 -0.0774238 -1.58837e-20)
(0.903745 -0.0777384 5.48303e-20)
(0.905233 -0.0779877 -2.79016e-21)
(0.906692 -0.0781732 -4.46907e-22)
(0.908123 -0.0782963 -8.40547e-20)
(0.909526 -0.0783589 3.9245e-21)
(0.910901 -0.0783629 2.05039e-20)
(0.912248 -0.0783102 -2.91158e-20)
(0.913567 -0.0782029 3.31832e-20)
(0.914859 -0.0780433 -1.32342e-21)
(0.916123 -0.0778337 1.73436e-20)
(0.917362 -0.0775764 1.87321e-20)
(0.918575 -0.077274 -2.52761e-20)
(0.919763 -0.0769288 -2.02906e-20)
(0.920927 -0.0765434 -1.72236e-20)
(0.922068 -0.0761204 4.9212e-20)
(0.923187 -0.0756623 -1.97079e-20)
(0.924284 -0.0751718 1.82399e-22)
(0.925361 -0.0746515 -3.52012e-20)
(0.926418 -0.0741039 3.33389e-20)
(0.927456 -0.0735315 -5.82711e-22)
(0.928477 -0.0729369 -2.67938e-20)
(0.92948 -0.0723227 4.27918e-20)
(0.930468 -0.0716912 -2.54572e-20)
(0.931441 -0.0710449 5.34985e-21)
(0.932399 -0.0703861 -6.06296e-21)
(0.933344 -0.0697172 5.19053e-21)
(0.934276 -0.0690404 5.50551e-21)
(0.935197 -0.068358 2.01181e-21)
(0.936107 -0.0676721 -5.46587e-21)
(0.937008 -0.0669848 -3.89861e-21)
(0.937899 -0.0662981 2.14378e-21)
(0.938781 -0.065614 4.2406e-21)
(0.939657 -0.0649346 2.56009e-21)
(0.940525 -0.0642616 -2.78641e-21)
(0.941388 -0.063597 4.11527e-21)
(0.942245 -0.0629426 -9.7184e-21)
(0.943098 -0.0623001 7.04147e-21)
(0.943948 -0.0616713 -4.72415e-21)
(0.944794 -0.061058 1.96299e-21)
(0.945638 -0.0604619 1.33083e-21)
(0.946481 -0.0598847 -8.29697e-22)
(0.947324 -0.0593281 5.59265e-22)
(0.948165 -0.0587941 -1.15012e-21)
(0.949009 -0.0582839 -1.0159e-21)
(0.949852 -0.0578003 1.05888e-21)
(0.950701 -0.0573436 -3.62756e-22)
(0.951544 -0.0569182 7.60449e-23)
(0.952404 -0.0565222 1.95575e-22)
(0.953242 -0.0561634 -4.25542e-24)
(0.954126 -0.0558354 1.404e-22)
(0.954941 -0.0555532 -1.2412e-22)
(0.955882 -0.0553003 8.2036e-23)
(0.956618 -0.0551056 5.80715e-23)
(0.957709 -0.0549371 6.09695e-23)
(0.95821 -0.0548384 -1.28872e-23)
(0.959731 -0.0547811 -4.47346e-24)
(1.00481 -0.0357258 1.27807e-19)
(1.00356 -0.0382309 -3.35874e-19)
(1.00247 -0.0406631 2.23629e-19)
(1.00151 -0.0430237 -1.04479e-19)
(1.00068 -0.0453137 1.92632e-19)
(0.999968 -0.0475337 -3.61212e-19)
(0.999364 -0.0496843 3.92839e-19)
(0.998858 -0.0517656 -2.91473e-19)
(0.998442 -0.0537775 2.35462e-19)
(0.998107 -0.0557198 -1.46035e-19)
(0.997846 -0.0575921 -9.10319e-20)
(0.99765 -0.0593938 2.64824e-19)
(0.997512 -0.0611242 -2.55005e-19)
(0.997425 -0.0627828 -1.5542e-19)
(0.997383 -0.0643686 2.4021e-19)
(0.99738 -0.0658811 -1.0477e-21)
(0.99741 -0.0673196 8.79113e-20)
(0.997469 -0.0686832 -6.37728e-20)
(0.997551 -0.0699715 8.06976e-20)
(0.997652 -0.071184 -1.74108e-19)
(0.997769 -0.0723201 -9.50842e-20)
(0.997897 -0.0733797 8.46897e-20)
(0.998035 -0.0743627 8.34831e-20)
(0.998178 -0.0752689 9.51216e-20)
(0.998325 -0.0760988 -7.12842e-20)
(0.998474 -0.0768525 -6.56925e-21)
(0.998623 -0.0775306 -4.6219e-20)
(0.99877 -0.0781337 -4.75065e-20)
(0.998914 -0.0786628 8.73914e-20)
(0.999054 -0.0791187 6.78906e-23)
(0.99919 -0.0795028 -4.79241e-20)
(0.99932 -0.0798164 1.66626e-20)
(0.999446 -0.080061 -3.34764e-20)
(0.999565 -0.0802384 1.34782e-20)
(0.99968 -0.0803503 3.76149e-20)
(0.999788 -0.0803989 -2.44187e-20)
(0.999892 -0.0803862 -2.80916e-20)
(0.99999 -0.0803145 2.60949e-20)
(1.00008 -0.0801861 4.29954e-20)
(1.00017 -0.0800034 -6.88659e-20)
(1.00026 -0.079769 3.49645e-20)
(1.00034 -0.0794853 -3.04097e-20)
(1.00042 -0.0791551 5.23327e-20)
(1.0005 -0.078781 -5.02819e-20)
(1.00058 -0.0783657 2.81627e-20)
(1.00066 -0.077912 1.82463e-20)
(1.00074 -0.0774226 -1.79656e-21)
(1.00082 -0.0769003 3.17497e-21)
(1.0009 -0.0763477 5.9471e-21)
(1.00098 -0.0757677 -2.2633e-20)
(1.00107 -0.0751628 2.51335e-20)
(1.00116 -0.0745357 -4.09159e-20)
(1.00125 -0.0738891 -2.73092e-21)
(1.00135 -0.0732255 3.379e-21)
(1.00145 -0.0725474 2.50489e-20)
(1.00156 -0.0718574 -5.65797e-21)
(1.00167 -0.0711577 -1.0688e-20)
(1.00179 -0.0704508 2.0914e-20)
(1.00192 -0.069739 -1.05833e-20)
(1.00205 -0.0690245 -3.7278e-21)
(1.00219 -0.0683095 -3.39075e-21)
(1.00234 -0.067596 5.8708e-21)
(1.0025 -0.0668862 -7.14437e-21)
(1.00266 -0.066182 4.48313e-21)
(1.00284 -0.0654855 -3.00258e-21)
(1.00302 -0.0647984 1.84127e-21)
(1.00321 -0.0641227 8.03264e-22)
(1.00341 -0.0634602 2.32932e-21)
(1.00362 -0.0628127 -7.67075e-21)
(1.00384 -0.062182 6.4701e-21)
(1.00407 -0.0615698 -3.17333e-21)
(1.00431 -0.0609779 1.5248e-21)
(1.00456 -0.0604077 -2.22988e-21)
(1.00481 -0.0598616 1.27471e-21)
(1.00508 -0.0593405 8.7127e-23)
(1.00536 -0.0588472 -1.39821e-21)
(1.00566 -0.0583819 1.9123e-21)
(1.00595 -0.057949 -9.42091e-22)
(1.00627 -0.0575463 -3.26491e-22)
(1.00658 -0.0571818 -1.81158e-22)
(1.00692 -0.0568483 9.13681e-22)
(1.00724 -0.0565609 -2.26874e-22)
(1.00762 -0.0563032 -1.56304e-22)
(1.00791 -0.0561024 1.80783e-22)
(1.00836 -0.0559274 -3.02845e-24)
(1.00857 -0.0558219 -3.04852e-24)
(1.00919 -0.0557465 -2.56622e-24)
(1.12258 -0.0279274 0)
(1.12033 -0.0305968 0)
(1.11818 -0.0331873 0)
(1.11613 -0.0357 0)
(1.11417 -0.0381356 0)
(1.11229 -0.0404948 0)
(1.11049 -0.0427781 0)
(1.10876 -0.0449859 0)
(1.1071 -0.0471185 0)
(1.10551 -0.0491759 0)
(1.10397 -0.0511582 0)
(1.10248 -0.0530653 0)
(1.10105 -0.0548972 0)
(1.09966 -0.0566536 0)
(1.09831 -0.0583344 0)
(1.09699 -0.0599395 0)
(1.09571 -0.0614685 0)
(1.09446 -0.0629215 0)
(1.09324 -0.0642982 0)
(1.09204 -0.0655986 0)
(1.09087 -0.0668228 0)
(1.08971 -0.0679708 0)
(1.08858 -0.0690428 0)
(1.08746 -0.0700393 0)
(1.08635 -0.0709606 0)
(1.08526 -0.0718072 0)
(1.08419 -0.0725799 0)
(1.08313 -0.0732794 0)
(1.08208 -0.0739068 0)
(1.08104 -0.0744631 0)
(1.08002 -0.0749495 0)
(1.079 -0.0753674 0)
(1.078 -0.0757182 0)
(1.07701 -0.0760037 0)
(1.07604 -0.0762255 0)
(1.07507 -0.0763855 0)
(1.07412 -0.0764856 0)
(1.07318 -0.0765279 0)
(1.07226 -0.0765144 0)
(1.07135 -0.0764474 0)
(1.07045 -0.0763292 0)
(1.06957 -0.0761621 0)
(1.06871 -0.0759486 0)
(1.06786 -0.0756911 0)
(1.06703 -0.0753921 0)
(1.06622 -0.0750541 0)
(1.06543 -0.0746796 0)
(1.06465 -0.0742712 0)
(1.06389 -0.0738315 0)
(1.06315 -0.073363 0)
(1.06243 -0.0728681 0)
(1.06174 -0.0723494 0)
(1.06106 -0.0718094 0)
(1.0604 -0.0712506 0)
(1.05976 -0.0706752 0)
(1.05914 -0.0700858 0)
(1.05854 -0.0694846 3.17288e-28)
(1.05796 -0.0688739 -3.17287e-28)
(1.05741 -0.068256 0)
(1.05687 -0.067633 0)
(1.05636 -0.067007 0)
(1.05586 -0.0663802 0)
(1.05539 -0.0657547 0)
(1.05494 -0.0651323 0)
(1.0545 -0.0645151 0)
(1.05409 -0.063905 0)
(1.0537 -0.0633039 0)
(1.05332 -0.0627135 0)
(1.05297 -0.0621357 0)
(1.05264 -0.0615724 0)
(1.05232 -0.0610252 0)
(1.05202 -0.0604959 0)
(1.05174 -0.0599861 0)
(1.05148 -0.059498 0)
(1.05124 -0.0590324 0)
(1.05101 -0.0585924 0)
(1.0508 -0.0581779 0)
(1.05061 -0.0577931 0)
(1.05043 -0.0574363 0)
(1.05027 -0.0571142 0)
(1.05011 -0.0568214 0)
(1.04998 -0.0565698 0)
(1.04983 -0.0563471 0)
(1.04973 -0.0561738 0)
(1.04958 -0.056028 0)
(1.04953 -0.0559396 0)
(1.04933 -0.0558834 0)
(1.20047 -0.0257211 0)
(1.19806 -0.0284917 0)
(1.19567 -0.0311796 0)
(1.19332 -0.0337854 0)
(1.191 -0.0363096 0)
(1.18871 -0.0387525 0)
(1.18644 -0.0411144 0)
(1.1842 -0.0433955 0)
(1.18198 -0.0455959 0)
(1.17979 -0.0477158 0)
(1.17762 -0.0497551 0)
(1.17547 -0.0517138 0)
(1.17334 -0.0535919 0)
(1.17123 -0.0553894 0)
(1.16913 -0.0571062 0)
(1.16706 -0.0587423 0)
(1.165 -0.0602978 0)
(1.16296 -0.0617727 0)
(1.16093 -0.0631672 0)
(1.15892 -0.0644816 0)
(1.15692 -0.0657161 0)
(1.15494 -0.0668712 0)
(1.15297 -0.0679473 0)
(1.15102 -0.0689452 0)
(1.14908 -0.0698654 0)
(1.14716 -0.070709 0)
(1.14525 -0.0714769 0)
(1.14336 -0.0721702 0)
(1.14149 -0.0727902 0)
(1.13963 -0.0733381 0)
(1.13779 -0.0738155 0)
(1.13597 -0.0742241 0)
(1.13417 -0.0745654 0)
(1.13239 -0.0748414 0)
(1.13064 -0.075054 0)
(1.1289 -0.0752052 0)
(1.12719 -0.075297 0)
(1.1255 -0.0753318 0)
(1.12384 -0.0753118 0)
(1.1222 -0.0752392 0)
(1.12059 -0.0751166 0)
(1.119 -0.0749463 0)
(1.11744 -0.0747309 0)
(1.11591 -0.0744728 0)
(1.11441 -0.0741746 0)
(1.11294 -0.0738388 0)
(1.1115 -0.0734679 0)
(1.11009 -0.0730646 0)
(1.10871 -0.0726313 0)
(1.10736 -0.0721706 0)
(1.10604 -0.071685 0)
(1.10475 -0.0711769 0)
(1.1035 -0.0706488 0)
(1.10227 -0.070103 0)
(1.10108 -0.069542 0)
(1.09992 -0.068968 0)
(1.09879 -0.0683833 1.02474e-27)
(1.09769 -0.0677902 -1.02474e-27)
(1.09662 -0.0671907 0)
(1.09558 -0.0665871 0)
(1.09457 -0.0659814 0)
(1.0936 -0.0653756 0)
(1.09265 -0.0647717 0)
(1.09173 -0.0641716 0)
(1.09084 -0.0635772 0)
(1.08998 -0.0629904 0)
(1.08914 -0.0624129 0)
(1.08834 -0.0618464 0)
(1.08756 -0.0612928 0)
(1.08681 -0.0607537 0)
(1.08608 -0.0602308 0)
(1.08537 -0.0597258 0)
(1.08469 -0.05924 0)
(1.08404 -0.0587755 0)
(1.0834 -0.0583333 0)
(1.08279 -0.0579158 0)
(1.0822 -0.0575234 0)
(1.08163 -0.0571593 0)
(1.08106 -0.0568225 0)
(1.08054 -0.0565182 0)
(1.08 -0.0562426 0)
(1.07953 -0.0560048 0)
(1.07897 -0.0557953 0)
(1.07858 -0.0556303 0)
(1.07796 -0.0554915 0)
(1.07771 -0.0554052 0)
(1.07688 -0.0553429 0)
(1.2353 -0.0208808 0)
(1.23322 -0.023673 0)
(1.23112 -0.0263822 0)
(1.229 -0.0290087 0)
(1.22686 -0.0315528 0)
(1.22471 -0.0340148 0)
(1.22254 -0.0363951 0)
(1.22035 -0.0386938 0)
(1.21815 -0.0409112 0)
(1.21594 -0.0430473 0)
(1.21371 -0.0451024 0)
(1.21148 -0.0470765 0)
(1.20924 -0.0489699 0)
(1.20699 -0.0507826 0)
(1.20474 -0.0525148 0)
(1.20247 -0.0541668 0)
(1.20021 -0.0557387 0)
(1.19794 -0.0572308 0)
(1.19567 -0.0586436 0)
(1.1934 -0.0599775 0)
(1.19113 -0.0612329 0)
(1.18886 -0.0624104 0)
(1.1866 -0.0635108 0)
(1.18434 -0.0645348 0)
(1.18209 -0.0654833 0)
(1.17985 -0.0663573 0)
(1.17761 -0.0671579 0)
(1.17539 -0.0678862 0)
(1.17318 -0.0685436 0)
(1.17098 -0.0691314 0)
(1.1688 -0.0696512 0)
(1.16664 -0.0701045 0)
(1.16449 -0.0704932 0)
(1.16237 -0.0708188 0)
(1.16026 -0.0710834 0)
(1.15818 -0.0712888 0)
(1.15612 -0.0714372 0)
(1.15409 -0.0715305 0)
(1.15209 -0.071571 0)
(1.15011 -0.0715608 0)
(1.14816 -0.0715023 0)
(1.14624 -0.0713977 0)
(1.14436 -0.0712493 0)
(1.1425 -0.0710595 0)
(1.14068 -0.0708307 -5.73594e-28)
(1.13888 -0.0705652 5.73594e-28)
(1.13713 -0.0702655 0)
(1.1354 -0.0699339 0)
(1.13371 -0.0695728 0)
(1.13206 -0.0691846 0)
(1.13044 -0.0687716 0)
(1.12885 -0.0683361 0)
(1.1273 -0.0678805 0)
(1.12579 -0.067407 0)
(1.12431 -0.0669178 0)
(1.12287 -0.0664151 0)
(1.12146 -0.0659011 3.36879e-28)
(1.12009 -0.065378 -3.36879e-28)
(1.11875 -0.0648476 0)
(1.11744 -0.0643122 0)
(1.11617 -0.0637737 0)
(1.11494 -0.063234 0)
(1.11373 -0.062695 0)
(1.11256 -0.0621585 0)
(1.11142 -0.0616265 0)
(1.11031 -0.0611006 0)
(1.10924 -0.0605826 0)
(1.10819 -0.0600742 0)
(1.10717 -0.059577 0)
(1.10618 -0.0590927 0)
(1.10522 -0.0586229 0)
(1.10429 -0.0581691 0)
(1.10338 -0.0577329 0)
(1.1025 -0.0573159 0)
(1.10163 -0.0569192 0)
(1.1008 -0.056545 0)
(1.09998 -0.0561937 0)
(1.09919 -0.0558681 0)
(1.0984 -0.0555676 0)
(1.09767 -0.0552962 0)
(1.09689 -0.0550516 0)
(1.09622 -0.0548401 0)
(1.09541 -0.0546556 0)
(1.09484 -0.0545091 0)
(1.09393 -0.0543885 0)
(1.09357 -0.0543119 0)
(1.09235 -0.0542596 0)
(1.24624 -0.0179191 0)
(1.24453 -0.0206203 0)
(1.24277 -0.0232439 0)
(1.24096 -0.02579 0)
(1.23911 -0.0282587 0)
(1.23722 -0.0306503 0)
(1.23529 -0.0329648 0)
(1.23332 -0.0352023 0)
(1.23132 -0.0373627 0)
(1.22929 -0.039446 0)
(1.22722 -0.0414524 0)
(1.22513 -0.0433818 0)
(1.22301 -0.0452342 0)
(1.22086 -0.0470099 0)
(1.21869 -0.0487088 0)
(1.21651 -0.0503311 0)
(1.2143 -0.0518771 0)
(1.21208 -0.053347 0)
(1.20984 -0.0547412 0)
(1.20759 -0.05606 0)
(1.20533 -0.057304 0)
(1.20306 -0.0584738 0)
(1.20079 -0.0595699 0)
(1.19851 -0.0605932 0)
(1.19624 -0.0615445 0)
(1.19396 -0.0624247 0)
(1.19168 -0.0632349 0)
(1.18941 -0.0639763 0)
(1.18715 -0.06465 0)
(1.18489 -0.0652573 0)
(1.18265 -0.0657998 0)
(1.18042 -0.066279 0)
(1.1782 -0.0666963 0)
(1.176 -0.0670535 0)
(1.17381 -0.0673525 0)
(1.17165 -0.0675949 0)
(1.16951 -0.0677827 0)
(1.16739 -0.067918 0)
(1.16529 -0.0680026 0)
(1.16322 -0.0680386 0)
(1.16118 -0.0680283 0)
(1.15916 -0.0679737 0)
(1.15717 -0.067877 0)
(1.15521 -0.0677404 0)
(1.15329 -0.0675661 5.76342e-28)
(1.15139 -0.0673565 -5.76342e-28)
(1.14953 -0.0671136 0)
(1.1477 -0.0668398 0)
(1.1459 -0.0665373 0)
(1.14414 -0.0662083 0)
(1.14241 -0.0658551 0)
(1.14071 -0.0654797 0)
(1.13906 -0.0650844 0)
(1.13743 -0.0646714 0)
(1.13584 -0.0642427 0)
(1.13429 -0.0638004 0)
(1.13277 -0.0633465 0)
(1.13128 -0.0628831 0)
(1.12983 -0.0624122 0)
(1.12841 -0.0619356 0)
(1.12703 -0.0614552 0)
(1.12568 -0.0609729 0)
(1.12436 -0.0604905 0)
(1.12307 -0.0600098 0)
(1.12182 -0.0595325 0)
(1.1206 -0.0590603 0)
(1.1194 -0.0585948 0)
(1.11824 -0.0581376 0)
(1.11711 -0.0576904 0)
(1.116 -0.0572547 0)
(1.11492 -0.0568319 0)
(1.11387 -0.0564236 0)
(1.11284 -0.0560311 0)
(1.11184 -0.0556561 0)
(1.11086 -0.0552995 0)
(1.10991 -0.0549632 0)
(1.10896 -0.0546479 0)
(1.10806 -0.0543557 0)
(1.10714 -0.0540865 0)
(1.10629 -0.0538434 0)
(1.10537 -0.0536248 0)
(1.10459 -0.0534354 0)
(1.10364 -0.0532711 0)
(1.10297 -0.0531401 0)
(1.10189 -0.053033 0)
(1.10146 -0.0529646 0)
(1.10001 -0.0529171 0)
(1.2463 -0.015186 0)
(1.24486 -0.0177916 0)
(1.24337 -0.0203236 0)
(1.24181 -0.0227822 0)
(1.24021 -0.0251673 0)
(1.23855 -0.027479 0)
(1.23685 -0.0297173 0)
(1.23509 -0.0318823 0)
(1.2333 -0.0339738 0)
(1.23146 -0.0359921 0)
(1.22958 -0.0379369 0)
(1.22767 -0.0398086 0)
(1.22572 -0.041607 0)
(1.22373 -0.0433323 0)
(1.22172 -0.0449848 0)
(1.21968 -0.0465645 0)
(1.21761 -0.0480716 0)
(1.21552 -0.0495067 0)
(1.21341 -0.0508698 0)
(1.21128 -0.0521616 0)
(1.20913 -0.0533825 0)
(1.20697 -0.0545332 0)
(1.20479 -0.0556141 0)
(1.20261 -0.0566262 0)
(1.20042 -0.0575702 0)
(1.19822 -0.0584471 0)
(1.19603 -0.0592579 0)
(1.19383 -0.0600035 0)
(1.19163 -0.0606853 0)
(1.18944 -0.0613045 0)
(1.18725 -0.0618624 0)
(1.18507 -0.0623604 0)
(1.18291 -0.0628 0)
(1.18075 -0.0631829 0)
(1.17861 -0.0635106 0)
(1.17648 -0.0637848 0)
(1.17437 -0.0640074 0)
(1.17228 -0.0641801 0)
(1.17021 -0.0643048 0)
(1.16816 -0.0643835 0)
(1.16613 -0.064418 0)
(1.16413 -0.0644104 0)
(1.16215 -0.0643627 0)
(1.1602 -0.0642769 0)
(1.15828 -0.0641551 1.92862e-11)
(1.15639 -0.0639993 -1.92862e-11)
(1.15452 -0.0638117 0)
(1.15269 -0.0635943 0)
(1.15088 -0.0633491 0)
(1.14911 -0.0630783 0)
(1.14737 -0.0627839 0)
(1.14566 -0.062468 0)
(1.14398 -0.0621325 0)
(1.14233 -0.0617794 0)
(1.14072 -0.0614108 0)
(1.13914 -0.0610285 0)
(1.13759 -0.0606346 -2.61336e-28)
(1.13607 -0.0602308 2.61336e-28)
(1.13459 -0.059819 0)
(1.13314 -0.059401 0)
(1.13172 -0.0589787 0)
(1.13033 -0.0585537 0)
(1.12897 -0.0581278 0)
(1.12764 -0.0577026 0)
(1.12634 -0.0572797 0)
(1.12507 -0.0568608 0)
(1.12383 -0.0564475 0)
(1.12262 -0.0560411 0)
(1.12143 -0.0556433 -6.05905e-12)
(1.12027 -0.0552555 6.05905e-12)
(1.11914 -0.054879 0)
(1.11803 -0.0545154 0)
(1.11694 -0.0541658 0)
(1.11588 -0.0538316 0)
(1.11483 -0.0535141 0)
(1.11382 -0.0532146 0)
(1.1128 -0.0529339 0)
(1.11183 -0.0526738 0)
(1.11084 -0.0524345 0)
(1.10992 -0.0522182 0)
(1.10893 -0.0520241 0)
(1.10808 -0.0518559 0)
(1.10705 -0.0517102 0)
(1.10632 -0.0515937 0)
(1.10513 -0.0514986 0)
(1.10467 -0.0514378 0)
(1.10308 -0.0513944 0)
(1.2422 -0.0129231 0)
(1.24095 -0.0154202 0)
(1.23965 -0.0178477 0)
(1.23828 -0.0202056 0)
(1.23686 -0.0224938 0)
(1.23539 -0.0247126 0)
(1.23386 -0.0268618 0)
(1.23228 -0.0289416 0)
(1.23066 -0.030952 0)
(1.22899 -0.032893 0)
(1.22728 -0.0347647 0)
(1.22552 -0.0365672 0)
(1.22373 -0.0383006 0)
(1.2219 -0.0399651 0)
(1.22004 -0.0415608 0)
(1.21814 -0.0430879 0)
(1.21622 -0.0445467 0)
(1.21427 -0.0459375 0)
(1.21229 -0.0472608 0)
(1.21029 -0.0485168 0)
(1.20828 -0.0497062 0)
(1.20624 -0.0508296 0)
(1.20419 -0.0518874 0)
(1.20213 -0.0528806 0)
(1.20006 -0.0538098 0)
(1.19797 -0.0546759 0)
(1.19589 -0.0554799 0)
(1.19379 -0.0562228 0)
(1.1917 -0.0569056 0)
(1.18961 -0.0575296 0)
(1.18752 -0.0580961 0)
(1.18543 -0.0586062 0)
(1.18335 -0.0590614 0)
(1.18128 -0.0594632 0)
(1.17922 -0.0598131 0)
(1.17717 -0.0601125 0)
(1.17513 -0.0603633 0)
(1.17311 -0.0605669 0)
(1.1711 -0.0607253 0)
(1.16912 -0.06084 0)
(1.16715 -0.0609129 0)
(1.16521 -0.0609459 0)
(1.16328 -0.0609408 0)
(1.16138 -0.0608994 0)
(1.1595 -0.0608238 1.93217e-11)
(1.15765 -0.0607156 -1.93217e-11)
(1.15582 -0.060577 0)
(1.15402 -0.0604098 0)
(1.15225 -0.0602159 0)
(1.15051 -0.0599973 0)
(1.14879 -0.0597558 0)
(1.1471 -0.0594933 0)
(1.14544 -0.0592118 0)
(1.14381 -0.058913 0)
(1.14221 -0.0585988 0)
(1.14064 -0.0582711 0)
(1.1391 -0.0579316 3.59084e-28)
(1.13758 -0.057582 -3.59084e-28)
(1.1361 -0.0572242 0)
(1.13465 -0.0568597 0)
(1.13322 -0.0564904 0)
(1.13182 -0.0561177 0)
(1.13045 -0.0557434 0)
(1.12911 -0.055369 0)
(1.1278 -0.0549959 0)
(1.12651 -0.0546258 0)
(1.12525 -0.0542601 0)
(1.12402 -0.0539002 0)
(1.12281 -0.0535475 -6.27788e-12)
(1.12162 -0.0532034 6.27788e-12)
(1.12046 -0.0528691 0)
(1.11932 -0.052546 0)
(1.1182 -0.0522353 0)
(1.1171 -0.0519383 0)
(1.11602 -0.0516559 0)
(1.11496 -0.0513895 0)
(1.11391 -0.0511399 0)
(1.1129 -0.0509085 0)
(1.11186 -0.0506956 0)
(1.1109 -0.0505033 0)
(1.10986 -0.0503305 0)
(1.10897 -0.0501808 0)
(1.10787 -0.0500509 0)
(1.10711 -0.049947 0)
(1.10585 -0.0498615 0)
(1.10536 -0.0498071 0)
(1.10368 -0.0497661 0)
(1.2368 -0.0109398 0)
(1.2357 -0.0133246 0)
(1.23454 -0.0156439 0)
(1.23332 -0.0178977 0)
(1.23205 -0.0200859 0)
(1.23072 -0.0222087 0)
(1.22933 -0.024266 0)
(1.2279 -0.0262579 0)
(1.22641 -0.0281844 0)
(1.22488 -0.0300455 0)
(1.22331 -0.0318414 0)
(1.22169 -0.0335722 0)
(1.22003 -0.0352379 0)
(1.21834 -0.0368387 0)
(1.21661 -0.0383748 0)
(1.21484 -0.0398464 0)
(1.21305 -0.0412537 0)
(1.21123 -0.0425973 0)
(1.20938 -0.0438772 0)
(1.20751 -0.0450942 0)
(1.20561 -0.0462485 0)
(1.2037 -0.0473408 0)
(1.20177 -0.0483716 0)
(1.19982 -0.0493417 0)
(1.19787 -0.0502519 0)
(1.1959 -0.0511029 0)
(1.19392 -0.0518955 0)
(1.19193 -0.0526309 0)
(1.18995 -0.05331 0)
(1.18796 -0.0539338 0)
(1.18596 -0.0545036 0)
(1.18397 -0.0550205 0)
(1.18199 -0.0554859 0)
(1.18001 -0.055901 0)
(1.17804 -0.0562674 0)
(1.17607 -0.0565863 0)
(1.17412 -0.0568593 0)
(1.17217 -0.057088 0)
(1.17025 -0.0572739 0)
(1.16833 -0.0574187 0)
(1.16643 -0.0575239 0)
(1.16455 -0.0575914 0)
(1.16269 -0.0576227 0)
(1.16085 -0.0576197 0)
(1.15903 -0.057584 0)
(1.15723 -0.0575175 0)
(1.15545 -0.0574218 0)
(1.1537 -0.0572988 0)
(1.15197 -0.0571502 0)
(1.15026 -0.0569778 0)
(1.14858 -0.0567834 0)
(1.14693 -0.0565687 0)
(1.1453 -0.0563355 0)
(1.1437 -0.0560854 0)
(1.14212 -0.0558202 0)
(1.14057 -0.0555416 0)
(1.13904 -0.0552513 -3.64514e-28)
(1.13754 -0.0549508 3.64514e-28)
(1.13607 -0.0546419 0)
(1.13463 -0.054326 0)
(1.13321 -0.0540048 0)
(1.13182 -0.0536797 0)
(1.13045 -0.0533524 0)
(1.12911 -0.0530242 0)
(1.12779 -0.0526966 0)
(1.12649 -0.0523709 0)
(1.12522 -0.0520487 0)
(1.12398 -0.0517311 0)
(1.12275 -0.0514195 0)
(1.12155 -0.0511152 0)
(1.12037 -0.0508193 0)
(1.11921 -0.0505332 0)
(1.11807 -0.0502577 0)
(1.11695 -0.0499943 0)
(1.11584 -0.0497437 0)
(1.11476 -0.0495073 0)
(1.11368 -0.0492856 0)
(1.11263 -0.0490801 0)
(1.11156 -0.0488909 0)
(1.11057 -0.0487198 0)
(1.10949 -0.048566 0)
(1.10856 -0.0484326 0)
(1.10743 -0.0483165 0)
(1.10663 -0.0482237 0)
(1.10532 -0.0481463 0)
(1.10481 -0.0480974 0)
(1.10305 -0.0480581 0)
(1.23118 -0.00917813 0)
(1.2302 -0.011451 0)
(1.22916 -0.0136624 0)
(1.22806 -0.0158124 0)
(1.22691 -0.0179008 0)
(1.2257 -0.0199277 0)
(1.22444 -0.021893 0)
(1.22312 -0.0237968 0)
(1.22176 -0.0256391 0)
(1.22034 -0.02742 0)
(1.21889 -0.0291395 0)
(1.21739 -0.0307977 0)
(1.21585 -0.0323947 0)
(1.21428 -0.0339307 0)
(1.21266 -0.0354059 0)
(1.21102 -0.0368205 0)
(1.20934 -0.0381747 0)
(1.20763 -0.039469 0)
(1.2059 -0.0407037 0)
(1.20414 -0.0418792 0)
(1.20236 -0.042996 0)
(1.20055 -0.0440546 0)
(1.19873 -0.0450556 0)
(1.19689 -0.0459997 0)
(1.19504 -0.0468875 0)
(1.19318 -0.0477199 0)
(1.1913 -0.0484977 0)
(1.18942 -0.0492217 0)
(1.18753 -0.049893 0)
(1.18563 -0.0505125 0)
(1.18374 -0.0510814 0)
(1.18184 -0.0516006 0)
(1.17994 -0.0520715 2.57547e-27)
(1.17805 -0.0524953 -2.57547e-27)
(1.17616 -0.0528732 0)
(1.17428 -0.0532065 0)
(1.1724 -0.0534967 0)
(1.17054 -0.0537452 0)
(1.16868 -0.0539535 0)
(1.16684 -0.0541229 0)
(1.16501 -0.054255 0)
(1.16319 -0.0543515 0)
(1.16139 -0.0544137 0)
(1.15961 -0.0544435 0)
(1.15785 -0.0544422 0)
(1.1561 -0.0544117 0)
(1.15437 -0.0543534 0)
(1.15266 -0.054269 0)
(1.15098 -0.0541602 0)
(1.14931 -0.0540286 0)
(1.14767 -0.0538758 0)
(1.14605 -0.0537034 0)
(1.14445 -0.0535131 0)
(1.14288 -0.0533065 0)
(1.14132 -0.0530851 0)
(1.1398 -0.0528505 0)
(1.13829 -0.0526042 -1.15607e-27)
(1.13681 -0.0523478 1.15607e-27)
(1.13535 -0.0520829 0)
(1.13392 -0.0518107 0)
(1.13251 -0.0515329 0)
(1.13113 -0.0512509 0)
(1.12976 -0.050966 0)
(1.12842 -0.0506796 0)
(1.1271 -0.0503931 0)
(1.12581 -0.0501077 0)
(1.12453 -0.0498248 0)
(1.12328 -0.0495456 0)
(1.12204 -0.0492712 -6.63823e-12)
(1.12083 -0.0490029 6.63823e-12)
(1.11963 -0.0487417 0)
(1.11846 -0.0484889 0)
(1.1173 -0.0482454 0)
(1.11616 -0.0480122 0)
(1.11503 -0.0477903 0)
(1.11392 -0.0475808 0)
(1.11282 -0.0473842 0)
(1.11175 -0.0472018 0)
(1.11065 -0.0470337 0)
(1.10963 -0.0468816 0)
(1.10852 -0.0467446 0)
(1.10756 -0.0466257 0)
(1.10639 -0.0465217 0)
(1.10557 -0.0464387 0)
(1.10422 -0.0463683 0)
(1.10369 -0.0463242 0)
(1.10187 -0.0462862 0)
(1.22566 -0.00761404 0)
(1.22479 -0.00977559 0)
(1.22386 -0.0118796 0)
(1.22287 -0.0139261 0)
(1.22183 -0.0159149 0)
(1.22072 -0.0178459 0)
(1.21957 -0.0197193 0)
(1.21836 -0.0215349 0)
(1.2171 -0.0232928 0)
(1.2158 -0.024993 0)
(1.21445 -0.0266355 0)
(1.21306 -0.0282205 0)
(1.21163 -0.0297482 0)
(1.21016 -0.0312185 0)
(1.20865 -0.0326318 0)
(1.20711 -0.0339883 0)
(1.20554 -0.0352882 0)
(1.20393 -0.0365319 0)
(1.2023 -0.0377197 0)
(1.20065 -0.038852 0)
(1.19897 -0.0399294 0)
(1.19726 -0.0409522 0)
(1.19554 -0.0419211 0)
(1.1938 -0.0428367 0)
(1.19205 -0.0436997 0)
(1.19028 -0.0445107 0)
(1.18849 -0.0452706 0)
(1.1867 -0.0459802 0)
(1.1849 -0.0466404 0)
(1.1831 -0.0472521 0)
(1.18129 -0.0478163 0)
(1.17948 -0.0483341 0)
(1.17766 -0.0488065 -2.33384e-27)
(1.17585 -0.0492348 2.33384e-27)
(1.17404 -0.04962 0)
(1.17223 -0.0499635 0)
(1.17043 -0.0502664 0)
(1.16864 -0.0505301 0)
(1.16685 -0.0507559 0)
(1.16507 -0.0509452 0)
(1.1633 -0.0510993 0)
(1.16155 -0.0512198 0)
(1.15981 -0.0513081 0)
(1.15808 -0.0513655 0)
(1.15637 -0.0513936 1.66204e-27)
(1.15467 -0.051394 -1.66204e-27)
(1.15299 -0.0513679 0)
(1.15133 -0.0513171 0)
(1.14968 -0.051243 0)
(1.14806 -0.051147 0)
(1.14645 -0.0510308 0)
(1.14486 -0.0508958 0)
(1.14329 -0.0507434 0)
(1.14175 -0.0505753 0)
(1.14022 -0.0503927 0)
(1.13871 -0.0501973 0)
(1.13723 -0.0499904 0)
(1.13577 -0.0497735 0)
(1.13432 -0.0495479 0)
(1.1329 -0.049315 0)
(1.1315 -0.0490762 0)
(1.13012 -0.0488328 0)
(1.12876 -0.0485861 0)
(1.12743 -0.0483374 0)
(1.12611 -0.0480879 0)
(1.12481 -0.0478389 0)
(1.12353 -0.0475914 0)
(1.12227 -0.0473467 0)
(1.12103 -0.0471059 -6.78442e-12)
(1.11981 -0.0468701 6.78442e-12)
(1.1186 -0.0466403 0)
(1.11741 -0.0464175 0)
(1.11623 -0.0462027 0)
(1.11508 -0.0459969 0)
(1.11393 -0.0458008 0)
(1.1128 -0.0456154 0)
(1.11168 -0.0454413 0)
(1.11058 -0.0452797 0)
(1.10946 -0.0451305 0)
(1.10842 -0.0449954 0)
(1.10728 -0.0448734 0)
(1.1063 -0.0447674 0)
(1.1051 -0.0446742 0)
(1.10425 -0.0445998 0)
(1.10286 -0.0445356 0)
(1.10231 -0.0444959 0)
(1.10045 -0.0444591 0)
(1.22033 -0.00622945 0)
(1.21956 -0.00827993 0)
(1.21873 -0.0102768 0)
(1.21784 -0.0122199 0)
(1.21689 -0.0141092 0)
(1.21588 -0.0159445 0)
(1.21482 -0.0177258 0)
(1.21371 -0.0194531 0)
(1.21256 -0.0211264 0)
(1.21135 -0.0227457 0)
(1.2101 -0.0243111 0)
(1.20881 -0.0258226 0)
(1.20747 -0.0272803 0)
(1.2061 -0.0286844 0)
(1.20469 -0.0300351 0)
(1.20325 -0.0313326 0)
(1.20177 -0.0325772 0)
(1.20027 -0.0337691 0)
(1.19873 -0.0349088 0)
(1.19717 -0.0359965 0)
(1.19558 -0.0370328 0)
(1.19397 -0.0380182 0)
(1.19234 -0.0389531 0)
(1.19069 -0.0398381 0)
(1.18902 -0.0406739 0)
(1.18734 -0.0414611 0)
(1.18565 -0.0422005 0)
(1.18394 -0.0428929 0)
(1.18223 -0.043539 0)
(1.1805 -0.0441398 0)
(1.17877 -0.0446962 0)
(1.17704 -0.0452091 0)
(1.1753 -0.0456796 0)
(1.17356 -0.0461086 0)
(1.17183 -0.0464974 0)
(1.17009 -0.0468469 0)
(1.16836 -0.0471585 0)
(1.16663 -0.0474332 0)
(1.1649 -0.0476724 0)
(1.16319 -0.0478772 0)
(1.16148 -0.048049 0)
(1.15978 -0.048189 0)
(1.1581 -0.0482986 0)
(1.15642 -0.0483792 0)
(1.15475 -0.0484321 -9.76664e-28)
(1.1531 -0.0484586 9.76664e-28)
(1.15147 -0.0484602 0)
(1.14985 -0.0484383 0)
(1.14824 -0.0483941 0)
(1.14665 -0.0483292 0)
(1.14508 -0.0482449 0)
(1.14352 -0.0481426 0)
(1.14198 -0.0480236 0)
(1.14046 -0.0478894 0)
(1.13896 -0.0477412 0)
(1.13747 -0.0475805 0)
(1.13601 -0.0474086 6.36335e-28)
(1.13456 -0.0472268 -6.36335e-28)
(1.13313 -0.0470363 0)
(1.13173 -0.0468385 0)
(1.13033 -0.0466346 0)
(1.12896 -0.0464258 0)
(1.12761 -0.0462134 0)
(1.12628 -0.0459985 0)
(1.12496 -0.0457823 0)
(1.12366 -0.0455658 0)
(1.12238 -0.0453503 0)
(1.12111 -0.0451368 0)
(1.11986 -0.0449262 -6.91101e-12)
(1.11863 -0.0447197 6.91101e-12)
(1.11742 -0.0445181 0)
(1.11622 -0.0443224 0)
(1.11503 -0.0441334 0)
(1.11385 -0.0439521 0)
(1.11269 -0.0437792 0)
(1.11155 -0.0436156 0)
(1.1104 -0.0434617 0)
(1.10929 -0.0433187 0)
(1.10815 -0.0431865 0)
(1.10708 -0.0430666 0)
(1.10592 -0.0429581 -2.19676e-12)
(1.10491 -0.0428637 2.19676e-12)
(1.10368 -0.0427801 0)
(1.10282 -0.0427136 0)
(1.10139 -0.0426551 0)
(1.10083 -0.0426191 0)
(1.09892 -0.0425837 0)
(1.21518 -0.00501015 0)
(1.2145 -0.00694999 0)
(1.21376 -0.00884004 0)
(1.21296 -0.0106801 0)
(1.2121 -0.0124701 0)
(1.21119 -0.0142099 0)
(1.21022 -0.0158993 0)
(1.2092 -0.0175384 0)
(1.20814 -0.0191271 0)
(1.20702 -0.0206654 0)
(1.20586 -0.0221533 0)
(1.20466 -0.0235909 0)
(1.20342 -0.0249783 0)
(1.20214 -0.0263157 0)
(1.20082 -0.0276031 0)
(1.19947 -0.0288408 0)
(1.19808 -0.0300292 0)
(1.19666 -0.0311683 0)
(1.19521 -0.0322586 0)
(1.19374 -0.0333004 0)
(1.19224 -0.0342942 0)
(1.19072 -0.0352404 0)
(1.18917 -0.0361394 0)
(1.18761 -0.036992 0)
(1.18602 -0.0377985 0)
(1.18442 -0.0385597 0)
(1.18281 -0.0392762 0)
(1.18118 -0.0399488 0)
(1.17954 -0.0405782 0)
(1.1779 -0.0411652 0)
(1.17624 -0.0417108 0)
(1.17458 -0.0422157 0)
(1.17291 -0.0426809 0)
(1.17124 -0.0431073 0)
(1.16957 -0.0434961 0)
(1.1679 -0.0438482 0)
(1.16623 -0.0441646 0)
(1.16457 -0.0444466 0)
(1.1629 -0.0446952 0)
(1.16125 -0.0449116 0)
(1.15959 -0.0450969 0)
(1.15795 -0.0452524 0)
(1.15631 -0.0453793 0)
(1.15468 -0.0454788 0)
(1.15307 -0.0455522 0)
(1.15146 -0.0456007 0)
(1.14986 -0.0456257 0)
(1.14828 -0.0456283 0)
(1.14671 -0.0456098 0)
(1.14516 -0.0455716 0)
(1.14362 -0.045515 0)
(1.14209 -0.0454411 0)
(1.14058 -0.0453513 0)
(1.13908 -0.0452468 0)
(1.1376 -0.0451289 0)
(1.13614 -0.0449988 0)
(1.13469 -0.0448578 0)
(1.13326 -0.0447071 0)
(1.13185 -0.0445478 0)
(1.13045 -0.0443812 0)
(1.12907 -0.0442083 0)
(1.12771 -0.0440305 0)
(1.12636 -0.0438487 0)
(1.12503 -0.043664 0)
(1.12372 -0.0434776 0)
(1.12242 -0.0432905 0)
(1.12113 -0.0431036 0)
(1.11986 -0.042918 0)
(1.11861 -0.0427346 -7.02011e-12)
(1.11737 -0.0425543 7.02011e-12)
(1.11615 -0.0423781 0)
(1.11494 -0.0422067 0)
(1.11374 -0.042041 0)
(1.11255 -0.0418818 0)
(1.11137 -0.0417297 0)
(1.11022 -0.0415857 0)
(1.10905 -0.04145 0)
(1.10792 -0.0413237 0)
(1.10676 -0.0412067 0)
(1.10567 -0.0411005 0)
(1.10449 -0.0410041 -2.2447e-12)
(1.10347 -0.0409202 2.2447e-12)
(1.10221 -0.0408453 0)
(1.10133 -0.0407858 0)
(1.09988 -0.0407325 0)
(1.09931 -0.0407 0)
(1.09735 -0.0406661 0)
(1.2102 -0.00394438 0)
(1.2096 -0.00577423 0)
(1.20895 -0.00755805 0)
(1.20823 -0.0092956 0)
(1.20746 -0.0109867 0)
(1.20663 -0.0126312 0)
(1.20575 -0.0142289 0)
(1.20482 -0.0157799 0)
(1.20384 -0.0172839 0)
(1.20281 -0.0187411 0)
(1.20173 -0.0201514 0)
(1.20062 -0.0215148 0)
(1.19946 -0.0228315 0)
(1.19827 -0.0241015 0)
(1.19703 -0.025325 0)
(1.19576 -0.0265022 0)
(1.19446 -0.0276334 0)
(1.19312 -0.0287187 0)
(1.19176 -0.0297585 0)
(1.19037 -0.0307531 0)
(1.18895 -0.031703 0)
(1.18751 -0.0326085 0)
(1.18604 -0.03347 0)
(1.18455 -0.0342882 0)
(1.18305 -0.0350635 0)
(1.18152 -0.0357965 0)
(1.17999 -0.036488 0)
(1.17843 -0.0371384 0)
(1.17687 -0.0377486 0)
(1.17529 -0.0383192 0)
(1.17371 -0.0388511 0)
(1.17211 -0.0393451 0)
(1.17052 -0.0398021 0)
(1.16891 -0.0402229 0)
(1.1673 -0.0406085 0)
(1.1657 -0.0409597 0)
(1.16409 -0.0412777 0)
(1.16248 -0.0415634 0)
(1.16087 -0.0418179 0)
(1.15926 -0.0420422 0)
(1.15766 -0.0422374 0)
(1.15607 -0.0424046 0)
(1.15448 -0.0425449 0)
(1.1529 -0.0426595 0)
(1.15132 -0.0427495 0)
(1.14976 -0.0428161 0)
(1.1482 -0.0428604 0)
(1.14666 -0.0428836 0)
(1.14512 -0.0428869 0)
(1.1436 -0.0428715 0)
(1.14209 -0.0428386 0)
(1.14059 -0.0427892 0)
(1.13911 -0.0427246 0)
(1.13764 -0.042646 0)
(1.13618 -0.0425545 0)
(1.13474 -0.0424513 0)
(1.13331 -0.0423374 0)
(1.1319 -0.0422141 0)
(1.1305 -0.0420824 0)
(1.12911 -0.0419434 0)
(1.12774 -0.0417981 0)
(1.12639 -0.0416477 0)
(1.12505 -0.0414932 0)
(1.12372 -0.0413355 0)
(1.12241 -0.0411757 0)
(1.12111 -0.0410147 0)
(1.11983 -0.0408534 0)
(1.11856 -0.0406928 0)
(1.1173 -0.0405337 0)
(1.11605 -0.040377 0)
(1.11482 -0.0402235 0)
(1.1136 -0.040074 0)
(1.11239 -0.0399291 0)
(1.1112 -0.0397897 0)
(1.11001 -0.0396564 0)
(1.10884 -0.0395298 0)
(1.10766 -0.0394105 0)
(1.10652 -0.0392992 0)
(1.10534 -0.039196 0)
(1.10423 -0.0391021 0)
(1.10303 -0.0390166 0)
(1.102 -0.038942 0)
(1.10072 -0.0388751 0)
(1.09982 -0.0388219 0)
(1.09835 -0.0387734 0)
(1.09776 -0.0387442 0)
(1.09578 -0.0387119 0)
(1.20539 -0.00302129 0)
(1.20487 -0.00474197 0)
(1.2043 -0.00642023 0)
(1.20366 -0.00805581 0)
(1.20296 -0.00964848 0)
(1.20222 -0.0111981 0)
(1.20142 -0.0127044 0)
(1.20056 -0.0141673 0)
(1.19966 -0.0155868 0)
(1.19871 -0.0169628 0)
(1.19772 -0.0182952 0)
(1.19669 -0.0195842 0)
(1.19561 -0.0208297 0)
(1.19449 -0.022032 0)
(1.19334 -0.023191 0)
(1.19215 -0.0243069 0)
(1.19092 -0.0253801 0)
(1.18966 -0.0264106 0)
(1.18838 -0.0273989 0)
(1.18706 -0.0283451 0)
(1.18572 -0.0292497 0)
(1.18435 -0.030113 0)
(1.18296 -0.0309355 0)
(1.18155 -0.0317176 0)
(1.18011 -0.0324599 0)
(1.17866 -0.0331629 0)
(1.17719 -0.0338271 0)
(1.17571 -0.0344532 0)
(1.17421 -0.0350418 0)
(1.1727 -0.0355936 0)
(1.17119 -0.0361094 0)
(1.16966 -0.0365899 0)
(1.16812 -0.0370358 0)
(1.16658 -0.0374481 0)
(1.16503 -0.0378275 0)
(1.16348 -0.0381749 0)
(1.16192 -0.0384913 0)
(1.16037 -0.0387776 0)
(1.15882 -0.0390346 0)
(1.15726 -0.0392635 0)
(1.15571 -0.0394651 0)
(1.15416 -0.0396405 0)
(1.15262 -0.0397908 0)
(1.15108 -0.0399169 0)
(1.14955 -0.04002 0)
(1.14802 -0.040101 0)
(1.14651 -0.0401611 0)
(1.145 -0.0402013 0)
(1.14349 -0.0402228 0)
(1.142 -0.0402265 0)
(1.14052 -0.0402136 0)
(1.13905 -0.0401851 0)
(1.13759 -0.0401422 0)
(1.13615 -0.0400859 0)
(1.13471 -0.0400173 0)
(1.13329 -0.0399374 0)
(1.13188 -0.0398473 -6.46655e-28)
(1.13048 -0.0397479 6.46655e-28)
(1.12909 -0.0396404 0)
(1.12772 -0.0395257 0)
(1.12636 -0.0394048 0)
(1.12502 -0.0392786 0)
(1.12368 -0.0391482 0)
(1.12236 -0.0390145 0)
(1.12105 -0.0388783 0)
(1.11976 -0.0387406 0)
(1.11847 -0.0386021 0)
(1.1172 -0.0384638 0)
(1.11594 -0.0383264 0)
(1.1147 -0.0381908 0)
(1.11346 -0.0380576 0)
(1.11224 -0.0379275 0)
(1.11102 -0.0378014 0)
(1.10981 -0.0376797 0)
(1.10861 -0.0375631 0)
(1.10743 -0.0374523 0)
(1.10624 -0.0373476 0)
(1.10509 -0.0372499 0)
(1.1039 -0.0371589 0)
(1.10278 -0.0370761 0)
(1.10156 -0.0370004 0)
(1.10051 -0.0369344 0)
(1.09922 -0.0368747 0)
(1.0983 -0.0368272 0)
(1.09681 -0.0367832 0)
(1.09622 -0.0367569 0)
(1.0942 -0.0367263 0)
(1.20077 -0.00222988 0)
(1.20033 -0.00384234 0)
(1.19982 -0.00541588 0)
(1.19926 -0.0069502 0)
(1.19864 -0.00844502 0)
(1.19796 -0.00990013 0)
(1.19723 -0.0113153 0)
(1.19646 -0.0126905 0)
(1.19563 -0.0140256 0)
(1.19476 -0.0153204 0)
(1.19384 -0.0165749 0)
(1.19288 -0.0177893 0)
(1.19187 -0.0189634 0)
(1.19083 -0.0200974 0)
(1.18975 -0.0211914 0)
(1.18863 -0.0222455 0)
(1.18748 -0.0232599 0)
(1.1863 -0.0242348 0)
(1.18508 -0.0251705 0)
(1.18384 -0.0260672 0)
(1.18256 -0.0269253 0)
(1.18127 -0.0277452 0)
(1.17995 -0.0285271 0)
(1.1786 -0.0292717 0)
(1.17724 -0.0299792 0)
(1.17585 -0.0306503 0)
(1.17445 -0.0312854 0)
(1.17303 -0.0318851 0)
(1.1716 -0.0324501 0)
(1.17015 -0.0329809 0)
(1.16869 -0.0334782 0)
(1.16722 -0.0339426 0)
(1.16575 -0.0343751 0)
(1.16426 -0.0347762 0)
(1.16277 -0.0351467 0)
(1.16127 -0.0354875 0)
(1.15977 -0.0357994 0)
(1.15827 -0.0360832 0)
(1.15676 -0.0363399 0)
(1.15526 -0.0365702 0)
(1.15375 -0.0367752 0)
(1.15225 -0.0369557 0)
(1.15075 -0.0371126 0)
(1.14925 -0.037247 0)
(1.14776 -0.0373599 0)
(1.14627 -0.037452 0)
(1.14479 -0.0375246 0)
(1.14331 -0.0375784 0)
(1.14184 -0.0376146 0)
(1.14038 -0.0376342 0)
(1.13893 -0.037638 0)
(1.13749 -0.0376272 0)
(1.13605 -0.0376026 0)
(1.13463 -0.0375653 0)
(1.13321 -0.0375163 0)
(1.13181 -0.0374565 0)
(1.13042 -0.0373869 0)
(1.12903 -0.0373084 0)
(1.12766 -0.0372219 0)
(1.1263 -0.0371285 0)
(1.12495 -0.0370289 0)
(1.12362 -0.0369241 0)
(1.12229 -0.036815 0)
(1.12098 -0.0367024 0)
(1.11967 -0.0365871 0)
(1.11838 -0.03647 0)
(1.1171 -0.0363518 0)
(1.11583 -0.0362332 0)
(1.11457 -0.0361152 0)
(1.11332 -0.0359983 0)
(1.11208 -0.0358832 0)
(1.11085 -0.0357706 0)
(1.10962 -0.035661 0)
(1.10841 -0.0355553 0)
(1.10721 -0.0354537 0)
(1.10602 -0.035357 0)
(1.10482 -0.0352654 0)
(1.10365 -0.0351797 0)
(1.10245 -0.0350998 0)
(1.10132 -0.035027 0)
(1.10009 -0.0349601 0)
(1.09903 -0.0349017 0)
(1.09772 -0.0348486 0)
(1.0968 -0.0348063 0)
(1.09528 -0.0347665 0)
(1.09468 -0.0347428 0)
(1.09264 -0.034714 0)
(1.19635 -0.00155915 0)
(1.19597 -0.00306452 0)
(1.19553 -0.00453432 0)
(1.19504 -0.00596822 0)
(1.19449 -0.00736591 0)
(1.19388 -0.00872715 0)
(1.19322 -0.0100517 0)
(1.19251 -0.0113395 0)
(1.19175 -0.0125903 0)
(1.19095 -0.0138041 0)
(1.1901 -0.0149808 0)
(1.18921 -0.0161204 0)
(1.18827 -0.0172228 0)
(1.1873 -0.0182883 0)
(1.18628 -0.0193168 0)
(1.18524 -0.0203085 0)
(1.18415 -0.0212634 0)
(1.18303 -0.022182 0)
(1.18189 -0.0230642 0)
(1.18071 -0.0239105 0)
(1.1795 -0.024721 0)
(1.17827 -0.0254962 0)
(1.17701 -0.0262363 0)
(1.17573 -0.0269418 0)
(1.17443 -0.0276131 0)
(1.17311 -0.0282507 0)
(1.17177 -0.0288549 0)
(1.17041 -0.0294265 0)
(1.16904 -0.0299658 0)
(1.16765 -0.0304735 0)
(1.16625 -0.0309501 0)
(1.16483 -0.0313964 0)
(1.16341 -0.031813 0)
(1.16198 -0.0322005 0)
(1.16054 -0.0325597 0)
(1.15909 -0.0328913 0)
(1.15764 -0.0331961 0)
(1.15619 -0.0334748 0)
(1.15473 -0.0337283 0)
(1.15327 -0.0339573 0)
(1.15181 -0.0341627 0)
(1.15034 -0.0343454 0)
(1.14888 -0.0345061 0)
(1.14742 -0.0346458 0)
(1.14597 -0.0347654 0)
(1.14452 -0.0348657 0)
(1.14307 -0.0349476 0)
(1.14162 -0.0350121 0)
(1.14018 -0.03506 0)
(1.13875 -0.0350922 0)
(1.13733 -0.0351097 0)
(1.13591 -0.0351134 0)
(1.1345 -0.0351042 0)
(1.1331 -0.0350829 0)
(1.1317 -0.0350505 0)
(1.13032 -0.0350078 0)
(1.12894 -0.0349557 0)
(1.12758 -0.0348952 0)
(1.12622 -0.034827 0)
(1.12487 -0.034752 0)
(1.12353 -0.034671 0)
(1.12221 -0.0345849 0)
(1.12089 -0.0344944 0)
(1.11958 -0.0344003 0)
(1.11828 -0.0343034 0)
(1.11699 -0.0342045 0)
(1.11571 -0.0341041 0)
(1.11445 -0.0340032 0)
(1.11318 -0.0339022 0)
(1.11193 -0.0338019 0)
(1.11069 -0.0337029 0)
(1.10946 -0.0336058 0)
(1.10823 -0.0335111 0)
(1.10702 -0.0334195 0)
(1.1058 -0.0333313 0)
(1.1046 -0.0332471 0)
(1.1034 -0.0331673 0)
(1.10222 -0.0330924 0)
(1.10101 -0.0330225 0)
(1.09987 -0.0329586 0)
(1.09863 -0.0328997 0)
(1.09756 -0.0328482 0)
(1.09624 -0.0328009 0)
(1.09531 -0.0327634 0)
(1.09378 -0.0327275 0)
(1.09317 -0.0327063 0)
(1.09111 -0.0326793 0)
(1.19216 -0.000998746 0)
(1.19184 -0.00239826 0)
(1.19146 -0.0037654 0)
(1.19102 -0.0050998 0)
(1.19053 -0.00640116 0)
(1.18999 -0.00766921 0)
(1.18939 -0.00890372 0)
(1.18874 -0.0101045 0)
(1.18805 -0.0112714 0)
(1.18731 -0.0124044 0)
(1.18652 -0.0135032 0)
(1.18569 -0.014568 0)
(1.18482 -0.0155987 0)
(1.18391 -0.0165954 0)
(1.18296 -0.0175581 0)
(1.18198 -0.0184868 0)
(1.18096 -0.0193819 0)
(1.1799 -0.0202433 0)
(1.17882 -0.0210713 0)
(1.1777 -0.0218662 0)
(1.17655 -0.0226282 0)
(1.17538 -0.0233576 0)
(1.17419 -0.0240547 0)
(1.17296 -0.0247199 0)
(1.17172 -0.0253536 0)
(1.17046 -0.0259561 0)
(1.16917 -0.0265279 0)
(1.16787 -0.0270695 0)
(1.16655 -0.0275815 0)
(1.16522 -0.0280642 0)
(1.16387 -0.0285183 0)
(1.16251 -0.0289443 0)
(1.16114 -0.0293429 0)
(1.15975 -0.0297147 0)
(1.15836 -0.0300603 0)
(1.15696 -0.0303803 0)
(1.15556 -0.0306756 0)
(1.15415 -0.0309468 0)
(1.15273 -0.0311945 0)
(1.15131 -0.0314197 0)
(1.14989 -0.0316229 0)
(1.14847 -0.0318051 0)
(1.14705 -0.0319669 0)
(1.14562 -0.0321092 0)
(1.1442 -0.0322327 0)
(1.14278 -0.0323383 0)
(1.14137 -0.0324269 0)
(1.13995 -0.0324991 0)
(1.13854 -0.0325559 0)
(1.13714 -0.0325981 0)
(1.13574 -0.0326265 0)
(1.13435 -0.0326419 0)
(1.13296 -0.0326452 0)
(1.13158 -0.0326371 0)
(1.1302 -0.0326186 0)
(1.12884 -0.0325903 0)
(1.12748 -0.0325532 1.10524e-27)
(1.12612 -0.0325079 -1.10524e-27)
(1.12478 -0.0324553 0)
(1.12345 -0.0323962 0)
(1.12212 -0.0323313 0)
(1.1208 -0.0322613 0)
(1.11949 -0.032187 0)
(1.11819 -0.0321092 0)
(1.1169 -0.0320284 0)
(1.11561 -0.0319453 0)
(1.11434 -0.0318607 0)
(1.11307 -0.0317752 0)
(1.11181 -0.0316893 0)
(1.11056 -0.0316037 0)
(1.10932 -0.031519 0)
(1.10808 -0.0314356 0)
(1.10685 -0.0313541 0)
(1.10563 -0.031275 0)
(1.10441 -0.0311987 0)
(1.10321 -0.0311258 0)
(1.102 -0.0310564 0)
(1.10082 -0.0309913 0)
(1.0996 -0.0309302 0)
(1.09845 -0.0308743 0)
(1.0972 -0.0308226 0)
(1.09612 -0.0307773 0)
(1.09479 -0.0307355 0)
(1.09385 -0.0307022 0)
(1.09231 -0.0306699 0)
(1.0917 -0.0306509 0)
(1.08962 -0.0306258 0)
(1.18819 -0.000538514 0)
(1.18793 -0.00183351 0)
(1.1876 -0.00309916 0)
(1.18722 -0.00433511 0)
(1.18679 -0.00554103 0)
(1.1863 -0.00671664 0)
(1.18576 -0.0078617 0)
(1.18517 -0.008976 0)
(1.18454 -0.0100594 0)
(1.18385 -0.0111118 0)
(1.18313 -0.012133 0)
(1.18235 -0.013123 0)
(1.18154 -0.0140819 0)
(1.18069 -0.0150096 0)
(1.1798 -0.0159062 0)
(1.17887 -0.0167717 0)
(1.17791 -0.0176062 0)
(1.17691 -0.01841 0)
(1.17588 -0.0191832 0)
(1.17482 -0.0199259 0)
(1.17374 -0.0206385 0)
(1.17262 -0.0213211 0)
(1.17148 -0.0219741 0)
(1.17031 -0.0225978 0)
(1.16912 -0.0231926 0)
(1.16791 -0.0237587 0)
(1.16668 -0.0242967 0)
(1.16543 -0.0248069 0)
(1.16416 -0.0252898 0)
(1.16288 -0.0257459 0)
(1.16158 -0.0261756 0)
(1.16027 -0.0265795 0)
(1.15894 -0.0269582 0)
(1.1576 -0.0273122 0)
(1.15626 -0.0276422 0)
(1.1549 -0.0279486 0)
(1.15354 -0.0282321 0)
(1.15217 -0.0284935 0)
(1.1508 -0.0287333 0)
(1.14942 -0.0289522 0)
(1.14803 -0.0291509 0)
(1.14665 -0.0293301 0)
(1.14526 -0.0294906 0)
(1.14387 -0.0296329 0)
(1.14248 -0.029758 0)
(1.14109 -0.0298664 0)
(1.13971 -0.029959 0)
(1.13832 -0.0300365 0)
(1.13694 -0.0300996 0)
(1.13556 -0.0301492 0)
(1.13418 -0.0301859 0)
(1.13281 -0.0302105 0)
(1.13145 -0.0302237 0)
(1.13008 -0.0302264 0)
(1.12873 -0.0302192 0)
(1.12738 -0.0302028 0)
(1.12604 -0.0301781 2.85254e-28)
(1.1247 -0.0301457 -2.85254e-28)
(1.12337 -0.0301064 0)
(1.12205 -0.0300608 0)
(1.12073 -0.0300096 0)
(1.11942 -0.0299536 0)
(1.11812 -0.0298933 0)
(1.11683 -0.0298294 0)
(1.11554 -0.0297626 0)
(1.11426 -0.0296935 0)
(1.11299 -0.0296227 0)
(1.11173 -0.0295507 0)
(1.11047 -0.0294781 0)
(1.10922 -0.0294054 0)
(1.10797 -0.0293332 0)
(1.10674 -0.029262 0)
(1.10551 -0.0291921 0)
(1.10428 -0.0291242 0)
(1.10306 -0.0290585 0)
(1.10185 -0.0289955 0)
(1.10064 -0.0289354 0)
(1.09945 -0.0288789 0)
(1.09822 -0.0288258 0)
(1.09707 -0.0287771 0)
(1.09582 -0.0287318 0)
(1.09473 -0.0286921 0)
(1.09339 -0.0286552 0)
(1.09244 -0.0286259 0)
(1.09089 -0.0285969 0)
(1.09027 -0.02858 0)
(1.08818 -0.0285568 0)
(1.18447 -0.000168612 0)
(1.18426 -0.00136048 0)
(1.18398 -0.00252592 0)
(1.18365 -0.00366454 0)
(1.18327 -0.004776 0)
(1.18284 -0.00586 0)
(1.18235 -0.0069163 0)
(1.18181 -0.0079447 0)
(1.18123 -0.00894503 0)
(1.1806 -0.00991714 0)
(1.17992 -0.010861 0)
(1.17921 -0.0117764 0)
(1.17845 -0.0126634 0)
(1.17765 -0.013522 0)
(1.17681 -0.0143523 0)
(1.17594 -0.0151542 0)
(1.17503 -0.015928 0)
(1.17408 -0.0166736 0)
(1.17311 -0.0173913 0)
(1.1721 -0.0180812 0)
(1.17106 -0.0187435 0)
(1.17 -0.0193785 0)
(1.16891 -0.0199865 0)
(1.16779 -0.0205677 0)
(1.16665 -0.0211224 0)
(1.16549 -0.0216509 0)
(1.16431 -0.0221537 0)
(1.1631 -0.0226311 0)
(1.16188 -0.0230835 0)
(1.16064 -0.0235114 0)
(1.15939 -0.0239152 0)
(1.15812 -0.0242954 0)
(1.15684 -0.0246525 0)
(1.15555 -0.0249869 0)
(1.15424 -0.0252993 0)
(1.15293 -0.0255901 0)
(1.1516 -0.02586 0)
(1.15027 -0.0261095 0)
(1.14894 -0.0263392 0)
(1.14759 -0.0265498 0)
(1.14624 -0.0267418 0)
(1.14489 -0.0269159 0)
(1.14354 -0.0270727 0)
(1.14218 -0.027213 0)
(1.14082 -0.0273372 0)
(1.13946 -0.0274462 0)
(1.1381 -0.0275405 0)
(1.13674 -0.0276209 0)
(1.13538 -0.0276881 0)
(1.13403 -0.0277426 0)
(1.13268 -0.0277853 0)
(1.13133 -0.0278168 0)
(1.12998 -0.0278377 0)
(1.12864 -0.0278487 0)
(1.1273 -0.0278506 0)
(1.12597 -0.0278439 0)
(1.12464 -0.0278294 0)
(1.12331 -0.0278077 0)
(1.122 -0.0277794 0)
(1.12069 -0.0277452 0)
(1.11938 -0.0277057 0)
(1.11808 -0.0276615 0)
(1.11679 -0.0276132 0)
(1.1155 -0.0275615 0)
(1.11422 -0.0275067 0)
(1.11295 -0.0274497 0)
(1.11168 -0.0273908 0)
(1.11042 -0.0273306 0)
(1.10916 -0.0272696 0)
(1.10792 -0.0272083 0)
(1.10667 -0.0271471 0)
(1.10544 -0.0270865 0)
(1.1042 -0.027027 0)
(1.10298 -0.0269689 0)
(1.10175 -0.0269125 0)
(1.10054 -0.0268584 0)
(1.09932 -0.0268066 0)
(1.09813 -0.0267578 0)
(1.0969 -0.0267118 0)
(1.09574 -0.0266695 0)
(1.09448 -0.02663 0)
(1.09339 -0.0265954 0)
(1.09204 -0.0265629 0)
(1.09109 -0.0265371 0)
(1.08953 -0.0265112 0)
(1.08891 -0.0264962 0)
(1.08681 -0.0264748 0)
(1.18101 0.00011971 0)
(1.18084 -0.00097043 0)
(1.18061 -0.00203689 0)
(1.18033 -0.00307927 0)
(1.17999 -0.00409721 0)
(1.1796 -0.00509044 0)
(1.17916 -0.0060587 0)
(1.17867 -0.00700179 0)
(1.17814 -0.00791953 0)
(1.17756 -0.00881177 0)
(1.17693 -0.00967842 0)
(1.17626 -0.0105194 0)
(1.17555 -0.0113346 0)
(1.1748 -0.0121242 0)
(1.17401 -0.012888 0)
(1.17318 -0.0136261 0)
(1.17232 -0.0143387 0)
(1.17143 -0.0150257 0)
(1.1705 -0.0156874 0)
(1.16954 -0.0163239 0)
(1.16855 -0.0169353 0)
(1.16753 -0.017522 0)
(1.16649 -0.018084 0)
(1.16542 -0.0186217 0)
(1.16432 -0.0191354 0)
(1.1632 -0.0196253 0)
(1.16207 -0.0200917 0)
(1.16091 -0.0205351 0)
(1.15973 -0.0209557 0)
(1.15853 -0.0213541 0)
(1.15732 -0.0217305 0)
(1.15609 -0.0220854 0)
(1.15485 -0.0224192 0)
(1.1536 -0.0227325 0)
(1.15233 -0.0230256 0)
(1.15105 -0.0232991 0)
(1.14977 -0.0235535 0)
(1.14847 -0.0237894 0)
(1.14717 -0.0240072 0)
(1.14586 -0.0242075 0)
(1.14454 -0.0243908 0)
(1.14322 -0.0245578 0)
(1.14189 -0.024709 0)
(1.14056 -0.024845 0)
(1.13923 -0.0249665 0)
(1.1379 -0.0250739 0)
(1.13657 -0.0251679 0)
(1.13523 -0.0252491 0)
(1.1339 -0.0253182 0)
(1.13256 -0.0253756 0)
(1.13123 -0.0254222 0)
(1.1299 -0.0254584 0)
(1.12857 -0.0254849 0)
(1.12725 -0.0255023 0)
(1.12593 -0.0255111 0)
(1.12461 -0.0255121 0)
(1.1233 -0.0255057 0)
(1.12199 -0.0254927 0)
(1.12068 -0.0254735 0)
(1.11938 -0.0254487 0)
(1.11809 -0.025419 0)
(1.1168 -0.0253848 0)
(1.11551 -0.0253467 0)
(1.11423 -0.0253052 0)
(1.11296 -0.0252608 0)
(1.11169 -0.0252141 0)
(1.11043 -0.0251656 0)
(1.10917 -0.0251156 0)
(1.10792 -0.0250647 -7.46449e-12)
(1.10667 -0.0250133 7.46449e-12)
(1.10543 -0.0249618 0)
(1.10419 -0.0249106 0)
(1.10296 -0.0248601 0)
(1.10173 -0.0248106 0)
(1.10051 -0.0247626 0)
(1.09929 -0.0247162 0)
(1.09807 -0.0246718 0)
(1.09688 -0.0246299 0)
(1.09564 -0.0245902 0)
(1.09448 -0.0245536 0)
(1.09321 -0.0245194 0)
(1.09211 -0.0244892 0)
(1.09077 -0.0244608 0)
(1.08981 -0.0244382 0)
(1.08824 -0.0244152 0)
(1.08762 -0.024402 0)
(1.08551 -0.0243824 0)
(1.17782 0.000335018 0)
(1.17768 -0.000654801 0)
(1.1775 -0.00162349 0)
(1.17725 -0.00257069 0)
(1.17696 -0.00349608 0)
(1.17661 -0.00439938 0)
(1.17621 -0.00528033 0)
(1.17577 -0.00613873 0)
(1.17527 -0.00697438 0)
(1.17474 -0.00778716 0)
(1.17415 -0.00857694 0)
(1.17353 -0.00934365 0)
(1.17286 -0.0100872 0)
(1.17215 -0.0108077 0)
(1.17141 -0.0115049 0)
(1.17063 -0.0121791 0)
(1.16981 -0.0128302 0)
(1.16896 -0.0134583 0)
(1.16807 -0.0140636 0)
(1.16715 -0.0146462 0)
(1.16621 -0.0152061 0)
(1.16523 -0.0157437 0)
(1.16423 -0.0162591 0)
(1.1632 -0.0167525 0)
(1.16215 -0.0172242 0)
(1.16107 -0.0176744 0)
(1.15997 -0.0181035 0)
(1.15885 -0.0185117 0)
(1.15772 -0.0188995 0)
(1.15656 -0.019267 0)
(1.15538 -0.0196147 0)
(1.15419 -0.0199429 0)
(1.15299 -0.0202522 0)
(1.15177 -0.0205428 0)
(1.15054 -0.0208152 0)
(1.14929 -0.0210698 0)
(1.14804 -0.0213072 0)
(1.14677 -0.0215277 0)
(1.1455 -0.0217319 0)
(1.14422 -0.0219202 0)
(1.14293 -0.0220931 0)
(1.14164 -0.0222512 0)
(1.14034 -0.022395 0)
(1.13904 -0.022525 0)
(1.13774 -0.0226417 -4.1008e-28)
(1.13643 -0.0227457 4.1008e-28)
(1.13512 -0.0228375 0)
(1.1338 -0.0229176 0)
(1.13249 -0.0229867 0)
(1.13118 -0.0230452 0)
(1.12987 -0.0230937 0)
(1.12856 -0.0231328 0)
(1.12725 -0.023163 0)
(1.12594 -0.0231848 0)
(1.12463 -0.0231988 0)
(1.12333 -0.0232055 0)
(1.12203 -0.0232056 0)
(1.12073 -0.0231994 0)
(1.11944 -0.0231875 0)
(1.11815 -0.0231704 0)
(1.11686 -0.0231487 0)
(1.11558 -0.0231228 0)
(1.1143 -0.0230932 0)
(1.11303 -0.0230604 0)
(1.11176 -0.0230249 0)
(1.1105 -0.0229871 0)
(1.10924 -0.0229473 0)
(1.10798 -0.0229062 0)
(1.10673 -0.022864 -1.4972e-11)
(1.10549 -0.0228212 1.4972e-11)
(1.10425 -0.0227781 0)
(1.10301 -0.0227351 0)
(1.10178 -0.0226925 0)
(1.10056 -0.0226507 0)
(1.09933 -0.0226099 0)
(1.09811 -0.0225705 0)
(1.09689 -0.0225327 0)
(1.09569 -0.0224968 0)
(1.09446 -0.0224627 0)
(1.09329 -0.0224313 0)
(1.09202 -0.0224017 0)
(1.09092 -0.0223756 0)
(1.08957 -0.0223509 0)
(1.0886 -0.0223312 0)
(1.08703 -0.0223109 0)
(1.08641 -0.0222993 0)
(1.08429 -0.0222815 0)
(1.1748 -0.000405138 0)
(1.17464 -0.00127731 0)
(1.17444 -0.00213047 0)
(1.17418 -0.00296431 0)
(1.17387 -0.00377854 0)
(1.17351 -0.00457293 0)
(1.1731 -0.00534726 0)
(1.17265 -0.00610137 0)
(1.17215 -0.0068351 0)
(1.1716 -0.00754834 0)
(1.17102 -0.00824101 0)
(1.17039 -0.00891306 0)
(1.16972 -0.00956444 0)
(1.16902 -0.0101952 0)
(1.16827 -0.0108052 0)
(1.1675 -0.0113947 0)
(1.16668 -0.0119636 0)
(1.16584 -0.0125121 0)
(1.16496 -0.0130403 0)
(1.16405 -0.0135482 0)
(1.16311 -0.0140362 0)
(1.16215 -0.0145042 0)
(1.16116 -0.0149526 0)
(1.16014 -0.0153816 0)
(1.1591 -0.0157913 0)
(1.15804 -0.0161821 0)
(1.15696 -0.0165542 0)
(1.15585 -0.0169079 0)
(1.15473 -0.0172436 0)
(1.15359 -0.0175614 0)
(1.15243 -0.0178619 0)
(1.15126 -0.0181452 0)
(1.15007 -0.0184119 0)
(1.14887 -0.0186622 0)
(1.14766 -0.0188965 0)
(1.14643 -0.0191154 0)
(1.1452 -0.0193191 0)
(1.14395 -0.0195082 0)
(1.1427 -0.0196829 0)
(1.14144 -0.0198439 0)
(1.14017 -0.0199916 0)
(1.1389 -0.0201263 0)
(1.13762 -0.0202486 0)
(1.13634 -0.020359 -1.5836e-27)
(1.13505 -0.0204579 1.5836e-27)
(1.13377 -0.0205457 0)
(1.13247 -0.0206231 0)
(1.13118 -0.0206905 0)
(1.12989 -0.0207483 0)
(1.12859 -0.0207971 0)
(1.1273 -0.0208373 0)
(1.126 -0.0208695 0)
(1.12471 -0.0208941 0)
(1.12342 -0.0209116 0)
(1.12213 -0.0209225 0)
(1.12084 -0.0209272 0)
(1.11955 -0.0209262 0)
(1.11827 -0.0209201 0)
(1.11699 -0.0209092 0)
(1.11571 -0.0208939 0)
(1.11444 -0.0208748 0)
(1.11317 -0.0208523 0)
(1.1119 -0.0208268 0)
(1.11064 -0.0207987 0)
(1.10938 -0.0207683 0)
(1.10813 -0.0207362 0)
(1.10688 -0.0207026 0)
(1.10563 -0.0206679 -7.50314e-12)
(1.10439 -0.0206325 7.50314e-12)
(1.10315 -0.0205967 0)
(1.10192 -0.0205609 0)
(1.10068 -0.0205252 0)
(1.09946 -0.0204901 0)
(1.09823 -0.0204557 0)
(1.09702 -0.0204224 0)
(1.09579 -0.0203903 0)
(1.09459 -0.0203598 0)
(1.09335 -0.0203308 0)
(1.09218 -0.0203039 0)
(1.09091 -0.0202786 0)
(1.08981 -0.0202561 0)
(1.08845 -0.0202347 0)
(1.08749 -0.0202177 0)
(1.08591 -0.0201999 0)
(1.08528 -0.0201897 0)
(1.08316 -0.0201738 0)
(1.17218 -0.000213855 0)
(1.17206 -0.000990712 0)
(1.17189 -0.00175089 0)
(1.17166 -0.00249411 0)
(1.17139 -0.00322011 0)
(1.17106 -0.00392865 0)
(1.17069 -0.00461954 0)
(1.17027 -0.00529261 0)
(1.1698 -0.00594772 0)
(1.16929 -0.00658475 0)
(1.16874 -0.00720364 0)
(1.16815 -0.0078043 0)
(1.16752 -0.00838671 0)
(1.16684 -0.00895085 0)
(1.16614 -0.00949674 0)
(1.16539 -0.0100244 0)
(1.16461 -0.0105339 0)
(1.1638 -0.0110253 0)
(1.16296 -0.0114987 0)
(1.16209 -0.0119542 0)
(1.16118 -0.012392 0)
(1.16025 -0.0128122 0)
(1.1593 -0.013215 0)
(1.15831 -0.0136005 0)
(1.15731 -0.013969 0)
(1.15627 -0.0143207 0)
(1.15522 -0.0146558 0)
(1.15415 -0.0149746 0)
(1.15306 -0.0152774 0)
(1.15195 -0.0155644 0)
(1.15082 -0.0158359 0)
(1.14968 -0.0160923 0)
(1.14852 -0.0163338 0)
(1.14735 -0.0165608 0)
(1.14616 -0.0167737 0)
(1.14496 -0.0169728 0)
(1.14375 -0.0171584 0)
(1.14254 -0.017331 0)
(1.14131 -0.0174909 0)
(1.14007 -0.0176385 0)
(1.13883 -0.0177742 0)
(1.13758 -0.0178985 0)
(1.13632 -0.0180117 0)
(1.13506 -0.0181142 0)
(1.13379 -0.0182065 0)
(1.13252 -0.018289 0)
(1.13125 -0.0183621 0)
(1.12997 -0.0184263 0)
(1.1287 -0.0184819 0)
(1.12742 -0.0185295 0)
(1.12614 -0.0185694 0)
(1.12486 -0.018602 0)
(1.12358 -0.0186279 0)
(1.1223 -0.0186474 0)
(1.12102 -0.0186609 0)
(1.11974 -0.0186689 0)
(1.11847 -0.0186717 0)
(1.11719 -0.0186699 0)
(1.11592 -0.0186637 0)
(1.11465 -0.0186536 0)
(1.11339 -0.01864 0)
(1.11213 -0.0186232 0)
(1.11087 -0.0186037 0)
(1.10961 -0.0185817 0)
(1.10835 -0.0185577 0)
(1.1071 -0.0185319 0)
(1.10586 -0.0185048 0)
(1.10461 -0.0184765 0)
(1.10337 -0.0184475 0)
(1.10214 -0.0184181 0)
(1.1009 -0.0183884 0)
(1.09967 -0.0183588 0)
(1.09845 -0.0183295 0)
(1.09722 -0.0183008 0)
(1.096 -0.0182728 0)
(1.09478 -0.0182458 0)
(1.09358 -0.0182201 0)
(1.09234 -0.0181956 0)
(1.09117 -0.0181728 0)
(1.08989 -0.0181512 0)
(1.08879 -0.0181321 0)
(1.08743 -0.0181137 0)
(1.08646 -0.0180991 0)
(1.08488 -0.0180836 0)
(1.08425 -0.0180748 0)
(1.08212 -0.0180607 0)
(1.16985 -7.36293e-05 0)
(1.16976 -0.000756266 0)
(1.16961 -0.00142448 0)
(1.16941 -0.00207798 0)
(1.16917 -0.00271653 0)
(1.16887 -0.00333992 0)
(1.16853 -0.00394796 0)
(1.16814 -0.0045405 0)
(1.1677 -0.0051174 0)
(1.16722 -0.00567857 0)
(1.1667 -0.00622391 0)
(1.16614 -0.00675337 0)
(1.16554 -0.0072669 0)
(1.1649 -0.0077645 0)
(1.16422 -0.00824616 0)
(1.16351 -0.00871191 0)
(1.16276 -0.00916179 0)
(1.16198 -0.00959587 0)
(1.16117 -0.0100142 0)
(1.16032 -0.0104169 0)
(1.15945 -0.0108041 0)
(1.15855 -0.0111759 0)
(1.15762 -0.0115325 0)
(1.15667 -0.011874 0)
(1.15569 -0.0122006 0)
(1.15469 -0.0125125 0)
(1.15366 -0.0128099 0)
(1.15262 -0.0130929 0)
(1.15155 -0.013362 0)
(1.15047 -0.0136172 0)
(1.14937 -0.0138589 0)
(1.14825 -0.0140873 0)
(1.14712 -0.0143027 0)
(1.14597 -0.0145054 0)
(1.14481 -0.0146957 0)
(1.14363 -0.0148739 0)
(1.14245 -0.0150403 0)
(1.14125 -0.0151952 0)
(1.14005 -0.015339 0)
(1.13883 -0.0154721 0)
(1.13761 -0.0155947 0)
(1.13638 -0.0157072 0)
(1.13514 -0.01581 0)
(1.1339 -0.0159034 0)
(1.13265 -0.0159878 0)
(1.13139 -0.0160636 0)
(1.13014 -0.0161311 0)
(1.12888 -0.0161907 0)
(1.12762 -0.0162429 0)
(1.12635 -0.0162878 0)
(1.12509 -0.0163261 0)
(1.12382 -0.0163579 0)
(1.12255 -0.0163837 0)
(1.12128 -0.0164039 0)
(1.12002 -0.0164188 0)
(1.11875 -0.0164287 0)
(1.11748 -0.0164341 0)
(1.11622 -0.0164353 0)
(1.11496 -0.0164327 0)
(1.11369 -0.0164265 0)
(1.11243 -0.0164172 0)
(1.11118 -0.016405 0)
(1.10992 -0.0163903 0)
(1.10867 -0.0163734 0)
(1.10742 -0.0163547 0)
(1.10618 -0.0163343 0)
(1.10493 -0.0163126 0)
(1.10369 -0.0162898 0)
(1.10245 -0.0162663 0)
(1.10122 -0.0162423 0)
(1.09999 -0.016218 0)
(1.09876 -0.0161936 0)
(1.09753 -0.0161695 0)
(1.0963 -0.0161457 0)
(1.09509 -0.0161225 0)
(1.09386 -0.0161 0)
(1.09266 -0.0160785 0)
(1.09142 -0.016058 0)
(1.09025 -0.0160388 0)
(1.08897 -0.0160207 0)
(1.08786 -0.0160045 0)
(1.0865 -0.0159889 0)
(1.08554 -0.0159765 0)
(1.08396 -0.0159632 0)
(1.08332 -0.0159557 0)
(1.08119 -0.0159433 0)
(1.1678 2.23653e-05 0)
(1.16773 -0.00056706 0)
(1.16761 -0.0011442 0)
(1.16744 -0.00170879 0)
(1.16721 -0.00226062 0)
(1.16694 -0.00279948 0)
(1.16663 -0.00332523 0)
(1.16626 -0.0038377 0)
(1.16585 -0.0043368 0)
(1.1654 -0.0048224 0)
(1.1649 -0.00529445 0)
(1.16437 -0.00575288 0)
(1.16379 -0.00619765 0)
(1.16318 -0.00662874 0)
(1.16253 -0.00704615 0)
(1.16184 -0.00744991 0)
(1.16112 -0.00784003 0)
(1.16037 -0.00821657 0)
(1.15958 -0.0085796 0)
(1.15877 -0.00892919 0)
(1.15792 -0.00926544 0)
(1.15704 -0.00958846 0)
(1.15614 -0.00989838 0)
(1.15521 -0.0101953 0)
(1.15426 -0.0104794 0)
(1.15328 -0.0107509 0)
(1.15228 -0.0110099 0)
(1.15126 -0.0112566 0)
(1.15022 -0.0114912 0)
(1.14916 -0.0117139 0)
(1.14808 -0.011925 0)
(1.14699 -0.0121246 0)
(1.14588 -0.012313 0)
(1.14475 -0.0124904 0)
(1.14361 -0.0126572 0)
(1.14246 -0.0128135 0)
(1.14129 -0.0129597 0)
(1.14011 -0.0130959 0)
(1.13893 -0.0132226 0)
(1.13773 -0.01334 0)
(1.13653 -0.0134484 0)
(1.13531 -0.013548 0)
(1.13409 -0.0136393 0)
(1.13286 -0.0137225 0)
(1.13163 -0.0137979 0)
(1.13039 -0.0138658 0)
(1.12915 -0.0139266 0)
(1.1279 -0.0139805 0)
(1.12666 -0.014028 0)
(1.1254 -0.0140693 0)
(1.12415 -0.0141047 0)
(1.12289 -0.0141345 0)
(1.12164 -0.0141592 0)
(1.12038 -0.0141789 0)
(1.11912 -0.014194 0)
(1.11786 -0.0142048 1.10295e-27)
(1.11661 -0.0142117 -1.10295e-27)
(1.11535 -0.0142149 0)
(1.11409 -0.0142147 0)
(1.11284 -0.0142114 0)
(1.11159 -0.0142053 0)
(1.11033 -0.0141968 0)
(1.10908 -0.0141859 0)
(1.10784 -0.0141732 0)
(1.10659 -0.0141587 0)
(1.10535 -0.0141428 0)
(1.10411 -0.0141257 0)
(1.10287 -0.0141076 0)
(1.10163 -0.0140888 0)
(1.1004 -0.0140694 0)
(1.09917 -0.0140498 0)
(1.09794 -0.01403 0)
(1.09672 -0.0140103 0)
(1.09549 -0.0139909 0)
(1.09428 -0.0139719 0)
(1.09305 -0.0139534 0)
(1.09185 -0.0139357 0)
(1.09061 -0.0139187 0)
(1.08943 -0.0139029 0)
(1.08816 -0.0138878 0)
(1.08705 -0.0138744 0)
(1.08569 -0.0138613 0)
(1.08472 -0.0138509 0)
(1.08313 -0.0138396 0)
(1.0825 -0.0138333 0)
(1.08036 -0.0138226 0)
(1.16604 8.07147e-05 0)
(1.16599 -0.000416414 0)
(1.16589 -0.000903286 0)
(1.16574 -0.00137969 0)
(1.16554 -0.00184544 0)
(1.16529 -0.00230035 0)
(1.16499 -0.0027443 0)
(1.16465 -0.00317715 0)
(1.16426 -0.00359879 0)
(1.16383 -0.00400913 0)
(1.16336 -0.00440811 0)
(1.16284 -0.00479568 0)
(1.16229 -0.00517179 0)
(1.1617 -0.00553643 0)
(1.16107 -0.0058896 0)
(1.16041 -0.00623129 0)
(1.15971 -0.00656154 0)
(1.15898 -0.00688039 0)
(1.15822 -0.00718789 0)
(1.15742 -0.0074841 0)
(1.1566 -0.0077691 0)
(1.15574 -0.00804299 0)
(1.15486 -0.00830585 0)
(1.15396 -0.00855782 0)
(1.15302 -0.00879901 0)
(1.15207 -0.00902955 0)
(1.15109 -0.0092496 0)
(1.15009 -0.00945931 0)
(1.14907 -0.00965884 0)
(1.14803 -0.00984837 0)
(1.14697 -0.0100281 0)
(1.1459 -0.0101982 0)
(1.1448 -0.0103588 0)
(1.1437 -0.0105102 0)
(1.14257 -0.0106527 0)
(1.14144 -0.0107863 0)
(1.14029 -0.0109114 0)
(1.13913 -0.0110281 0)
(1.13796 -0.0111368 0)
(1.13678 -0.0112376 0)
(1.13559 -0.0113309 0)
(1.13439 -0.0114167 0)
(1.13318 -0.0114955 0)
(1.13197 -0.0115675 0)
(1.13075 -0.0116329 0)
(1.12952 -0.011692 0)
(1.12829 -0.0117451 0)
(1.12706 -0.0117924 0)
(1.12582 -0.0118342 0)
(1.12458 -0.0118707 0)
(1.12334 -0.0119023 0)
(1.12209 -0.0119292 0)
(1.12084 -0.0119517 0)
(1.11959 -0.01197 0)
(1.11834 -0.0119844 0)
(1.11709 -0.0119951 -1.96133e-28)
(1.11584 -0.0120025 1.96133e-28)
(1.11459 -0.0120067 0)
(1.11334 -0.012008 0)
(1.11209 -0.0120068 0)
(1.11085 -0.0120031 0)
(1.1096 -0.0119973 0)
(1.10835 -0.0119895 0)
(1.10711 -0.01198 0)
(1.10587 -0.0119691 0)
(1.10463 -0.0119569 0)
(1.10339 -0.0119436 0)
(1.10216 -0.0119295 0)
(1.10092 -0.0119147 0)
(1.09969 -0.0118994 0)
(1.09846 -0.0118838 0)
(1.09723 -0.0118681 0)
(1.09601 -0.0118523 0)
(1.09478 -0.0118367 0)
(1.09357 -0.0118214 0)
(1.09234 -0.0118065 0)
(1.09114 -0.0117922 0)
(1.0899 -0.0117784 0)
(1.08873 -0.0117655 0)
(1.08745 -0.0117532 0)
(1.08634 -0.0117423 0)
(1.08498 -0.0117315 0)
(1.084 -0.011723 0)
(1.08242 -0.0117137 0)
(1.08179 -0.0117084 0)
(1.07965 -0.0116995 0)
(1.16457 0.000107791 0)
(1.16454 -0.000297831 0)
(1.16445 -0.000695164 0)
(1.16432 -0.00108403 0)
(1.16413 -0.00146428 0)
(1.1639 -0.00183576 0)
(1.16362 -0.00219835 0)
(1.1633 -0.00255195 0)
(1.16293 -0.00289646 0)
(1.16252 -0.00323181 0)
(1.16206 -0.00355794 0)
(1.16157 -0.0038748 0)
(1.16103 -0.00418236 0)
(1.16046 -0.0044806 0)
(1.15985 -0.00476952 0)
(1.15921 -0.00504912 0)
(1.15853 -0.00531942 0)
(1.15782 -0.00558045 0)
(1.15707 -0.00583225 0)
(1.15629 -0.00607487 0)
(1.15549 -0.00630838 0)
(1.15465 -0.00653284 0)
(1.15379 -0.00674833 0)
(1.1529 -0.00695496 0)
(1.15199 -0.00715282 0)
(1.15105 -0.00734201 0)
(1.15009 -0.00752266 0)
(1.14911 -0.00769489 0)
(1.1481 -0.00785883 0)
(1.14708 -0.00801463 0)
(1.14604 -0.00816243 0)
(1.14498 -0.00830239 3.05296e-28)
(1.1439 -0.00843467 -3.05296e-28)
(1.14281 -0.00855944 0)
(1.1417 -0.00867686 0)
(1.14058 -0.00878713 0)
(1.13944 -0.00889042 0)
(1.1383 -0.00898692 0)
(1.13714 -0.00907683 0)
(1.13597 -0.00916034 0)
(1.13479 -0.00923765 0)
(1.13361 -0.00930897 0)
(1.13241 -0.00937451 0)
(1.13121 -0.00943447 0)
(1.13 -0.00948907 0)
(1.12879 -0.00953853 0)
(1.12757 -0.00958305 0)
(1.12635 -0.00962285 0)
(1.12512 -0.00965815 0)
(1.12388 -0.00968917 0)
(1.12265 -0.00971613 0)
(1.12141 -0.00973924 0)
(1.12017 -0.00975872 0)
(1.11893 -0.00977478 0)
(1.11769 -0.00978764 0)
(1.11644 -0.0097975 1.68653e-28)
(1.1152 -0.00980458 -1.68653e-28)
(1.11395 -0.00980909 0)
(1.11271 -0.00981122 0)
(1.11147 -0.00981117 0)
(1.11022 -0.00980915 0)
(1.10898 -0.00980534 0)
(1.10774 -0.00979994 0)
(1.1065 -0.00979312 0)
(1.10526 -0.00978505 0)
(1.10402 -0.00977593 0)
(1.10279 -0.0097659 0)
(1.10155 -0.00975514 0)
(1.10032 -0.00974379 0)
(1.09909 -0.00973201 0)
(1.09787 -0.00971993 0)
(1.09664 -0.00970768 0)
(1.09542 -0.00969541 0)
(1.09419 -0.00968322 0)
(1.09298 -0.00967124 0)
(1.09175 -0.00965952 0)
(1.09055 -0.00964826 0)
(1.0893 -0.00963739 0)
(1.08813 -0.00962723 0)
(1.08685 -0.00961747 0)
(1.08574 -0.00960877 0)
(1.08438 -0.00960022 0)
(1.08341 -0.00959342 0)
(1.08182 -0.0095859 0)
(1.08119 -0.00958172 0)
(1.07905 -0.00957442 0)
(1.16339 0.000109616 0)
(1.16337 -0.000205164 0)
(1.1633 -0.000513561 0)
(1.16318 -0.000815437 0)
(1.16301 -0.00111067 0)
(1.16279 -0.00139914 0)
(1.16252 -0.00168075 0)
(1.16221 -0.00195542 0)
(1.16186 -0.00222308 0)
(1.16146 -0.00248366 0)
(1.16102 -0.00273711 0)
(1.16054 -0.00298341 0)
(1.16003 -0.00322251 0)
(1.15947 -0.00345441 0)
(1.15887 -0.0036791 0)
(1.15824 -0.00389658 0)
(1.15758 -0.00410687 0)
(1.15688 -0.00430999 0)
(1.15615 -0.00450596 0)
(1.15539 -0.00469483 0)
(1.1546 -0.00487664 0)
(1.15378 -0.00505145 0)
(1.15293 -0.00521932 0)
(1.15206 -0.00538032 0)
(1.15116 -0.00553453 0)
(1.15023 -0.00568202 0)
(1.14928 -0.0058229 0)
(1.14831 -0.00595726 0)
(1.14732 -0.0060852 0)
(1.14631 -0.00620683 0)
(1.14528 -0.00632226 0)
(1.14424 -0.00643161 -1.98668e-27)
(1.14317 -0.00653501 1.98668e-27)
(1.14209 -0.00663259 0)
(1.141 -0.00672448 0)
(1.13989 -0.00681081 0)
(1.13876 -0.00689173 0)
(1.13763 -0.00696739 0)
(1.13648 -0.00703794 0)
(1.13532 -0.00710352 0)
(1.13416 -0.00716429 0)
(1.13298 -0.00722042 0)
(1.1318 -0.00727205 0)
(1.1306 -0.00731936 0)
(1.1294 -0.0073625 0)
(1.1282 -0.00740164 0)
(1.12699 -0.00743695 0)
(1.12577 -0.00746859 0)
(1.12455 -0.00749674 0)
(1.12332 -0.00752155 0)
(1.1221 -0.00754321 0)
(1.12086 -0.00756186 0)
(1.11963 -0.0075777 0)
(1.11839 -0.00759086 0)
(1.11716 -0.00760153 0)
(1.11592 -0.00760987 -1.10065e-27)
(1.11468 -0.00761603 1.10065e-27)
(1.11344 -0.00762018 0)
(1.1122 -0.00762247 0)
(1.11096 -0.00762306 0)
(1.10972 -0.0076221 0)
(1.10848 -0.00761974 0)
(1.10724 -0.00761611 0)
(1.10601 -0.00761137 0)
(1.10477 -0.00760565 0)
(1.10353 -0.00759908 0)
(1.1023 -0.0075918 0)
(1.10107 -0.00758392 0)
(1.09984 -0.00757556 0)
(1.09861 -0.00756685 0)
(1.09738 -0.00755788 0)
(1.09616 -0.00754876 0)
(1.09494 -0.0075396 0)
(1.09371 -0.00753046 0)
(1.0925 -0.00752147 0)
(1.09127 -0.00751267 0)
(1.09007 -0.00750418 0)
(1.08882 -0.00749598 0)
(1.08765 -0.0074883 0)
(1.08637 -0.0074809 0)
(1.08526 -0.0074743 0)
(1.0839 -0.00746779 0)
(1.08293 -0.00746262 0)
(1.08134 -0.00745686 0)
(1.08071 -0.00745366 0)
(1.07856 -0.00744802 0)
(1.16251 9.21088e-05 0)
(1.1625 -0.000132363 0)
(1.16243 -0.000352311 0)
(1.16232 -0.000567633 0)
(1.16216 -0.00077824 0)
(1.16195 -0.000984049 0)
(1.1617 -0.00118499 0)
(1.1614 -0.001381 0)
(1.16106 -0.00157203 0)
(1.16067 -0.00175803 0)
(1.16024 -0.00193896 0)
(1.15977 -0.0021148 0)
(1.15927 -0.00228554 0)
(1.15872 -0.00245115 0)
(1.15814 -0.00261163 0)
(1.15752 -0.00276698 0)
(1.15686 -0.00291721 0)
(1.15618 -0.00306234 0)
(1.15546 -0.00320239 0)
(1.15471 -0.00333738 0)
(1.15393 -0.00346735 0)
(1.15312 -0.00359234 0)
(1.15228 -0.00371238 0)
(1.15142 -0.00382754 0)
(1.15053 -0.00393786 0)
(1.14961 -0.0040434 0)
(1.14868 -0.00414423 0)
(1.14772 -0.00424041 0)
(1.14674 -0.00433203 0)
(1.14574 -0.00441914 0)
(1.14472 -0.00450185 0)
(1.14368 -0.00458022 0)
(1.14262 -0.00465435 0)
(1.14155 -0.00472433 0)
(1.14047 -0.00479026 0)
(1.13937 -0.00485223 0)
(1.13825 -0.00491035 0)
(1.13712 -0.00496471 0)
(1.13599 -0.00501543 0)
(1.13484 -0.00506261 0)
(1.13368 -0.00510636 0)
(1.13251 -0.0051468 0)
(1.13133 -0.00518403 0)
(1.13014 -0.00521818 0)
(1.12895 -0.00524935 0)
(1.12775 -0.00527767 0)
(1.12655 -0.00530326 0)
(1.12533 -0.00532622 0)
(1.12412 -0.0053467 0)
(1.1229 -0.00536479 0)
(1.12168 -0.00538062 0)
(1.12045 -0.00539431 0)
(1.11922 -0.00540598 0)
(1.11799 -0.00541575 0)
(1.11676 -0.00542373 0)
(1.11552 -0.00543004 1.10013e-27)
(1.11429 -0.00543479 -1.10013e-27)
(1.11305 -0.0054381 0)
(1.11181 -0.00544007 0)
(1.11058 -0.00544083 0)
(1.10934 -0.00544046 0)
(1.1081 -0.00543909 0)
(1.10687 -0.00543681 0)
(1.10563 -0.00543373 0)
(1.1044 -0.00542994 0)
(1.10316 -0.00542553 0)
(1.10193 -0.0054206 0)
(1.1007 -0.00541523 0)
(1.09947 -0.00540951 0)
(1.09824 -0.00540353 0)
(1.09702 -0.00539735 0)
(1.09579 -0.00539105 0)
(1.09457 -0.00538471 0)
(1.09335 -0.00537838 0)
(1.09213 -0.00537213 0)
(1.0909 -0.005366 0)
(1.0897 -0.00536008 0)
(1.08846 -0.00535437 0)
(1.08729 -0.00534898 0)
(1.08601 -0.00534382 0)
(1.0849 -0.00533916 0)
(1.08353 -0.00533462 0)
(1.08256 -0.00533094 0)
(1.08098 -0.00532692 0)
(1.08034 -0.00532463 0)
(1.0782 -0.00532067 0)
(1.16192 6.05479e-05 0)
(1.16191 -7.39581e-05 0)
(1.16186 -0.000205766 0)
(1.16175 -0.000334815 0)
(1.1616 -0.00046105 0)
(1.1614 -0.000584421 0)
(1.16115 -0.000704884 0)
(1.16086 -0.000822402 -2.96064e-11)
(1.16052 -0.000936943 2.96064e-11)
(1.16014 -0.00104848 0)
(1.15972 -0.00115699 0)
(1.15926 -0.00126245 0)
(1.15876 -0.00136486 0)
(1.15822 -0.00146421 0)
(1.15765 -0.00156048 0)
(1.15703 -0.00165369 0)
(1.15639 -0.00174384 0)
(1.15571 -0.00183093 0)
(1.155 -0.00191499 0)
(1.15425 -0.00199601 0)
(1.15348 -0.00207403 0)
(1.15268 -0.00214907 0)
(1.15185 -0.00222115 0)
(1.15099 -0.00229031 0)
(1.15011 -0.00235657 0)
(1.1492 -0.00241996 0)
(1.14827 -0.00248054 0)
(1.14732 -0.00253833 0)
(1.14635 -0.00259339 0)
(1.14535 -0.00264576 0)
(1.14434 -0.00269548 0)
(1.14331 -0.00274261 0)
(1.14226 -0.0027872 0)
(1.14119 -0.0028293 0)
(1.14011 -0.00286898 0)
(1.13902 -0.00290628 0)
(1.13791 -0.00294128 0)
(1.13679 -0.00297402 0)
(1.13565 -0.00300459 0)
(1.13451 -0.00303303 0)
(1.13335 -0.00305941 0)
(1.13219 -0.00308381 0)
(1.13102 -0.00310629 0)
(1.12984 -0.00312692 0)
(1.12865 -0.00314577 0)
(1.12745 -0.00316291 0)
(1.12625 -0.00317841 0)
(1.12504 -0.00319233 0)
(1.12383 -0.00320476 0)
(1.12262 -0.00321576 0)
(1.1214 -0.00322541 0)
(1.12017 -0.00323377 0)
(1.11895 -0.00324092 0)
(1.11772 -0.00324692 0)
(1.11649 -0.00325185 0)
(1.11526 -0.00325578 0)
(1.11402 -0.00325877 0)
(1.11279 -0.00326089 0)
(1.11155 -0.00326221 0)
(1.11032 -0.0032628 0)
(1.10908 -0.00326271 0)
(1.10785 -0.00326202 0)
(1.10662 -0.00326077 0)
(1.10538 -0.00325904 0)
(1.10415 -0.00325688 0)
(1.10292 -0.00325435 0)
(1.10169 -0.0032515 0)
(1.10046 -0.00324839 0)
(1.09923 -0.00324506 0)
(1.098 -0.00324156 0)
(1.09678 -0.00323794 0)
(1.09555 -0.00323426 0)
(1.09433 -0.00323052 0)
(1.0931 -0.00322681 0)
(1.09189 -0.00322311 0)
(1.09066 -0.00321953 0)
(1.08946 -0.003216 0)
(1.08822 -0.00321268 0)
(1.08705 -0.00320941 0)
(1.08577 -0.00320647 0)
(1.08466 -0.00320354 0)
(1.08329 -0.00320105 0)
(1.08232 -0.00319857 0)
(1.08073 -0.00319651 0)
(1.0801 -0.00319478 0)
(1.07795 -0.0031928 0)
(1.16162 2.13123e-05 0)
(1.16162 -2.35262e-05 0)
(1.16157 -6.74629e-05 0)
(1.16147 -0.000110478 0)
(1.16132 -0.000152555 0)
(1.16112 -0.000193677 0)
(1.16087 -0.000233829 0)
(1.16059 -0.000273 -2.95809e-11)
(1.16025 -0.000311178 2.95809e-11)
(1.15988 -0.000348356 0)
(1.15946 -0.000384525 0)
(1.159 -0.000419681 0)
(1.15851 -0.000453818 0)
(1.15797 -0.000486935 0)
(1.1574 -0.000519031 0)
(1.15679 -0.000550105 0)
(1.15615 -0.000580159 0)
(1.15547 -0.000609196 0)
(1.15476 -0.000637221 0)
(1.15402 -0.000664237 0)
(1.15326 -0.000690253 0)
(1.15246 -0.000715276 0)
(1.15163 -0.000739313 0)
(1.15078 -0.000762376 0)
(1.1499 -0.000784475 0)
(1.149 -0.000805621 0)
(1.14807 -0.000825827 0)
(1.14712 -0.000845108 0)
(1.14615 -0.000863476 0)
(1.14516 -0.000880948 0)
(1.14415 -0.00089754 0)
(1.14312 -0.000913268 0)
(1.14207 -0.00092815 0)
(1.14101 -0.000942205 0)
(1.13993 -0.00095545 0)
(1.13884 -0.000967906 0)
(1.13774 -0.000979592 0)
(1.13662 -0.00099053 0)
(1.13549 -0.00100074 0)
(1.13434 -0.00101024 0)
(1.13319 -0.00101906 0)
(1.13203 -0.00102722 0)
(1.13086 -0.00103474 0)
(1.12968 -0.00104164 0)
(1.1285 -0.00104794 0)
(1.1273 -0.00105368 0)
(1.1261 -0.00105887 0)
(1.1249 -0.00106354 0)
(1.12369 -0.00106771 0)
(1.12247 -0.0010714 0)
(1.12126 -0.00107464 0)
(1.12003 -0.00107745 0)
(1.11881 -0.00107986 0)
(1.11758 -0.00108188 0)
(1.11635 -0.00108355 0)
(1.11512 -0.00108488 -1.10053e-27)
(1.11389 -0.0010859 1.10053e-27)
(1.11266 -0.00108663 0)
(1.11142 -0.0010871 0)
(1.11019 -0.00108731 0)
(1.10896 -0.00108731 0)
(1.10772 -0.0010871 0)
(1.10649 -0.0010867 0)
(1.10526 -0.00108615 0)
(1.10402 -0.00108545 0)
(1.10279 -0.00108462 0)
(1.10156 -0.00108369 0)
(1.10033 -0.00108267 0)
(1.09911 -0.00108157 0)
(1.09788 -0.00108043 0)
(1.09665 -0.00107923 0)
(1.09543 -0.00107802 0)
(1.09421 -0.00107679 0)
(1.09298 -0.00107557 0)
(1.09177 -0.00107434 0)
(1.09054 -0.00107317 0)
(1.08934 -0.00107198 0)
(1.0881 -0.00107091 0)
(1.08692 -0.00106979 0)
(1.08565 -0.00106888 0)
(1.08453 -0.00106781 0)
(1.08317 -0.00106711 0)
(1.0822 -0.00106612 0)
(1.08061 -0.00106563 0)
(1.07998 -0.00106483 0)
(1.07783 -0.00106439 0)
(0.317019 0.00503039 -1.31427e-25)
(0.323585 0.00501339 3.53701e-25)
(0.330393 0.00500859 7.34447e-25)
(0.33623 0.00500624 -2.94158e-25)
(0.346684 0.00499517 -7.56805e-25)
)
;

boundaryField
{
    inlet
    {
        type            uniformFixedValue;
        uniformValue    constant (1 0 0);
        value           nonuniform 0();
    }
    outlet
    {
        type            pressureInletOutletVelocity;
        value           nonuniform List<vector> 
41
(
(1.04933 -0.0558834 0)
(1.07688 -0.0553429 0)
(1.09235 -0.0542596 0)
(1.10001 -0.0529171 0)
(1.10308 -0.0513944 0)
(1.10368 -0.0497661 0)
(1.10305 -0.0480581 0)
(1.10187 -0.0462862 0)
(1.10045 -0.0444591 0)
(1.09892 -0.0425837 0)
(1.09735 -0.0406661 0)
(1.09578 -0.0387119 0)
(1.0942 -0.0367263 0)
(1.09264 -0.034714 0)
(1.09111 -0.0326793 0)
(1.08962 -0.0306258 0)
(1.08818 -0.0285568 0)
(1.08681 -0.0264748 0)
(1.08551 -0.0243824 0)
(1.08429 -0.0222815 0)
(1.08316 -0.0201738 0)
(1.08212 -0.0180607 0)
(1.08119 -0.0159433 0)
(1.08036 -0.0138226 0)
(1.07965 -0.0116995 0)
(1.07905 -0.00957442 0)
(1.07856 -0.00744802 0)
(1.0782 -0.00532067 0)
(1.07795 -0.0031928 0)
(1.07783 -0.00106439 0)
(0.3467 -0.00504083 7.56364e-25)
(0.381542 -0.0148739 -2.51771e-24)
(0.446127 -0.0241135 -5.13827e-25)
(0.531712 -0.0324214 -1.54402e-24)
(0.628067 -0.039548 1.36645e-24)
(0.725532 -0.0453464 -1.5496e-24)
(0.816363 -0.04977 5.8545e-25)
(0.895324 -0.0528658 2.49769e-25)
(0.959731 -0.0547811 -4.47346e-24)
(1.00919 -0.0557465 -2.56622e-24)
(0.346684 0.00499517 -7.56805e-25)
)
;
    }
    cylinder
    {
        type            fixedValue;
        value           nonuniform 0();
    }
    top
    {
        type            symmetryPlane;
    }
    bottom
    {
        type            symmetryPlane;
    }
    defaultFaces
    {
        type            empty;
    }
    procBoundary3to1
    {
        type            processor;
        value           nonuniform List<vector> 
92
(
(-0.216959 0.00131617 -1.7985e-20)
(-0.215291 0.00144314 1.84748e-20)
(-0.213466 0.00157182 -7.73367e-21)
(-0.211482 0.00170216 -9.29712e-21)
(-0.209336 0.00183409 2.15441e-21)
(-0.207026 0.00196753 -5.08836e-21)
(-0.20455 0.00210236 2.0034e-20)
(-0.201906 0.00223845 -2.37812e-20)
(-0.199091 0.00237565 1.05474e-20)
(-0.196104 0.00251379 3.75956e-21)
(-0.192944 0.00265268 -1.05317e-21)
(-0.189609 0.00279212 -5.88956e-21)
(-0.186098 0.00293189 -3.65549e-21)
(-0.18241 0.00307178 2.54235e-22)
(-0.178546 0.00321153 9.27265e-21)
(-0.174505 0.00335091 7.58252e-22)
(-0.170287 0.00348968 3.39268e-21)
(-0.165894 0.00362759 -6.41599e-21)
(-0.161325 0.00376438 8.57849e-22)
(-0.156584 0.00389979 -7.25455e-21)
(-0.15167 0.00403354 1.30091e-20)
(-0.146587 0.00416525 -6.86017e-21)
(-0.141336 0.00429456 -7.97619e-22)
(-0.13592 0.00442135 1.16624e-20)
(-0.130342 0.00454485 -5.74551e-21)
(-0.124608 0.00466459 -2.70737e-21)
(-0.118722 0.00478123 -1.10152e-20)
(-0.112688 0.00489447 1.25822e-20)
(-0.106512 0.00500398 4.00151e-23)
(-0.100196 0.0051095 -1.0685e-20)
(-0.0937481 0.00521083 1.51439e-20)
(-0.087172 0.00530778 -1.07184e-20)
(-0.0804736 0.00540018 -1.64236e-21)
(-0.073659 0.00548789 9.26703e-21)
(-0.0667339 0.00557077 -6.4891e-21)
(-0.0597048 0.0056487 -1.00358e-21)
(-0.0525783 0.00572222 2.07815e-21)
(-0.0453587 0.00579296 3.78733e-23)
(-0.038053 0.00585562 7.285e-22)
(-0.0306698 0.00591271 -3.01156e-22)
(-0.023215 0.00596498 -1.37126e-21)
(-0.0156946 0.0060123 2.73721e-21)
(-0.00811529 0.00605458 6.14948e-22)
(-0.000483235 0.00609182 -2.39906e-21)
(0.00719539 0.00612407 -1.77301e-21)
(0.0149143 0.00615142 2.08325e-21)
(0.0226674 0.00617394 -9.23312e-22)
(0.0304488 0.00619171 2.02072e-21)
(0.0382528 0.00620484 -1.42448e-21)
(0.0460737 0.00621345 -1.14932e-21)
(0.0539062 0.0062177 8.90596e-22)
(0.0617451 0.00621771 -4.03952e-22)
(0.0695853 0.00621366 -5.71662e-22)
(0.0774222 0.0062057 1.58274e-21)
(0.0852511 0.00619401 -1.83499e-21)
(0.0930678 0.00617876 1.5815e-21)
(0.100868 0.00616014 -1.42309e-21)
(0.108648 0.00613834 9.97096e-22)
(0.116405 0.00611355 -8.4858e-23)
(0.124134 0.00608595 -3.62917e-22)
(0.131834 0.00605576 1.24476e-21)
(0.1395 0.00602317 -8.7146e-22)
(0.14713 0.00598837 -1.1136e-23)
(0.154723 0.00595157 4.14568e-22)
(0.162275 0.00591296 -1.68316e-22)
(0.169786 0.00587276 1.3699e-23)
(0.177253 0.00583115 -4.46841e-22)
(0.184674 0.00578833 1.85707e-22)
(0.19205 0.00574452 3.52349e-22)
(0.199378 0.00569989 -1.68165e-22)
(0.206659 0.00565466 -1.01192e-22)
(0.213891 0.00560901 1.0327e-22)
(0.221075 0.00556315 -1.1524e-22)
(0.22821 0.00551728 -9.85306e-23)
(0.235297 0.0054716 1.00314e-22)
(0.242336 0.00542632 2.09488e-23)
(0.249327 0.00538164 -9.38156e-23)
(0.256273 0.00533779 6.05841e-23)
(0.263173 0.00529502 -4.11959e-23)
(0.27003 0.00525355 1.24948e-23)
(0.276844 0.00521368 -4.47477e-24)
(0.28362 0.0051757 -9.84712e-24)
(0.290358 0.00513999 6.36782e-24)
(0.297062 0.0051069 4.62065e-24)
(0.303736 0.00507716 -2.68143e-24)
(0.310381 0.00505089 3.99809e-25)
(0.353265 0.0149095 1.42453e-24)
(0.359491 0.0148635 3.16585e-24)
(0.366041 0.0148488 -5.0507e-24)
(0.371461 0.0148473 -7.96403e-25)
(0.381495 0.014829 9.50413e-25)
(0.310381 0.00505089 3.99809e-25)
)
;
    }
    procBoundary3to2
    {
        type            processor;
        value           nonuniform List<vector> 
45
(
(-0.218472 -0.0011567 1.74885e-20)
(-0.176444 -0.00380048 -7.18381e-22)
(-0.0958848 -0.0072548 -1.31473e-19)
(0.0206574 -0.0124873 -7.52372e-20)
(0.0206574 -0.0124873 -7.52372e-20)
(0.162196 -0.0177852 4.65753e-20)
(0.325579 -0.0229833 1.49688e-19)
(0.506276 -0.0288724 -6.64325e-20)
(0.506276 -0.0288724 -6.64325e-20)
(0.689635 -0.033159 -1.16899e-19)
(0.689635 -0.033159 -1.16899e-19)
(0.860786 -0.0332087 -1.11604e-19)
(1.00621 -0.0331457 -1.64211e-19)
(1.00621 -0.0331457 -1.64211e-19)
(1.12494 -0.025178 0)
(1.20291 -0.0228671 0)
(1.23736 -0.0180053 0)
(1.2479 -0.0151401 0)
(1.24768 -0.0125069 0)
(1.24338 -0.0103561 0)
(1.23783 -0.00848929 0)
(1.23209 -0.0068438 0)
(1.22647 -0.00539508 0)
(1.22104 -0.00412549 0)
(1.2158 -0.00302074 0)
(1.21073 -0.00206876 0)
(1.20585 -0.00125852 0)
(1.20116 -0.000578854 0)
(1.19667 -1.86054e-05 0)
(1.19242 0.000432743 0)
(1.1884 0.000785438 0)
(1.18463 0.00104922 0)
(1.18113 0.00123308 0)
(1.17789 0.00134558 0)
(1.17489 0.000485723 0)
(1.17489 0.000485723 0)
(1.17225 0.000579358 0)
(1.16989 0.000623119 0)
(1.16782 0.000623796 0)
(1.16604 0.000587873 0)
(1.16455 0.000521512 0)
(1.16336 0.000430625 0)
(1.16247 0.000320994 0)
(1.16187 0.000197684 0)
(1.16157 6.70297e-05 0)
)
;
    }
}


// ************************************************************************* //
