/*--------------------------------*- C++ -*----------------------------------*\
  =========                 |
  \\      /  F ield         | OpenFOAM: The Open Source CFD Toolbox
   \\    /   O peration     | Website:  https://openfoam.org
    \\  /    A nd           | Version:  7
     \\/     M anipulation  |
\*---------------------------------------------------------------------------*/
FoamFile
{
    version     2.0;
    format      ascii;
    class       volVectorField;
    location    "60";
    object      U;
}
// * * * * * * * * * * * * * * * * * * * * * * * * * * * * * * * * * * * * * //

dimensions      [0 1 -1 0 0 0 0];

internalField   nonuniform List<vector> 
3500
(
(1.11996 0.026318 0)
(1.19909 0.023973 0)
(1.23476 0.0191001 0)
(1.24618 0.016165 0)
(1.24651 0.0134643 0)
(1.24256 0.0112624 0)
(1.23726 0.00934151 0)
(1.23172 0.00764447 0)
(1.22628 0.00614732 0)
(1.22102 0.00483061 0)
(1.21593 0.00367952 0)
(1.211 0.00268246 0)
(1.20625 0.00182823 0)
(1.20167 0.00110584 0)
(1.1973 0.000504284 0)
(1.19314 1.28665e-05 0)
(1.18921 -0.000378425 0)
(1.18552 -0.000679294 0)
(1.18209 -0.000898932 0)
(1.17892 -0.00104587 0)
(1.17602 -0.00112819 0)
(1.17339 -0.00115361 0)
(1.17105 -0.00112933 0)
(1.169 -0.00106216 0)
(1.16723 -0.000958573 0)
(1.16575 -0.000824649 0)
(1.16457 -0.000666279 0)
(1.16368 -0.000489251 0)
(1.16309 -0.000298609 0)
(1.16279 -0.00010067 0)
(1.11763 0.0289147 0)
(1.19665 0.0266735 0)
(1.23268 0.0218275 0)
(1.24449 0.0188044 0)
(1.2451 0.0160139 0)
(1.24135 0.0137075 0)
(1.2362 0.0116781 0)
(1.23079 0.00987304 0)
(1.22545 0.00826804 0)
(1.22029 0.0068434 0)
(1.21529 0.00558458 0)
(1.21045 0.00448026 0)
(1.20577 0.0035194 0)
(1.20127 0.00269117 0)
(1.19696 0.00198473 0)
(1.19286 0.00138956 0)
(1.18898 0.000895742 0)
(1.18535 0.000493639 0)
(1.18196 0.000174019 0)
(1.17882 -7.1529e-05 0)
(1.17596 -0.000251113 0)
(1.17337 -0.000372589 0)
(1.17105 -0.000443205 0)
(1.16902 -0.000469852 0)
(1.16727 -0.000459111 0)
(1.16581 -0.00041719 0)
(1.16464 -0.00035011 0)
(1.16376 -0.000263806 0)
(1.16317 -0.000163532 0)
(1.16288 -5.56386e-05 0)
(1.1154 0.0314306 0)
(1.19423 0.0292896 0)
(1.23058 0.0244707 0)
(1.24275 0.0213653 0)
(1.24363 0.0184892 0)
(1.24008 0.0160823 0)
(1.23508 0.0139489 0)
(1.22979 0.0120399 0)
(1.22456 0.0103311 0)
(1.2195 0.00880244 0)
(1.21459 0.0074398 0)
(1.20983 0.006232 0)
(1.20523 0.00516816 0)
(1.2008 0.0042376 0)
(1.19656 0.00342965 0)
(1.19252 0.00273393 0)
(1.1887 0.00214062 0)
(1.18511 0.00164015 0)
(1.18177 0.00122333 0)
(1.17868 0.000881768 0)
(1.17585 0.000607336 0)
(1.17329 0.000392119 0)
(1.171 0.00022882 0)
(1.16899 0.000110468 0)
(1.16726 3.03404e-05 0)
(1.16581 -1.78151e-05 0)
(1.16466 -4.01337e-05 0)
(1.16379 -4.27554e-05 0)
(1.16321 -3.10758e-05 0)
(1.16292 -1.14815e-05 0)
(1.11327 0.0338667 0)
(1.19185 0.031822 0)
(1.22846 0.0270301 0)
(1.24097 0.0238482 0)
(1.24212 0.0208905 0)
(1.23876 0.0183872 0)
(1.23391 0.0161539 0)
(1.22873 0.0141451 0)
(1.22362 0.0123364 0)
(1.21865 0.0107077 0)
(1.21383 0.00924507 0)
(1.20916 0.00793751 0)
(1.20464 0.00677428 0)
(1.20028 0.00574485 0)
(1.19611 0.00483872 0)
(1.19213 0.00404564 0)
(1.18836 0.00335586 0)
(1.18483 0.0027599 0)
(1.18153 0.00224865 0)
(1.17848 0.00181367 0)
(1.17568 0.00144682 0)
(1.17315 0.0011402 0)
(1.17089 0.00088645 0)
(1.16891 0.00067852 0)
(1.1672 0.000509594 0)
(1.16577 0.000373325 0)
(1.16462 0.000263475 0)
(1.16376 0.000173782 0)
(1.16319 9.8691e-05 0)
(1.1629 3.17766e-05 0)
(1.11123 0.0362243 0)
(1.18949 0.0342715 0)
(1.22633 0.0295063 0)
(1.23915 0.0262533 0)
(1.24055 0.023218 0)
(1.23738 0.0206223 0)
(1.23268 0.0182933 0)
(1.22762 0.0161888 0)
(1.22261 0.0142841 0)
(1.21774 0.0125592 0)
(1.21301 0.0110003 0)
(1.20843 0.00959667 0)
(1.20399 0.00833761 0)
(1.1997 0.00721273 0)
(1.1956 0.00621171 0)
(1.19168 0.00532441 0)
(1.18797 0.00454117 0)
(1.18448 0.0038526 0)
(1.18123 0.00324964 0)
(1.17822 0.00272385 0)
(1.17547 0.00226706 0)
(1.17297 0.00187139 0)
(1.17074 0.00152943 0)
(1.16877 0.00123408 0)
(1.16709 0.000978438 0)
(1.16567 0.000756052 0)
(1.16454 0.000560587 0)
(1.16369 0.000385712 0)
(1.16313 0.000225709 0)
(1.16284 7.41164e-05 0)
(1.10928 0.0385043 0)
(1.18717 0.0366388 0)
(1.22418 0.0319 0)
(1.23728 0.0285811 0)
(1.23893 0.025472 0)
(1.23595 0.0227879 0)
(1.23139 0.0203674 0)
(1.22646 0.0181711 0)
(1.22156 0.0161742 0)
(1.21678 0.0143569 0)
(1.21215 0.0127055 0)
(1.20765 0.0112094 0)
(1.20328 0.009858 0)
(1.19907 0.00864107 0)
(1.19503 0.00754841 0)
(1.19118 0.00657002 0)
(1.18753 0.00569632 0)
(1.18409 0.00491799 0)
(1.18089 0.00422604 0)
(1.17792 0.00361203 0)
(1.1752 0.00306779 0)
(1.17273 0.00258544 0)
(1.17053 0.00215755 0)
(1.16859 0.00177694 0)
(1.16693 0.00143668 0)
(1.16553 0.0011302 0)
(1.16441 0.000851089 0)
(1.16357 0.000592952 0)
(1.16301 0.000349928 0)
(1.16273 0.000115522 0)
(1.10742 0.0407073 0)
(1.18489 0.0389244 0)
(1.22202 0.0342116 0)
(1.23539 0.0308319 0)
(1.23727 0.0276527 0)
(1.23447 0.0248842 0)
(1.23005 0.0223761 0)
(1.22524 0.020092 0)
(1.22045 0.0180068 0)
(1.21577 0.0161008 0)
(1.21123 0.0143606 0)
(1.20681 0.0127756 0)
(1.20253 0.0113354 0)
(1.19839 0.0100297 0)
(1.19442 0.00884866 0)
(1.19063 0.00778228 0)
(1.18703 0.00682109 0)
(1.18365 0.00595585 0)
(1.18049 0.00517763 0)
(1.17757 0.00447799 0)
(1.17488 0.0038488 0)
(1.17245 0.00328215 0)
(1.17028 0.0027706 0)
(1.16836 0.00230693 0)
(1.16672 0.00188416 0)
(1.16534 0.00149564 0)
(1.16424 0.00113487 0)
(1.16341 0.000795425 0)
(1.16285 0.000471302 0)
(1.16258 0.000155979 0)
(1.10563 0.0428343 0)
(1.18263 0.041129 0)
(1.21985 0.0364418 0)
(1.23346 0.0330059 0)
(1.23556 0.0297603 0)
(1.23294 0.0269113 0)
(1.22867 0.0243199 0)
(1.22398 0.0219518 0)
(1.21929 0.0197821 0)
(1.21471 0.0177911 0)
(1.21026 0.0159657 0)
(1.20593 0.0142953 0)
(1.20173 0.0127696 0)
(1.19766 0.0113786 0)
(1.19376 0.0101123 0)
(1.19003 0.00896104 0)
(1.18649 0.00791532 0)
(1.18316 0.00696599 0)
(1.18005 0.00610421 0)
(1.17716 0.00532155 0)
(1.17452 0.00460988 0)
(1.17212 0.00396133 0)
(1.16998 0.00336841 0)
(1.16809 0.00282388 0)
(1.16647 0.00232073 0)
(1.16511 0.00185224 0)
(1.16402 0.00141185 0)
(1.1632 0.000993064 0)
(1.16265 0.000589788 0)
(1.16238 0.000195473 0)
(1.10391 0.0448857 0)
(1.1804 0.043253 0)
(1.21767 0.0385909 0)
(1.23149 0.0351034 0)
(1.23382 0.031795 0)
(1.23137 0.0288695 0)
(1.22724 0.0261987 0)
(1.22267 0.0237506 0)
(1.21809 0.0215 0)
(1.21361 0.0194278 0)
(1.20925 0.0175208 0)
(1.205 0.0157686 0)
(1.20088 0.0141608 0)
(1.19689 0.0126877 0)
(1.19305 0.0113394 0)
(1.18938 0.0101062 0)
(1.1859 0.00897888 0)
(1.18262 0.00794829 0)
(1.17956 0.00700564 0)
(1.17672 0.00614255 0)
(1.17411 0.00535089 0)
(1.17175 0.00462282 0)
(1.16963 0.00395084 0)
(1.16777 0.00332768 0)
(1.16617 0.00274629 0)
(1.16483 0.00219991 0)
(1.16375 0.00168193 0)
(1.16294 0.00118581 0)
(1.1624 0.000705352 0)
(1.16213 0.000233994 0)
(1.10226 0.0468622 0)
(1.17819 0.045297 0)
(1.21548 0.0406595 0)
(1.2295 0.0371246 0)
(1.23203 0.0337571 0)
(1.22975 0.0307591 0)
(1.22577 0.028013 0)
(1.22132 0.0254885 0)
(1.21684 0.0231609 0)
(1.21246 0.021011 0)
(1.20818 0.019026 0)
(1.20402 0.0171953 0)
(1.19998 0.0155089 0)
(1.19606 0.0139569 0)
(1.19229 0.0125297 0)
(1.18869 0.0112177 0)
(1.18527 0.0100117 0)
(1.18204 0.00890262 0)
(1.17902 0.0078818 0)
(1.17623 0.00694086 0)
(1.17366 0.00607171 0)
(1.17133 0.00526651 0)
(1.16924 0.00451776 0)
(1.16741 0.00381819 0)
(1.16583 0.00316073 0)
(1.1645 0.00253857 0)
(1.16344 0.00194505 0)
(1.16264 0.00137361 0)
(1.16211 0.000817963 0)
(1.16184 0.00027153 0)
(1.10067 0.0487642 0)
(1.17602 0.0472613 0)
(1.21329 0.0426481 0)
(1.22748 0.0390699 0)
(1.23021 0.0356468 0)
(1.2281 0.0325804 0)
(1.22425 0.0297628 0)
(1.21992 0.0271659 0)
(1.21555 0.0247649 0)
(1.21126 0.0225409 0)
(1.20708 0.0204814 0)
(1.203 0.0185758 0)
(1.19904 0.0168139 0)
(1.1952 0.0151863 0)
(1.1915 0.0136833 0)
(1.18795 0.0122955 0)
(1.18459 0.0110137 0)
(1.18141 0.00982893 0)
(1.17844 0.00873261 0)
(1.17569 0.00771639 0)
(1.17316 0.00677223 0)
(1.17087 0.00589229 0)
(1.16881 0.00506909 0)
(1.167 0.00429535 0)
(1.16544 0.00356398 0)
(1.16414 0.00286815 0)
(1.16309 0.00220117 0)
(1.1623 0.00155643 0)
(1.16178 0.000927595 0)
(1.16151 0.000308074 0)
(1.09914 0.050592 0)
(1.17387 0.0491464 0)
(1.21108 0.0445571 0)
(1.22544 0.0409396 0)
(1.22835 0.0374645 0)
(1.22641 0.0343335 0)
(1.22269 0.0314484 0)
(1.21848 0.0287828 0)
(1.21422 0.0263121 0)
(1.21003 0.0240177 0)
(1.20594 0.0218872 0)
(1.20194 0.0199099 0)
(1.19806 0.018076 0)
(1.19429 0.016376 0)
(1.19065 0.0148003 0)
(1.18718 0.0133396 0)
(1.18387 0.0119848 0)
(1.18075 0.0107272 0)
(1.17782 0.00955801 0)
(1.17511 0.00846909 0)
(1.17262 0.00745238 0)
(1.17036 0.0065001 0)
(1.16834 0.00560476 0)
(1.16655 0.00475908 0)
(1.16502 0.00395598 0)
(1.16373 0.00318859 0)
(1.1627 0.00245022 0)
(1.16192 0.00173423 0)
(1.1614 0.00103423 0)
(1.16114 0.000343619 0)
(1.09766 0.052346 0)
(1.17174 0.0509525 0)
(1.20888 0.0463869 0)
(1.22337 0.042734 0)
(1.22646 0.0392104 0)
(1.22468 0.0360188 0)
(1.2211 0.0330702 0)
(1.217 0.0303396 0)
(1.21284 0.0278028 0)
(1.20875 0.0254416 0)
(1.20475 0.0232435 0)
(1.20084 0.021198 0)
(1.19703 0.0192953 0)
(1.19334 0.0175259 0)
(1.18977 0.0158806 0)
(1.18636 0.01435 0)
(1.18311 0.0129252 0)
(1.18004 0.0115973 0)
(1.17716 0.010358 0)
(1.1745 0.00919892 0)
(1.17204 0.00811213 0)
(1.16982 0.00708988 0)
(1.16782 0.00612471 0)
(1.16607 0.00520933 0)
(1.16455 0.00433668 0)
(1.16328 0.00349987 0)
(1.16227 0.00269219 0)
(1.1615 0.001907 0)
(1.16099 0.00113785 0)
(1.16073 0.00037816 0)
(1.09624 0.0540264 0)
(1.16964 0.05268 0)
(1.20667 0.048138 0)
(1.22128 0.0444533 0)
(1.22454 0.0408848 0)
(1.22291 0.0376367 0)
(1.21947 0.0346284 0)
(1.21549 0.0318366 0)
(1.21144 0.0292373 0)
(1.20744 0.0268128 0)
(1.20353 0.0245505 0)
(1.1997 0.0224401 0)
(1.19597 0.0204719 0)
(1.19235 0.0186364 0)
(1.18885 0.0169244 0)
(1.1855 0.0153268 0)
(1.18231 0.0138347 0)
(1.17929 0.0124394 0)
(1.17646 0.0111326 0)
(1.17384 0.00990587 0)
(1.17143 0.00875146 0)
(1.16923 0.00766162 0)
(1.16727 0.00662891 0)
(1.16554 0.00564608 0)
(1.16405 0.00470605 0)
(1.1628 0.00380194 0)
(1.16179 0.00292704 0)
(1.16104 0.0020747 0)
(1.16054 0.00123845 0)
(1.16028 0.000411695 0)
(1.09486 0.0556335 0)
(1.16756 0.0543293 0)
(1.20445 0.049811 0)
(1.21917 0.046098 0)
(1.22259 0.0424881 0)
(1.22112 0.0391874 0)
(1.21781 0.0361233 0)
(1.21394 0.033274 0)
(1.20999 0.0306159 0)
(1.20609 0.0281315 0)
(1.20227 0.0258085 0)
(1.19853 0.0236366 0)
(1.19488 0.0216059 0)
(1.19133 0.0197074 0)
(1.1879 0.0179318 0)
(1.1846 0.0162701 0)
(1.18147 0.0147136 0)
(1.17851 0.0132536 0)
(1.17573 0.0118817 0)
(1.17315 0.01059 0)
(1.17077 0.00937037 0)
(1.16861 0.00821532 0)
(1.16668 0.00711737 0)
(1.16497 0.0060693 0)
(1.1635 0.00506407 0)
(1.16227 0.0040948 0)
(1.16129 0.00315477 0)
(1.16054 0.00223734 0)
(1.16005 0.00133601 0)
(1.1598 0.00044422 0)
(1.09352 0.0571674 0)
(1.1655 0.0559007 0)
(1.20223 0.0514061 0)
(1.21704 0.0476685 0)
(1.22062 0.0440208 0)
(1.21929 0.0406713 0)
(1.21611 0.0375553 0)
(1.21237 0.0346522 0)
(1.20852 0.0319389 0)
(1.20471 0.0293982 0)
(1.20098 0.0270178 0)
(1.19732 0.0247875 0)
(1.19374 0.0226977 0)
(1.19027 0.0207392 0)
(1.1869 0.0189029 0)
(1.18367 0.01718 0)
(1.1806 0.0155618 0)
(1.17768 0.0140398 0)
(1.17495 0.0126056 0)
(1.17241 0.0112513 0)
(1.17008 0.00996891 0)
(1.16796 0.00875099 0)
(1.16605 0.00759009 0)
(1.16437 0.00647902 0)
(1.16293 0.00541076 0)
(1.16171 0.00437845 0)
(1.16074 0.00337538 0)
(1.16001 0.00239491 0)
(1.15952 0.00143055 0)
(1.15927 0.000475735 0)
(1.09222 0.0586285 0)
(1.16346 0.0573946 0)
(1.20002 0.0529241 0)
(1.2149 0.0491652 0)
(1.21862 0.0454832 0)
(1.21744 0.042089 0)
(1.21439 0.0389248 0)
(1.21076 0.0359716 0)
(1.20701 0.0332067 0)
(1.2033 0.0306131 0)
(1.19965 0.0281787 0)
(1.19608 0.0258933 0)
(1.19258 0.0237474 0)
(1.18917 0.021732 0)
(1.18588 0.019838 0)
(1.18271 0.0180568 0)
(1.17969 0.0163797 0)
(1.17683 0.0147982 0)
(1.17414 0.0133042 0)
(1.17165 0.0118898 0)
(1.16935 0.0105471 0)
(1.16726 0.00926868 0)
(1.16539 0.0080471 0)
(1.16374 0.00687525 0)
(1.16231 0.00574613 0)
(1.16112 0.0046529 0)
(1.16016 0.00358887 0)
(1.15944 0.00254742 0)
(1.15896 0.00152205 0)
(1.15872 0.000506241 0)
(1.09095 0.0600168 0)
(1.16145 0.0588114 0)
(1.1978 0.0543654 0)
(1.21274 0.0505885 0)
(1.21661 0.0468758 0)
(1.21557 0.0434407 0)
(1.21264 0.0402323 0)
(1.20912 0.0372326 0)
(1.20548 0.0344196 0)
(1.20186 0.0317765 0)
(1.1983 0.0292915 0)
(1.1948 0.0269542 0)
(1.19138 0.0247554 0)
(1.18805 0.022686 0)
(1.18482 0.0207373 0)
(1.18171 0.0189005 0)
(1.17875 0.0171672 0)
(1.17594 0.015529 0)
(1.1733 0.0139778 0)
(1.17085 0.0125057 0)
(1.16859 0.0111051 0)
(1.16654 0.00976846 0)
(1.16469 0.00848847 0)
(1.16307 0.00725804 0)
(1.16167 0.0060702 0)
(1.16049 0.00491816 0)
(1.15955 0.00379525 0)
(1.15884 0.00269487 0)
(1.15836 0.00161054 0)
(1.15812 0.000535741 0)
(1.08972 0.0613326 0)
(1.15945 0.0601515 0)
(1.19559 0.0557306 0)
(1.21057 0.051939 0)
(1.21457 0.0481991 0)
(1.21367 0.0447271 0)
(1.21087 0.0414782 0)
(1.20746 0.0384357 0)
(1.20392 0.0355781 0)
(1.20039 0.032889 0)
(1.19692 0.0303566 0)
(1.1935 0.0279706 0)
(1.19016 0.0257219 0)
(1.18689 0.0236016 0)
(1.18373 0.021601 0)
(1.18068 0.0197114 0)
(1.17777 0.0179246 0)
(1.17502 0.0162322 0)
(1.17243 0.0146264 0)
(1.17002 0.0130991 0)
(1.1678 0.011643 0)
(1.16578 0.0102504 0)
(1.16397 0.00891425 0)
(1.16237 0.00762743 0)
(1.16099 0.00638303 0)
(1.15983 0.00517428 0)
(1.1589 0.00399456 0)
(1.1582 0.00283729 0)
(1.15773 0.001696 0)
(1.1575 0.000564236 0)
(1.08852 0.0625763 0)
(1.15747 0.0614154 0)
(1.19337 0.0570203 0)
(1.2084 0.0532172 0)
(1.21251 0.0494537 0)
(1.21175 0.0459486 0)
(1.20907 0.0426631 0)
(1.20577 0.0395814 0)
(1.20233 0.0366827 0)
(1.1989 0.0339509 0)
(1.19551 0.0313744 0)
(1.19218 0.0289429 0)
(1.1889 0.0266474 0)
(1.18571 0.024479 0)
(1.18261 0.0224293 0)
(1.17963 0.0204898 0)
(1.17677 0.0186521 0)
(1.17407 0.0169082 0)
(1.17153 0.0152501 0)
(1.16916 0.0136702 0)
(1.16698 0.0121608 0)
(1.16499 0.0107146 0)
(1.16321 0.00932453 0)
(1.16163 0.00798349 0)
(1.16027 0.00668466 0)
(1.15914 0.0054213 0)
(1.15822 0.00418682 0)
(1.15753 0.00297469 0)
(1.15707 0.00177847 0)
(1.15684 0.000591732 0)
(1.08734 0.0637479 0)
(1.15551 0.0626036 0)
(1.19116 0.0582351 0)
(1.20621 0.0544238 0)
(1.21045 0.0506402 0)
(1.20981 0.0471059 0)
(1.20726 0.0437874 0)
(1.20407 0.0406702 0)
(1.20072 0.0377338 0)
(1.19738 0.0349628 0)
(1.19408 0.0323453 0)
(1.19082 0.0298714 0)
(1.18762 0.0275321 0)
(1.1845 0.0253187 0)
(1.18147 0.0232227 0)
(1.17854 0.0212359 0)
(1.17574 0.01935 0)
(1.17309 0.0175571 0)
(1.17059 0.0158493 0)
(1.16827 0.014219 0)
(1.16612 0.0126587 0)
(1.16417 0.0111612 0)
(1.16242 0.00971941 0)
(1.16087 0.00832632 0)
(1.15953 0.00697517 0)
(1.15841 0.00565927 0)
(1.15751 0.00437207 0)
(1.15683 0.00310711 0)
(1.15638 0.00185795 0)
(1.15615 0.000618235 0)
(1.08619 0.064848 0)
(1.15356 0.0637167 0)
(1.18896 0.0593759 0)
(1.20402 0.0555595 0)
(1.20836 0.0517592 0)
(1.20786 0.0481995 0)
(1.20542 0.0448519 0)
(1.20234 0.0417026 0)
(1.19909 0.0387321 0)
(1.19584 0.035925 0)
(1.19262 0.0332699 0)
(1.18944 0.0307566 0)
(1.18632 0.0283765 0)
(1.18326 0.0261209 0)
(1.18029 0.0239815 0)
(1.17743 0.02195 0)
(1.17469 0.0200186 0)
(1.17208 0.0181792 0)
(1.16963 0.0164241 0)
(1.16735 0.0147458 0)
(1.16524 0.013137 0)
(1.16332 0.0115904 0)
(1.1616 0.010099 0)
(1.16008 0.00865602 0)
(1.15876 0.00725463 0)
(1.15766 0.00588825 0)
(1.15677 0.00455038 0)
(1.1561 0.00323457 0)
(1.15566 0.00193447 0)
(1.15544 0.000643751 0)
(1.08506 0.0658768 0)
(1.15164 0.0647554 0)
(1.18676 0.0604434 0)
(1.20182 0.0566249 0)
(1.20627 0.0528115 0)
(1.20589 0.0492303 0)
(1.20357 0.0458571 0)
(1.20059 0.0426794 0)
(1.19745 0.0396781 0)
(1.19428 0.0368383 0)
(1.19114 0.0341486 0)
(1.18805 0.0315991 0)
(1.18499 0.029181 0)
(1.18201 0.026886 0)
(1.1791 0.0247059 0)
(1.17629 0.0226326 0)
(1.1736 0.0206581 0)
(1.17105 0.0187747 0)
(1.16864 0.0169747 0)
(1.1664 0.0152508 0)
(1.16433 0.0135957 0)
(1.16245 0.0120022 0)
(1.16075 0.0104635 0)
(1.15925 0.00897268 0)
(1.15796 0.00752315 0)
(1.15688 0.00610833 0)
(1.15601 0.00472178 0)
(1.15535 0.00335713 0)
(1.15491 0.00200805 0)
(1.15469 0.000668287 0)
(1.08396 0.0668348 0)
(1.14973 0.0657203 0)
(1.18457 0.0614383 0)
(1.19962 0.0576209 0)
(1.20417 0.0537979 0)
(1.20391 0.0501989 0)
(1.2017 0.0468038 0)
(1.19883 0.0436012 0)
(1.19578 0.0405725 0)
(1.1927 0.0377032 0)
(1.18965 0.034982 0)
(1.18663 0.0323992 0)
(1.18365 0.0299462 0)
(1.18073 0.0276146 0)
(1.17788 0.0253965 0)
(1.17513 0.0232838 0)
(1.1725 0.0212688 0)
(1.16999 0.0193439 0)
(1.16763 0.0175014 0)
(1.16543 0.0157342 0)
(1.1634 0.014035 0)
(1.16155 0.0123969 0)
(1.15988 0.0108129 0)
(1.15841 0.00927644 0)
(1.15714 0.00778082 0)
(1.15607 0.00631957 0)
(1.15521 0.00488634 0)
(1.15457 0.00347481 0)
(1.15413 0.00207872 0)
(1.15392 0.000691853 0)
(1.08287 0.0677225 0)
(1.14784 0.0666122 0)
(1.18238 0.0623617 0)
(1.19742 0.0585483 0)
(1.20206 0.0547192 0)
(1.20191 0.0511061 0)
(1.19983 0.0476928 0)
(1.19706 0.0444687 0)
(1.1941 0.0414159 0)
(1.19111 0.0385203 0)
(1.18814 0.0357708 0)
(1.18519 0.0331576 0)
(1.18228 0.0306724 0)
(1.17942 0.0283071 0)
(1.17664 0.0260536 0)
(1.17395 0.0239042 0)
(1.17137 0.0218512 0)
(1.16891 0.0198871 0)
(1.1666 0.0180046 0)
(1.16444 0.0161963 0)
(1.16244 0.0144553 0)
(1.16062 0.0127746 0)
(1.15898 0.0111476 0)
(1.15753 0.00956744 0)
(1.15628 0.00802775 0)
(1.15524 0.00652209 0)
(1.15439 0.00504414 0)
(1.15376 0.00358768 0)
(1.15333 0.0021465 0)
(1.15312 0.000714459 0)
(1.0818 0.0685406 0)
(1.14596 0.067432 0)
(1.1802 0.0632145 0)
(1.19522 0.059408 0)
(1.19995 0.0555763 0)
(1.19992 0.0519528 0)
(1.19794 0.0485248 0)
(1.19527 0.0452826 0)
(1.19241 0.0422091 0)
(1.1895 0.0392904 0)
(1.18661 0.0365154 0)
(1.18373 0.0338749 0)
(1.1809 0.0313604 0)
(1.17811 0.0289639 0)
(1.17538 0.0266777 0)
(1.17275 0.0244941 0)
(1.17022 0.0224056 0)
(1.16781 0.0204048 0)
(1.16554 0.0184844 0)
(1.16342 0.0166373 0)
(1.16146 0.0148567 0)
(1.15967 0.0131356 0)
(1.15806 0.0114675 0)
(1.15664 0.00984583 0)
(1.15541 0.00826407 0)
(1.15438 0.00671596 0)
(1.15355 0.00519525 0)
(1.15292 0.00369579 0)
(1.1525 0.00221143 0)
(1.15229 0.000736115 0)
(1.08074 0.0692897 0)
(1.14411 0.0681807 0)
(1.17804 0.0639977 0)
(1.19303 0.0602012 0)
(1.19783 0.0563702 0)
(1.19791 0.0527399 0)
(1.19604 0.0493007 0)
(1.19348 0.0460438 0)
(1.1907 0.0429528 0)
(1.18788 0.040014 0)
(1.18506 0.0372167 0)
(1.18226 0.0345516 0)
(1.17949 0.0320105 0)
(1.17677 0.0295856 0)
(1.17411 0.0272693 0)
(1.17153 0.025054 0)
(1.16905 0.0229323 0)
(1.16669 0.0208971 0)
(1.16446 0.0189412 0)
(1.16238 0.0170576 0)
(1.16045 0.0152394 0)
(1.1587 0.0134801 0)
(1.15711 0.011773 0)
(1.15572 0.0101118 0)
(1.15451 0.00848993 0)
(1.15349 0.00690131 0)
(1.15268 0.00533976 0)
(1.15206 0.00379919 0)
(1.15165 0.00227354 0)
(1.15145 0.000756833 0)
(1.0797 0.0699704 0)
(1.14227 0.0688593 0)
(1.17589 0.0647125 0)
(1.19083 0.0609287 0)
(1.19572 0.0571019 0)
(1.1959 0.0534684 0)
(1.19414 0.0500215 0)
(1.19167 0.0467532 0)
(1.18898 0.0436478 0)
(1.18625 0.0406921 0)
(1.18351 0.0378753 0)
(1.18078 0.0351885 0)
(1.17808 0.0326235 0)
(1.17542 0.0301728 0)
(1.17281 0.0278288 0)
(1.17029 0.0255843 0)
(1.16786 0.0234319 0)
(1.16555 0.0213646 0)
(1.16336 0.0193753 0)
(1.16132 0.0174573 0)
(1.15943 0.0156038 0)
(1.1577 0.0138083 0)
(1.15615 0.0120643 0)
(1.15477 0.0103654 0)
(1.15359 0.00870545 0)
(1.15259 0.00707824 0)
(1.15179 0.00547775 0)
(1.15118 0.00389795 0)
(1.15078 0.00233288 0)
(1.15058 0.000776625 0)
(1.07868 0.0705838 0)
(1.14045 0.0694688 0)
(1.17374 0.0653599 0)
(1.18865 0.0615919 0)
(1.19361 0.0577724 0)
(1.19389 0.0541392 0)
(1.19223 0.050688 0)
(1.18986 0.0474116 0)
(1.18726 0.044295 0)
(1.1846 0.0413253 0)
(1.18194 0.0384919 0)
(1.17928 0.0357861 0)
(1.17665 0.0332 0)
(1.17405 0.030726 0)
(1.1715 0.0283569 0)
(1.16903 0.0260855 0)
(1.16665 0.0239047 0)
(1.16439 0.0218075 0)
(1.16224 0.0197872 0)
(1.16024 0.0178369 0)
(1.15838 0.0159502 0)
(1.15669 0.0141205 0)
(1.15516 0.0123415 0)
(1.15381 0.010607 0)
(1.15264 0.00891079 0)
(1.15166 0.00724689 0)
(1.15087 0.00560931 0)
(1.15028 0.00399214 0)
(1.14988 0.00238947 0)
(1.14968 0.000795505 0)
(1.07767 0.0711307 0)
(1.13864 0.0700106 0)
(1.17162 0.0659414 0)
(1.18647 0.0621918 0)
(1.19149 0.0583831 0)
(1.19188 0.0547536 0)
(1.19032 0.0513013 0)
(1.18804 0.0480201 0)
(1.18553 0.0448953 0)
(1.18295 0.0419145 0)
(1.18036 0.0390673 0)
(1.17778 0.0363453 0)
(1.17521 0.0337406 0)
(1.17267 0.0312459 0)
(1.17018 0.0288541 0)
(1.16776 0.0265582 0)
(1.16543 0.0243512 0)
(1.16321 0.0222264 0)
(1.16111 0.0201771 0)
(1.15914 0.0181967 0)
(1.15732 0.0162787 0)
(1.15565 0.0144169 0)
(1.15416 0.0126049 0)
(1.15283 0.0108366 0)
(1.15168 0.00910612 0)
(1.15072 0.00740738 0)
(1.14994 0.00573456 0)
(1.14936 0.00408182 0)
(1.14896 0.00244337 0)
(1.14877 0.000813487 0)
(1.07667 0.0716122 0)
(1.13686 0.0704858 0)
(1.16951 0.0664582 0)
(1.18431 0.0627297 0)
(1.18939 0.0589349 0)
(1.18987 0.0553126 0)
(1.18841 0.0518626 0)
(1.18622 0.0485795 0)
(1.1838 0.0454496 0)
(1.1813 0.0424605 0)
(1.17878 0.0396024 0)
(1.17626 0.0368667 0)
(1.17375 0.034246 0)
(1.17128 0.031733 0)
(1.16884 0.0293209 0)
(1.16648 0.0270028 0)
(1.1642 0.024772 0)
(1.16202 0.0226217 0)
(1.15996 0.0205456 0)
(1.15803 0.018537 0)
(1.15624 0.0165898 0)
(1.1546 0.0146977 0)
(1.15313 0.0128547 0)
(1.15183 0.0110546 0)
(1.1507 0.0092916 0)
(1.14975 0.00755986 0)
(1.14899 0.00585359 0)
(1.14841 0.00416708 0)
(1.14803 0.00249462 0)
(1.14783 0.000830586 0)
(1.07569 0.0720294 0)
(1.13509 0.0708959 0)
(1.16741 0.0669117 0)
(1.18215 0.0632071 0)
(1.18729 0.0594294 0)
(1.18786 0.0558173 0)
(1.1865 0.0523728 0)
(1.1844 0.049091 0)
(1.18206 0.0459588 0)
(1.17964 0.0429644 0)
(1.17719 0.0400979 0)
(1.17474 0.0373512 0)
(1.17229 0.0347169 0)
(1.16987 0.0321881 0)
(1.1675 0.029758 0)
(1.16518 0.0274199 0)
(1.16295 0.0251674 0)
(1.16081 0.0229938 0)
(1.15879 0.0208929 0)
(1.1569 0.0188583 0)
(1.15514 0.0168838 0)
(1.15354 0.0149634 0)
(1.15209 0.0130911 0)
(1.15081 0.0112611 0)
(1.1497 0.00946742 0)
(1.14877 0.00770446 0)
(1.14802 0.00596652 0)
(1.14745 0.00424799 0)
(1.14707 0.00254326 0)
(1.14688 0.000846818 0)
(1.07472 0.0723835 0)
(1.13334 0.0712423 0)
(1.16533 0.0673034 0)
(1.18001 0.0636252 0)
(1.1852 0.0598677 0)
(1.18586 0.0562692 0)
(1.18459 0.0528332 0)
(1.18258 0.0495556 0)
(1.18032 0.046424 0)
(1.17797 0.0434269 0)
(1.1756 0.0405548 0)
(1.17321 0.0377995 0)
(1.17083 0.0351541 0)
(1.16846 0.0326118 0)
(1.16614 0.030166 0)
(1.16387 0.0278102 0)
(1.16168 0.0255381 0)
(1.15959 0.0233432 0)
(1.15761 0.0212195 0)
(1.15575 0.0191608 0)
(1.15403 0.017161 0)
(1.15245 0.0152142 0)
(1.15103 0.0133145 0)
(1.14977 0.0114563 0)
(1.14868 0.00963376 0)
(1.14776 0.00784133 0)
(1.14703 0.00607346 0)
(1.14647 0.00432463 0)
(1.1461 0.00258935 0)
(1.14591 0.000862198 0)
(1.07376 0.0726759 0)
(1.13162 0.0715266 0)
(1.16327 0.0676349 0)
(1.17788 0.0639857 0)
(1.18312 0.0602512 0)
(1.18387 0.0566694 0)
(1.18269 0.0532449 0)
(1.18077 0.0499746 0)
(1.17858 0.0468463 0)
(1.17631 0.0438492 0)
(1.174 0.0409739 0)
(1.17167 0.0382126 0)
(1.16935 0.0355584 0)
(1.16704 0.0330049 0)
(1.16477 0.0305455 0)
(1.16255 0.0281742 0)
(1.16041 0.0258845 0)
(1.15836 0.0236705 0)
(1.15642 0.0215259 0)
(1.15459 0.019445 0)
(1.1529 0.0174217 0)
(1.15135 0.0154503 0)
(1.14996 0.0135251 0)
(1.14872 0.0116405 0)
(1.14765 0.00979081 0)
(1.14675 0.00797064 0)
(1.14602 0.00617453 0)
(1.14547 0.0043971 0)
(1.14511 0.00263294 0)
(1.14492 0.000876745 0)
(1.07281 0.0729079 0)
(1.12991 0.0717503 0)
(1.16123 0.0679077 0)
(1.17577 0.06429 0)
(1.18106 0.0605816 0)
(1.18189 0.0570194 0)
(1.1808 0.0536093 0)
(1.17895 0.0503489 0)
(1.17685 0.0472268 0)
(1.17464 0.0442322 0)
(1.1724 0.0413562 0)
(1.17014 0.0385912 0)
(1.16787 0.0359306 0)
(1.16562 0.033368 0)
(1.1634 0.0308973 0)
(1.16123 0.0285124 0)
(1.15913 0.0262073 0)
(1.15712 0.023976 0)
(1.15521 0.0218126 0)
(1.15342 0.0197113 0)
(1.15176 0.0176664 0)
(1.15024 0.0156722 0)
(1.14887 0.0137232 0)
(1.14765 0.0118139 0)
(1.1466 0.00993877 0)
(1.14571 0.00809254 0)
(1.145 0.00626987 0)
(1.14446 0.00446547 0)
(1.1441 0.00267407 0)
(1.14392 0.000890476 0)
(1.07187 0.0730812 0)
(1.12822 0.0719153 0)
(1.15922 0.0681236 0)
(1.17368 0.0645397 0)
(1.179 0.0608601 0)
(1.17991 0.0573205 0)
(1.17891 0.0539277 0)
(1.17715 0.0506799 0)
(1.17511 0.0475664 0)
(1.17298 0.0445769 0)
(1.1708 0.0417026 0)
(1.1686 0.0389363 0)
(1.16639 0.0362714 0)
(1.16419 0.033702 0)
(1.16202 0.0312221 0)
(1.15989 0.0288257 0)
(1.15784 0.026507 0)
(1.15587 0.0242604 0)
(1.154 0.02208 0)
(1.15224 0.0199601 0)
(1.15061 0.0178954 0)
(1.14912 0.0158802 0)
(1.14777 0.0139091 0)
(1.14657 0.0119767 0)
(1.14554 0.0100779 0)
(1.14466 0.00820721 0)
(1.14396 0.00635959 0)
(1.14343 0.00452984 0)
(1.14308 0.00271281 0)
(1.1429 0.000903409 0)
(1.07095 0.0731973 0)
(1.12656 0.0720233 0)
(1.15722 0.0682843 0)
(1.1716 0.0647365 0)
(1.17697 0.0610885 0)
(1.17795 0.0575742 0)
(1.17703 0.0542013 0)
(1.17535 0.0509689 0)
(1.17338 0.0478666 0)
(1.17131 0.0448845 0)
(1.1692 0.0420142 0)
(1.16706 0.0392488 0)
(1.1649 0.0365818 0)
(1.16275 0.0340077 0)
(1.16063 0.0315204 0)
(1.15855 0.0291145 0)
(1.15654 0.0267843 0)
(1.15461 0.0245241 0)
(1.15277 0.0223285 0)
(1.15105 0.020192 0)
(1.14945 0.0181091 0)
(1.14798 0.0160745 0)
(1.14665 0.014083 0)
(1.14548 0.0121293 0)
(1.14446 0.0102083 0)
(1.1436 0.00831482 0)
(1.14291 0.00644384 0)
(1.14239 0.00459032 0)
(1.14204 0.00274921 0)
(1.14187 0.000915563 0)
(1.07004 0.0732578 0)
(1.12492 0.0720762 0)
(1.15525 0.0683916 0)
(1.16955 0.0648822 0)
(1.17495 0.0612683 0)
(1.176 0.057782 0)
(1.17516 0.0544317 0)
(1.17355 0.051217 0)
(1.17166 0.0481283 0)
(1.16966 0.045156 0)
(1.1676 0.042292 0)
(1.16551 0.0395296 0)
(1.16341 0.0368627 0)
(1.16132 0.0342857 0)
(1.15924 0.0317932 0)
(1.15721 0.0293797 0)
(1.15523 0.0270397 0)
(1.15334 0.0247678 0)
(1.15154 0.0225588 0)
(1.14985 0.0204072 0)
(1.14827 0.0183079 0)
(1.14683 0.0162556 0)
(1.14553 0.0142453 0)
(1.14437 0.0122719 0)
(1.14337 0.0103303 0)
(1.14253 0.00841554 0)
(1.14185 0.00652275 0)
(1.14134 0.00464698 0)
(1.14099 0.00278333 0)
(1.14082 0.000926957 0)
(1.06914 0.0732645 0)
(1.1233 0.0720758 0)
(1.1533 0.0684474 0)
(1.16752 0.0649784 0)
(1.17295 0.0614012 0)
(1.17407 0.0579454 0)
(1.1733 0.0546201 0)
(1.17177 0.0514257 0)
(1.16994 0.0483529 0)
(1.168 0.0453926 0)
(1.16601 0.042537 0)
(1.16397 0.0397797 0)
(1.16193 0.0371148 0)
(1.15988 0.034537 0)
(1.15785 0.0320411 0)
(1.15586 0.0296218 0)
(1.15392 0.0272738 0)
(1.15207 0.024992 0)
(1.1503 0.0227712 0)
(1.14864 0.0206063 0)
(1.14709 0.0184922 0)
(1.14567 0.0164238 0)
(1.14439 0.0143963 0)
(1.14326 0.0124047 0)
(1.14227 0.010444 0)
(1.14144 0.00850956 0)
(1.14077 0.00659646 0)
(1.14027 0.00469994 0)
(1.13993 0.00281523 0)
(1.13976 0.000937612 0)
(1.06825 0.0732192 0)
(1.1217 0.0720241 0)
(1.15138 0.0684535 0)
(1.16551 0.0650271 0)
(1.17096 0.0614888 0)
(1.17216 0.058066 0)
(1.17146 0.0547682 0)
(1.17 0.0515962 0)
(1.16824 0.0485416 0)
(1.16636 0.0455955 0)
(1.16442 0.0427504 0)
(1.16244 0.0400001 0)
(1.16044 0.0373392 0)
(1.15844 0.0347625 0)
(1.15645 0.032265 0)
(1.1545 0.0298416 0)
(1.15261 0.0274874 0)
(1.15079 0.0251973 0)
(1.14905 0.0229664 0)
(1.14742 0.0207897 0)
(1.1459 0.0186624 0)
(1.14451 0.0165795 0)
(1.14325 0.0145363 0)
(1.14213 0.012528 0)
(1.14116 0.0105498 0)
(1.14035 0.00859706 0)
(1.13969 0.00666511 0)
(1.13919 0.0047493 0)
(1.13886 0.00284498 0)
(1.13869 0.000947548 0)
(1.06738 0.073124 0)
(1.12013 0.0719233 0)
(1.14948 0.0684121 0)
(1.16353 0.06503 0)
(1.169 0.061533 0)
(1.17026 0.0581454 0)
(1.16963 0.0548773 0)
(1.16824 0.0517301 0)
(1.16654 0.0486957 0)
(1.16472 0.0457658 0)
(1.16283 0.0429331 0)
(1.1609 0.0401918 0)
(1.15895 0.0375367 0)
(1.157 0.0349629 0)
(1.15505 0.0324655 0)
(1.15315 0.0300398 0)
(1.15129 0.027681 0)
(1.1495 0.0253843 0)
(1.1478 0.0231449 0)
(1.14619 0.020958 0)
(1.1447 0.018819 0)
(1.14333 0.0167231 0)
(1.14209 0.0146657 0)
(1.141 0.0126421 0)
(1.14004 0.0106478 0)
(1.13924 0.00867824 0)
(1.13859 0.00672886 0)
(1.1381 0.00479516 0)
(1.13778 0.00287262 0)
(1.13761 0.000956785 0)
(1.06652 0.0729806 0)
(1.11858 0.0717754 0)
(1.14761 0.068325 0)
(1.16157 0.0649891 0)
(1.16707 0.0615355 0)
(1.16838 0.0581853 0)
(1.16782 0.054949 0)
(1.16649 0.0518286 0)
(1.16485 0.0488165 0)
(1.16309 0.0459047 0)
(1.16125 0.0430864 0)
(1.15938 0.0403559 0)
(1.15747 0.0377083 0)
(1.15556 0.0351391 0)
(1.15366 0.0326435 0)
(1.15179 0.0302172 0)
(1.14997 0.0278554 0)
(1.14821 0.0255536 0)
(1.14654 0.0233072 0)
(1.14496 0.0211116 0)
(1.1435 0.0189624 0)
(1.14215 0.0168549 0)
(1.14093 0.0147847 0)
(1.13985 0.0127473 0)
(1.13891 0.0107383 0)
(1.13812 0.00875329 0)
(1.13748 0.00678785 0)
(1.137 0.00483762 0)
(1.13668 0.00289823 0)
(1.13652 0.000965345 0)
(1.06568 0.0727912 0)
(1.11706 0.0715825 0)
(1.14577 0.0681943 0)
(1.15964 0.0649063 0)
(1.16515 0.0614981 0)
(1.16652 0.0581874 0)
(1.16602 0.054985 0)
(1.16476 0.0518933 0)
(1.16318 0.0489054 0)
(1.16147 0.0460135 0)
(1.15968 0.0432113 0)
(1.15785 0.0404933 0)
(1.15599 0.037855 0)
(1.15412 0.035292 0)
(1.15226 0.0327999 0)
(1.15043 0.0303744 0)
(1.14864 0.0280112 0)
(1.14692 0.0257058 0)
(1.14528 0.0234539 0)
(1.14373 0.021251 0)
(1.14229 0.019093 0)
(1.14096 0.0169753 0)
(1.13976 0.0148937 0)
(1.1387 0.0128439 0)
(1.13778 0.0108215 0)
(1.137 0.0088224 0)
(1.13637 0.00684223 0)
(1.1359 0.00487681 0)
(1.13558 0.00292188 0)
(1.13542 0.000973249 0)
(1.06485 0.0725579 0)
(1.11557 0.071347 0)
(1.14396 0.0680221 0)
(1.15773 0.0647836 0)
(1.16326 0.0614227 0)
(1.16468 0.0581533 0)
(1.16425 0.0549866 0)
(1.16304 0.0519256 0)
(1.16152 0.0489636 0)
(1.15986 0.0460935 0)
(1.15812 0.043309 0)
(1.15634 0.0406053 0)
(1.15452 0.0379778 0)
(1.15269 0.0354226 0)
(1.15087 0.0329354 0)
(1.14907 0.0305123 0)
(1.14732 0.028149 0)
(1.14563 0.0258415 0)
(1.14401 0.0235855 0)
(1.14249 0.0213768 0)
(1.14107 0.0192113 0)
(1.13977 0.0170848 0)
(1.13859 0.0149931 0)
(1.13754 0.0129322 0)
(1.13663 0.0108977 0)
(1.13586 0.00888578 0)
(1.13525 0.00689217 0)
(1.13478 0.00491281 0)
(1.13447 0.00294362 0)
(1.13431 0.000980519 0)
(1.06403 0.0722828 0)
(1.1141 0.0710709 0)
(1.14218 0.0678106 0)
(1.15586 0.064623 0)
(1.1614 0.061311 0)
(1.16287 0.0580848 0)
(1.16249 0.0549556 0)
(1.16134 0.0519269 0)
(1.15987 0.0489926 0)
(1.15826 0.0461458 0)
(1.15657 0.0433808 0)
(1.15483 0.0406928 0)
(1.15305 0.0380777 0)
(1.15126 0.0355317 0)
(1.14948 0.0330509 0)
(1.14771 0.0306315 0)
(1.14599 0.0282697 0)
(1.14433 0.0259613 0)
(1.14274 0.0237026 0)
(1.14125 0.0214894 0)
(1.13985 0.0193177 0)
(1.13857 0.0171837 0)
(1.13741 0.0150832 0)
(1.13638 0.0130124 0)
(1.13548 0.0109672 0)
(1.13472 0.00894363 0)
(1.13412 0.00693781 0)
(1.13366 0.00494576 0)
(1.13335 0.00296352 0)
(1.13319 0.000987177 0)
(1.06323 0.0719682 0)
(1.11266 0.0707565 0)
(1.14043 0.0675618 0)
(1.15402 0.0644265 0)
(1.15956 0.0611651 0)
(1.16108 0.0579837 0)
(1.16075 0.0548936 0)
(1.15966 0.0518989 0)
(1.15824 0.0489938 0)
(1.15667 0.0461719 0)
(1.15503 0.0434277 0)
(1.15333 0.0407569 0)
(1.15159 0.0381556 0)
(1.14984 0.0356202 0)
(1.14809 0.0331472 0)
(1.14636 0.030733 0)
(1.14467 0.0283738 0)
(1.14303 0.026066 0)
(1.14148 0.0238058 0)
(1.14 0.0215893 0)
(1.13863 0.0194128 0)
(1.13737 0.0172724 0)
(1.13622 0.0151644 0)
(1.13521 0.0130849 0)
(1.13432 0.0110301 0)
(1.13358 0.00899616 0)
(1.13298 0.00697931 0)
(1.13252 0.00497575 0)
(1.13222 0.00298166 0)
(1.13207 0.000993246 0)
(1.06244 0.0716162 0)
(1.11124 0.0704062 0)
(1.13871 0.0672779 0)
(1.1522 0.0641962 0)
(1.15775 0.0609868 0)
(1.15931 0.0578516 0)
(1.15904 0.0548022 0)
(1.15799 0.0518429 0)
(1.15662 0.0489685 0)
(1.1551 0.0461729 0)
(1.1535 0.043451 0)
(1.15184 0.0407987 0)
(1.15014 0.0382125 0)
(1.14842 0.0356892 0)
(1.1467 0.0332252 0)
(1.145 0.0308174 0)
(1.14334 0.0284622 0)
(1.14174 0.0261561 0)
(1.1402 0.0238956 0)
(1.13876 0.0216771 0)
(1.1374 0.0194969 0)
(1.13616 0.0173514 0)
(1.13503 0.015237 0)
(1.13403 0.01315 0)
(1.13316 0.0110867 0)
(1.13243 0.00904356 0)
(1.13183 0.00701684 0)
(1.13139 0.00500291 0)
(1.13109 0.00299809 0)
(1.13094 0.000998748 0)
(1.06167 0.0712291 0)
(1.10986 0.0700222 0)
(1.13703 0.0669612 0)
(1.15042 0.0639341 0)
(1.15597 0.060778 0)
(1.15757 0.0576904 0)
(1.15735 0.054683 0)
(1.15635 0.0517606 0)
(1.15502 0.0489182 0)
(1.15354 0.0461502 0)
(1.15198 0.0434519 0)
(1.15036 0.0408194 0)
(1.14869 0.0382496 0)
(1.14701 0.0357394 0)
(1.14532 0.0332858 0)
(1.14366 0.0308855 0)
(1.14202 0.0285355 0)
(1.14044 0.0262323 0)
(1.13893 0.0239727 0)
(1.13751 0.0217533 0)
(1.13618 0.0195705 0)
(1.13495 0.0174211 0)
(1.13384 0.0153014 0)
(1.13285 0.013208 0)
(1.13199 0.0111374 0)
(1.13127 0.00908606 0)
(1.13069 0.00705055 0)
(1.13024 0.00502734 0)
(1.12995 0.00301289 0)
(1.1298 0.00100371 0)
(1.06092 0.0708093 0)
(1.1085 0.0696068 0)
(1.13537 0.0666137 0)
(1.14866 0.0636422 0)
(1.15422 0.0605407 0)
(1.15585 0.0575019 0)
(1.15567 0.0545378 0)
(1.15472 0.0516534 0)
(1.15344 0.0488442 0)
(1.152 0.0461051 0)
(1.15047 0.0434315 0)
(1.14889 0.0408201 0)
(1.14726 0.0382678 0)
(1.14561 0.035772 0)
(1.14395 0.0333297 0)
(1.14231 0.0309382 0)
(1.1407 0.0285944 0)
(1.13915 0.0262953 0)
(1.13766 0.0240377 0)
(1.13626 0.0218184 0)
(1.13495 0.0196342 0)
(1.13374 0.0174818 0)
(1.13264 0.0153578 0)
(1.13167 0.0132591 0)
(1.13082 0.0111822 0)
(1.13011 0.00912385 0)
(1.12953 0.00708061 0)
(1.1291 0.00504917 0)
(1.12881 0.00302613 0)
(1.12866 0.00100814 0)
(1.06018 0.0703589 0)
(1.10717 0.0691625 0)
(1.13375 0.0662378 0)
(1.14694 0.0633228 0)
(1.15249 0.0602768 0)
(1.15416 0.0572879 0)
(1.15403 0.0543682 0)
(1.15312 0.0515229 0)
(1.15187 0.0487481 0)
(1.15047 0.0460389 0)
(1.14898 0.0433912 0)
(1.14743 0.0408018 0)
(1.14583 0.0382682 0)
(1.14421 0.0357877 0)
(1.14258 0.033358 0)
(1.14097 0.0309762 0)
(1.13939 0.0286397 0)
(1.13786 0.0263457 0)
(1.13639 0.0240911 0)
(1.13501 0.021873 0)
(1.13371 0.0196883 0)
(1.13252 0.0175339 0)
(1.13144 0.0154068 0)
(1.13048 0.0133038 0)
(1.12965 0.0112216 0)
(1.12894 0.00915715 0)
(1.12837 0.00710718 0)
(1.12794 0.0050685 0)
(1.12766 0.00303787 0)
(1.12751 0.00101208 0)
(1.05946 0.0698805 0)
(1.10587 0.0686914 0)
(1.13216 0.0658355 0)
(1.14526 0.0629777 0)
(1.1508 0.0599881 0)
(1.1525 0.0570502 0)
(1.1524 0.0541757 0)
(1.15153 0.0513706 0)
(1.15032 0.0486312 0)
(1.14896 0.0459529 0)
(1.1475 0.043332 0)
(1.14598 0.0407658 0)
(1.14441 0.0382517 0)
(1.14282 0.0357877 0)
(1.14122 0.0333713 0)
(1.13963 0.0310003 0)
(1.13808 0.0286721 0)
(1.13657 0.0263841 0)
(1.13513 0.0241335 0)
(1.13376 0.0219175 0)
(1.13248 0.0197333 0)
(1.13131 0.017578 0)
(1.13024 0.0154487 0)
(1.12929 0.0133423 0)
(1.12847 0.0112558 0)
(1.12777 0.00918617 0)
(1.12721 0.00713042 0)
(1.12679 0.00508546 0)
(1.1265 0.00304819 0)
(1.12636 0.00101554 0)
(1.05876 0.0693761 0)
(1.1046 0.0681959 0)
(1.13061 0.0654091 0)
(1.1436 0.0626092 0)
(1.14914 0.0596768 0)
(1.15086 0.0567905 0)
(1.15081 0.0539622 0)
(1.14997 0.0511982 0)
(1.1488 0.048495 0)
(1.14746 0.0458485 0)
(1.14604 0.0432554 0)
(1.14454 0.0407131 0)
(1.14301 0.0382195 0)
(1.14144 0.0357728 0)
(1.13987 0.0333708 0)
(1.1383 0.0310114 0)
(1.13677 0.0286923 0)
(1.13528 0.0264112 0)
(1.13386 0.0241655 0)
(1.13251 0.0219526 0)
(1.13125 0.0197698 0)
(1.13009 0.0176145 0)
(1.12904 0.0154837 0)
(1.1281 0.0133749 0)
(1.12729 0.0112849 0)
(1.1266 0.00921112 0)
(1.12605 0.0071505 0)
(1.12563 0.00510015 0)
(1.12535 0.00305715 0)
(1.12521 0.00101855 0)
(1.05808 0.0688483 0)
(1.10336 0.0676783 0)
(1.12909 0.0649607 0)
(1.14198 0.0622192 0)
(1.14751 0.0593446 0)
(1.14925 0.0565106 0)
(1.14923 0.0537293 0)
(1.14843 0.0510071 0)
(1.14729 0.0483409 0)
(1.14599 0.045727 0)
(1.14459 0.0431624 0)
(1.14312 0.0406448 0)
(1.14161 0.0381726 0)
(1.14007 0.0357439 0)
(1.13852 0.0333571 0)
(1.13698 0.0310101 0)
(1.13547 0.0287011 0)
(1.134 0.0264277 0)
(1.1326 0.0241877 0)
(1.13127 0.0219787 0)
(1.13002 0.0197982 0)
(1.12888 0.0176436 0)
(1.12784 0.0155124 0)
(1.12691 0.0134019 0)
(1.12611 0.0113094 0)
(1.12543 0.00923221 0)
(1.12488 0.00716757 0)
(1.12447 0.0051127 0)
(1.12419 0.00306482 0)
(1.12405 0.00102113 0)
(1.05741 0.0682994 0)
(1.10215 0.067141 0)
(1.1276 0.0644927 0)
(1.1404 0.0618099 0)
(1.14591 0.0589935 0)
(1.14768 0.0562124 0)
(1.14768 0.0534787 0)
(1.14691 0.0507988 0)
(1.1458 0.0481703 0)
(1.14453 0.0455897 0)
(1.14315 0.0430543 0)
(1.14171 0.0405622 0)
(1.14022 0.0381119 0)
(1.13871 0.0357021 0)
(1.13718 0.0333311 0)
(1.13566 0.0309974 0)
(1.13417 0.0286991 0)
(1.13272 0.0264342 0)
(1.13134 0.0242007 0)
(1.13002 0.0219964 0)
(1.12879 0.0198189 0)
(1.12766 0.0176659 0)
(1.12663 0.015535 0)
(1.12572 0.0134237 0)
(1.12492 0.0113294 0)
(1.12425 0.00924965 0)
(1.12371 0.0071818 0)
(1.1233 0.00512322 0)
(1.12303 0.00307127 0)
(1.12289 0.00102331 0)
(1.05677 0.0677316 0)
(1.10096 0.0665861 0)
(1.12615 0.064007 0)
(1.13884 0.0613832 0)
(1.14434 0.0586255 0)
(1.14612 0.0558977 0)
(1.14616 0.0532119 0)
(1.14542 0.050575 0)
(1.14433 0.0479847 0)
(1.14308 0.0454379 0)
(1.14173 0.0429323 0)
(1.14032 0.0404663 0)
(1.13885 0.0380386 0)
(1.13736 0.0356482 0)
(1.13585 0.0332938 0)
(1.13435 0.030974 0)
(1.13288 0.0286871 0)
(1.13145 0.0264314 0)
(1.13008 0.0242051 0)
(1.12878 0.0220061 0)
(1.12757 0.0198324 0)
(1.12645 0.0176818 0)
(1.12543 0.0155519 0)
(1.12453 0.0134405 0)
(1.12374 0.0113452 0)
(1.12307 0.00926366 0)
(1.12254 0.00719335 0)
(1.12213 0.00513182 0)
(1.12186 0.00307657 0)
(1.12173 0.0010251 0)
(1.05614 0.0671472 0)
(1.09981 0.0660161 0)
(1.12473 0.0635059 0)
(1.13733 0.0609413 0)
(1.1428 0.0582424 0)
(1.1446 0.0555681 0)
(1.14466 0.0529307 0)
(1.14395 0.0503371 0)
(1.14289 0.0477854 0)
(1.14166 0.0452729 0)
(1.14033 0.0427976 0)
(1.13894 0.0403582 0)
(1.13749 0.0379537 0)
(1.13601 0.0355833 0)
(1.13453 0.033246 0)
(1.13305 0.0309406 0)
(1.13159 0.0286658 0)
(1.13018 0.02642 0)
(1.12882 0.0242015 0)
(1.12754 0.0220086 0)
(1.12634 0.0198393 0)
(1.12523 0.0176916 0)
(1.12423 0.0155634 0)
(1.12333 0.0134527 0)
(1.12255 0.0113571 0)
(1.1219 0.00927442 0)
(1.12137 0.00720238 0)
(1.12096 0.00513862 0)
(1.1207 0.00308079 0)
(1.12056 0.00102653 0)
(1.05553 0.0665486 -3.13787e-28)
(1.09869 0.065433 0)
(1.12335 0.0629915 0)
(1.13584 0.060486 0)
(1.1413 0.0578461 2.57328e-28)
(1.14311 0.0552255 -3.53352e-28)
(1.14319 0.0526366 3.58494e-28)
(1.1425 0.0500866 1.13642e-27)
(1.14146 0.0475739 0)
(1.14025 0.045096 0)
(1.13895 0.0426514 0)
(1.13757 0.040239 0)
(1.13614 0.0378581 0)
(1.13468 0.0355082 -1.65419e-28)
(1.13321 0.0331886 6.37424e-28)
(1.13175 0.0308982 0)
(1.13031 0.0286359 2.79589e-28)
(1.12892 0.0264005 0)
(1.12758 0.0241904 0)
(1.1263 0.0220041 0)
(1.12512 0.0198399 1.08271e-27)
(1.12402 0.0176958 -6.37157e-28)
(1.12302 0.01557 1.65513e-28)
(1.12214 0.0134605 0)
(1.12137 0.0113653 -1.92003e-28)
(1.12072 0.00928217 1.65089e-28)
(1.12019 0.00720905 0)
(1.11979 0.00514373 -1.07675e-27)
(1.11953 0.003084 0)
(1.1194 0.00102762 0)
(1.05494 0.0659379 3.13787e-28)
(1.0976 0.0648392 0)
(1.122 0.0624658 0)
(1.13439 0.0600195 0)
(1.13983 0.0574384 -2.57328e-28)
(1.14165 0.0548716 3.53352e-28)
(1.14175 0.0523314 -3.58494e-28)
(1.14107 0.0498251 -1.13642e-27)
(1.14006 0.0473516 0)
(1.13887 0.0449086 0)
(1.13758 0.0424949 0)
(1.13622 0.0401098 0)
(1.13481 0.037753 0)
(1.13337 0.0354239 1.65419e-28)
(1.13191 0.0331223 -6.37424e-28)
(1.13046 0.0308473 0)
(1.12904 0.0285981 -2.79589e-28)
(1.12766 0.0263736 0)
(1.12633 0.0241725 0)
(1.12507 0.0219934 0)
(1.1239 0.0198347 -1.08271e-27)
(1.12281 0.0176948 6.37157e-28)
(1.12182 0.0155719 -1.65513e-28)
(1.12095 0.0134643 0)
(1.12018 0.01137 1.92003e-28)
(1.11954 0.00928709 -1.65089e-28)
(1.11902 0.00721351 0)
(1.11862 0.00514727 1.07675e-27)
(1.11836 0.00308625 0)
(1.11823 0.0010284 0)
(1.05437 0.0653176 0)
(1.09654 0.0642367 0)
(1.12068 0.061931 0)
(1.13297 0.0595437 0)
(1.13838 0.0570213 0)
(1.14021 0.0545081 0)
(1.14033 0.0520165 0)
(1.13967 0.0495541 0)
(1.13867 0.0471198 0)
(1.1375 0.0447118 0)
(1.13622 0.0423293 0)
(1.13488 0.0399718 0)
(1.13348 0.0376392 0)
(1.13206 0.0353313 0)
(1.13062 0.0330481 0)
(1.12918 0.0307889 0)
(1.12777 0.0285532 0)
(1.1264 0.02634 0)
(1.12509 0.0241483 0)
(1.12384 0.0219768 0)
(1.12268 0.0198242 0)
(1.1216 0.017689 0)
(1.12062 0.0155696 0)
(1.11975 0.0134644 0)
(1.119 0.0113716 0)
(1.11836 0.00928939 0)
(1.11784 0.00721594 0)
(1.11745 0.00514933 0)
(1.11719 0.00308763 0)
(1.11706 0.00102888 0)
(1.05382 0.0646897 0)
(1.09551 0.0636278 0)
(1.1194 0.0613892 0)
(1.13159 0.0590605 0)
(1.13698 0.0565964 0)
(1.13881 0.0541367 0)
(1.13894 0.0516936 0)
(1.1383 0.0492749 0)
(1.13731 0.0468799 0)
(1.13615 0.044507 0)
(1.13489 0.0421558 0)
(1.13356 0.0398259 0)
(1.13217 0.0375177 0)
(1.13076 0.0352313 0)
(1.12933 0.0329667 0)
(1.12791 0.0307237 0)
(1.12652 0.0285017 0)
(1.12516 0.0263002 0)
(1.12385 0.0241183 0)
(1.12262 0.0219549 0)
(1.12146 0.0198088 0)
(1.1204 0.0176787 0)
(1.11943 0.0155633 0)
(1.11856 0.013461 0)
(1.11781 0.0113702 0)
(1.11718 0.00928926 0)
(1.11667 0.00721646 0)
(1.11628 0.00515004 0)
(1.11602 0.00308819 0)
(1.11589 0.00102909 0)
(1.05329 0.0640564 0)
(1.09451 0.0630146 0)
(1.11815 0.0608423 0)
(1.13024 0.0585718 0)
(1.1356 0.0561658 0)
(1.13743 0.0537591 0)
(1.13757 0.0513643 0)
(1.13694 0.0489892 0)
(1.13597 0.0466332 0)
(1.13482 0.0442954 0)
(1.13357 0.0419754 0)
(1.13225 0.0396734 0)
(1.13088 0.0373897 0)
(1.12948 0.0351248 0)
(1.12806 0.0328791 0)
(1.12665 0.0306524 0)
(1.12526 0.0284445 0)
(1.12392 0.026255 0)
(1.12262 0.0240831 0)
(1.1214 0.0219281 0)
(1.12025 0.0197889 0)
(1.11919 0.0176644 0)
(1.11823 0.0155534 0)
(1.11738 0.0134544 0)
(1.11663 0.0113661 0)
(1.116 0.00928691 0)
(1.11549 0.00721525 0)
(1.11511 0.0051495 0)
(1.11485 0.00308799 0)
(1.11473 0.00102904 0)
(1.05278 0.06342 0)
(1.09354 0.0623991 0)
(1.11694 0.0602923 0)
(1.12893 0.0580795 0)
(1.13425 0.055731 0)
(1.13608 0.0533769 0)
(1.13623 0.0510301 0)
(1.13561 0.0486982 0)
(1.13464 0.0463812 0)
(1.1335 0.0440783 0)
(1.13226 0.0417894 0)
(1.13095 0.039515 0)
(1.12959 0.0372559 0)
(1.1282 0.0350127 0)
(1.1268 0.0327859 0)
(1.1254 0.0305757 0)
(1.12402 0.0283821 0)
(1.12268 0.0262048 0)
(1.1214 0.0240433 0)
(1.12018 0.021897 0)
(1.11904 0.0197651 0)
(1.11799 0.0176465 0)
(1.11704 0.0155402 0)
(1.11619 0.013445 0)
(1.11545 0.0113596 0)
(1.11483 0.00928253 0)
(1.11432 0.00721244 0)
(1.11394 0.00514781 0)
(1.11369 0.00308711 0)
(1.11356 0.00102877 0)
(1.05229 0.0627825 0)
(1.0926 0.0617835 0)
(1.11576 0.0597412 0)
(1.12764 0.0575855 0)
(1.13294 0.0552938 0)
(1.13476 0.0529919 0)
(1.13492 0.0506924 0)
(1.1343 0.0484034 0)
(1.13334 0.046125 0)
(1.13221 0.0438567 0)
(1.13098 0.0415988 0)
(1.12967 0.0393521 0)
(1.12832 0.0371174 0)
(1.12694 0.0348959 0)
(1.12554 0.032688 0)
(1.12415 0.0304944 0)
(1.12278 0.0283152 0)
(1.12146 0.0261503 0)
(1.12018 0.0239994 0)
(1.11897 0.0218621 0)
(1.11784 0.0197376 0)
(1.1168 0.0176253 0)
(1.11585 0.0155241 0)
(1.115 0.013433 0)
(1.11427 0.0113508 0)
(1.11365 0.0092763 0)
(1.11315 0.00720818 0)
(1.11277 0.00514508 0)
(1.11252 0.0030856 0)
(1.11239 0.00102829 0)
(1.05182 0.062146 0)
(1.09169 0.0611697 0)
(1.11461 0.0591909 0)
(1.12639 0.0570917 0)
(1.13165 0.0548561 0)
(1.13347 0.0526055 0)
(1.13363 0.0503529 0)
(1.13302 0.0481062 0)
(1.13206 0.045866 0)
(1.13094 0.043632 0)
(1.12971 0.0414048 0)
(1.12841 0.0391854 0)
(1.12706 0.0369751 0)
(1.12569 0.0347751 0)
(1.1243 0.0325862 0)
(1.12292 0.0304092 0)
(1.12156 0.0282444 0)
(1.12023 0.026092 0)
(1.11897 0.0239519 0)
(1.11776 0.0218237 0)
(1.11664 0.019707 0)
(1.1156 0.0176012 0)
(1.11466 0.0155053 0)
(1.11382 0.0134186 0)
(1.11309 0.01134 0)
(1.11247 0.0092684 0)
(1.11198 0.00720262 0)
(1.1116 0.00514142 0)
(1.11135 0.00308352 0)
(1.11122 0.00102761 0)
(1.05137 0.0615127 0)
(1.0908 0.0605597 0)
(1.11349 0.0586433 0)
(1.12517 0.0565997 0)
(1.1304 0.0544193 0)
(1.13221 0.0522194 0)
(1.13237 0.0500129 0)
(1.13176 0.047808 0)
(1.13081 0.0456054 0)
(1.12968 0.0434052 0)
(1.12845 0.0412084 0)
(1.12716 0.0390161 0)
(1.12582 0.0368299 0)
(1.12445 0.0346512 0)
(1.12307 0.0324812 0)
(1.12169 0.0303207 0)
(1.12034 0.0281704 0)
(1.11902 0.0260306 0)
(1.11776 0.0239013 0)
(1.11656 0.0217825 0)
(1.11544 0.0196737 0)
(1.11441 0.0175745 0)
(1.11348 0.0154843 0)
(1.11264 0.0134022 0)
(1.11191 0.0113275 0)
(1.1113 0.00925903 0)
(1.11081 0.00719588 0)
(1.11043 0.00513691 0)
(1.11018 0.00308093 0)
(1.11006 0.00102677 0)
(1.05094 0.0608844 0)
(1.08995 0.0599554 0)
(1.11241 0.0581003 0)
(1.12399 0.0561114 0)
(1.12917 0.0539853 0)
(1.13097 0.0518351 0)
(1.13113 0.0496739 0)
(1.13052 0.0475101 0)
(1.12957 0.0453445 0)
(1.12844 0.0431776 0)
(1.12722 0.0410106 0)
(1.12593 0.038845 0)
(1.12459 0.0366826 0)
(1.12322 0.0345251 0)
(1.12184 0.0323737 0)
(1.12047 0.0302297 0)
(1.11912 0.0280938 0)
(1.11781 0.0259666 0)
(1.11656 0.0238482 0)
(1.11537 0.0217387 0)
(1.11425 0.019638 0)
(1.11323 0.0175456 0)
(1.11229 0.0154612 0)
(1.11146 0.013384 0)
(1.11074 0.0113133 0)
(1.11013 0.00924835 0)
(1.10964 0.00718812 0)
(1.10927 0.00513165 0)
(1.10902 0.00307789 0)
(1.10889 0.00102578 0)
(1.05053 0.0602633 0)
(1.08912 0.0593588 0)
(1.11136 0.0575637 0)
(1.12283 0.0556285 0)
(1.12797 0.0535556 0)
(1.12976 0.0514541 0)
(1.12991 0.0493374 0)
(1.1293 0.0472137 0)
(1.12835 0.0450844 0)
(1.12722 0.0429502 0)
(1.126 0.0408125 0)
(1.12471 0.0386732 0)
(1.12337 0.0365342 0)
(1.122 0.0343975 0)
(1.12063 0.0322646 0)
(1.11926 0.0301368 0)
(1.11792 0.0280152 0)
(1.11661 0.0259004 0)
(1.11536 0.0237929 0)
(1.11417 0.0216929 0)
(1.11307 0.0196002 0)
(1.11204 0.0175149 0)
(1.11111 0.0154363 0)
(1.11029 0.0133642 0)
(1.10957 0.0112979 0)
(1.10896 0.00923654 0)
(1.10847 0.00717946 0)
(1.1081 0.00512574 0)
(1.10785 0.00307446 0)
(1.10773 0.00102465 0)
(1.05014 0.0596513 0)
(1.08832 0.0587717 0)
(1.11034 0.0570354 0)
(1.1217 0.0551528 0)
(1.12681 0.0531318 0)
(1.12858 0.0510779 0)
(1.12872 0.0490046 0)
(1.12811 0.0469203 0)
(1.12715 0.0448264 0)
(1.12602 0.0427242 0)
(1.12479 0.0406151 0)
(1.1235 0.0385015 0)
(1.12216 0.0363855 0)
(1.1208 0.0342692 0)
(1.11943 0.0321544 0)
(1.11806 0.0300427 0)
(1.11672 0.0279352 0)
(1.11542 0.0258328 0)
(1.11417 0.0237361 0)
(1.11299 0.0216454 0)
(1.11188 0.0195609 0)
(1.11086 0.0174826 0)
(1.10994 0.0154101 0)
(1.10911 0.0133431 0)
(1.1084 0.0112812 0)
(1.10779 0.00922375 0)
(1.10731 0.00717002 0)
(1.10694 0.00511927 0)
(1.10669 0.00307069 0)
(1.10657 0.00102341 0)
(1.04977 0.0590502 0)
(1.08755 0.058196 0)
(1.10934 0.0565169 0)
(1.12061 0.0546857 0)
(1.12567 0.0527155 0)
(1.12742 0.050708 0)
(1.12755 0.048677 0)
(1.12693 0.0466309 0)
(1.12597 0.0445716 0)
(1.12483 0.0425005 0)
(1.1236 0.0404194 0)
(1.12231 0.0383308 0)
(1.12097 0.0362372 0)
(1.1196 0.0341409 0)
(1.11823 0.0320439 0)
(1.11687 0.0299479 0)
(1.11553 0.0278542 0)
(1.11423 0.0257641 0)
(1.11298 0.023678 0)
(1.11181 0.0215967 0)
(1.1107 0.0195203 0)
(1.10969 0.017449 0)
(1.10877 0.0153826 0)
(1.10794 0.013321 0)
(1.10723 0.0112636 0)
(1.10663 0.00921015 0)
(1.10614 0.00715993 0)
(1.10578 0.00511233 0)
(1.10553 0.00306662 0)
(1.10541 0.00102208 0)
(1.04942 0.0584622 0)
(1.08681 0.0576336 0)
(1.10838 0.0560102 0)
(1.11954 0.0542291 0)
(1.12456 0.0523082 0)
(1.12629 0.0503458 0)
(1.12641 0.0483558 0)
(1.12578 0.0463469 0)
(1.1248 0.0443211 0)
(1.12366 0.0422802 0)
(1.12243 0.0402263 0)
(1.12113 0.0381621 0)
(1.11979 0.0360903 0)
(1.11842 0.0340134 0)
(1.11705 0.0319337 0)
(1.11568 0.029853 0)
(1.11434 0.027773 0)
(1.11305 0.0256948 0)
(1.11181 0.0236193 0)
(1.11063 0.0215472 0)
(1.10953 0.0194789 0)
(1.10852 0.0174146 0)
(1.1076 0.0153543 0)
(1.10678 0.013298 0)
(1.10607 0.0112453 0)
(1.10547 0.0091959 0)
(1.10498 0.00714931 0)
(1.10462 0.00510499 0)
(1.10437 0.00306232 0)
(1.10425 0.00102066 0)
(1.04909 0.0578889 0)
(1.08609 0.057086 0)
(1.10745 0.0555169 0)
(1.1185 0.0537845 0)
(1.12347 0.0519114 0)
(1.12518 0.0499926 0)
(1.12528 0.0480424 0)
(1.12464 0.0460694 0)
(1.12366 0.044076 0)
(1.12251 0.0420643 0)
(1.12126 0.0400367 0)
(1.11996 0.037996 0)
(1.11861 0.0359453 0)
(1.11724 0.0338873 0)
(1.11587 0.0318244 0)
(1.11451 0.0297587 0)
(1.11317 0.0276919 0)
(1.11187 0.0256254 0)
(1.11063 0.0235602 0)
(1.10946 0.0214972 0)
(1.10836 0.0194368 0)
(1.10735 0.0173795 0)
(1.10643 0.0153253 0)
(1.10561 0.0132743 0)
(1.1049 0.0112264 0)
(1.1043 0.00918113 0)
(1.10382 0.00713827 0)
(1.10346 0.00509734 0)
(1.10321 0.00305783 0)
(1.10309 0.00101918 0)
(1.04878 0.0573325 0)
(1.08539 0.0565553 0)
(1.10654 0.0550387 0)
(1.11749 0.0533535 0)
(1.12241 0.0515266 0)
(1.12409 0.0496499 0)
(1.12418 0.0477379 0)
(1.12353 0.0457996 0)
(1.12253 0.0438374 0)
(1.12137 0.0418538 0)
(1.12012 0.0398514 0)
(1.11881 0.0378335 0)
(1.11745 0.0358031 0)
(1.11608 0.0337633 0)
(1.1147 0.0317167 0)
(1.11334 0.0296654 0)
(1.112 0.0276115 0)
(1.1107 0.0255563 0)
(1.10946 0.0235012 0)
(1.10829 0.021447 0)
(1.10719 0.0193945 0)
(1.10618 0.017344 0)
(1.10527 0.0152959 0)
(1.10445 0.0132503 0)
(1.10374 0.011207 0)
(1.10315 0.00916599 0)
(1.10267 0.00712692 0)
(1.1023 0.00508946 0)
(1.10206 0.00305319 0)
(1.10194 0.00101764 0)
(1.04848 0.0567944 0)
(1.08473 0.0560429 0)
(1.10566 0.0545772 0)
(1.1165 0.0529375 0)
(1.12137 0.051155 0)
(1.12303 0.0493188 0)
(1.1231 0.0474436 0)
(1.12243 0.0455384 0)
(1.12142 0.0436062 0)
(1.12025 0.0416495 0)
(1.11898 0.0396714 0)
(1.11766 0.0376752 0)
(1.1163 0.0356644 0)
(1.11493 0.0336421 0)
(1.11354 0.031611 0)
(1.11218 0.0295737 0)
(1.11084 0.0275322 0)
(1.10954 0.025488 0)
(1.1083 0.0234427 0)
(1.10713 0.0213971 0)
(1.10603 0.0193522 0)
(1.10502 0.0173085 0)
(1.10411 0.0152664 0)
(1.10329 0.013226 0)
(1.10259 0.0111874 0)
(1.10199 0.0091506 0)
(1.10151 0.00711535 0)
(1.10114 0.00508141 0)
(1.1009 0.00304845 0)
(1.10078 0.00101608 0)
(1.04821 0.0562771 0)
(1.08408 0.055551 0)
(1.10481 0.0541342 0)
(1.11555 0.0525383 0)
(1.12036 0.0507984 0)
(1.12199 0.0490008 0)
(1.12204 0.0471607 0)
(1.12135 0.0452871 0)
(1.12033 0.0433834 0)
(1.11914 0.0414524 0)
(1.11786 0.0394974 0)
(1.11653 0.037522 0)
(1.11517 0.0355299 0)
(1.11378 0.0335242 0)
(1.1124 0.0315081 0)
(1.11103 0.0294842 0)
(1.10968 0.0274545 0)
(1.10839 0.025421 0)
(1.10714 0.023385 0)
(1.10597 0.0213478 0)
(1.10487 0.0193103 0)
(1.10387 0.0172732 0)
(1.10295 0.0152368 0)
(1.10214 0.0132017 0)
(1.10143 0.0111677 0)
(1.10084 0.00913512 0)
(1.10036 0.00710369 0)
(1.09999 0.00507328 0)
(1.09975 0.00304364 0)
(1.09963 0.00101449 0)
(1.04795 0.0557815 0)
(1.08346 0.0550806 0)
(1.10397 0.0537108 0)
(1.11461 0.0521568 0)
(1.11937 0.0504576 0)
(1.12096 0.0486969 0)
(1.12099 0.04689 0)
(1.12028 0.0450465 0)
(1.11924 0.0431698 0)
(1.11804 0.0412632 0)
(1.11675 0.0393301 0)
(1.11541 0.0373744 0)
(1.11403 0.0353999 0)
(1.11264 0.0334102 0)
(1.11125 0.0314083 0)
(1.10987 0.0293971 0)
(1.10853 0.0273788 0)
(1.10723 0.0253554 0)
(1.10599 0.0233285 0)
(1.10481 0.0212993 0)
(1.10372 0.019269 0)
(1.10271 0.0172382 0)
(1.10179 0.0152075 0)
(1.10098 0.0131774 0)
(1.10028 0.0111481 0)
(1.09968 0.00911961 0)
(1.0992 0.00709198 0)
(1.09884 0.00506511 0)
(1.0986 0.00303883 0)
(1.09848 0.0010129 0)
(1.04771 0.0553108 0)
(1.08286 0.0546344 0)
(1.10317 0.0533094 0)
(1.1137 0.0517953 0)
(1.1184 0.0501346 0)
(1.11997 0.0484086 0)
(1.11997 0.0466332 0)
(1.11924 0.044818 0)
(1.11818 0.0429667 0)
(1.11696 0.041083 0)
(1.11566 0.0391705 0)
(1.11431 0.0372334 0)
(1.11292 0.0352756 0)
(1.11152 0.0333008 0)
(1.11012 0.0313123 0)
(1.10874 0.0293131 0)
(1.10739 0.0273056 0)
(1.10609 0.0252918 0)
(1.10484 0.0232735 0)
(1.10367 0.021252 0)
(1.10257 0.0192285 0)
(1.10156 0.0172039 0)
(1.10065 0.0151787 0)
(1.09984 0.0131536 0)
(1.09913 0.0111287 0)
(1.09854 0.00910426 0)
(1.09806 0.00708038 0)
(1.0977 0.00505699 0)
(1.09746 0.00303401 0)
(1.09733 0.0010113 0)
(1.04749 0.0548649 0)
(1.08228 0.0542125 0)
(1.10238 0.0529303 0)
(1.1128 0.0514541 0)
(1.11744 0.0498297 0)
(1.11897 0.0481364 0)
(1.11895 0.0463905 0)
(1.1182 0.0446017 0)
(1.11712 0.0427743 0)
(1.11588 0.0409119 0)
(1.11456 0.0390187 0)
(1.11319 0.0370989 0)
(1.1118 0.0351567 0)
(1.11039 0.033196 0)
(1.10898 0.0312202 0)
(1.1076 0.0292323 0)
(1.10624 0.027235 0)
(1.10494 0.0252303 0)
(1.10369 0.0232201 0)
(1.10251 0.021206 0)
(1.10142 0.019189 0)
(1.10041 0.0171703 0)
(1.09949 0.0151504 0)
(1.09868 0.01313 0)
(1.09798 0.0111095 0)
(1.09738 0.00908906 0)
(1.0969 0.00706885 0)
(1.09654 0.00504893 0)
(1.0963 0.00302926 0)
(1.09618 0.00100974 0)
(1.04729 0.0544485 0)
(1.08173 0.053819 0)
(1.10163 0.0525769 0)
(1.11194 0.051136 0)
(1.11653 0.0495455 0)
(1.11802 0.0478826 0)
(1.11797 0.0461639 0)
(1.1172 0.0443997 0)
(1.11609 0.0425942 0)
(1.11484 0.0407517 0)
(1.1135 0.0388763 0)
(1.11212 0.0369726 0)
(1.11071 0.0350448 0)
(1.10929 0.0330971 0)
(1.10788 0.031133 0)
(1.10649 0.0291557 0)
(1.10513 0.0271678 0)
(1.10382 0.0251717 0)
(1.10257 0.0231692 0)
(1.10139 0.0211619 0)
(1.10029 0.0191511 0)
(1.09928 0.0171379 0)
(1.09836 0.0151231 0)
(1.09755 0.0131073 0)
(1.09685 0.0110909 0)
(1.09625 0.0090743 0)
(1.09577 0.00705765 0)
(1.09541 0.00504107 0)
(1.09517 0.00302457 0)
(1.09505 0.00100817 0)
(1.04709 0.0540591 0)
(1.08118 0.0534518 0)
(1.10088 0.0522477 0)
(1.11107 0.0508401 0)
(1.11559 0.0492811 0)
(1.11705 0.0476463 0)
(1.11697 0.0459528 0)
(1.11617 0.044211 0)
(1.11504 0.0424257 0)
(1.11376 0.0406013 0)
(1.11241 0.0387423 0)
(1.11101 0.0368534 0)
(1.10959 0.034939 0)
(1.10816 0.0330033 0)
(1.10674 0.0310501 0)
(1.10534 0.0290825 0)
(1.10398 0.0271035 0)
(1.10266 0.0251153 0)
(1.10141 0.02312 0)
(1.10023 0.0211192 0)
(1.09912 0.0191143 0)
(1.09811 0.0171064 0)
(1.0972 0.0150964 0)
(1.09638 0.0130849 0)
(1.09568 0.0110726 0)
(1.09508 0.00905973 0)
(1.09461 0.00704657 0)
(1.09424 0.0050333 0)
(1.094 0.00302001 0)
(1.09388 0.00100669 0)
(1.04692 0.053705 0)
(1.08068 0.0531179 0)
(1.10017 0.0519486 0)
(1.11026 0.0505711 0)
(1.11473 0.0490407 0)
(1.11614 0.0474313 0)
(1.11603 0.0457605 0)
(1.11521 0.044039 0)
(1.11406 0.042272 0)
(1.11276 0.040464 0)
(1.11139 0.0386197 0)
(1.10997 0.0367441 0)
(1.10854 0.0348417 0)
(1.1071 0.0329169 0)
(1.10567 0.0309735 0)
(1.10426 0.0290149 0)
(1.10289 0.0270438 0)
(1.10157 0.0250629 0)
(1.10031 0.0230742 0)
(1.09913 0.0210793 0)
(1.09803 0.0190798 0)
(1.09701 0.0170768 0)
(1.0961 0.0150713 0)
(1.09528 0.0130639 0)
(1.09458 0.0110554 0)
(1.09398 0.00904598 0)
(1.0935 0.0070361 0)
(1.09314 0.00502592 0)
(1.0929 0.00301555 0)
(1.09278 0.00100516 0)
(1.04676 0.0533786 0)
(1.08015 0.052811 0)
(1.09943 0.0516745 0)
(1.1094 0.0503249 0)
(1.1138 0.0488206 0)
(1.11517 0.0472341 0)
(1.11502 0.0455837 0)
(1.11417 0.0438804 0)
(1.11299 0.0421296 0)
(1.11167 0.0403362 0)
(1.11028 0.0385052 0)
(1.10885 0.0366416 0)
(1.1074 0.0347501 0)
(1.10595 0.0328351 0)
(1.1045 0.0309007 0)
(1.10309 0.0289502 0)
(1.10171 0.0269865 0)
(1.10039 0.0250123 0)
(1.09913 0.0230297 0)
(1.09794 0.0210405 0)
(1.09683 0.019046 0)
(1.09582 0.0170477 0)
(1.0949 0.0150465 0)
(1.09408 0.0130431 0)
(1.09338 0.0110382 0)
(1.09278 0.00903224 0)
(1.0923 0.00702561 0)
(1.09194 0.00501855 0)
(1.0917 0.00301128 0)
(1.09158 0.00100381 0)
(1.04662 0.0530956 0)
(1.0797 0.0525444 0)
(1.0988 0.051436 0)
(1.10866 0.0501105 0)
(1.113 0.0486289 0)
(1.11433 0.0470623 0)
(1.11416 0.0454296 0)
(1.11328 0.043742 0)
(1.11208 0.0420053 0)
(1.11073 0.0402246 0)
(1.10932 0.0384051 0)
(1.10788 0.0365518 0)
(1.10641 0.0346697 0)
(1.10495 0.0327633 0)
(1.1035 0.0308366 0)
(1.10207 0.0288932 0)
(1.10069 0.026936 0)
(1.09936 0.0249677 0)
(1.09809 0.0229904 0)
(1.0969 0.021006 0)
(1.09579 0.0190161 0)
(1.09478 0.0170218 0)
(1.09386 0.0150244 0)
(1.09304 0.0130245 0)
(1.09233 0.0110228 0)
(1.09174 0.00901996 0)
(1.09126 0.00701623 0)
(1.0909 0.00501191 0)
(1.09065 0.00300717 0)
(1.09053 0.00100236 0)
(1.04647 0.0528378 0)
(1.07917 0.0523023 0)
(1.09804 0.0512207 0)
(1.10777 0.0499172 0)
(1.11203 0.0484558 0)
(1.11331 0.0469064 0)
(1.1131 0.0452888 0)
(1.11218 0.0436146 0)
(1.11095 0.0418899 0)
(1.10958 0.0401201 0)
(1.10815 0.0383104 0)
(1.10668 0.0364662 0)
(1.1052 0.0345924 0)
(1.10372 0.0326936 0)
(1.10226 0.030774 0)
(1.10082 0.028837 0)
(1.09943 0.0268857 0)
(1.0981 0.0249228 0)
(1.09683 0.0229506 0)
(1.09563 0.0209709 0)
(1.09452 0.0189853 0)
(1.0935 0.0169951 0)
(1.09258 0.0150014 0)
(1.09176 0.013005 0)
(1.09105 0.0110067 0)
(1.09046 0.00900701 0)
(1.08998 0.00700629 0)
(1.08962 0.00500491 0)
(1.08937 0.0030032 0)
(1.08925 0.00100115 0)
(1.04637 0.0526357 0)
(1.07879 0.0521112 0)
(1.0975 0.0510501 0)
(1.10714 0.0497637 0)
(1.11135 0.0483182 0)
(1.1126 0.0467827 0)
(1.11236 0.0451773 0)
(1.11142 0.0435139 0)
(1.11016 0.0417988 0)
(1.10877 0.0400377 0)
(1.10732 0.038236 0)
(1.10584 0.036399 0)
(1.10435 0.0345317 0)
(1.10286 0.032639 0)
(1.10139 0.0307249 0)
(1.09994 0.0287929 0)
(1.09855 0.0268463 0)
(1.0972 0.0248878 0)
(1.09593 0.0229195 0)
(1.09473 0.0209435 0)
(1.09362 0.0189613 0)
(1.0926 0.0169742 0)
(1.09167 0.0149835 0)
(1.09085 0.0129899 0)
(1.09015 0.0109941 0)
(1.08955 0.00899689 0)
(1.08907 0.00699853 0)
(1.0887 0.00499939 0)
(1.08846 0.00299963 0)
(1.08834 0.000999806 0)
(1.04621 0.0524509 0)
(1.0782 0.0519363 0)
(1.09664 0.0508953 0)
(1.10613 0.0496242 0)
(1.11024 0.0481922 0)
(1.11143 0.0466677 0)
(1.11114 0.0450716 0)
(1.11016 0.0434165 0)
(1.10887 0.0417089 0)
(1.10745 0.0399548 0)
(1.10597 0.0381595 0)
(1.10446 0.0363286 0)
(1.10295 0.0344671 0)
(1.10144 0.0325797 0)
(1.09995 0.0306707 0)
(1.0985 0.0287436 0)
(1.09709 0.0268015 0)
(1.09574 0.0248472 0)
(1.09446 0.022883 0)
(1.09326 0.0209109 0)
(1.09214 0.0189323 0)
(1.09112 0.0169488 0)
(1.09019 0.0149614 0)
(1.08937 0.012971 0)
(1.08866 0.0109784 0)
(1.08806 0.00898413 0)
(1.08758 0.00698869 0)
(1.08722 0.00499245 0)
(1.08697 0.0029958 0)
(1.08685 0.000998713 0)
(1.04616 0.0523416 0)
(1.07796 0.0518315 0)
(1.0963 0.0508016 0)
(1.10573 0.0495399 0)
(1.10981 0.0481164 0)
(1.11097 0.0465991 0)
(1.11066 0.0450093 0)
(1.10966 0.0433597 0)
(1.10836 0.0416571 0)
(1.10692 0.0399074 0)
(1.10543 0.0381163 0)
(1.10392 0.0362891 0)
(1.10239 0.0344311 0)
(1.10088 0.032547 0)
(1.09939 0.030641 0)
(1.09793 0.0287167 0)
(1.09652 0.0267773 0)
(1.09516 0.0248255 0)
(1.09388 0.0228636 0)
(1.09267 0.0208936 0)
(1.09155 0.0189171 0)
(1.09053 0.0169354 0)
(1.0896 0.0149498 0)
(1.08878 0.0129612 0)
(1.08807 0.0109702 0)
(1.08747 0.00897751 0)
(1.08699 0.00698361 0)
(1.08662 0.00498882 0)
(1.08638 0.00299328 0)
(1.08626 0.000997666 0)
(1.04597 0.0522354 0)
(1.07719 0.0517233 0)
(1.09516 0.0507059 0)
(1.10438 0.0494511 0)
(1.10833 0.0480331 0)
(1.10941 0.0465197 0)
(1.10903 0.044933 0)
(1.10797 0.0432862 0)
(1.10662 0.0415864 0)
(1.10514 0.0398396 0)
(1.10361 0.0380516 0)
(1.10206 0.0362276 0)
(1.10051 0.034373 0)
(1.09897 0.0324922 0)
(1.09746 0.0305896 0)
(1.09598 0.0286688 0)
(1.09456 0.0267328 0)
(1.09319 0.0247844 0)
(1.0919 0.022826 0)
(1.09068 0.0208594 0)
(1.08956 0.0188862 0)
(1.08853 0.0169079 0)
(1.0876 0.0149257 0)
(1.08678 0.0129403 0)
(1.08606 0.0109526 0)
(1.08546 0.00896315 0)
(1.08498 0.00697246 0)
(1.08461 0.00498093 0)
(1.08437 0.00298892 0)
(1.08425 0.000996423 0)
(1.00093 0.0341685 1.55638e-19)
(0.999562 0.0365959 4.67568e-20)
(0.998341 0.0389472 -2.17647e-19)
(0.997259 0.041224 1.02536e-19)
(0.996307 0.0434276 -1.88554e-19)
(0.995474 0.0455592 3.52351e-19)
(0.994752 0.0476195 -3.83057e-19)
(0.994132 0.0496093 2.83746e-19)
(0.993606 0.0515291 -2.29133e-19)
(0.993165 0.053379 1.41882e-19)
(0.992802 0.0551592 8.87516e-20)
(0.992508 0.0568697 -2.58479e-19)
(0.992278 0.0585104 2.48885e-19)
(0.992105 0.0600812 1.51114e-19)
(0.991982 0.061582 -2.33835e-19)
(0.991904 0.0630124 3.00528e-22)
(0.991865 0.0643723 -8.53784e-20)
(0.99186 0.0656615 6.18326e-20)
(0.991884 0.0668797 -7.83894e-20)
(0.991934 0.068027 1.69149e-19)
(0.992004 0.0691032 9.30763e-20)
(0.992092 0.0701083 -8.29101e-20)
(0.992194 0.0710424 -8.11968e-20)
(0.992307 0.0719057 -9.28871e-20)
(0.992429 0.0726985 6.98598e-20)
(0.992556 0.0734211 6.18354e-21)
(0.992688 0.0740742 4.54202e-20)
(0.992821 0.0746582 4.62161e-20)
(0.992955 0.0751738 -8.55879e-20)
(0.993087 0.075622 -3.16777e-22)
(0.993218 0.0760037 4.71439e-20)
(0.993345 0.07632 -1.65405e-20)
(0.993468 0.0765722 3.27725e-20)
(0.993587 0.0767615 -1.34098e-20)
(0.993701 0.0768894 -3.67176e-20)
(0.99381 0.0769575 2.37801e-20)
(0.993913 0.0769676 2.7784e-20)
(0.994011 0.0769214 -2.56313e-20)
(0.994103 0.0768208 -4.21254e-20)
(0.99419 0.0766677 6.75989e-20)
(0.994272 0.0764642 -3.42343e-20)
(0.99435 0.0762124 2.9653e-20)
(0.994424 0.0759146 -5.14612e-20)
(0.994494 0.0755729 4.94463e-20)
(0.99456 0.0751898 -2.76509e-20)
(0.994625 0.0747675 -1.82743e-20)
(0.994687 0.0743084 1.8822e-21)
(0.994747 0.073815 -3.25805e-21)
(0.994807 0.0732897 -5.78204e-21)
(0.994867 0.0727349 2.22703e-20)
(0.994927 0.0721532 -2.48763e-20)
(0.994987 0.0715469 4.03741e-20)
(0.99505 0.0709185 2.79287e-21)
(0.995114 0.0702704 -2.91532e-20)
(0.995182 0.0696052 8.86204e-22)
(0.995252 0.0689251 5.52714e-21)
(0.995327 0.0682325 -1.1083e-20)
(0.995406 0.0675298 9.038e-22)
(0.99549 0.0668193 1.04795e-20)
(0.99558 0.0661032 1.27077e-20)
(0.995675 0.0653838 -5.64506e-21)
(0.995777 0.0646634 -5.86857e-21)
(0.995886 0.0639439 7.11628e-21)
(0.996002 0.0632276 -4.5266e-21)
(0.996127 0.0625166 3.00681e-21)
(0.996259 0.0618128 -1.86217e-21)
(0.9964 0.0611182 -7.53148e-22)
(0.99655 0.060435 -2.3792e-21)
(0.996709 0.0597648 7.62173e-21)
(0.996878 0.0591099 -6.4297e-21)
(0.997057 0.0584718 3.10974e-21)
(0.997246 0.0578527 -1.51197e-21)
(0.997446 0.0572541 2.22474e-21)
(0.997656 0.0566784 -1.27325e-21)
(0.997878 0.0561267 -7.18698e-23)
(0.998109 0.0556021 1.35977e-21)
(0.998354 0.0551045 -1.88403e-21)
(0.998606 0.0546388 9.1524e-22)
(0.998874 0.0542024 3.28084e-22)
(0.999145 0.0538042 1.67475e-22)
(0.99944 0.0534358 -9.08482e-22)
(0.99972 0.0531148 2.26656e-22)
(1.00005 0.05282 1.57973e-22)
(1.00032 0.0525879 -1.80586e-22)
(1.00072 0.0523715 3.48228e-24)
(1.00091 0.0522428 4.13881e-24)
(1.00148 0.0521132 2.93281e-24)
(0.855988 0.0341095 9.10691e-20)
(0.855936 0.0362294 1.0471e-20)
(0.856066 0.0382959 1.14574e-20)
(0.856364 0.0403105 3.24151e-19)
(0.856817 0.0422739 -7.31483e-20)
(0.857413 0.0441861 -2.33266e-20)
(0.85814 0.046047 -3.62802e-19)
(0.858987 0.0478564 4.95026e-20)
(0.859942 0.0496138 1.01921e-19)
(0.860995 0.0513185 -1.16602e-19)
(0.862137 0.0529698 8.41164e-20)
(0.863358 0.0545669 8.30034e-20)
(0.86465 0.056109 6.83797e-20)
(0.866003 0.0575953 -1.28312e-19)
(0.86741 0.0590247 2.74497e-19)
(0.868864 0.0603964 -2.61927e-19)
(0.870356 0.0617095 -6.29848e-21)
(0.871881 0.0629632 1.82795e-19)
(0.873432 0.0641567 7.33664e-20)
(0.875003 0.0652891 -2.23182e-19)
(0.876589 0.0663599 3.76657e-20)
(0.878185 0.0673685 1.0894e-19)
(0.879786 0.0683142 -1.29651e-19)
(0.881387 0.0691967 1.58508e-20)
(0.882986 0.0700158 1.31266e-20)
(0.884577 0.0707713 -3.24501e-20)
(0.886159 0.0714632 2.97174e-20)
(0.887728 0.0720915 -1.1608e-20)
(0.88928 0.0726565 -5.399e-20)
(0.890815 0.0731585 6.10506e-20)
(0.89233 0.073598 -2.63013e-20)
(0.893823 0.0739756 1.53862e-20)
(0.895293 0.0742922 -5.34489e-20)
(0.896738 0.0745485 2.28472e-21)
(0.898158 0.0747457 1.09155e-21)
(0.899551 0.0748848 8.19023e-20)
(0.900917 0.0749672 -2.83013e-21)
(0.902256 0.0749943 -2.07266e-20)
(0.903567 0.0749676 2.87243e-20)
(0.90485 0.0748889 -3.28612e-20)
(0.906106 0.0747598 1.53455e-21)
(0.907334 0.0745822 -1.72416e-20)
(0.908534 0.0743579 -1.8118e-20)
(0.909708 0.0740891 2.45e-20)
(0.910855 0.0737777 2.0492e-20)
(0.911976 0.0734258 1.66122e-20)
(0.913072 0.0730357 -4.83313e-20)
(0.914144 0.0726095 1.91077e-20)
(0.915191 0.0721495 4.20077e-22)
(0.916216 0.0716579 3.47217e-20)
(0.917218 0.0711371 -3.28657e-20)
(0.9182 0.0705895 6.07548e-22)
(0.919161 0.0700172 2.67139e-20)
(0.920102 0.0694227 -4.271e-20)
(0.921025 0.0688082 2.55311e-20)
(0.92193 0.0681761 -5.48506e-21)
(0.922819 0.0675286 6.12641e-21)
(0.923692 0.0668681 -5.36057e-21)
(0.924551 0.0661967 -5.3712e-21)
(0.925396 0.0655168 -1.76912e-21)
(0.926228 0.0648304 5.27802e-21)
(0.927048 0.0641397 3.66833e-21)
(0.927858 0.0634469 -2.12318e-21)
(0.928658 0.062754 -4.38995e-21)
(0.929449 0.0620632 -2.26652e-21)
(0.930232 0.0613763 2.75508e-21)
(0.931008 0.0606954 -3.88191e-21)
(0.931778 0.0600225 9.55443e-21)
(0.932543 0.0593595 -6.77133e-21)
(0.933304 0.0587083 4.66511e-21)
(0.934061 0.0580708 -1.79514e-21)
(0.934816 0.0574487 -1.32724e-21)
(0.935569 0.0568442 8.78708e-22)
(0.936323 0.0562588 -6.06458e-22)
(0.937075 0.0556948 1.23306e-21)
(0.93783 0.0551535 9.97394e-22)
(0.938584 0.0546377 -9.66634e-22)
(0.939345 0.0541478 3.22943e-22)
(0.940102 0.0536884 -5.15723e-23)
(0.940875 0.0532575 -1.66e-22)
(0.941631 0.0528634 2.30175e-23)
(0.942428 0.0524987 -1.43557e-22)
(0.943167 0.0521807 1.11141e-22)
(0.944019 0.0518885 -9.90719e-23)
(0.94469 0.0516595 -4.82364e-23)
(0.945685 0.0514464 -5.21076e-23)
(0.946145 0.0513215 1.2763e-23)
(0.947546 0.0512043 3.36763e-24)
(0.685817 0.0339625 1.20923e-19)
(0.687235 0.0358061 -1.55504e-19)
(0.688836 0.0376152 3.90745e-19)
(0.690606 0.0393894 -4.45448e-19)
(0.692534 0.0411281 1.78199e-19)
(0.694607 0.0428307 8.7847e-20)
(0.696815 0.0444961 -1.61251e-19)
(0.699146 0.0461234 2.32633e-19)
(0.701591 0.0477114 -3.83589e-19)
(0.704139 0.0492591 3.3804e-19)
(0.70678 0.0507653 -7.4643e-20)
(0.709505 0.0522286 -8.99222e-20)
(0.712305 0.0536479 1.373e-19)
(0.715171 0.0550217 2.89843e-20)
(0.718094 0.0563488 -9.24257e-20)
(0.721068 0.0576278 1.46407e-19)
(0.724083 0.0588575 -2.47709e-19)
(0.727134 0.0600366 1.33544e-19)
(0.730212 0.0611638 -2.31941e-20)
(0.733311 0.062238 -5.6174e-20)
(0.736426 0.0632581 7.87045e-20)
(0.739549 0.0642231 7.6124e-22)
(0.742675 0.065132 -7.28174e-20)
(0.7458 0.0659841 3.43032e-20)
(0.748918 0.0667787 3.61286e-20)
(0.752024 0.0675154 -2.34602e-20)
(0.755115 0.0681937 -4.41209e-20)
(0.758186 0.0688135 -2.27536e-20)
(0.761234 0.0693747 2.14869e-20)
(0.764255 0.0698773 6.94667e-20)
(0.767247 0.0703215 -9.84265e-20)
(0.770206 0.0707078 6.38374e-20)
(0.773131 0.0710365 -4.80406e-20)
(0.776018 0.0713084 8.79629e-20)
(0.778866 0.0715241 -1.83766e-21)
(0.781674 0.0716846 9.59717e-21)
(0.78444 0.071791 -9.5805e-20)
(0.787162 0.0718444 3.44464e-20)
(0.78984 0.0718462 -3.48792e-20)
(0.792473 0.0717978 1.21265e-20)
(0.79506 0.0717008 6.07117e-20)
(0.797601 0.0715568 -3.76254e-20)
(0.800096 0.0713674 -4.93747e-21)
(0.802544 0.0711347 3.68947e-20)
(0.804946 0.0708603 -1.11539e-20)
(0.807302 0.0705463 -2.82944e-20)
(0.809612 0.0701948 3.7708e-20)
(0.811876 0.0698077 8.75461e-21)
(0.814096 0.0693872 -5.2063e-20)
(0.816271 0.0689355 2.97984e-20)
(0.818403 0.0684548 -1.30039e-20)
(0.820493 0.0679472 -7.51389e-21)
(0.82254 0.0674149 -1.5952e-21)
(0.824547 0.0668602 7.6946e-21)
(0.826514 0.0662853 8.73581e-21)
(0.828443 0.0656924 -6.01582e-22)
(0.830334 0.0650837 3.60212e-21)
(0.832189 0.0644614 -6.61061e-21)
(0.834009 0.0638276 -6.88071e-21)
(0.835796 0.0631845 3.5551e-21)
(0.837549 0.0625341 2.64002e-21)
(0.839272 0.0618786 -7.84704e-21)
(0.840965 0.06122 9.09972e-21)
(0.842629 0.0605603 -2.81668e-21)
(0.844267 0.0599015 -3.30686e-21)
(0.845878 0.0592455 3.68815e-21)
(0.847466 0.0585943 -5.28575e-23)
(0.849031 0.0579497 1.99158e-22)
(0.850574 0.0573137 2.42938e-21)
(0.852098 0.056688 -4.80309e-21)
(0.853604 0.0560745 1.80299e-21)
(0.855092 0.055475 -5.59849e-22)
(0.856566 0.0548914 1.35981e-21)
(0.858025 0.0543254 8.14561e-22)
(0.859472 0.0537791 -9.43114e-22)
(0.860909 0.0532539 -8.58587e-22)
(0.862334 0.0527523 1.24635e-21)
(0.863756 0.0522755 -7.66188e-22)
(0.865163 0.0518268 8.09151e-22)
(0.86658 0.051406 -6.52735e-22)
(0.867966 0.0510195 -8.35435e-23)
(0.869398 0.0506623 2.67237e-22)
(0.87074 0.0503493 -1.7229e-22)
(0.872239 0.0500626 6.4801e-23)
(0.873459 0.0498377 -5.60906e-24)
(0.875177 0.0496282 2.43047e-23)
(0.876028 0.0495084 1.12433e-23)
(0.878458 0.0493983 1.55316e-26)
(0.503717 0.0296789 2.53514e-19)
(0.506171 0.0312424 -3.38602e-19)
(0.5088 0.0327892 3.33434e-19)
(0.511595 0.0343183 -1.73109e-19)
(0.514547 0.0358291 2.05687e-19)
(0.517647 0.0373206 -8.39131e-20)
(0.520886 0.0387916 -1.9827e-19)
(0.524256 0.040241 -8.34194e-21)
(0.527747 0.0416672 3.18447e-20)
(0.531352 0.0430687 2.58357e-19)
(0.535062 0.044444 -7.97754e-20)
(0.538869 0.0457914 -1.49166e-19)
(0.542766 0.0471092 1.26432e-19)
(0.546744 0.0483957 -9.53407e-20)
(0.550795 0.049649 9.51513e-20)
(0.554913 0.0508675 -1.12885e-19)
(0.55909 0.0520494 9.28342e-20)
(0.563319 0.0531931 4.80606e-20)
(0.567592 0.0542967 -3.55446e-20)
(0.571904 0.0553589 -9.23051e-21)
(0.576247 0.0563779 1.49258e-21)
(0.580615 0.0573523 5.41017e-20)
(0.585002 0.0582806 -6.82529e-20)
(0.589402 0.0591615 6.94651e-23)
(0.59381 0.059994 -7.62306e-21)
(0.598219 0.060777 8.40006e-21)
(0.602625 0.0615096 1.45324e-20)
(0.607023 0.0621912 -2.56528e-20)
(0.611407 0.0628211 2.97994e-20)
(0.615774 0.063399 6.15002e-21)
(0.620118 0.0639245 -7.64929e-21)
(0.624437 0.0643975 -2.9943e-20)
(0.628726 0.0648179 -8.7488e-21)
(0.632982 0.0651859 3.9336e-20)
(0.6372 0.0655018 -5.42914e-20)
(0.64138 0.0657659 1.47619e-20)
(0.645516 0.0659789 -7.78976e-21)
(0.649608 0.0661416 5.24571e-20)
(0.653653 0.0662546 -4.43279e-20)
(0.657648 0.0663192 1.21442e-20)
(0.661592 0.0663363 -1.90587e-20)
(0.665483 0.0663073 -6.74402e-21)
(0.66932 0.0662334 2.91915e-20)
(0.673102 0.0661162 4.31955e-22)
(0.676827 0.0659571 1.57098e-20)
(0.680495 0.0657578 1.39932e-20)
(0.684105 0.06552 -2.72722e-21)
(0.687657 0.0652454 -4.58632e-20)
(0.691151 0.064936 7.51176e-21)
(0.694586 0.0645936 3.97924e-20)
(0.697963 0.0642201 -2.87626e-20)
(0.701282 0.0638175 9.3883e-21)
(0.704543 0.0633879 -1.21697e-20)
(0.707747 0.0629331 1.14329e-20)
(0.710894 0.0624554 -1.98282e-21)
(0.713985 0.0619567 -1.24481e-20)
(0.717022 0.0614391 1.65229e-20)
(0.720004 0.0609046 -6.83157e-21)
(0.722933 0.0603552 -3.75212e-21)
(0.725811 0.059793 6.51401e-21)
(0.728638 0.05922 -4.66447e-22)
(0.731415 0.0586382 6.03885e-22)
(0.734145 0.0580495 -7.67068e-21)
(0.736829 0.0574558 4.96435e-21)
(0.739467 0.0568591 6.23346e-21)
(0.742063 0.0562613 -1.02697e-20)
(0.744617 0.0556641 6.75518e-21)
(0.747131 0.0550695 2.78107e-21)
(0.749607 0.0544793 -6.74742e-21)
(0.752047 0.0538951 2.02497e-21)
(0.754452 0.0533189 7.57664e-22)
(0.756825 0.0527524 -1.99705e-21)
(0.759167 0.0521973 2.10812e-21)
(0.761481 0.0516554 -6.13419e-22)
(0.763768 0.0511284 -1.6078e-22)
(0.76603 0.0506183 2.182e-22)
(0.768271 0.0501267 5.11157e-22)
(0.770489 0.0496557 -3.9271e-22)
(0.772692 0.049207 2.38759e-22)
(0.774872 0.0487831 -4.43198e-22)
(0.777051 0.0483852 -1.36013e-22)
(0.779192 0.0480177 -1.03418e-22)
(0.781372 0.0476788 2.3321e-22)
(0.78345 0.0473792 -1.29228e-22)
(0.785699 0.0471067 3.57582e-23)
(0.787608 0.0468912 -5.12175e-23)
(0.79015 0.0466909 -1.01602e-25)
(0.791516 0.0465798 8.61859e-24)
(0.795154 0.0464774 -3.64181e-25)
(0.324285 0.0238567 3.68751e-20)
(0.327311 0.0251744 4.95808e-20)
(0.330498 0.0264863 4.21815e-20)
(0.333842 0.0277914 -1.35234e-19)
(0.337338 0.0290889 -9.05812e-22)
(0.340978 0.0303778 -1.29949e-20)
(0.344757 0.0316571 7.64613e-20)
(0.34867 0.0329255 -7.55522e-20)
(0.352711 0.0341818 3.24339e-21)
(0.356874 0.0354243 -4.87359e-21)
(0.361153 0.0366517 1.62981e-19)
(0.365542 0.0378622 -5.57203e-20)
(0.370035 0.0390543 -1.09515e-19)
(0.374627 0.0402261 1.02542e-19)
(0.379311 0.0413761 6.83234e-20)
(0.384081 0.0425023 -3.68419e-20)
(0.388932 0.043603 -2.67004e-20)
(0.393856 0.0446766 -1.1096e-20)
(0.398849 0.0457212 3.1378e-20)
(0.403904 0.0467351 -1.18552e-19)
(0.409015 0.0477167 8.94635e-20)
(0.414176 0.0486643 -3.90762e-20)
(0.419381 0.0495763 5.95655e-20)
(0.424623 0.0504509 -2.82582e-20)
(0.429899 0.0512866 -2.34243e-20)
(0.435201 0.0520825 -2.07865e-21)
(0.440525 0.0528376 1.34378e-20)
(0.445864 0.0535506 1.82667e-20)
(0.451213 0.0542208 -1.26606e-20)
(0.456567 0.0548472 3.68112e-20)
(0.461922 0.0554292 -3.44072e-20)
(0.467271 0.0559662 -3.52536e-21)
(0.472609 0.0564578 5.22962e-21)
(0.477934 0.0569038 -5.32534e-21)
(0.483239 0.0573039 3.79467e-20)
(0.48852 0.0576582 2.31061e-20)
(0.493775 0.0579668 -7.82503e-20)
(0.498997 0.0582299 7.91943e-20)
(0.504185 0.0584479 -9.90565e-20)
(0.509335 0.0586215 3.1501e-20)
(0.514443 0.0587512 -2.24267e-20)
(0.519506 0.058838 6.44704e-20)
(0.524522 0.0588826 2.29118e-21)
(0.529488 0.0588862 -5.57794e-20)
(0.534401 0.0588497 3.47578e-20)
(0.53926 0.0587745 3.62431e-22)
(0.544063 0.0586618 -2.36139e-20)
(0.548808 0.0585131 2.29186e-20)
(0.553494 0.0583297 -1.29148e-20)
(0.558119 0.0581132 1.4324e-20)
(0.562683 0.0578652 -1.46269e-20)
(0.567184 0.0575873 1.67461e-20)
(0.571622 0.0572813 -9.52807e-21)
(0.575997 0.0569488 -4.39779e-21)
(0.580308 0.0565915 -5.78336e-21)
(0.584556 0.0562113 7.88004e-21)
(0.58874 0.0558099 1.36456e-20)
(0.59286 0.0553892 -3.03023e-21)
(0.596918 0.054951 -9.25707e-21)
(0.600914 0.0544969 4.7341e-21)
(0.604848 0.054029 1.95534e-23)
(0.608722 0.0535489 -3.48215e-21)
(0.612536 0.0530584 1.65703e-21)
(0.616292 0.0525594 2.02612e-21)
(0.619991 0.0520535 -5.26319e-21)
(0.623634 0.0515425 4.28192e-21)
(0.627223 0.0510282 -2.80361e-21)
(0.630759 0.0505122 6.91815e-22)
(0.634245 0.0499962 1.84102e-21)
(0.637681 0.0494819 -1.52923e-22)
(0.64107 0.048971 5.24909e-22)
(0.644414 0.048465 -1.28695e-21)
(0.647714 0.0479657 -9.50938e-22)
(0.650973 0.0474746 1.92846e-22)
(0.654194 0.0469935 7.73715e-22)
(0.657377 0.0465241 1.34896e-21)
(0.660526 0.0460679 -1.43972e-21)
(0.663644 0.0456269 6.55005e-22)
(0.666731 0.0452028 -2.00658e-22)
(0.669793 0.0447975 -9.52004e-23)
(0.672826 0.0444129 -2.04364e-22)
(0.675846 0.0440513 2.89657e-22)
(0.678828 0.0437151 -3.89553e-23)
(0.681832 0.043406 -5.48565e-23)
(0.684741 0.0431293 1.33892e-23)
(0.687805 0.0428811 -1.10791e-24)
(0.690522 0.0426808 -2.44879e-23)
(0.693928 0.042498 1.98682e-23)
(0.695943 0.0423999 -3.26762e-24)
(0.700903 0.0423066 -1.54705e-24)
(0.162008 0.0186585 -7.93265e-20)
(0.165243 0.0197296 8.17208e-20)
(0.168627 0.0208014 -1.67702e-19)
(0.172157 0.021873 2.395e-20)
(0.17583 0.0229435 1.22525e-19)
(0.179643 0.0240121 -1.06698e-19)
(0.183594 0.0250776 -4.08346e-20)
(0.187679 0.0261389 8.07075e-20)
(0.191895 0.0271949 2.26961e-20)
(0.196238 0.0282442 -4.63143e-23)
(0.200705 0.0292854 1.45863e-20)
(0.205292 0.0303171 5.50236e-21)
(0.209995 0.0313376 -7.2828e-20)
(0.21481 0.0323456 7.01165e-20)
(0.219733 0.0333393 -1.89689e-21)
(0.224759 0.0343171 -4.73204e-20)
(0.229884 0.0352776 -1.14799e-20)
(0.235103 0.0362189 -2.44768e-20)
(0.240412 0.0371397 4.62028e-20)
(0.245804 0.0380381 6.86531e-21)
(0.251277 0.0389129 -3.87503e-20)
(0.256822 0.0397625 -1.64518e-20)
(0.262436 0.0405858 5.10381e-20)
(0.268114 0.0413792 -1.50438e-20)
(0.27385 0.0421425 2.94835e-20)
(0.27964 0.0428746 -4.07278e-20)
(0.285478 0.0435744 9.93673e-20)
(0.291357 0.0442408 -5.89145e-20)
(0.297273 0.044873 1.58555e-20)
(0.30322 0.04547 -4.11282e-20)
(0.309193 0.0460311 1.98709e-20)
(0.315185 0.0465555 -1.65614e-20)
(0.321193 0.0470426 6.41554e-20)
(0.327209 0.0474921 -9.00382e-20)
(0.333231 0.0479036 3.37516e-20)
(0.339251 0.0482768 3.33518e-20)
(0.345266 0.0486115 -3.41783e-20)
(0.351271 0.0489077 -1.18238e-20)
(0.357261 0.0491656 1.34767e-20)
(0.363231 0.0493857 -1.41673e-20)
(0.369178 0.0495681 -4.15206e-21)
(0.375098 0.0497135 -3.35596e-21)
(0.380986 0.0498223 2.6259e-20)
(0.386839 0.0498953 -9.31255e-21)
(0.392653 0.0499331 7.20424e-21)
(0.398426 0.0499367 4.92495e-21)
(0.404154 0.0499069 -1.39648e-20)
(0.409834 0.0498449 -1.37583e-21)
(0.415464 0.0497518 1.01074e-20)
(0.421042 0.0496286 5.09359e-21)
(0.426565 0.0494766 -1.46e-20)
(0.432033 0.0492971 1.86777e-21)
(0.437442 0.0490915 7.15577e-21)
(0.442792 0.0488611 -9.78898e-22)
(0.448082 0.0486073 -9.68559e-21)
(0.45331 0.0483315 1.31539e-21)
(0.458477 0.0480353 3.06853e-21)
(0.463581 0.0477201 1.55163e-21)
(0.468622 0.0473874 -6.22358e-21)
(0.4736 0.0470387 3.05599e-21)
(0.478516 0.0466756 4.97285e-22)
(0.483369 0.0462996 5.90163e-21)
(0.48816 0.0459122 -6.62679e-21)
(0.492889 0.0455149 7.62063e-22)
(0.497557 0.0451092 6.28751e-23)
(0.502166 0.0446966 -1.25766e-21)
(0.506717 0.0442787 -9.52963e-22)
(0.511209 0.043857 2.16197e-21)
(0.515646 0.0434328 -1.63691e-21)
(0.520028 0.0430078 -9.58886e-22)
(0.524358 0.0425834 2.67203e-21)
(0.528636 0.042161 -2.09028e-22)
(0.532865 0.0417421 -1.55524e-21)
(0.537046 0.0413282 2.5991e-22)
(0.541183 0.0409209 8.5326e-23)
(0.545276 0.0405216 -4.28611e-22)
(0.549329 0.0401319 3.29678e-22)
(0.553344 0.0397535 -1.15761e-22)
(0.557322 0.0393878 -1.91284e-22)
(0.561269 0.039037 1.22941e-22)
(0.565183 0.0387025 1.02259e-22)
(0.569074 0.038387 -6.28295e-23)
(0.57293 0.0380916 -1.77046e-22)
(0.576789 0.0378205 9.67785e-23)
(0.580575 0.0375743 -8.47777e-24)
(0.58447 0.0373576 -4.79233e-24)
(0.588069 0.0371766 1.21069e-23)
(0.592317 0.0370186 1.66146e-24)
(0.595105 0.0369348 -2.83674e-24)
(0.601407 0.0368442 5.55868e-24)
(0.0214645 0.0133498 -1.52959e-20)
(0.0244713 0.0141918 1.429e-19)
(0.0276238 0.0150364 -5.03772e-21)
(0.0309212 0.015883 -4.80968e-20)
(0.0343628 0.016731 -5.22813e-20)
(0.0379475 0.0175797 -4.64546e-21)
(0.0416743 0.0184284 -2.69016e-20)
(0.0455417 0.0192762 3.90384e-20)
(0.0495485 0.0201222 -6.65892e-21)
(0.0536929 0.0209652 -2.04609e-20)
(0.057973 0.0218044 5.29567e-22)
(0.0623869 0.0226383 6.21237e-20)
(0.0669322 0.023466 -8.41791e-21)
(0.0716065 0.0242862 -1.89126e-20)
(0.076407 0.0250976 -1.63404e-21)
(0.0813308 0.0258989 -7.88113e-21)
(0.0863747 0.026689 2.03723e-20)
(0.0915352 0.0274665 -5.02796e-20)
(0.0968086 0.0282302 8.05877e-20)
(0.102191 0.028979 -2.05626e-20)
(0.107679 0.0297118 4.33757e-20)
(0.113266 0.0304282 -1.17625e-19)
(0.118948 0.0311264 6.64088e-20)
(0.124721 0.0317926 2.1241e-20)
(0.130585 0.0324414 3.08166e-20)
(0.136531 0.0330702 -4.22577e-20)
(0.142553 0.0336759 3.4161e-21)
(0.148646 0.034257 1.95552e-20)
(0.154806 0.0348127 -1.74103e-20)
(0.161026 0.0353421 -1.5334e-20)
(0.167301 0.0358444 -5.85267e-21)
(0.173626 0.0363188 5.36325e-20)
(0.179994 0.0367649 -2.72658e-20)
(0.186401 0.0371821 -9.47917e-21)
(0.192841 0.03757 3.15741e-21)
(0.199307 0.0379283 1.412e-21)
(0.205795 0.0382569 2.81598e-20)
(0.212299 0.0385544 -2.34557e-20)
(0.218815 0.0388221 9.02943e-21)
(0.225337 0.0390598 -2.16004e-20)
(0.23186 0.0392674 -9.56346e-22)
(0.238378 0.0394453 7.20943e-21)
(0.244887 0.0395936 1.05442e-20)
(0.251383 0.0397128 1.16215e-21)
(0.257861 0.0398032 -1.01269e-20)
(0.264317 0.0398654 -4.61923e-21)
(0.270747 0.0398999 2.33814e-21)
(0.277147 0.0399075 1.30878e-20)
(0.283513 0.0398888 -1.12714e-20)
(0.289843 0.0398446 4.47276e-21)
(0.296133 0.0397758 -6.9084e-21)
(0.302381 0.0396833 4.10226e-21)
(0.308583 0.039568 2.58729e-21)
(0.314738 0.0394308 -9.22412e-21)
(0.320843 0.0392729 1.11389e-20)
(0.326897 0.0390953 -3.0457e-21)
(0.332897 0.038899 2.77508e-21)
(0.338843 0.0386853 -8.36365e-22)
(0.344733 0.0384552 -2.10509e-21)
(0.350567 0.0382099 3.40998e-21)
(0.356343 0.0379506 -3.82533e-21)
(0.362061 0.0376785 7.48038e-23)
(0.367722 0.0373949 -9.51656e-22)
(0.373323 0.0371008 -1.68094e-21)
(0.378867 0.0367976 1.83993e-21)
(0.384353 0.0364865 -5.99337e-22)
(0.389782 0.0361687 1.79485e-21)
(0.395153 0.0358454 -2.16648e-21)
(0.400469 0.0355178 1.51756e-21)
(0.40573 0.0351873 2.8873e-22)
(0.410937 0.0348551 -2.92432e-22)
(0.416092 0.0345223 -2.49097e-22)
(0.421195 0.0341903 1.40536e-21)
(0.42625 0.0338604 -5.02283e-22)
(0.431256 0.0335337 -4.01532e-23)
(0.436217 0.0332118 4.74787e-22)
(0.441134 0.0328958 -6.16234e-22)
(0.446009 0.0325872 8.31619e-23)
(0.450846 0.0322875 -6.07011e-23)
(0.455646 0.0319984 8.57072e-23)
(0.460411 0.0317212 1.8141e-22)
(0.465147 0.0314583 -2.51725e-23)
(0.46985 0.0312107 3.62324e-23)
(0.47454 0.0309828 -5.81361e-23)
(0.479179 0.0307735 -7.95947e-24)
(0.483876 0.030592 1.70224e-23)
(0.488361 0.0304336 -3.22016e-26)
(0.493369 0.0303061 -3.17166e-25)
(0.497015 0.0302331 9.20769e-25)
(0.50457 0.030136 -2.10992e-24)
(-0.0942033 0.00805458 -4.08662e-21)
(-0.0917933 0.00865691 6.31659e-20)
(-0.0892368 0.00926243 -2.82491e-20)
(-0.086533 0.00987088 -4.16164e-21)
(-0.0836811 0.0104819 4.5222e-20)
(-0.0806805 0.0110949 2.22088e-22)
(-0.0775308 0.0117096 -4.50335e-20)
(-0.0742316 0.0123253 4.58507e-20)
(-0.0707828 0.0129414 -1.92555e-20)
(-0.0671844 0.0135572 4.48336e-20)
(-0.0634368 0.014172 -8.48012e-20)
(-0.0595402 0.0147851 -7.71262e-21)
(-0.0554955 0.0153956 7.13428e-20)
(-0.0513037 0.0160028 -2.87258e-20)
(-0.0469658 0.0166058 4.45869e-20)
(-0.0424835 0.0172038 -3.09645e-20)
(-0.0378585 0.0177958 3.77742e-21)
(-0.0330929 0.0183812 -3.79805e-20)
(-0.028189 0.018959 6.91229e-20)
(-0.0231496 0.0195285 -3.12324e-20)
(-0.0179776 0.0200889 2.51582e-20)
(-0.0126761 0.0206394 -1.17947e-20)
(-0.00725157 0.0211799 -3.83596e-20)
(-0.00172062 0.0217104 2.03727e-20)
(0.00394393 0.0222246 -2.23681e-20)
(0.00974428 0.0227207 2.35303e-20)
(0.0156425 0.0232031 1.42465e-20)
(0.0216396 0.023671 -3.38988e-20)
(0.0277356 0.0241231 7.15924e-21)
(0.033926 0.0245588 -3.94038e-21)
(0.0402055 0.0249773 -6.66462e-21)
(0.0465687 0.0253779 1.06314e-20)
(0.0530101 0.02576 1.25378e-20)
(0.059524 0.0261232 -1.6431e-20)
(0.0661047 0.0264669 2.15288e-20)
(0.0727464 0.026791 -3.86004e-23)
(0.0794431 0.0270956 -1.97197e-20)
(0.0861876 0.0273797 -7.9248e-21)
(0.0929766 0.0276358 5.30113e-21)
(0.0998056 0.0278759 1.64463e-20)
(0.106666 0.0280957 -2.37941e-20)
(0.113551 0.028294 1.95424e-20)
(0.120458 0.0284707 4.74663e-21)
(0.12738 0.028626 -1.85074e-20)
(0.134312 0.02876 5.62516e-21)
(0.141249 0.0288728 -5.24603e-21)
(0.148186 0.0289647 5.14261e-21)
(0.155118 0.0290359 5.67175e-21)
(0.16204 0.0290867 2.78822e-21)
(0.168949 0.0291175 -8.32094e-21)
(0.17584 0.0291287 6.09373e-21)
(0.182709 0.0291207 -3.58286e-21)
(0.189552 0.0290941 -1.11575e-21)
(0.196367 0.0290494 5.24649e-22)
(0.203148 0.0289872 6.14987e-21)
(0.209895 0.0289081 -5.03877e-21)
(0.216604 0.0288128 -1.23632e-21)
(0.223272 0.0287019 -4.20821e-22)
(0.229897 0.0285763 1.62125e-21)
(0.236477 0.0284367 -3.86182e-22)
(0.243011 0.0282839 -9.30719e-22)
(0.249497 0.0281187 -4.74215e-22)
(0.255933 0.0279419 3.59039e-21)
(0.262318 0.0277543 -2.17253e-22)
(0.268653 0.027557 -6.72708e-22)
(0.274935 0.0273507 -3.23138e-21)
(0.281164 0.0271364 9.27012e-22)
(0.287341 0.0269149 4.28307e-22)
(0.293464 0.0266873 1.82002e-21)
(0.299535 0.0264545 -6.43246e-22)
(0.305554 0.0262174 -5.12753e-22)
(0.311521 0.025977 5.05478e-23)
(0.317437 0.0257343 7.55423e-23)
(0.323303 0.0254903 9.57669e-23)
(0.329119 0.0252459 4.35492e-22)
(0.334888 0.0250023 -3.97357e-22)
(0.34061 0.0247606 5.89997e-23)
(0.346287 0.0245217 -4.28668e-22)
(0.351921 0.0242868 -4.70774e-23)
(0.357514 0.0240572 2.06822e-22)
(0.363068 0.0238341 8.24279e-23)
(0.368586 0.0236188 -1.40563e-22)
(0.37407 0.0234132 8.79184e-23)
(0.379522 0.0232182 2.53865e-24)
(0.384951 0.0230373 -4.64139e-23)
(0.390343 0.0228699 2.15729e-23)
(0.395752 0.0227249 -4.63449e-24)
(0.40103 0.0225937 6.36596e-25)
(0.406674 0.0224976 3.02799e-24)
(0.41117 0.0224298 -2.3633e-24)
(0.419773 0.0223238 -2.51152e-26)
(-0.17398 0.00443321 6.76005e-21)
(-0.172029 0.00479738 -4.97816e-20)
(-0.169929 0.00516272 -2.57962e-20)
(-0.167679 0.00552908 2.87912e-20)
(-0.165276 0.00589626 -4.66532e-20)
(-0.162719 0.00626405 5.26998e-20)
(-0.160007 0.00663219 -5.20206e-20)
(-0.157138 0.0070004 3.84746e-20)
(-0.154111 0.00736837 2.81963e-20)
(-0.150926 0.00773577 6.38651e-21)
(-0.147581 0.00810226 2.89314e-21)
(-0.144076 0.00846749 -3.58867e-20)
(-0.140412 0.00883115 -1.58992e-20)
(-0.136587 0.0091928 3.50931e-20)
(-0.132603 0.00955208 -2.96849e-20)
(-0.128459 0.0099086 -2.12962e-21)
(-0.124158 0.010262 2.64053e-20)
(-0.119699 0.010612 -2.52017e-21)
(-0.115086 0.0109581 -8.83859e-21)
(-0.110318 0.0113001 -3.61887e-21)
(-0.1054 0.0116377 3.79296e-22)
(-0.100333 0.0119707 7.30525e-21)
(-0.09512 0.0122985 1.78031e-20)
(-0.0897653 0.0126225 -1.02675e-20)
(-0.0842678 0.0129471 5.82809e-21)
(-0.0786329 0.0132546 -1.24366e-20)
(-0.0728691 0.0135528 4.18507e-22)
(-0.0669796 0.0138445 -5.48457e-21)
(-0.0609684 0.0141289 1.79305e-20)
(-0.0548403 0.0144056 -1.02177e-20)
(-0.0486005 0.0146741 -3.60246e-21)
(-0.0422542 0.0149339 1.61607e-20)
(-0.0358068 0.0151846 -2.55365e-20)
(-0.0292639 0.0154259 1.23439e-20)
(-0.0226311 0.0156573 8.85856e-21)
(-0.0159139 0.0158785 -1.63122e-20)
(-0.0091204 0.0160895 3.17963e-21)
(-0.00226536 0.0162902 3.60453e-21)
(0.00466713 0.0164785 1.14392e-21)
(0.0116709 0.0166545 -5.77825e-21)
(0.0187175 0.0168195 -4.75249e-21)
(0.0258101 0.016973 1.82332e-20)
(0.0329451 0.0171143 -2.67356e-21)
(0.0401163 0.0172434 -9.2083e-22)
(0.0473178 0.0173601 2.05875e-21)
(0.0545439 0.0174642 -9.71016e-21)
(0.0617891 0.0175557 -1.29354e-21)
(0.0690481 0.0176344 3.24402e-21)
(0.0763158 0.0177004 3.69936e-21)
(0.0835872 0.0177537 -5.15836e-21)
(0.0908574 0.0177944 2.26513e-21)
(0.098122 0.0178226 -6.15411e-21)
(0.105376 0.0178384 5.9418e-21)
(0.112617 0.0178419 1.17642e-22)
(0.119839 0.0178334 -1.42992e-21)
(0.127039 0.017813 1.19524e-21)
(0.134214 0.0177811 -2.44301e-21)
(0.141361 0.0177379 1.59418e-21)
(0.148476 0.0176839 -5.30313e-22)
(0.155557 0.0176193 -6.66156e-23)
(0.162601 0.0175446 4.7756e-22)
(0.169607 0.0174601 -3.98729e-22)
(0.176571 0.0173665 1.32462e-21)
(0.183493 0.0172641 2.48284e-22)
(0.19037 0.0171535 -2.92038e-22)
(0.197202 0.0170352 3.20437e-22)
(0.203987 0.0169099 -1.66983e-21)
(0.210724 0.016778 1.05742e-21)
(0.217413 0.0166402 -2.90502e-22)
(0.224054 0.0164972 -7.10696e-22)
(0.230645 0.0163495 7.76436e-22)
(0.237187 0.0161979 2.46597e-23)
(0.243679 0.0160429 4.2983e-22)
(0.250124 0.0158855 -3.16757e-22)
(0.25652 0.0157262 2.06436e-23)
(0.262868 0.0155657 3.58189e-22)
(0.26917 0.015405 -1.39779e-22)
(0.275427 0.0152447 -1.15074e-22)
(0.281639 0.0150856 1.32055e-22)
(0.287809 0.0149287 -1.29028e-22)
(0.293939 0.0147749 1.57341e-22)
(0.30003 0.0146251 -6.64716e-23)
(0.306085 0.0144805 -4.07472e-23)
(0.312107 0.0143421 2.9559e-23)
(0.318099 0.0142119 -2.15102e-23)
(0.324061 0.0140903 -1.31234e-24)
(0.330016 0.0139827 1.84804e-24)
(0.335894 0.0138835 2.54494e-24)
(0.342003 0.0138128 -3.32811e-24)
(0.347199 0.0137488 -8.48229e-25)
(0.35655 0.0136479 8.26201e-25)
(-0.215521 0.00154279 -1.75634e-20)
(-0.21385 0.00166114 1.80382e-20)
(-0.212028 0.00177807 -7.55114e-21)
(-0.210054 0.0018935 -9.07506e-21)
(-0.207924 0.00200734 2.10319e-21)
(-0.205637 0.0021195 -4.96501e-21)
(-0.203191 0.00222993 1.95484e-20)
(-0.200584 0.00233859 -2.32027e-20)
(-0.197815 0.00244548 1.02905e-20)
(-0.194881 0.00255059 3.66751e-21)
(-0.191783 0.00265396 -1.02742e-21)
(-0.188518 0.00275561 -5.74482e-21)
(-0.185087 0.00285559 -3.56549e-21)
(-0.181489 0.00295402 2.47922e-22)
(-0.177723 0.00305105 9.0446e-21)
(-0.173791 0.00314679 7.39754e-22)
(-0.169692 0.00324141 3.30981e-21)
(-0.165427 0.00333508 -6.25908e-21)
(-0.160997 0.00342799 8.36925e-22)
(-0.156405 0.00352033 -7.0795e-21)
(-0.151651 0.00361227 1.26963e-20)
(-0.146738 0.00370393 -6.69592e-21)
(-0.141668 0.00379529 -7.78956e-22)
(-0.136444 0.00388642 1.13903e-20)
(-0.131068 0.00397777 -5.61038e-21)
(-0.125544 0.00406798 -2.64444e-21)
(-0.119878 0.00415836 -1.07681e-20)
(-0.114075 0.00424923 1.23021e-20)
(-0.108138 0.00434043 4.06272e-23)
(-0.102073 0.0044319 -1.04573e-20)
(-0.0958827 0.00452357 1.48274e-20)
(-0.0895739 0.00461537 -1.0498e-20)
(-0.0831514 0.00470718 -1.61136e-21)
(-0.0766209 0.00479885 9.08819e-21)
(-0.069988 0.0048902 -6.36622e-21)
(-0.0632584 0.00498097 -9.86545e-22)
(-0.0564386 0.00507086 2.04104e-21)
(-0.0495354 0.00516057 3.7159e-23)
(-0.0425506 0.00525361 7.17092e-22)
(-0.0354915 0.00533946 -2.96199e-22)
(-0.0283683 0.00542345 -1.35186e-21)
(-0.0211855 0.00550599 2.70045e-21)
(-0.0139485 0.00558637 6.09049e-22)
(-0.00666358 0.00566412 -2.36996e-21)
(0.000663525 0.00573884 -1.75499e-21)
(0.00802705 0.00581022 2.06245e-21)
(0.0154211 0.00587796 -9.1558e-22)
(0.0228403 0.00594179 2.00624e-21)
(0.0302793 0.00600124 -1.4146e-21)
(0.0377327 0.00605603 -1.1441e-21)
(0.0451955 0.00610588 8.86505e-22)
(0.0526626 0.00615055 -4.03427e-22)
(0.0601295 0.00618981 -5.72173e-22)
(0.0675916 0.00622345 1.58296e-21)
(0.0750446 0.00625131 -1.83899e-21)
(0.0824846 0.00627324 1.58625e-21)
(0.0899075 0.00628913 -1.43104e-21)
(0.0973099 0.00629889 1.0029e-21)
(0.104688 0.00630249 -8.57872e-23)
(0.11204 0.00629991 -3.67346e-22)
(0.119361 0.00629117 1.26077e-21)
(0.126649 0.00627633 -8.83627e-22)
(0.133903 0.00625548 -1.16496e-23)
(0.141119 0.00622874 4.22814e-22)
(0.148295 0.00619626 -1.7145e-22)
(0.15543 0.00615825 1.44586e-23)
(0.162522 0.0061149 -4.59502e-22)
(0.169571 0.00606648 1.90805e-22)
(0.176573 0.00601324 3.64857e-22)
(0.18353 0.0059555 -1.73877e-22)
(0.19044 0.00589357 -1.05264e-22)
(0.197302 0.0058278 1.08553e-22)
(0.204117 0.00575855 -1.2097e-22)
(0.210884 0.00568621 -1.04554e-22)
(0.217603 0.00561118 1.0678e-22)
(0.224276 0.00553389 2.28497e-23)
(0.230901 0.00545475 -1.01601e-22)
(0.237481 0.00537424 6.62912e-23)
(0.244015 0.0052928 -4.56182e-23)
(0.250506 0.00521094 1.39787e-23)
(0.256955 0.00512915 -5.12724e-24)
(0.263364 0.00504795 -1.18668e-23)
(0.269735 0.00496793 7.44498e-24)
(0.27607 0.00488963 6.07559e-24)
(0.282374 0.00481382 -4.03164e-24)
(0.288647 0.0047408 1.24814e-25)
)
;

boundaryField
{
    inlet
    {
        type            uniformFixedValue;
        uniformValue    constant (1 0 0);
        value           nonuniform 0();
    }
    outlet
    {
        type            pressureInletOutletVelocity;
        value           nonuniform List<vector> 
39
(
(1.00148 0.0521132 2.93281e-24)
(0.947546 0.0512043 3.36763e-24)
(0.878458 0.0493983 1.55316e-26)
(0.795154 0.0464774 -3.64181e-25)
(0.700903 0.0423066 -1.54705e-24)
(0.601407 0.0368442 5.55868e-24)
(0.50457 0.030136 -2.10992e-24)
(0.419773 0.0223238 -2.51152e-26)
(0.35655 0.0136479 8.26201e-25)
(1.04597 0.0522354 0)
(1.07719 0.0517233 0)
(1.09516 0.0507059 0)
(1.10438 0.0494511 0)
(1.10833 0.0480331 0)
(1.10941 0.0465197 0)
(1.10903 0.044933 0)
(1.10797 0.0432862 0)
(1.10662 0.0415864 0)
(1.10514 0.0398396 0)
(1.10361 0.0380516 0)
(1.10206 0.0362276 0)
(1.10051 0.034373 0)
(1.09897 0.0324922 0)
(1.09746 0.0305896 0)
(1.09598 0.0286688 0)
(1.09456 0.0267328 0)
(1.09319 0.0247844 0)
(1.0919 0.022826 0)
(1.09068 0.0208594 0)
(1.08956 0.0188862 0)
(1.08853 0.0169079 0)
(1.0876 0.0149257 0)
(1.08678 0.0129403 0)
(1.08606 0.0109526 0)
(1.08546 0.00896315 0)
(1.08498 0.00697246 0)
(1.08461 0.00498093 0)
(1.08437 0.00298892 0)
(1.08425 0.000996423 0)
)
;
    }
    cylinder
    {
        type            fixedValue;
        value           nonuniform 0();
    }
    top
    {
        type            symmetryPlane;
    }
    bottom
    {
        type            symmetryPlane;
    }
    defaultFaces
    {
        type            empty;
    }
    procBoundary1to0
    {
        type            processor;
        value           nonuniform List<vector> 
44
(
(1.1224 0.0236389 0)
(1.20157 0.0211869 0)
(1.23682 0.0162882 0)
(1.24783 0.0134471 0)
(1.24786 0.0108403 0)
(1.2437 0.00874683 0)
(1.23826 0.00693876 0)
(1.2326 0.0053541 0)
(1.22705 0.0039689 0)
(1.22169 0.00276416 0)
(1.21651 0.00172474 0)
(1.2115 0.000838801 0)
(1.20666 9.49186e-05 0)
(1.20202 -0.000518085 0)
(1.19758 -0.00101137 0)
(1.19336 -0.00139577 0)
(1.18938 -0.00168148 0)
(1.18564 -0.00187822 0)
(1.18216 -0.00199518 0)
(1.17895 -0.00204092 0)
(1.17602 -0.00202351 0)
(1.17337 -0.00195057 0)
(1.171 -0.00182923 0)
(1.16892 -0.00166618 0)
(1.16713 -0.00146777 0)
(1.16564 -0.00123996 0)
(1.16445 -0.000988489 0)
(1.16355 -0.000718973 0)
(1.16295 -0.000436233 0)
(1.16265 -0.000146553 0)
(1.00246 0.0316624 1.59737e-19)
(1.00246 0.0316624 1.59737e-19)
(0.856236 0.0319343 1.079e-19)
(0.684595 0.0320848 1.15146e-19)
(0.684595 0.0320848 1.15146e-19)
(0.501448 0.0281 6.49616e-20)
(0.501448 0.0281 6.49616e-20)
(0.321427 0.0225334 -1.44774e-19)
(0.158925 0.0175885 -4.79319e-20)
(0.0186039 0.0125105 7.41246e-20)
(0.0186039 0.0125105 7.41246e-20)
(-0.0964676 0.00745565 1.29405e-19)
(-0.175783 0.0040703 -6.25655e-20)
(-0.217043 0.00142316 -1.721e-20)
)
;
    }
    procBoundary1to3
    {
        type            processor;
        value           nonuniform List<vector> 
92
(
(-0.215493 -0.00107749 1.74284e-20)
(-0.213818 -0.00120574 -1.8122e-20)
(-0.211992 -0.00133861 7.63002e-21)
(-0.210013 -0.00147613 9.35951e-21)
(-0.207879 -0.00161824 -1.67991e-20)
(-0.205588 -0.00176484 1.96194e-20)
(-0.203137 -0.00191575 -1.91828e-20)
(-0.200526 -0.00207074 2.28377e-20)
(-0.197752 -0.0022295 -1.04076e-20)
(-0.194815 -0.00239167 -4.02715e-21)
(-0.191713 -0.00255683 7.25197e-22)
(-0.188445 -0.00272451 6.09086e-21)
(-0.18501 -0.00289424 3.54146e-21)
(-0.181409 -0.00306541 8.10196e-23)
(-0.177641 -0.00323737 -9.37243e-21)
(-0.173707 -0.0034095 -1.06174e-21)
(-0.169607 -0.00358112 -3.00067e-21)
(-0.165341 -0.00375154 6.32859e-21)
(-0.160912 -0.00392006 -5.39951e-22)
(-0.156321 -0.00408598 6.78871e-21)
(-0.151569 -0.00424862 -1.29883e-20)
(-0.146658 -0.00440725 6.5665e-21)
(-0.141592 -0.00456107 5.06502e-22)
(-0.136373 -0.00470946 -1.11283e-20)
(-0.131002 -0.00485222 5.35001e-21)
(-0.125485 -0.00498693 2.42898e-21)
(-0.119826 -0.0051145 1.39336e-21)
(-0.114032 -0.00523468 -3.27521e-21)
(-0.108104 -0.00534686 1.91834e-22)
(-0.102048 -0.00545058 1.02294e-20)
(-0.0958695 -0.00554552 -1.49277e-20)
(-0.0895724 -0.00563142 1.02848e-20)
(-0.0831623 -0.00570807 1.40425e-21)
(-0.0766448 -0.00577535 -1.41421e-21)
(-0.0700253 -0.0058332 -1.07382e-21)
(-0.0633095 -0.00588152 1.16938e-21)
(-0.0565038 -0.0059202 -2.21994e-21)
(-0.0496154 -0.00595076 -2.08894e-22)
(-0.0426449 -0.00597903 -5.52369e-22)
(-0.0355996 -0.00599064 2.84162e-22)
(-0.0284905 -0.00599408 1.50416e-21)
(-0.0213215 -0.00599072 -2.82534e-21)
(-0.0140978 -0.00598038 -7.50665e-22)
(-0.00682534 -0.00596325 2.32485e-21)
(0.000490017 -0.00593974 1.62265e-21)
(0.00784274 -0.00591043 -1.9375e-21)
(0.0152272 -0.00587582 7.96402e-22)
(0.0226377 -0.00583638 -2.11783e-21)
(0.0300689 -0.00579281 1.39433e-21)
(0.0375158 -0.00574571 1.03943e-21)
(0.0449733 -0.00569563 -7.88791e-22)
(0.0524368 -0.00564316 3.10471e-22)
(0.0599014 -0.00558885 5.30363e-22)
(0.0673627 -0.00553325 -1.66515e-21)
(0.0748165 -0.00547688 1.75837e-21)
(0.0822588 -0.00542026 -1.51079e-21)
(0.0896856 -0.00536385 1.36901e-21)
(0.0970933 -0.0053081 -1.02297e-21)
(0.104479 -0.00525343 2.30243e-23)
(0.111838 -0.00520023 3.0827e-22)
(0.119169 -0.00514883 -1.9533e-22)
(0.126469 -0.00509955 -1.31457e-22)
(0.133734 -0.00505267 5.90243e-23)
(0.140964 -0.00500842 -4.60824e-22)
(0.148155 -0.00496699 1.23858e-22)
(0.155305 -0.00492857 -1.68598e-23)
(0.162414 -0.00489327 4.57461e-22)
(0.169479 -0.00486119 -1.92934e-22)
(0.1765 -0.0048324 -3.91206e-22)
(0.183475 -0.00480694 1.42864e-22)
(0.190403 -0.0047848 9.73751e-23)
(0.197284 -0.00476598 -1.3488e-22)
(0.204118 -0.00475043 1.20247e-22)
(0.210903 -0.00473811 8.39159e-23)
(0.217641 -0.00472892 -1.21304e-22)
(0.224332 -0.00472279 -2.55001e-23)
(0.230975 -0.00471963 8.76736e-23)
(0.237572 -0.00471934 -6.73265e-23)
(0.244123 -0.00472183 3.51944e-23)
(0.25063 -0.00472701 -1.66736e-23)
(0.257094 -0.00473482 -2.28056e-24)
(0.263517 -0.00474522 7.50427e-24)
(0.2699 -0.00475824 -4.07013e-24)
(0.276247 -0.00477392 -8.80465e-24)
(0.28256 -0.00479256 3.49756e-24)
(0.288841 -0.00481423 -1.46203e-24)
(0.294904 0.00467264 -5.15477e-25)
(0.301107 0.00460774 1.78389e-25)
(0.307468 0.00455395 5.82416e-25)
(0.31306 0.0045001 -2.05971e-25)
(0.322796 0.00442923 -7.07316e-25)
(0.294904 0.00467264 -5.15477e-25)
)
;
    }
}


// ************************************************************************* //
