/*--------------------------------*- C++ -*----------------------------------*\
  =========                 |
  \\      /  F ield         | OpenFOAM: The Open Source CFD Toolbox
   \\    /   O peration     | Website:  https://openfoam.org
    \\  /    A nd           | Version:  7
     \\/     M anipulation  |
\*---------------------------------------------------------------------------*/
FoamFile
{
    version     2.0;
    format      ascii;
    class       surfaceScalarField;
    location    "50";
    object      phi;
}
// * * * * * * * * * * * * * * * * * * * * * * * * * * * * * * * * * * * * * //

dimensions      [0 3 -1 0 0 0 0];

internalField   nonuniform List<scalar> 
6869
(
-0.000197673
0.0147085
0.000228373
-0.000165624
0.015739
-0.000138527
0.0162044
-0.000116559
0.0163537
-9.83055e-05
0.016358
-8.26474e-05
0.0163064
-6.89364e-05
0.0162371
-5.6821e-05
0.0161645
-4.61073e-05
0.0160933
-3.66741e-05
0.0160243
-2.84285e-05
0.0159576
-2.12863e-05
0.0158931
-1.51646e-05
0.0158308
-9.9823e-06
0.0157709
-5.6608e-06
0.0157136
-2.12266e-06
0.0156591
7.05476e-07
0.0156076
2.89853e-06
0.0155593
4.516e-06
0.0155143
5.62093e-06
0.0154728
6.27465e-06
0.0154348
6.52635e-06
0.0154004
6.43467e-06
0.0153697
6.04671e-06
0.0153427
5.40953e-06
0.0153196
4.56807e-06
0.0153002
3.56528e-06
0.0152847
2.4426e-06
0.0152731
1.24059e-06
0.0152653
0.0152614
-0.000217781
0.0146792
0.000247098
-0.000186148
0.0157073
-0.000158764
0.016177
-0.000136153
0.0163311
-0.00011713
0.016339
-0.000100663
0.0162899
-8.61326e-05
0.0162226
-7.31961e-05
0.0161516
-6.16633e-05
0.0160817
-5.1414e-05
0.0160141
-4.2356e-05
0.0159486
-3.44055e-05
0.0158852
-2.74819e-05
0.0158239
-2.15052e-05
0.0157649
-1.63966e-05
0.0157085
-1.20801e-05
0.0156548
-8.48254e-06
0.015604
-5.53653e-06
0.0155564
-3.17429e-06
0.015512
-1.33487e-06
0.0154709
3.84233e-08
0.0154334
1.01449e-06
0.0153994
1.63296e-06
0.0153691
1.94649e-06
0.0153424
2.00376e-06
0.0153195
1.85077e-06
0.0153004
1.53162e-06
0.015285
1.08891e-06
0.0152735
5.64388e-07
0.0152658
0.015262
-0.000237271
0.0146512
0.000265278
-0.000206049
0.0156761
-0.000178401
0.0161493
-0.000155181
0.0163078
-0.000135421
0.0163192
-0.000118177
0.0162727
-0.000102856
0.0162072
-8.91284e-05
0.0161379
-7.68059e-05
0.0160694
-6.57693e-05
0.016003
-5.59268e-05
0.0159387
-4.71958e-05
0.0158764
-3.94969e-05
0.0158162
-3.27511e-05
0.0157582
-2.68807e-05
0.0157026
-2.18105e-05
0.0156497
-1.74684e-05
0.0155997
-1.37856e-05
0.0155527
-1.06961e-05
0.0155089
-8.13728e-06
0.0154684
-6.04888e-06
0.0154313
-4.37875e-06
0.0153977
-3.06932e-06
0.0153678
-2.07068e-06
0.0153414
-1.33425e-06
0.0153188
-8.13305e-07
0.0152999
-4.62722e-07
0.0152847
-2.38944e-07
0.0152733
-9.88509e-08
0.0152657
0.0152619
-0.000256152
0.0146245
0.000282921
-0.000225331
0.0156453
-0.000197441
0.0161214
-0.000173645
0.016284
-0.000153181
0.0162988
-0.000135188
0.0162547
-0.000119107
0.0161912
-0.000104618
0.0161234
-9.15345e-05
0.0160563
-7.9739e-05
0.0159912
-6.91397e-05
0.0159281
-5.96554e-05
0.0158669
-5.12073e-05
0.0158077
-4.37176e-05
0.0157507
-3.71096e-05
0.015696
-3.1309e-05
0.0156439
-2.62441e-05
0.0155946
-2.1846e-05
0.0155483
-1.80494e-05
0.0155051
-1.47915e-05
0.0154651
-1.20133e-05
0.0154285
-9.6582e-06
0.0153954
-7.67226e-06
0.0153658
-6.00341e-06
0.0153398
-4.60236e-06
0.0153174
-3.42163e-06
0.0152987
-2.41533e-06
0.0152837
-1.53884e-06
0.0152724
-7.48376e-07
0.0152649
0.0152611
-0.000274428
0.0145988
0.000300036
-0.000243999
0.0156149
-0.000215889
0.0160933
-0.000191547
0.0162597
-0.000170408
0.0162776
-0.000151698
0.016236
-0.000134887
0.0161743
-0.000119664
0.0161082
-0.000105849
0.0160425
-9.33222e-05
0.0159787
-8.19938e-05
0.0159168
-7.17827e-05
0.0158567
-6.26114e-05
0.0157986
-5.44028e-05
0.0157425
-4.70812e-05
0.0156887
-4.0573e-05
0.0156374
-3.4807e-05
0.0155888
-2.97148e-05
0.0155432
-2.52311e-05
0.0155006
-2.12933e-05
0.0154612
-1.78423e-05
0.0154251
-1.48206e-05
0.0153924
-1.21744e-05
0.0153631
-9.85105e-06
0.0153374
-7.80063e-06
0.0153153
-5.97487e-06
0.0152968
-4.32708e-06
0.015282
-2.81183e-06
0.0152709
-1.38437e-06
0.0152635
0.0152598
-0.000292107
0.0145743
0.000316626
-0.000262057
0.0155848
-0.000233745
0.016065
-0.000208888
0.0162348
-0.000187105
0.0162558
-0.000167707
0.0162166
-0.000150194
0.0161568
-0.000134267
0.0160922
-0.000119748
0.016028
-0.000106519
0.0159655
-9.44881e-05
0.0159048
-8.35768e-05
0.0158458
-7.37077e-05
0.0157887
-6.4805e-05
0.0157336
-5.67936e-05
0.0156807
-4.96006e-05
0.0156302
-4.31553e-05
0.0155824
-3.73898e-05
0.0155374
-3.22389e-05
0.0154954
-2.76403e-05
0.0154566
-2.35342e-05
0.015421
-1.98636e-05
0.0153887
-1.65736e-05
0.0153598
-1.36118e-05
0.0153345
-1.09273e-05
0.0153126
-8.47143e-06
0.0152944
-6.19667e-06
0.0152798
-4.05686e-06
0.0152688
-2.00644e-06
0.0152614
0.0152577
-0.000309194
0.0145508
0.000332695
-0.000279509
0.0155551
-0.000251013
0.0160365
-0.000225669
0.0162095
-0.000203272
0.0162334
-0.000183215
0.0161965
-0.00016503
0.0161387
-0.000148428
0.0160756
-0.000133233
0.0160128
-0.000119328
0.0159516
-0.000106622
0.0158921
-9.50366e-05
0.0158342
-8.44952e-05
0.0157782
-7.49228e-05
0.015724
-6.62452e-05
0.015672
-5.83901e-05
0.0156224
-5.12872e-05
0.0155753
-4.48692e-05
0.015531
-3.9071e-05
0.0154896
-3.38304e-05
0.0154513
-2.90875e-05
0.0154162
-2.47853e-05
0.0153844
-2.08685e-05
0.0153559
-1.72842e-05
0.0153309
-1.39813e-05
0.0153093
-1.09103e-05
0.0152913
-8.02333e-06
0.0152769
-5.27342e-06
0.015266
-2.61434e-06
0.0152588
0.0152551
-0.000325691
0.0145283
0.000348244
-0.000296357
0.0155258
-0.000267693
0.0160079
-0.00024189
0.0161837
-0.000218909
0.0162105
-0.000198223
0.0161758
-0.000179395
0.0161198
-0.000162146
0.0160584
-0.000146303
0.015997
-0.000131749
0.015937
-0.000118395
0.0158787
-0.000106162
0.015822
-9.4973e-05
0.015767
-8.47553e-05
0.0157138
-7.54349e-05
0.0156627
-6.69401e-05
0.0156139
-5.92013e-05
0.0155676
-5.21515e-05
0.015524
-4.57258e-05
0.0154832
-3.98622e-05
0.0154455
-3.45008e-05
0.0154109
-2.95844e-05
0.0153795
-2.50576e-05
0.0153514
-2.08671e-05
0.0153267
-1.69614e-05
0.0153054
-1.32907e-05
0.0152877
-9.80643e-06
0.0152734
-6.46108e-06
0.0152627
-3.20784e-06
0.0152555
0.0152519
-0.000341601
0.0145066
0.000363276
-0.000312603
0.0154968
-0.000283787
0.0159791
-0.000257552
0.0161575
-0.000234017
0.0161869
-0.000212732
0.0161545
-0.00019329
0.0161004
-0.000175422
0.0160405
-0.000158959
0.0159805
-0.000143784
0.0159218
-0.000129807
0.0158647
-0.000116951
0.0158091
-0.000105141
0.0157552
-9.43016e-05
0.015703
-8.43616e-05
0.0156527
-7.52496e-05
0.0156048
-6.68964e-05
0.0155592
-5.92354e-05
0.0155163
-5.22021e-05
0.0154762
-4.57344e-05
0.015439
-3.97727e-05
0.0154049
-3.42597e-05
0.015374
-2.91398e-05
0.0153463
-2.43595e-05
0.0153219
-1.9867e-05
0.0153009
-1.56119e-05
0.0152834
-1.15454e-05
0.0152693
-7.61949e-06
0.0152587
-3.78675e-06
0.0152517
0.0152481
-0.000356927
0.0144857
0.000377788
-0.000328249
0.0154681
-0.000299296
0.0159501
-0.000272657
0.0161308
-0.000248598
0.0161629
-0.000226742
0.0161327
-0.000206714
0.0160804
-0.000188256
0.0160221
-0.000171201
0.0159635
-0.000155431
0.0159061
-0.000140859
0.0158502
-0.000127406
0.0157957
-0.000114998
0.0157428
-0.000103561
0.0156915
-9.30248e-05
0.0156422
-8.33178e-05
0.015595
-7.43716e-05
0.0155503
-6.612e-05
0.015508
-5.84987e-05
0.0154686
-5.14461e-05
0.015432
-4.49024e-05
0.0153984
-3.88104e-05
0.0153679
-3.31143e-05
0.0153406
-2.77606e-05
0.0153166
-2.26972e-05
0.0152959
-1.78734e-05
0.0152786
-1.32399e-05
0.0152647
-8.74833e-06
0.0152542
-4.35092e-06
0.0152473
0.0152438
-0.000371671
0.0144656
0.000391781
-0.000343296
0.0154398
-0.000314221
0.015921
-0.000287204
0.0161038
-0.00026265
0.0161383
-0.000240254
0.0161103
-0.00021967
0.0160598
-0.00020065
0.016003
-0.000183029
0.0159458
-0.000166692
0.0158897
-0.00015155
0.015835
-0.000137525
0.0157817
-0.000124544
0.0157298
-0.000112534
0.0156795
-0.000101424
0.0156311
-9.11442e-05
0.0155848
-8.16263e-05
0.0155407
-7.28045e-05
0.0154992
-6.46151e-05
0.0154604
-5.69964e-05
0.0154243
-4.9889e-05
0.0153913
-4.32355e-05
0.0153612
-3.69803e-05
0.0153343
-3.10697e-05
0.0153107
-2.54514e-05
0.0152903
-2.00745e-05
0.0152732
-1.48894e-05
0.0152595
-9.84735e-06
0.0152492
-4.90022e-06
0.0152423
0.0152389
-0.000385831
0.0144462
0.000405251
-0.000357746
0.0154117
-0.000328563
0.0158918
-0.000301195
0.0160764
-0.000276176
0.0161133
-0.00025327
0.0160874
-0.000232158
0.0160387
-0.000212603
0.0159835
-0.000194444
0.0159277
-0.000177566
0.0158729
-0.000161881
0.0158193
-0.000147309
0.0157671
-0.00013378
0.0157162
-0.00012122
0.015667
-0.000109559
0.0156194
-9.87286e-05
0.0155739
-8.86601e-05
0.0155307
-7.92886e-05
0.0154899
-7.05505e-05
0.0154516
-6.23847e-05
0.0154162
-5.47318e-05
0.0153836
-4.75345e-05
0.015354
-4.07373e-05
0.0153275
-3.42864e-05
0.0153042
-2.81292e-05
0.0152841
-2.2215e-05
0.0152673
-1.64937e-05
0.0152538
-1.09163e-05
0.0152436
-5.43454e-06
0.0152368
0.0152335
-0.00039941
0.0144274
0.000418197
-0.0003716
0.0153839
-0.000342322
0.0158626
-0.00031463
0.0160487
-0.000289176
0.0160878
-0.000265789
0.016064
-0.000244179
0.016017
-0.000224118
0.0159634
-0.000205449
0.015909
-0.000188056
0.0158555
-0.000171852
0.0158031
-0.00015676
0.015752
-0.000142706
0.0157022
-0.00012962
0.0156539
-0.000117431
0.0156072
-0.000106071
0.0155626
-9.54729e-05
0.0155201
-8.55718e-05
0.0154799
-7.63048e-05
0.0154424
-6.76107e-05
0.0154075
-5.94304e-05
0.0153754
-5.1707e-05
0.0153463
-4.43848e-05
0.0153202
-3.74101e-05
0.0152972
-3.07303e-05
0.0152774
-2.42945e-05
0.0152608
-1.80525e-05
0.0152475
-1.19551e-05
0.0152375
-5.9538e-06
0.0152308
0.0152275
-0.000412407
0.0144092
0.000430614
-0.000384858
0.0153563
-0.000355501
0.0158332
-0.000327511
0.0160208
-0.000301651
0.016062
-0.000277813
0.0160402
-0.000255733
0.015995
-0.000235195
0.0159429
-0.000216043
0.0158898
-0.000198162
0.0158376
-0.000181466
0.0157864
-0.000165877
0.0157364
-0.000151323
0.0156876
-0.000137733
0.0156403
-0.000125039
0.0155946
-0.000113171
0.0155507
-0.000102065
0.015509
-9.16544e-05
0.0154695
-8.18778e-05
0.0154326
-7.26741e-05
0.0153983
-6.39848e-05
0.0153667
-5.57527e-05
0.0153381
-4.79226e-05
0.0153124
-4.04406e-05
0.0152897
-3.32544e-05
0.0152702
-2.63128e-05
0.0152539
-1.95656e-05
0.0152408
-1.29636e-05
0.0152309
-6.45795e-06
0.0152243
0.015221
-0.000424822
0.0143915
0.000442501
-0.000397522
0.015329
-0.0003681
0.0158038
-0.000339839
0.0159925
-0.000313604
0.0160357
-0.000289344
0.0160159
-0.000266824
0.0159724
-0.000245837
0.0159219
-0.000226228
0.0158702
-0.000207886
0.0158192
-0.000190723
0.0157693
-0.000174662
0.0157204
-0.000159631
0.0156726
-0.000145561
0.0156262
-0.000132384
0.0155814
-0.00012003
0.0155384
-0.000108436
0.0154974
-9.75365e-05
0.0154586
-8.72696e-05
0.0154223
-7.75752e-05
0.0153886
-6.83947e-05
0.0153576
-5.96716e-05
0.0153293
-5.13505e-05
0.0153041
-4.33779e-05
0.0152818
-3.57014e-05
0.0152626
-2.82698e-05
0.0152465
-2.10331e-05
0.0152335
-1.39417e-05
0.0152238
-6.94694e-06
0.0152173
0.0152141
-0.000436656
0.0143743
0.000453852
-0.000409594
0.0153019
-0.000380121
0.0157743
-0.000351615
0.015964
-0.000325034
0.0160092
-0.000300384
0.0159912
-0.000277453
0.0159495
-0.000256044
0.0159005
-0.000236006
0.0158502
-0.000217229
0.0158005
-0.000199624
0.0157517
-0.000183116
0.0157038
-0.000167633
0.0156571
-0.000153106
0.0156117
-0.000139467
0.0155677
-0.000126649
0.0155255
-0.000114587
0.0154853
-0.000103218
0.0154473
-9.24806e-05
0.0154116
-8.2314e-05
0.0153784
-7.26605e-05
0.0153479
-6.34637e-05
0.0153201
-5.46686e-05
0.0152953
-4.62219e-05
0.0152733
-3.80712e-05
0.0152544
-3.01655e-05
0.0152386
-2.24547e-05
0.0152258
-1.48895e-05
0.0152163
-7.42077e-06
0.0152099
0.0152067
-0.000447907
0.0143576
0.000464665
-0.000421074
0.0152751
-0.000391567
0.0157448
-0.000362842
0.0159353
-0.000335946
0.0159823
-0.000310935
0.0159662
-0.000287622
0.0159262
-0.000265819
0.0158787
-0.00024538
0.0158298
-0.000226193
0.0157813
-0.000208172
0.0157336
-0.000191241
0.0156869
-0.000175329
0.0156412
-0.000160367
0.0155967
-0.000146289
0.0155537
-0.000133028
0.0155123
-0.00012052
0.0154728
-0.000108701
0.0154355
-9.75113e-05
0.0154004
-8.68909e-05
0.0153678
-7.67823e-05
0.0153378
-6.71292e-05
0.0153105
-5.78771e-05
0.015286
-4.89727e-05
0.0152644
-4.0364e-05
0.0152458
-3.2e-05
0.0152302
-2.38307e-05
0.0152177
-1.58068e-05
0.0152082
-7.87943e-06
0.0152019
0.0151988
-0.000458577
0.0143412
0.000474937
-0.000431965
0.0152485
-0.000402438
0.0157153
-0.000373523
0.0159063
-0.000346341
0.0159551
-0.000320999
0.0159409
-0.000297333
0.0159025
-0.000275165
0.0158565
-0.000254351
0.0158089
-0.000234781
0.0157617
-0.000216369
0.0157152
-0.000199039
0.0156696
-0.000182721
0.0156249
-0.000167347
0.0155813
-0.000152852
0.0155392
-0.000139168
0.0154986
-0.000126234
0.0154599
-0.000113985
0.0154232
-0.000102362
0.0153888
-9.13067e-05
0.0153567
-8.07606e-05
0.0153272
-7.06686e-05
0.0153004
-6.09762e-05
0.0152763
-5.16306e-05
0.0152551
-4.25798e-05
0.0152368
-3.37732e-05
0.0152214
-2.51609e-05
0.0152091
-1.66938e-05
0.0151998
-8.32296e-06
0.0151936
0.0151905
-0.000468666
0.0143252
0.000484664
-0.000442269
0.0152221
-0.000412739
0.0156857
-0.000383659
0.0158773
-0.000356221
0.0159277
-0.000330579
0.0159153
-0.00030659
0.0158785
-0.000284085
0.015834
-0.000262923
0.0157878
-0.000242995
0.0157418
-0.000224217
0.0156964
-0.000206512
0.0156519
-0.000189811
0.0156082
-0.000174048
0.0155656
-0.000159157
0.0155243
-0.000145072
0.0154845
-0.000131731
0.0154465
-0.000119072
0.0154105
-0.000107035
0.0153767
-9.55619e-05
0.0153453
-8.45962e-05
0.0153163
-7.40823e-05
0.0152899
-6.39664e-05
0.0152662
-5.41958e-05
0.0152453
-4.4719e-05
0.0152273
-3.54855e-05
0.0152122
-2.64457e-05
0.0152
-1.75505e-05
0.0151909
-8.7514e-06
0.0151848
0.0151817
-0.000478176
0.0143096
0.000493845
-0.000451989
0.0151959
-0.000422471
0.0156562
-0.000393254
0.015848
-0.000365591
0.0159
-0.000339679
0.0158893
-0.000315396
0.0158543
-0.000292581
0.0158112
-0.000271098
0.0157663
-0.000250839
0.0157215
-0.000231718
0.0156773
-0.000213663
0.0156338
-0.000196603
0.0155911
-0.000180472
0.0155495
-0.000165206
0.015509
-0.00015074
0.01547
-0.000137012
0.0154328
-0.000123962
0.0153975
-0.00011153
0.0153643
-9.96577e-05
0.0153334
-8.82898e-05
0.0153049
-7.73711e-05
0.015279
-6.68483e-05
0.0152557
-5.66689e-05
0.0152351
-4.6782e-05
0.0152174
-3.71372e-05
0.0152025
-2.76851e-05
0.0151906
-1.83771e-05
0.0151816
-9.16481e-06
0.0151756
0.0151726
-0.000487108
0.0142942
0.000502477
-0.000461127
0.0151699
-0.00043164
0.0156267
-0.000402312
0.0158187
-0.000374455
0.0158721
-0.000348302
0.0158632
-0.000323754
0.0158297
-0.000300658
0.0157881
-0.00027888
0.0157445
-0.000258314
0.015701
-0.000238877
0.0156579
-0.000220494
0.0156154
-0.000203097
0.0155737
-0.000186621
0.015533
-0.000171001
0.0154934
-0.000156175
0.0154552
-0.00014208
0.0154187
-0.000128658
0.0153841
-0.000115848
0.0153515
-0.000103595
0.0153211
-9.18423e-05
0.0152932
-8.05357e-05
0.0152677
-6.96224e-05
0.0152448
-5.90504e-05
0.0152246
-4.87691e-05
0.0152071
-3.87284e-05
0.0151925
-2.88795e-05
0.0151807
-1.91738e-05
0.0151719
-9.56327e-06
0.0151659
0.015163
-0.000495464
0.0142791
0.00051056
-0.000469689
0.0151442
-0.000440249
0.0155973
-0.000410838
0.0157893
-0.000382815
0.0158441
-0.000356452
0.0158368
-0.000331668
0.0158049
-0.000308318
0.0157648
-0.000286272
0.0157225
-0.000265426
0.0156801
-0.000245695
0.0156382
-0.000227008
0.0155968
-0.000209297
0.015556
-0.000192497
0.0155162
-0.000176544
0.0154774
-0.000161378
0.0154401
-0.000146936
0.0154043
-0.00013316
0.0153703
-0.000119992
0.0153383
-0.000107375
0.0153085
-9.52548e-05
0.015281
-8.35771e-05
0.015256
-7.22896e-05
0.0152335
-6.13409e-05
0.0152136
-5.06808e-05
0.0151964
-4.02598e-05
0.0151821
-3.00291e-05
0.0151705
-1.99407e-05
0.0151618
-9.94687e-06
0.015156
0.015153
-0.000503247
0.0142642
0.000518093
-0.000477677
0.0151186
-0.000448303
0.0155679
-0.000418836
0.0157598
-0.000390679
0.015816
-0.000364135
0.0158103
-0.000339143
0.0157799
-0.000315567
0.0157412
-0.000293279
0.0157002
-0.000272177
0.015659
-0.000252178
0.0156182
-0.00023321
0.0155778
-0.000215206
0.015538
-0.000198103
0.0154991
-0.000181839
0.0154612
-0.000166352
0.0154246
-0.000151582
0.0153895
-0.000137472
0.0153562
-0.000123963
0.0153248
-0.000111
0.0152956
-9.85286e-05
0.0152686
-8.64963e-05
0.015244
-7.48508e-05
0.0152218
-6.35413e-05
0.0152023
-5.25179e-05
0.0151854
-4.17317e-05
0.0151713
-3.11343e-05
0.0151599
-2.06781e-05
0.0151513
-1.03157e-05
0.0151456
0.0151427
-0.000510462
0.0142496
0.000525077
-0.000485099
0.0150932
-0.000455808
0.0155386
-0.000426312
0.0157303
-0.000398049
0.0157877
-0.000371355
0.0157836
-0.000346185
0.0157548
-0.000322409
0.0157174
-0.000299905
0.0156777
-0.000278572
0.0156377
-0.000258328
0.0155979
-0.000239101
0.0155586
-0.000220828
0.0155198
-0.000203443
0.0154817
-0.000186887
0.0154446
-0.0001711
0.0154088
-0.000156021
0.0153744
-0.000141594
0.0153418
-0.000127762
0.015311
-0.00011447
0.0152823
-0.000101665
0.0152558
-8.92945e-05
0.0152316
-7.7307e-05
0.0152098
-6.56522e-05
0.0151906
-5.42809e-05
0.0151741
-4.31446e-05
0.0151601
-3.21955e-05
0.0151489
-2.13863e-05
0.0151405
-1.067e-05
0.0151349
0.0151321
-0.000517113
0.0142352
0.000531514
-0.000491959
0.0150681
-0.000462771
0.0155094
-0.000433272
0.0157008
-0.000404934
0.0157594
-0.000378119
0.0157568
-0.000352798
0.0157295
-0.00032885
0.0156935
-0.000306155
0.015655
-0.000284616
0.0156161
-0.00026415
0.0155775
-0.000244687
0.0155391
-0.000226165
0.0155012
-0.00020852
0.015464
-0.000191693
0.0154278
-0.000175623
0.0153927
-0.000160254
0.0153591
-0.000145529
0.015327
-0.000131391
0.0152968
-0.000117788
0.0152687
-0.000104666
0.0152426
-9.19731e-05
0.0152189
-7.96593e-05
0.0151975
-6.76748e-05
0.0151787
-5.59708e-05
0.0151623
-4.44993e-05
0.0151487
-3.32131e-05
0.0151377
-2.20655e-05
0.0151294
-1.10098e-05
0.0151238
0.015121
-0.000523205
0.014221
0.000537407
-0.000498264
0.0150431
-0.000469198
0.0154804
-0.000439724
0.0156714
-0.000411339
0.015731
-0.000384431
0.0157299
-0.000358988
0.015704
-0.000334894
0.0156694
-0.000312035
0.0156321
-0.000290312
0.0155944
-0.000269648
0.0155568
-0.000249972
0.0155194
-0.000231222
0.0154825
-0.000213337
0.0154462
-0.000196258
0.0154107
-0.000179926
0.0153764
-0.000164285
0.0153434
-0.000149279
0.015312
-0.000134854
0.0152824
-0.000120955
0.0152548
-0.000107532
0.0152292
-9.45334e-05
0.0152059
-8.1909e-05
0.0151849
-6.96099e-05
0.0151664
-5.75881e-05
0.0151503
-4.57963e-05
0.0151369
-3.41877e-05
0.015126
-2.2716e-05
0.0151179
-1.13353e-05
0.0151124
0.0151097
-0.000528746
0.014207
0.000542759
-0.000504023
0.0150184
-0.000475098
0.0154515
-0.000445674
0.0156419
-0.000417271
0.0157026
-0.0003903
0.0157029
-0.000364761
0.0156785
-0.000340548
0.0156451
-0.000317548
0.0156091
-0.000295668
0.0155725
-0.000274827
0.0155359
-0.00025496
0.0154996
-0.000236003
0.0154635
-0.000217898
0.0154281
-0.000200587
0.0153934
-0.000184011
0.0153598
-0.000168117
0.0153275
-0.000152848
0.0152968
-0.000138151
0.0152677
-0.000123974
0.0152406
-0.000110266
0.0152155
-9.69771e-05
0.0151926
-8.40573e-05
0.015172
-7.14588e-05
0.0151538
-5.9134e-05
0.015138
-4.70363e-05
0.0151248
-3.51196e-05
0.0151141
-2.33382e-05
0.0151061
-1.16467e-05
0.0151007
0.0150981
-0.000533741
0.0141932
0.000547575
-0.000509243
0.0149939
-0.000480478
0.0154227
-0.000451131
0.0156126
-0.000422739
0.0156742
-0.000395732
0.0156759
-0.000370125
0.0156529
-0.000345818
0.0156208
-0.000322703
0.015586
-0.000300687
0.0155505
-0.000279693
0.015515
-0.000259655
0.0154795
-0.000240513
0.0154444
-0.000222207
0.0154097
-0.000204682
0.0153759
-0.000187882
0.015343
-0.000171751
0.0153114
-0.000156237
0.0152812
-0.000141286
0.0152528
-0.000126847
0.0152262
-0.00011287
0.0152015
-9.93056e-05
0.015179
-8.61057e-05
0.0151588
-7.32225e-05
0.0151409
-6.06094e-05
0.0151254
-4.82202e-05
0.0151124
-3.60096e-05
0.0151019
-2.39326e-05
0.015094
-1.19442e-05
0.0150888
0.0150861
-0.0005382
0.0141795
0.000551862
-0.000513934
0.0149696
-0.000485348
0.0153941
-0.000456103
0.0155834
-0.00042775
0.0156458
-0.000400736
0.0156489
-0.000375087
0.0156272
-0.000350712
0.0155965
-0.000327505
0.0155628
-0.000305376
0.0155284
-0.00028425
0.0154938
-0.000264063
0.0154593
-0.000244755
0.0154251
-0.000226269
0.0153913
-0.000208549
0.0153581
-0.000191542
0.015326
-0.000175192
0.015295
-0.000159449
0.0152655
-0.00014426
0.0152376
-0.000129575
0.0152115
-0.000115345
0.0151873
-0.000101521
0.0151652
-8.80557e-05
0.0151453
-7.49024e-05
0.0151277
-6.20152e-05
0.0151125
-4.93488e-05
0.0150997
-3.68583e-05
0.0150894
-2.44994e-05
0.0150817
-1.22279e-05
0.0150765
0.0150739
-0.000542132
0.014166
0.000555626
-0.000518106
0.0149456
-0.000489718
0.0153657
-0.000460601
0.0155542
-0.000432314
0.0156175
-0.000405319
0.0156219
-0.000379654
0.0156015
-0.000355235
0.015572
-0.00033196
0.0155395
-0.000309741
0.0155062
-0.000288506
0.0154726
-0.00026819
0.015439
-0.000248735
0.0154056
-0.000230087
0.0153726
-0.000212191
0.0153403
-0.000194994
0.0153088
-0.000178444
0.0152785
-0.000162488
0.0152495
-0.000147077
0.0152222
-0.000132162
0.0151966
-0.000117694
0.0151728
-0.000103625
0.0151511
-8.99088e-05
0.0151316
-7.64999e-05
0.0151143
-6.33527e-05
0.0150994
-5.04229e-05
0.0150868
-3.76662e-05
0.0150767
-2.50391e-05
0.015069
-1.24981e-05
0.0150639
0.0150614
-0.000545546
0.0141527
0.000558875
-0.000521769
0.0149218
-0.000493599
0.0153375
-0.000464635
0.0155253
-0.000436439
0.0155893
-0.00040949
0.0155949
-0.000383835
0.0155759
-0.000359396
0.0155476
-0.000336076
0.0155162
-0.000313789
0.0154839
-0.000292464
0.0154513
-0.000272039
0.0154186
-0.000252458
0.015386
-0.000233667
0.0153538
-0.000215613
0.0153222
-0.000198244
0.0152914
-0.000181508
0.0152617
-0.000165357
0.0152334
-0.00014974
0.0152066
-0.00013461
0.0151814
-0.000119918
0.0151581
-0.000105619
0.0151368
-9.16668e-05
0.0151177
-7.80162e-05
0.0151007
-6.4623e-05
0.015086
-5.14434e-05
0.0150736
-3.84341e-05
0.0150637
-2.55522e-05
0.0150562
-1.2755e-05
0.0150512
0.0150486
-0.000548454
0.0141395
0.00056162
-0.000524935
0.0148983
-0.000497002
0.0153096
-0.000468214
0.0154965
-0.000440136
0.0155613
-0.000413258
0.015568
-0.000387638
0.0155503
-0.000363203
0.0155232
-0.00033986
0.0154929
-0.000317526
0.0154616
-0.000296133
0.0154299
-0.000275619
0.0153981
-0.00025593
0.0153663
-0.000237013
0.0153349
-0.000218818
0.015304
-0.000201294
0.0152739
-0.00018439
0.0152448
-0.000168059
0.0152171
-0.000152251
0.0151908
-0.000136921
0.0151661
-0.000122021
0.0151432
-0.000107506
0.0151223
-9.33314e-05
0.0151035
-7.9453e-05
0.0150868
-6.58273e-05
0.0150723
-5.24114e-05
0.0150602
-3.91627e-05
0.0150504
-2.60392e-05
0.015043
-1.29989e-05
0.0150381
0.0150356
-0.000550869
0.0141265
0.00056387
-0.000527618
0.0148751
-0.000499938
0.0152819
-0.000471351
0.0154679
-0.000443416
0.0155333
-0.000416634
0.0155413
-0.000391072
0.0155247
-0.000366664
0.0154988
-0.00034332
0.0154695
-0.00032096
0.0154392
-0.000299518
0.0154084
-0.000278934
0.0153775
-0.000259155
0.0153466
-0.000240131
0.0153159
-0.000221812
0.0152857
-0.000204149
0.0152562
-0.000187093
0.0152278
-0.000170597
0.0152006
-0.000154614
0.0151748
-0.000139098
0.0151506
-0.000124004
0.0151281
-0.000109288
0.0151076
-9.49045e-05
0.0150891
-8.08118e-05
0.0150727
-6.69669e-05
0.0150585
-5.33278e-05
0.0150466
-3.98528e-05
0.0150369
-2.65005e-05
0.0150297
-1.32299e-05
0.0150248
0.0150224
-0.000552801
0.0141137
0.000565637
-0.000529828
0.0148521
-0.000502422
0.0152545
-0.000474057
0.0154395
-0.00044629
0.0155056
-0.000419627
0.0155146
-0.000394147
0.0154992
-0.000369788
0.0154744
-0.000346464
0.0154462
-0.000324098
0.0154168
-0.000302626
0.015387
-0.00028199
0.0153569
-0.00026214
0.0153267
-0.000243026
0.0152968
-0.000224599
0.0152673
-0.000206813
0.0152385
-0.000189621
0.0152106
-0.000172976
0.0151839
-0.000156832
0.0151586
-0.000141145
0.0151349
-0.000125871
0.0151129
-0.000110966
0.0150927
-9.63879e-05
0.0150745
-8.20941e-05
0.0150584
-6.80431e-05
0.0150444
-5.41937e-05
0.0150327
-4.05051e-05
0.0150232
-2.69367e-05
0.0150161
-1.34484e-05
0.0150114
0.015009
-0.000554267
0.014101
0.000566934
-0.000531582
0.0148294
-0.000504466
0.0152274
-0.000476345
0.0154114
-0.000448768
0.015478
-0.000422249
0.0154881
-0.000396872
0.0154739
-0.000372583
0.0154501
-0.0003493
0.0154229
-0.000326948
0.0153945
-0.000305465
0.0153655
-0.000284795
0.0153362
-0.00026489
0.0153068
-0.000245703
0.0152776
-0.000227185
0.0152487
-0.000209292
0.0152206
-0.000191978
0.0151933
-0.000175198
0.0151671
-0.000158908
0.0151423
-0.000143064
0.015119
-0.000127623
0.0150974
-0.000112544
0.0150776
-9.77837e-05
0.0150598
-8.33018e-05
0.0150439
-6.90574e-05
0.0150302
-5.50102e-05
0.0150187
-4.11204e-05
0.0150094
-2.73484e-05
0.0150023
-1.36547e-05
0.0149977
0.0149953
-0.000555279
0.0140885
0.000567774
-0.000532892
0.014807
-0.000506084
0.0152006
-0.000478228
0.0153836
-0.000450863
0.0154506
-0.00042451
0.0154617
-0.000399258
0.0154486
-0.00037506
0.0154259
-0.000351837
0.0153997
-0.000329517
0.0153722
-0.000308041
0.015344
-0.000287355
0.0153155
-0.000267413
0.0152869
-0.000248167
0.0152583
-0.000229574
0.0152301
-0.000211589
0.0152026
-0.000194168
0.0151759
-0.000177268
0.0151502
-0.000160845
0.0151259
-0.000144858
0.0151031
-0.000129264
0.0150818
-0.000114023
0.0150624
-9.90939e-05
0.0150448
-8.44364e-05
0.0150293
-7.0011e-05
0.0150158
-5.57784e-05
0.0150044
-4.16996e-05
0.0149953
-2.7736e-05
0.0149884
-1.38489e-05
0.0149838
0.0149815
-0.000555852
0.0140762
0.000568171
-0.000533775
0.014785
-0.00050729
0.0151741
-0.000479719
0.015356
-0.000452588
0.0154235
-0.000426421
0.0154356
-0.000401316
0.0154235
-0.000377228
0.0154018
-0.000354084
0.0153766
-0.000331815
0.0153499
-0.000310363
0.0153225
-0.000289677
0.0152948
-0.000269713
0.0152669
-0.000250426
0.015239
-0.000231772
0.0152115
-0.00021371
0.0151845
-0.000196197
0.0151583
-0.00017919
0.0151332
-0.000162648
0.0151094
-0.00014653
0.0150869
-0.000130797
0.0150661
-0.000115407
0.015047
-0.000100321
0.0150297
-8.54999e-05
0.0150144
-7.09056e-05
0.0150012
-5.64995e-05
0.01499
-4.22436e-05
0.014981
-2.81001e-05
0.0149742
-1.40314e-05
0.0149697
0.0149674
-0.000556003
0.0140641
0.00056814
-0.000534245
0.0147632
-0.000508099
0.015148
-0.000480831
0.0153287
-0.000453955
0.0153966
-0.000427995
0.0154096
-0.000403055
0.0153986
-0.000379097
0.0153779
-0.00035605
0.0153535
-0.000333848
0.0153277
-0.000312437
0.0153011
-0.000291769
0.0152741
-0.000271798
0.0152469
-0.000252484
0.0152197
-0.000233785
0.0151928
-0.00021566
0.0151664
-0.000198067
0.0151408
-0.000180967
0.0151161
-0.00016432
0.0150927
-0.000148085
0.0150707
-0.000132223
0.0150502
-0.000116696
0.0150315
-0.000101466
0.0150145
-8.6494e-05
0.0149995
-7.17427e-05
0.0149864
-5.71748e-05
0.0149754
-4.27533e-05
0.0149666
-2.84415e-05
0.0149599
-1.42025e-05
0.0149555
0.0149532
-0.000555748
0.0140521
0.000567697
-0.000534319
0.0147418
-0.000508526
0.0151222
-0.00048158
0.0153018
-0.000454977
0.01537
-0.000429243
0.0153839
-0.000404487
0.0153738
-0.000380676
0.0153541
-0.000357744
0.0153306
-0.000335627
0.0153056
-0.000314273
0.0152798
-0.000293636
0.0152535
-0.000273675
0.015227
-0.000254348
0.0152004
-0.000235617
0.0151741
-0.000217443
0.0151482
-0.000199785
0.0151231
-0.000182605
0.015099
-0.000165864
0.015076
-0.000149524
0.0150544
-0.000133547
0.0150343
-0.000117896
0.0150158
-0.000102532
0.0149992
-8.74206e-05
0.0149844
-7.25237e-05
0.0149715
-5.78053e-05
0.0149607
-4.32295e-05
0.014952
-2.87605e-05
0.0149455
-1.43625e-05
0.0149411
0.0149389
-0.000555104
0.0140404
0.000566859
-0.000534012
0.0147207
-0.000508588
0.0150968
-0.00048198
0.0152752
-0.000455668
0.0153437
-0.000430178
0.0153584
-0.000405624
0.0153492
-0.000381978
0.0153304
-0.000359176
0.0153078
-0.00033716
0.0152836
-0.000315878
0.0152585
-0.000295288
0.0152329
-0.00027535
0.015207
-0.000256025
0.0151811
-0.000237276
0.0151553
-0.000219064
0.01513
-0.000201354
0.0151054
-0.000184106
0.0150817
-0.000167284
0.0150592
-0.000150852
0.0150379
-0.000134771
0.0150182
-0.000119007
0.0150001
-0.000103522
0.0149837
-8.82817e-05
0.0149691
-7.32503e-05
0.0149565
-5.83925e-05
0.0149459
-4.36733e-05
0.0149373
-2.9058e-05
0.0149308
-1.45118e-05
0.0149265
0.0149244
-0.000554087
0.0140288
0.000565643
-0.000533343
0.0146999
-0.0005083
0.0150717
-0.000482046
0.0152489
-0.000456041
0.0153177
-0.000430813
0.0153332
-0.000406478
0.0153249
-0.000383012
0.0153069
-0.000360356
0.0152851
-0.000338455
0.0152616
-0.000317261
0.0152373
-0.000296732
0.0152124
-0.00027683
0.0151871
-0.00025752
0.0151618
-0.000238765
0.0151366
-0.000220531
0.0151118
-0.000202779
0.0150876
-0.000185476
0.0150644
-0.000168585
0.0150423
-0.000152071
0.0150214
-0.000135898
0.015002
-0.000120032
0.0149842
-0.000104437
0.0149681
-8.90792e-05
0.0149538
-7.39241e-05
0.0149413
-5.89375e-05
0.0149309
-4.40856e-05
0.0149225
-2.93345e-05
0.0149161
-1.46505e-05
0.0149118
0.0149097
-0.000552716
0.0140175
0.000564066
-0.000532329
0.0146795
-0.000507678
0.0150471
-0.000481793
0.015223
-0.000456111
0.015292
-0.00043116
0.0153082
-0.000407059
0.0153008
-0.000383788
0.0152837
-0.000361294
0.0152626
-0.000339523
0.0152399
-0.000318429
0.0152162
-0.000297974
0.0151919
-0.000278123
0.0151673
-0.00025884
0.0151425
-0.000240093
0.0151178
-0.000221846
0.0150935
-0.000204067
0.0150699
-0.000186719
0.0150471
-0.000169771
0.0150253
-0.000153186
0.0150048
-0.000136932
0.0149858
-0.000120975
0.0149682
-0.00010528
0.0149524
-8.98152e-05
0.0149383
-7.45467e-05
0.0149261
-5.94417e-05
0.0149158
-4.44673e-05
0.0149075
-2.95906e-05
0.0149012
-1.47791e-05
0.014897
0.0148949
-0.000551009
0.0140063
0.000562147
-0.000530986
0.0146595
-0.000506739
0.0150228
-0.000481235
0.0151975
-0.000455892
0.0152667
-0.000431232
0.0152835
-0.00040738
0.015277
-0.00038432
0.0152606
-0.000362001
0.0152403
-0.000340372
0.0152182
-0.000319392
0.0151952
-0.000299024
0.0151716
-0.000279235
0.0151475
-0.000259992
0.0151232
-0.000241263
0.0150991
-0.000223017
0.0150753
-0.00020522
0.0150521
-0.00018784
0.0150297
-0.000170844
0.0150083
-0.000154201
0.0149882
-0.000137876
0.0149694
-0.000121837
0.0149522
-0.000106053
0.0149366
-9.04916e-05
0.0149227
-7.51199e-05
0.0149107
-5.99065e-05
0.0149006
-4.48194e-05
0.0148924
-2.98271e-05
0.0148862
-1.48978e-05
0.0148821
0.01488
-0.000548984
0.0139954
0.000559903
-0.000529333
0.0146399
-0.0005055
0.014999
-0.00048039
0.0151724
-0.000455398
0.0152417
-0.000431043
0.0152592
-0.000407453
0.0152534
-0.000384616
0.0152378
-0.000362485
0.0152182
-0.000341013
0.0151968
-0.000320159
0.0151744
-0.00029989
0.0151513
-0.000280174
0.0151278
-0.000260982
0.0151041
-0.000242284
0.0150804
-0.000224048
0.015057
-0.000206245
0.0150343
-0.000188843
0.0150123
-0.000171811
0.0149913
-0.000155117
0.0149715
-0.000138732
0.014953
-0.000122623
0.0149361
-0.000106759
0.0149207
-9.11106e-05
0.0149071
-7.56454e-05
0.0148952
-6.03331e-05
0.0148853
-4.5143e-05
0.0148772
-3.00445e-05
0.0148711
-1.50071e-05
0.0148671
0.014865
-0.00054666
0.0139847
0.000557355
-0.000527387
0.0146206
-0.000503977
0.0149756
-0.000479272
0.0151477
-0.000454643
0.015217
-0.000430606
0.0152351
-0.000407291
0.0152301
-0.00038469
0.0152152
-0.000362758
0.0151962
-0.000341453
0.0151755
-0.000320737
0.0151537
-0.000300578
0.0151311
-0.000280948
0.0151081
-0.000261818
0.0150849
-0.00024316
0.0150617
-0.000224946
0.0150388
-0.000207146
0.0150165
-0.000189732
0.0149949
-0.000172673
0.0149742
-0.000155941
0.0149548
-0.000139504
0.0149366
-0.000123334
0.0149199
-0.000107401
0.0149048
-9.16742e-05
0.0148914
-7.61248e-05
0.0148797
-6.0723e-05
0.0148699
-4.54391e-05
0.0148619
-3.02437e-05
0.0148559
-1.51071e-05
0.0148519
0.0148499
-0.000544055
0.0139742
0.00055452
-0.000525166
0.0146017
-0.000502187
0.0149526
-0.000477897
0.0151234
-0.000453643
0.0151928
-0.000429935
0.0152114
-0.000406906
0.015207
-0.000384551
0.0151928
-0.000362831
0.0151745
-0.000341704
0.0151543
-0.000321137
0.0151331
-0.000301098
0.0151111
-0.000281563
0.0150886
-0.000262505
0.0150659
-0.000243898
0.0150431
-0.000225716
0.0150206
-0.00020793
0.0149987
-0.000190513
0.0149774
-0.000173437
0.0149572
-0.000156674
0.014938
-0.000140196
0.0149201
-0.000123974
0.0149037
-0.00010798
0.0148888
-9.21846e-05
0.0148756
-7.65599e-05
0.0148641
-6.10775e-05
0.0148544
-4.57087e-05
0.0148465
-3.04252e-05
0.0148406
-1.51984e-05
0.0148367
0.0148347
-0.000541188
0.013964
0.000551417
-0.000522689
0.0145832
-0.000500149
0.0149301
-0.000476282
0.0150996
-0.000452411
0.0151689
-0.000429042
0.0151881
-0.00040631
0.0151843
-0.000384213
0.0151707
-0.000362714
0.015153
-0.000341775
0.0151334
-0.000321366
0.0151127
-0.000301458
0.0150912
-0.000282028
0.0150692
-0.000263052
0.0150469
-0.000244505
0.0150246
-0.000226363
0.0150025
-0.0002086
0.0149809
-0.000191189
0.01496
-0.000174106
0.0149401
-0.000157322
0.0149212
-0.000140811
0.0149036
-0.000124546
0.0148874
-0.000108499
0.0148728
-9.26438e-05
0.0148597
-7.69526e-05
0.0148484
-6.1398e-05
0.0148388
-4.59529e-05
0.0148311
-3.05897e-05
0.0148253
-1.52812e-05
0.0148214
0.0148194
-0.000538077
0.013954
0.000548067
-0.000519974
0.0145651
-0.000497877
0.014908
-0.000474441
0.0150761
-0.000450963
0.0151454
-0.000427942
0.0151651
-0.000405516
0.0151619
-0.000383685
0.0151489
-0.000362417
0.0151318
-0.000341676
0.0151127
-0.000321434
0.0150924
-0.000301666
0.0150714
-0.00028235
0.0150499
-0.000263464
0.015028
-0.000244987
0.0150061
-0.000226894
0.0149844
-0.000209162
0.0149632
-0.000191767
0.0149426
-0.000174684
0.014923
-0.000157887
0.0149044
-0.000141352
0.0148871
-0.000125052
0.0148711
-0.000108961
0.0148567
-9.30541e-05
0.0148438
-7.73044e-05
0.0148326
-6.1686e-05
0.0148232
-4.61726e-05
0.0148156
-3.0738e-05
0.0148098
-1.53559e-05
0.014806
0.0148041
-0.000534743
0.0139443
0.000544487
-0.000517038
0.0145474
-0.00049539
0.0148863
-0.000472391
0.0150531
-0.000449312
0.0151224
-0.000426648
0.0151424
-0.000404536
0.0151398
-0.00038298
0.0151273
-0.000361951
0.0151107
-0.000341416
0.0150921
-0.00032135
0.0150724
-0.00030173
0.0150518
-0.000282537
0.0150307
-0.00026375
0.0150092
-0.000245349
0.0149877
-0.000227314
0.0149664
-0.000209622
0.0149455
-0.00019225
0.0149253
-0.000175175
0.0149059
-0.000158374
0.0148876
-0.000141822
0.0148705
-0.000125495
0.0148548
-0.000109368
0.0148405
-9.34175e-05
0.0148278
-7.76173e-05
0.0148168
-6.19428e-05
0.0148075
-4.6369e-05
0.0148
-3.08707e-05
0.0147944
-1.54228e-05
0.0147906
0.0147887
-0.000531202
0.0139348
0.000540698
-0.000513899
0.0145301
-0.000492704
0.0148651
-0.000470147
0.0150306
-0.000447475
0.0150997
-0.000425174
0.0151201
-0.000403383
0.015118
-0.000382109
0.0151061
-0.000361327
0.0150899
-0.000341006
0.0150718
-0.000321123
0.0150525
-0.000301659
0.0150323
-0.000282595
0.0150116
-0.000263915
0.0149905
-0.000245599
0.0149694
-0.000227629
0.0149484
-0.000209984
0.0149278
-0.000192643
0.0149079
-0.000175584
0.0148889
-0.000158786
0.0148708
-0.000142225
0.014854
-0.000125879
0.0148385
-0.000109724
0.0148244
-9.37363e-05
0.0148119
-7.7893e-05
0.014801
-6.21699e-05
0.0147918
-4.65431e-05
0.0147844
-3.09886e-05
0.0147788
-1.54823e-05
0.014775
0.0147732
-0.000527474
0.0139255
0.000536717
-0.000510575
0.0145132
-0.000489836
0.0148444
-0.000467726
0.0150085
-0.000445464
0.0150774
-0.000423533
0.0150982
-0.000402069
0.0150965
-0.000381084
0.0150851
-0.000360555
0.0150694
-0.000340455
0.0150517
-0.000320762
0.0150328
-0.000301461
0.015013
-0.000282534
0.0149927
-0.000263967
0.014972
-0.000245743
0.0149512
-0.000227845
0.0149305
-0.000210254
0.0149102
-0.000192951
0.0148906
-0.000175916
0.0148718
-0.000159127
0.014854
-0.000142564
0.0148374
-0.000126206
0.0148221
-0.000110029
0.0148082
-9.40126e-05
0.0147958
-7.81333e-05
0.0147851
-6.23687e-05
0.014776
-4.6696e-05
0.0147687
-3.10923e-05
0.0147632
-1.55347e-05
0.0147595
0.0147576
-0.000523577
0.0139166
0.000532564
-0.000507084
0.0144967
-0.000486803
0.0148241
-0.000465142
0.0149868
-0.000443295
0.0150556
-0.000421738
0.0150766
-0.000400607
0.0150754
-0.000379916
0.0150644
-0.000359646
0.0150491
-0.000339772
0.0150318
-0.000320276
0.0150133
-0.000301143
0.0149939
-0.00028236
0.0149739
-0.000263913
0.0149535
-0.000245787
0.014933
-0.000227968
0.0149127
-0.000210438
0.0148927
-0.000193179
0.0148734
-0.000176173
0.0148548
-0.000159401
0.0148373
-0.000142843
0.0148209
-0.000126479
0.0148057
-0.000110288
0.014792
-9.42486e-05
0.0147798
-7.83399e-05
0.0147692
-6.25405e-05
0.0147602
-4.68286e-05
0.014753
-3.11825e-05
0.0147475
-1.55803e-05
0.0147439
0.0147421
-0.000519529
0.0139078
0.000528258
-0.000503442
0.0144806
-0.00048362
0.0148043
-0.000462411
0.0149656
-0.000440983
0.0150342
-0.000419802
0.0150554
-0.000399009
0.0150546
-0.000378617
0.015044
-0.00035861
0.0150291
-0.000338968
0.0150122
-0.000319674
0.014994
-0.000300715
0.0149749
-0.000282081
0.0149553
-0.000263759
0.0149352
-0.000245738
0.014915
-0.000228003
0.0148949
-0.000210539
0.0148753
-0.000193331
0.0148562
-0.000176362
0.0148378
-0.000159612
0.0148205
-0.000143066
0.0148043
-0.000126702
0.0147894
-0.000110502
0.0147758
-9.44464e-05
0.0147637
-7.85147e-05
0.0147533
-6.26868e-05
0.0147444
-4.69422e-05
0.0147373
-3.126e-05
0.0147319
-1.56196e-05
0.0147282
0.0147264
-0.000515348
0.0138994
0.000523816
-0.000499668
0.0144649
-0.000480305
0.0147849
-0.000459548
0.0149448
-0.00043854
0.0150131
-0.00041774
0.0150346
-0.000397286
0.0150341
-0.000377198
0.0150239
-0.000357459
0.0150094
-0.000338053
0.0149928
-0.000318965
0.0149749
-0.000300185
0.0149562
-0.000281705
0.0149368
-0.000263513
0.014917
-0.000245601
0.0148971
-0.000227956
0.0148773
-0.000210565
0.0148579
-0.000193413
0.014839
-0.000176485
0.0148209
-0.000159764
0.0148038
-0.000143234
0.0147878
-0.000126877
0.014773
-0.000110674
0.0147596
-9.46082e-05
0.0147477
-7.86595e-05
0.0147373
-6.28091e-05
0.0147286
-4.70376e-05
0.0147215
-3.13254e-05
0.0147162
-1.56528e-05
0.0147126
0.0147108
-0.000511051
0.0138912
0.000519256
-0.000495777
0.0144497
-0.000476873
0.014766
-0.000456568
0.0149245
-0.000435981
0.0149926
-0.000415563
0.0150142
-0.000395452
0.015014
-0.000375669
0.0150041
-0.000356202
0.0149899
-0.000337035
0.0149736
-0.000318157
0.014956
-0.000299561
0.0149376
-0.000281238
0.0149185
-0.000263182
0.014899
-0.000245384
0.0148793
-0.000227834
0.0148598
-0.00021052
0.0148405
-0.000193429
0.0148219
-0.000176547
0.014804
-0.00015986
0.0147871
-0.000143352
0.0147713
-0.000127007
0.0147567
-0.000110807
0.0147434
-9.47361e-05
0.0147316
-7.87759e-05
0.0147213
-6.29087e-05
0.0147127
-4.7116e-05
0.0147057
-3.13795e-05
0.0147004
-1.56804e-05
0.0146969
0.0146951
-0.000506655
0.0138832
0.000514596
-0.000491786
0.0144348
-0.000473339
0.0147476
-0.000453486
0.0149047
-0.00043332
0.0149724
-0.000413285
0.0149942
-0.000393519
0.0149942
-0.000374043
0.0149846
-0.000354849
0.0149707
-0.000335925
0.0149547
-0.00031726
0.0149374
-0.00029885
0.0149192
-0.000280689
0.0149003
-0.000262772
0.014881
-0.000245092
0.0148616
-0.000227641
0.0148423
-0.000210408
0.0148233
-0.000193383
0.0148049
-0.000176553
0.0147872
-0.000159904
0.0147705
-0.000143423
0.0147548
-0.000127095
0.0147403
-0.000110903
0.0147272
-9.48322e-05
0.0147155
-7.88658e-05
0.0147054
-6.2987e-05
0.0146968
-4.71784e-05
0.0146899
-3.14228e-05
0.0146847
-1.57026e-05
0.0146812
0.0146794
-0.000502178
0.0138755
0.000509854
-0.000487712
0.0144203
-0.00046972
0.0147296
-0.000450316
0.0148853
-0.000430571
0.0149526
-0.000410919
0.0149745
-0.000391497
0.0149748
-0.00037233
0.0149655
-0.000353412
0.0149518
-0.000334731
0.014936
-0.000316282
0.0149189
-0.000298061
0.0149009
-0.000280065
0.0148823
-0.00026229
0.0148633
-0.000244732
0.0148441
-0.000227383
0.014825
-0.000210236
0.0148062
-0.00019328
0.0147879
-0.000176506
0.0147704
-0.0001599
0.0147538
-0.000143451
0.0147383
-0.000127143
0.014724
-0.000110964
0.014711
-9.48987e-05
0.0146995
-7.89309e-05
0.0146894
-6.30453e-05
0.0146809
-4.72259e-05
0.0146741
-3.14562e-05
0.0146689
-1.57198e-05
0.0146654
0.0146637
-0.000497635
0.0138681
0.000505046
-0.000483571
0.0144063
-0.000466029
0.014712
-0.000447073
0.0148663
-0.000427747
0.0149333
-0.000408476
0.0149552
-0.000389399
0.0149557
-0.000370541
0.0149466
-0.000351898
0.0149332
-0.000333464
0.0149176
-0.000315232
0.0149007
-0.000297202
0.0148829
-0.000279373
0.0148645
-0.000261743
0.0148456
-0.000244309
0.0148266
-0.000227066
0.0148077
-0.000210008
0.0147891
-0.000193126
0.014771
-0.00017641
0.0147537
-0.000159851
0.0147373
-0.000143437
0.0147219
-0.000127156
0.0147077
-0.000110994
0.0146949
-9.49376e-05
0.0146834
-7.89729e-05
0.0146734
-6.30851e-05
0.014665
-4.72593e-05
0.0146582
-3.14802e-05
0.0146531
-1.57323e-05
0.0146497
0.0146479
-0.000493044
0.013861
0.000500188
-0.000479377
0.0143926
-0.000462283
0.0146949
-0.000443771
0.0148478
-0.00042486
0.0149144
-0.00040597
0.0149364
-0.000387236
0.014937
-0.000368687
0.0149281
-0.00035032
0.0149148
-0.000332131
0.0148994
-0.000314118
0.0148827
-0.000296281
0.0148651
-0.00027862
0.0148468
-0.000261137
0.0148281
-0.00024383
0.0148093
-0.000226696
0.0147906
-0.000209729
0.0147721
-0.000192923
0.0147542
-0.000176271
0.0147371
-0.000159762
0.0147208
-0.000143387
0.0147055
-0.000127135
0.0146915
-0.000110994
0.0146787
-9.4951e-05
0.0146674
-7.89935e-05
0.0146575
-6.31077e-05
0.0146492
-4.72798e-05
0.0146424
-3.14956e-05
0.0146373
-1.57405e-05
0.0146339
0.0146322
-0.000488419
0.0138541
0.000495298
-0.000475146
0.0143793
-0.000458496
0.0146783
-0.000440423
0.0148297
-0.000421925
0.0148959
-0.000403412
0.0149178
-0.000385019
0.0149186
-0.000366777
0.0149098
-0.000348686
0.0148967
-0.000330743
0.0148814
-0.000312948
0.0148649
-0.000295304
0.0148474
-0.000277814
0.0148293
-0.000260479
0.0148108
-0.000243301
0.0147921
-0.000226277
0.0147736
-0.000209404
0.0147553
-0.000192678
0.0147375
-0.00017609
0.0147205
-0.000159635
0.0147043
-0.000143303
0.0146892
-0.000127083
0.0146753
-0.000110967
0.0146626
-9.49409e-05
0.0146514
-7.89943e-05
0.0146415
-6.31144e-05
0.0146333
-4.72883e-05
0.0146266
-3.15029e-05
0.0146215
-1.57446e-05
0.0146182
0.0146165
-0.000483776
0.0138475
0.00049039
-0.000470893
0.0143664
-0.000454681
0.0146621
-0.000437043
0.0148121
-0.000418953
0.0148778
-0.000400814
0.0148997
-0.00038276
0.0149006
-0.000364823
0.0148919
-0.000347006
0.0148789
-0.000329308
0.0148638
-0.000311732
0.0148473
-0.000294281
0.01483
-0.000276961
0.014812
-0.000259776
0.0147936
-0.000242727
0.0147751
-0.000225815
0.0147566
-0.000209038
0.0147385
-0.000192393
0.0147209
-0.000175874
0.014704
-0.000159474
0.0146879
-0.000143187
0.0146729
-0.000127004
0.0146591
-0.000110915
0.0146465
-9.49092e-05
0.0146353
-7.8977e-05
0.0146256
-6.31065e-05
0.0146174
-4.72858e-05
0.0146108
-3.15029e-05
0.0146058
-1.57451e-05
0.0146024
0.0146007
-0.00047913
0.0138411
0.000485481
-0.000466633
0.0143539
-0.000450853
0.0146463
-0.000433644
0.0147949
-0.000415957
0.0148601
-0.000398187
0.0148819
-0.000380469
0.0148828
-0.000362835
0.0148743
-0.000345289
0.0148614
-0.000327835
0.0148463
-0.000310476
0.01483
-0.000293218
0.0148127
-0.000276068
0.0147949
-0.000259032
0.0147766
-0.000242114
0.0147582
-0.000225316
0.0147398
-0.000208636
0.0147218
-0.000192074
0.0147043
-0.000175624
0.0146875
-0.000159283
0.0146716
-0.000143044
0.0146567
-0.000126899
0.0146429
-0.00011084
0.0146305
-9.4858e-05
0.0146194
-7.89432e-05
0.0146097
-6.30853e-05
0.0146015
-4.72733e-05
0.014595
-3.14961e-05
0.01459
-1.57422e-05
0.0145866
0.014585
-0.000474496
0.0138351
0.000480584
-0.000462379
0.0143418
-0.000447025
0.0146309
-0.000430239
0.0147781
-0.000412949
0.0148428
-0.000395544
0.0148645
-0.000378157
0.0148655
-0.000360821
0.0148569
-0.000343545
0.0148441
-0.000326332
0.0148291
-0.000309188
0.0148128
-0.000292122
0.0147957
-0.000275142
0.0147779
-0.000258256
0.0147597
-0.000241469
0.0147414
-0.000224784
0.0147232
-0.000208203
0.0147052
-0.000191724
0.0146878
-0.000175346
0.0146711
-0.000159065
0.0146553
-0.000142875
0.0146405
-0.000126771
0.0146268
-0.000110745
0.0146144
-9.47892e-05
0.0146034
-7.88946e-05
0.0145938
-6.3052e-05
0.0145857
-4.72516e-05
0.0145792
-3.14832e-05
0.0145742
-1.57362e-05
0.0145709
0.0145692
-0.000469887
0.0138292
0.000475715
-0.000458146
0.0143301
-0.00044321
0.014616
-0.00042684
0.0147617
-0.000409941
0.0148259
-0.000392895
0.0148475
-0.000375834
0.0148484
-0.000358793
0.0148399
-0.000341783
0.0148271
-0.000324808
0.0148121
-0.000307877
0.0147959
-0.000291001
0.0147788
-0.000274189
0.0147611
-0.000257452
0.014743
-0.000240795
0.0147247
-0.000224224
0.0147066
-0.000207742
0.0146887
-0.000191348
0.0146714
-0.000175043
0.0146548
-0.000158823
0.0146391
-0.000142685
0.0146244
-0.000126623
0.0146108
-0.000110632
0.0145985
-9.47045e-05
0.0145875
-7.88325e-05
0.0145779
-6.30079e-05
0.0145699
-4.72217e-05
0.0145634
-3.14648e-05
0.0145585
-1.57275e-05
0.0145552
0.0145535
-0.000465319
0.0138237
0.000470888
-0.000453947
0.0143187
-0.000439422
0.0146015
-0.00042346
0.0147458
-0.000406944
0.0148094
-0.000390251
0.0148308
-0.000373511
0.0148317
-0.00035676
0.0148231
-0.000340011
0.0148103
-0.00032327
0.0147954
-0.00030655
0.0147792
-0.000289861
0.0147621
-0.000273216
0.0147444
-0.000256626
0.0147264
-0.000240099
0.0147082
-0.000223642
0.0146901
-0.000207258
0.0146724
-0.00019095
0.0146551
-0.000174718
0.0146386
-0.000158561
0.0146229
-0.000142475
0.0146083
-0.000126458
0.0145948
-0.000110503
0.0145825
-9.46059e-05
0.0145716
-7.87586e-05
0.0145621
-6.29541e-05
0.0145541
-4.71845e-05
0.0145476
-3.14415e-05
0.0145427
-1.57163e-05
0.0145394
0.0145378
-0.000460804
0.0138183
0.000466117
-0.000449795
0.0143077
-0.000435673
0.0145874
-0.00042011
0.0147302
-0.000403971
0.0147933
-0.000387623
0.0148144
-0.000371197
0.0148152
-0.00035473
0.0148067
-0.000338237
0.0147938
-0.000321728
0.0147789
-0.000305214
0.0147626
-0.00028871
0.0147456
-0.000272229
0.0147279
-0.000255785
0.0147099
-0.000239386
0.0146918
-0.000223041
0.0146738
-0.000206756
0.0146561
-0.000190534
0.0146389
-0.000174375
0.0146224
-0.000158281
0.0146068
-0.000142249
0.0145922
-0.000126277
0.0145788
-0.000110361
0.0145666
-9.4495e-05
0.0145557
-7.86742e-05
0.0145463
-6.28918e-05
0.0145383
-4.71408e-05
0.0145318
-3.14138e-05
0.014527
-1.57028e-05
0.0145237
0.0145221
-0.000456356
0.0138133
0.000461415
-0.000445703
0.014297
-0.000431976
0.0145736
-0.000416803
0.014715
-0.000401032
0.0147775
-0.000385021
0.0147984
-0.000368902
0.0147991
-0.000352714
0.0147905
-0.000336472
0.0147776
-0.000320188
0.0147626
-0.000303876
0.0147463
-0.000287553
0.0147293
-0.000271234
0.0147116
-0.000254933
0.0146936
-0.000238661
0.0146755
-0.000222428
0.0146575
-0.00020624
0.0146399
-0.000190102
0.0146228
-0.000174018
0.0146063
-0.000157987
0.0145908
-0.000142009
0.0145763
-0.000126084
0.0145629
-0.000110206
0.0145507
-9.43737e-05
0.0145399
-7.85808e-05
0.0145305
-6.28222e-05
0.0145225
-4.70915e-05
0.0145161
-3.13823e-05
0.0145113
-1.56875e-05
0.014508
0.0145064
-0.000451988
0.0138085
0.000456796
-0.000441684
0.0142867
-0.000428342
0.0145603
-0.000413551
0.0147002
-0.000398137
0.0147621
-0.000382456
0.0147827
-0.000366636
0.0147833
-0.000350719
0.0147746
-0.000334721
0.0147616
-0.000318658
0.0147465
-0.000302544
0.0147302
-0.000286398
0.0147131
-0.000270237
0.0146955
-0.000254076
0.0146775
-0.000237929
0.0146594
-0.000221805
0.0146414
-0.000205714
0.0146238
-0.00018966
0.0146067
-0.000173649
0.0145903
-0.000157681
0.0145748
-0.000141758
0.0145603
-0.000125879
0.014547
-0.000110042
0.0145349
-9.42436e-05
0.0145241
-7.84799e-05
0.0145147
-6.27462e-05
0.0145068
-4.70374e-05
0.0145004
-3.13475e-05
0.0144956
-1.56705e-05
0.0144924
0.0144907
-0.000447713
0.0138039
0.000452273
-0.00043775
0.0142768
-0.000424783
0.0145473
-0.000410363
0.0146858
-0.000395298
0.014747
-0.000379937
0.0147674
-0.000364408
0.0147678
-0.000348754
0.0147589
-0.000332994
0.0147458
-0.000317145
0.0147307
-0.000301224
0.0147143
-0.00028525
0.0146971
-0.000269243
0.0146795
-0.00025322
0.0146614
-0.000237194
0.0146434
-0.000221178
0.0146254
-0.000205181
0.0146078
-0.000189211
0.0145907
-0.000173271
0.0145744
-0.000157367
0.0145589
-0.000141499
0.0145445
-0.000125667
0.0145312
-0.00010987
0.0145191
-9.41062e-05
0.0145083
-7.83725e-05
0.014499
-6.2665e-05
0.0144911
-4.69792e-05
0.0144847
-3.131e-05
0.0144799
-1.56522e-05
0.0144767
0.0144751
-0.000443544
0.0137996
0.000447859
-0.000433913
0.0142671
-0.000421312
0.0145347
-0.000407252
0.0146717
-0.000392524
0.0147323
-0.000377473
0.0147523
-0.000362226
0.0147525
-0.000346827
0.0147435
-0.000331298
0.0147303
-0.000315657
0.014715
-0.000299922
0.0146986
-0.000284116
0.0146813
-0.000268259
0.0146636
-0.000252369
0.0146456
-0.000236461
0.0146275
-0.00022055
0.0146095
-0.000204646
0.0145919
-0.000188757
0.0145749
-0.000172889
0.0145585
-0.000157047
0.0145431
-0.000141233
0.0145287
-0.000125448
0.0145154
-0.000109691
0.0145033
-9.39631e-05
0.0144926
-7.82602e-05
0.0144833
-6.25796e-05
0.0144754
-4.69178e-05
0.0144691
-3.12703e-05
0.0144643
-1.56327e-05
0.0144611
0.0144595
-0.000439491
0.0137955
0.000443566
-0.000430185
0.0142578
-0.000417939
0.0145225
-0.000404227
0.014658
-0.000389827
0.0147179
-0.000375075
0.0147376
-0.0003601
0.0147375
-0.000344947
0.0147284
-0.000329641
0.014715
-0.000314199
0.0146996
-0.000298645
0.014683
-0.000283001
0.0146657
-0.000267288
0.0146479
-0.000251527
0.0146298
-0.000235735
0.0146117
-0.000219926
0.0145937
-0.000204112
0.0145761
-0.000188302
0.014559
-0.000172504
0.0145427
-0.000156723
0.0145273
-0.000140963
0.0145129
-0.000125224
0.0144996
-0.000109509
0.0144876
-9.38158e-05
0.0144769
-7.8144e-05
0.0144676
-6.24909e-05
0.0144598
-4.68537e-05
0.0144534
-3.12288e-05
0.0144486
-1.56123e-05
0.0144454
0.0144438
-0.00043557
0.0137917
0.000439408
-0.000426579
0.0142489
-0.000414675
0.0145106
-0.0004013
0.0146447
-0.000387214
0.0147038
-0.000372751
0.0147231
-0.000358037
0.0147228
-0.000343122
0.0147134
-0.000328029
0.0146999
-0.00031278
0.0146843
-0.000297399
0.0146676
-0.000281911
0.0146502
-0.000266338
0.0146323
-0.000250701
0.0146142
-0.00023502
0.014596
-0.000219309
0.014578
-0.000203583
0.0145604
-0.00018785
0.0145433
-0.00017212
0.014527
-0.000156399
0.0145116
-0.000140691
0.0144972
-0.000124998
0.0144839
-0.000109323
0.0144719
-9.36657e-05
0.0144612
-7.80251e-05
0.014452
-6.23999e-05
0.0144441
-4.67878e-05
0.0144378
-3.1186e-05
0.014433
-1.55912e-05
0.0144298
0.0144282
-0.000431789
0.0137881
0.000435395
-0.000423104
0.0142402
-0.000411532
0.014499
-0.00039848
0.0146316
-0.000384697
0.01469
-0.000370509
0.0147089
-0.000356047
0.0147084
-0.000341357
0.0146988
-0.000326469
0.014685
-0.000311405
0.0146693
-0.00029619
0.0146524
-0.00028085
0.0146349
-0.000265411
0.0146169
-0.000249894
0.0145986
-0.000234319
0.0145804
-0.000218703
0.0145624
-0.000203061
0.0145447
-0.000187403
0.0145277
-0.000171739
0.0145113
-0.000156076
0.0144959
-0.000140419
0.0144815
-0.000124772
0.0144683
-0.000109136
0.0144563
-9.35141e-05
0.0144456
-7.79047e-05
0.0144363
-6.23074e-05
0.0144285
-4.67206e-05
0.0144222
-3.11422e-05
0.0144175
-1.55697e-05
0.0144143
0.0144127
-0.000428165
0.0137847
0.000431545
-0.000419775
0.0142318
-0.00040852
0.0144877
-0.000395779
0.0146189
-0.000382284
0.0146765
-0.00036836
0.014695
-0.000354136
0.0146941
-0.000339663
0.0146843
-0.000324969
0.0146703
-0.00031008
0.0146544
-0.000295023
0.0146374
-0.000279825
0.0146197
-0.000264513
0.0146016
-0.00024911
0.0145832
-0.000233637
0.0145649
-0.000218112
0.0145468
-0.000202551
0.0145292
-0.000186965
0.0145121
-0.000171364
0.0144957
-0.000155758
0.0144803
-0.00014015
0.0144659
-0.000124547
0.0144527
-0.00010895
0.0144407
-9.33623e-05
0.01443
-7.77838e-05
0.0144208
-6.22143e-05
0.014413
-4.66529e-05
0.0144067
-3.1098e-05
0.0144019
-1.55478e-05
0.0143987
0.0143971
-0.000424703
0.0137815
0.000427862
-0.000416598
0.0142237
-0.000405648
0.0144768
-0.000393203
0.0146064
-0.000379983
0.0146633
-0.00036631
0.0146813
-0.000352312
0.0146801
-0.000338042
0.01467
-0.000323532
0.0146558
-0.000308809
0.0146397
-0.000293902
0.0146225
-0.000278839
0.0146046
-0.000263647
0.0145864
-0.000248352
0.0145679
-0.000232976
0.0145496
-0.000217538
0.0145314
-0.000202054
0.0145137
-0.000186536
0.0144966
-0.000170997
0.0144802
-0.000155444
0.0144648
-0.000139885
0.0144504
-0.000124324
0.0144371
-0.000108765
0.0144251
-9.32113e-05
0.0144145
-7.76631e-05
0.0144052
-6.21211e-05
0.0143974
-4.6585e-05
0.0143911
-3.10537e-05
0.0143864
-1.5526e-05
0.0143832
0.0143816
-0.000421424
0.0137786
0.00042437
-0.000413592
0.0142158
-0.000402931
0.0144661
-0.000390767
0.0145943
-0.000377806
0.0146504
-0.000364368
0.0146679
-0.000350583
0.0146664
-0.000336506
0.0146559
-0.000322169
0.0146415
-0.000307602
0.0146251
-0.000292835
0.0146077
-0.000277898
0.0145897
-0.00026282
0.0145713
-0.000247627
0.0145528
-0.000232342
0.0145343
-0.000216986
0.014516
-0.000201574
0.0144983
-0.000186122
0.0144811
-0.000170641
0.0144647
-0.00015514
0.0144493
-0.000139626
0.0144349
-0.000124106
0.0144216
-0.000108584
0.0144096
-9.30628e-05
0.014399
-7.75441e-05
0.0143897
-6.20291e-05
0.0143819
-4.65177e-05
0.0143756
-3.10097e-05
0.0143709
-1.55041e-05
0.0143677
0.0143661
-0.000418328
0.0137759
0.000421066
-0.000410757
0.0142083
-0.000400371
0.0144557
-0.000388472
0.0145824
-0.000375755
0.0146376
-0.000362539
0.0146547
-0.000348953
0.0146528
-0.000335055
0.014642
-0.000320879
0.0146273
-0.000306458
0.0146107
-0.000291822
0.014593
-0.000277003
0.0145748
-0.000262031
0.0145563
-0.000246934
0.0145377
-0.000231735
0.0145191
-0.000216455
0.0145008
-0.000201112
0.0144829
-0.000185722
0.0144657
-0.000170295
0.0144493
-0.000154843
0.0144338
-0.000139374
0.0144194
-0.000123893
0.0144061
-0.000108406
0.0143941
-9.29167e-05
0.0143835
-7.74268e-05
0.0143742
-6.19381e-05
0.0143664
-4.64512e-05
0.0143601
-3.09662e-05
0.0143554
-1.54829e-05
0.0143522
0.0143506
-0.000415445
0.0137733
0.000417987
-0.000408119
0.0142009
-0.00039799
0.0144456
-0.000386337
0.0145707
-0.000373848
0.0146252
-0.000360836
0.0146417
-0.000347435
0.0146394
-0.000333702
0.0146283
-0.000319676
0.0146133
-0.000305389
0.0145964
-0.000290874
0.0145785
-0.000276164
0.0145601
-0.00026129
0.0145414
-0.000246281
0.0145226
-0.000231162
0.014504
-0.000215953
0.0144856
-0.000200675
0.0144676
-0.000185341
0.0144504
-0.000169966
0.0144339
-0.00015456
0.0144184
-0.000139132
0.014404
-0.000123689
0.0143907
-0.000108235
0.0143787
-9.27757e-05
0.014368
-7.73134e-05
0.0143588
-6.185e-05
0.014351
-4.63866e-05
0.0143447
-3.09238e-05
0.0143399
-1.54615e-05
0.0143367
0.0143352
-0.000412759
0.013771
0.00041511
-0.000405665
0.0141938
-0.00039578
0.0144357
-0.000384357
0.0145593
-0.000372078
0.0146129
-0.000359255
0.0146288
-0.000346023
0.0146261
-0.000332443
0.0146147
-0.000318553
0.0145994
-0.000304388
0.0145822
-0.000289984
0.0145641
-0.000275375
0.0145455
-0.000260591
0.0145267
-0.000245664
0.0145077
-0.000230618
0.0144889
-0.000215476
0.0144704
-0.000200256
0.0144524
-0.000184977
0.0144351
-0.00016965
0.0144186
-0.000154287
0.014403
-0.000138898
0.0143886
-0.00012349
0.0143753
-0.000108068
0.0143633
-9.2638e-05
0.0143526
-7.72023e-05
0.0143433
-6.17635e-05
0.0143355
-4.63231e-05
0.0143292
-3.08823e-05
0.0143245
-1.54414e-05
0.0143213
0.0143197
-0.000410324
0.0137688
0.000412501
-0.000403442
0.014187
-0.000393775
0.0144261
-0.000382562
0.0145481
-0.000370472
0.0146008
-0.000357821
0.0146162
-0.000344741
0.0146131
-0.000331297
0.0146013
-0.00031753
0.0145856
-0.000303477
0.0145682
-0.000289173
0.0145498
-0.000274653
0.014531
-0.000259951
0.014512
-0.000245097
0.0144929
-0.000230117
0.0144739
-0.000215035
0.0144553
-0.00019987
0.0144373
-0.000184639
0.0144199
-0.000169356
0.0144033
-0.000154033
0.0143877
-0.00013868
0.0143732
-0.000123304
0.0143599
-0.000107912
0.0143479
-9.25086e-05
0.0143372
-7.70977e-05
0.0143279
-6.16819e-05
0.0143201
-4.62632e-05
0.0143138
-3.08426e-05
0.0143091
-1.5421e-05
0.0143059
0.0143043
-0.000408089
0.0137668
0.000410098
-0.000401408
0.0141803
-0.000391947
0.0144166
-0.000380925
0.0145371
-0.000369009
0.0145889
-0.000356511
0.0146037
-0.000343567
0.0146001
-0.000330245
0.014588
-0.000316588
0.014572
-0.000302633
0.0145542
-0.000288418
0.0145356
-0.00027398
0.0145166
-0.000259351
0.0144973
-0.000244564
0.0144781
-0.000229644
0.014459
-0.000214617
0.0144403
-0.000199501
0.0144221
-0.000184315
0.0144047
-0.000169073
0.0143881
-0.000153787
0.0143724
-0.000138467
0.0143579
-0.000123122
0.0143446
-0.000107759
0.0143325
-9.23814e-05
0.0143218
-7.69945e-05
0.0143125
-6.16012e-05
0.0143047
-4.62038e-05
0.0142984
-3.08038e-05
0.0142937
-1.54029e-05
0.0142905
0.0142889
-0.000406158
0.0137649
0.000408025
-0.000399646
0.0141738
-0.00039036
0.0144073
-0.000379504
0.0145262
-0.000367737
0.0145771
-0.000355372
0.0145913
-0.000342547
0.0145873
-0.00032933
0.0145747
-0.000315767
0.0145584
-0.000301898
0.0145403
-0.00028776
0.0145215
-0.000273391
0.0145022
-0.000258826
0.0144828
-0.000244096
0.0144633
-0.000229229
0.0144441
-0.000214249
0.0144253
-0.000199176
0.0144071
-0.000184029
0.0143895
-0.000168823
0.0143729
-0.000153569
0.0143572
-0.000138279
0.0143426
-0.000122961
0.0143292
-0.000107622
0.0143172
-9.2268e-05
0.0143064
-7.69025e-05
0.0142972
-6.15292e-05
0.0142893
-4.61506e-05
0.014283
-3.07684e-05
0.0142783
-1.53835e-05
0.0142751
0.0142735
-0.00040441
0.0137632
0.000406138
-0.000398061
0.0141674
-0.00038894
0.0143982
-0.000378234
0.0145155
-0.000366598
0.0145655
-0.000354346
0.0145791
-0.000341622
0.0145746
-0.000328495
0.0145616
-0.000315013
0.0145449
-0.000301216
0.0145265
-0.000287145
0.0145074
-0.000272837
0.0144879
-0.000258327
0.0144683
-0.000243648
0.0144487
-0.000228828
0.0144293
-0.00021389
0.0144104
-0.000198857
0.014392
-0.000183747
0.0143744
-0.000168573
0.0143577
-0.000153351
0.014342
-0.000138089
0.0143273
-0.000122797
0.0143139
-0.000107483
0.0143018
-9.21512e-05
0.0142911
-7.68072e-05
0.0142818
-6.14543e-05
0.014274
-4.60953e-05
0.0142677
-3.07323e-05
0.0142629
-1.53679e-05
0.0142597
0.0142581
-0.000403042
0.0137616
0.000404676
-0.000396812
0.0141612
-0.000387815
0.0143892
-0.000377226
0.0145049
-0.000365694
0.0145539
-0.000353534
0.0145669
-0.00034089
0.0145619
-0.000327835
0.0145486
-0.000314417
0.0145315
-0.000300679
0.0145128
-0.000286661
0.0144934
-0.000272401
0.0144736
-0.000257935
0.0144538
-0.000243296
0.014434
-0.000228513
0.0144145
-0.000213609
0.0143955
-0.000198607
0.014377
-0.000183525
0.0143593
-0.000168378
0.0143425
-0.000153179
0.0143268
-0.00013794
0.0143121
-0.000122669
0.0142987
-0.000107373
0.0142865
-9.20597e-05
0.0142758
-7.67325e-05
0.0142665
-6.13956e-05
0.0142586
-4.60518e-05
0.0142523
-3.07032e-05
0.0142476
-1.53496e-05
0.0142444
0.0142428
-0.000401811
0.01376
0.000403345
-0.000395694
0.0141551
-0.000386819
0.0143803
-0.000376329
0.0144944
-0.000364882
0.0145425
-0.000352793
0.0145548
-0.000340211
0.0145493
-0.000327211
0.0145356
-0.000313843
0.0145181
-0.000300151
0.0144991
-0.000286175
0.0144794
-0.000271956
0.0144594
-0.000257528
0.0144394
-0.000242925
0.0144194
-0.000228174
0.0143998
-0.000213302
0.0143806
-0.00019833
0.0143621
-0.000183275
0.0143443
-0.000168154
0.0143274
-0.000152981
0.0143116
-0.000137765
0.0142969
-0.000122516
0.0142834
-0.000107242
0.0142713
-9.1949e-05
0.0142605
-7.66415e-05
0.0142512
-6.13235e-05
0.0142433
-4.59983e-05
0.014237
-3.0668e-05
0.0142322
-1.53372e-05
0.014229
0.0142275
-0.000401067
0.0137585
0.000402577
-0.000395017
0.014149
-0.000386211
0.0143715
-0.000375781
0.014484
-0.000364389
0.0145311
-0.000352348
0.0145428
-0.000339807
0.0145368
-0.000326843
0.0145226
-0.000313508
0.0145048
-0.000299846
0.0144854
-0.000285898
0.0144655
-0.000271703
0.0144452
-0.000257299
0.014425
-0.000242717
0.0144048
-0.000227987
0.0143851
-0.000213133
0.0143658
-0.000198178
0.0143471
-0.00018314
0.0143292
-0.000168034
0.0143123
-0.000152874
0.0142964
-0.000137671
0.0142817
-0.000122435
0.0142682
-0.000107173
0.014256
-9.18905e-05
0.0142452
-7.65935e-05
0.0142359
-6.12857e-05
0.014228
-4.59702e-05
0.0142217
-3.06498e-05
0.0142169
-1.53215e-05
0.0142137
0.0142121
-0.000400357
0.000401849
-0.000394398
-0.000385617
-0.000375243
-0.000363881
-0.000351864
-0.000339342
-0.000326396
-0.000313078
-0.000299435
-0.000285506
-0.000271332
-0.000256948
-0.000242387
-0.000227679
-0.000212846
-0.000197913
-0.000182896
-0.000167811
-0.000152672
-0.000137491
-0.000122275
-0.000107033
-9.17715e-05
-7.64947e-05
-6.12069e-05
-4.59112e-05
-3.06101e-05
-1.53094e-05
0.00904441
0.000237916
0.00903703
0.000254483
0.00903169
0.000270619
0.00902828
0.000286331
0.00902669
0.000301622
0.00902682
0.000316492
0.00902858
0.000330941
0.00903186
0.000344965
0.00903657
0.000358563
0.00904263
0.000371729
0.00904995
0.000384457
0.00905846
0.000396742
0.00906808
0.000408576
0.00907874
0.000419953
0.00909038
0.000430866
0.00910292
0.000441307
0.00911632
0.000451269
0.00913051
0.000460746
0.00914544
0.000469732
0.00916106
0.000478221
0.00917733
0.000486208
0.0091942
0.00049369
0.00921163
0.000500663
0.00922958
0.000507126
0.00924802
0.000513079
0.0092669
0.000518522
0.00928621
0.000523456
0.0093059
0.000527884
0.00932595
0.00053181
0.00934634
0.00053524
0.00936703
0.00053818
0.00938801
0.000540638
0.00940926
0.000542623
0.00943075
0.000544145
0.00945247
0.000545215
0.0094744
0.000545846
0.00949652
0.000546052
0.00951881
0.000545846
0.00954126
0.000545244
0.00956386
0.000544261
0.00958659
0.000542914
0.00960944
0.00054122
0.00963239
0.000539195
0.00965543
0.000536859
0.00967856
0.000534228
0.00970176
0.000531321
0.00972502
0.000528156
0.00974833
0.000524752
0.00977169
0.000521128
0.00979509
0.000517302
0.00981852
0.000513291
0.00984196
0.000509115
0.00986543
0.000504791
0.00988891
0.000500337
0.00991239
0.000495771
0.00993588
0.000491108
0.00995937
0.000486367
0.00998285
0.000481564
0.0100063
0.000476714
0.0100298
0.000471832
0.0100532
0.000466936
0.0100767
0.000462038
0.0101001
0.000457154
0.0101235
0.000452297
0.0101469
0.000447482
0.0101703
0.000442722
0.0101937
0.00043803
0.0102171
0.000433419
0.0102405
0.000428901
0.0102638
0.00042449
0.0102872
0.000420197
0.0103106
0.000416036
0.010334
0.000412017
0.0103574
0.000408156
0.0103808
0.00040446
0.0104042
0.000400951
0.0104276
0.000397627
0.0104511
0.000394524
0.0104746
0.000391622
0.0104981
0.000388987
0.0105216
0.000386555
0.0105452
0.000384458
0.0105688
0.00038254
0.0105924
0.000381067
0.010616
0.000379708
0.0106397
0.000378953
0.000378357
0.00808658
0.000222209
0.00808767
0.000236824
0.00809101
0.000251147
0.00809645
0.000265181
0.00810385
0.000278923
0.0081131
0.000292372
0.00812408
0.00030552
0.00813665
0.000318362
0.00815073
0.000330889
0.0081662
0.000343093
0.00818296
0.000354964
0.00820093
0.000366493
0.00822
0.000377667
0.0082401
0.000388478
0.00826114
0.000398912
0.00828305
0.000408959
0.00830575
0.000418608
0.00832917
0.000427848
0.00835325
0.000436669
0.00837792
0.00044506
0.00840313
0.000453014
0.00842881
0.000460521
0.00845493
0.000467574
0.00848143
0.000474168
0.00850826
0.000480297
0.00853538
0.000485958
0.00856275
0.000491148
0.00859034
0.000495867
0.00861811
0.000500116
0.00864602
0.000503895
0.00867405
0.00050721
0.00870217
0.000510062
0.00873035
0.00051246
0.00875856
0.000514409
0.00878679
0.000515917
0.00881501
0.000516995
0.0088432
0.000517653
0.00887135
0.000517903
0.00889944
0.000517758
0.00892745
0.000517231
0.00895538
0.000516337
0.0089832
0.000515091
0.00901091
0.000513508
0.0090385
0.000511606
0.00906596
0.000509399
0.00909328
0.000506907
0.00912046
0.000504145
0.00914748
0.000501131
0.00917435
0.000497884
0.00920106
0.000494421
0.0092276
0.000490759
0.00925398
0.000486916
0.00928018
0.000482909
0.00930622
0.000478756
0.00933208
0.000474474
0.00935777
0.00047008
0.00938329
0.000465589
0.00940864
0.000461019
0.00943382
0.000456385
0.00945883
0.000451701
0.00948368
0.000446984
0.00950837
0.000442248
0.0095329
0.000437507
0.00955727
0.000432776
0.0095815
0.000428067
0.00960559
0.000423394
0.00962954
0.00041877
0.00965337
0.000414208
0.00967707
0.00040972
0.00970065
0.000405318
0.00972412
0.000401015
0.0097475
0.000396822
0.00977078
0.000392752
0.00979398
0.000388816
0.00981711
0.000385029
0.00984017
0.000381399
0.00986318
0.000377944
0.00988614
0.000374669
0.00990906
0.000371602
0.00993195
0.000368733
0.00995482
0.000366117
0.00997767
0.000363704
0.0100005
0.000361616
0.0100233
0.000359705
0.0100462
0.000358241
0.010069
0.000356887
0.0100918
0.000356154
0.000355535
0.00674432
0.000210908
0.00675791
0.00022323
0.00677367
0.000235392
0.00679146
0.000247391
0.00681116
0.000259221
0.00683266
0.000270874
0.00685584
0.000282341
0.00688059
0.00029361
0.00690681
0.00030467
0.00693439
0.00031551
0.00696324
0.000326116
0.00699326
0.000336475
0.00702435
0.000346571
0.00705644
0.000356392
0.00708943
0.000365923
0.00712324
0.000375148
0.00715779
0.000384054
0.00719301
0.000392628
0.00722883
0.000400854
0.00726516
0.000408721
0.00730196
0.000416216
0.00733915
0.000423328
0.00737668
0.000430045
0.00741449
0.00043636
0.00745252
0.000442264
0.00749073
0.000447751
0.00752906
0.000452817
0.00756747
0.000457458
0.00760591
0.000461672
0.00764435
0.000465458
0.00768275
0.000468816
0.00772106
0.000471748
0.00775926
0.000474259
0.00779732
0.000476351
0.0078352
0.000478033
0.00787289
0.00047931
0.00791035
0.000480191
0.00794757
0.000480686
0.00798452
0.000480806
0.00802119
0.000480562
0.00805756
0.000479968
0.00809361
0.000479036
0.00812934
0.00047778
0.00816473
0.000476216
0.00819977
0.000474358
0.00823446
0.000472221
0.00826878
0.000469823
0.00830273
0.000467179
0.00833631
0.000464305
0.00836951
0.000461218
0.00840234
0.000457934
0.00843478
0.000454471
0.00846685
0.000450844
0.00849854
0.000447069
0.00852985
0.000443164
0.00856078
0.000439143
0.00859135
0.000435022
0.00862155
0.000430817
0.0086514
0.000426542
0.00868089
0.000422212
0.00871003
0.000417842
0.00873883
0.000413445
0.0087673
0.000409035
0.00879545
0.000404626
0.00882329
0.000400229
0.00885083
0.000395859
0.00887807
0.000391526
0.00890503
0.000387244
0.00893173
0.000383024
0.00895817
0.000378878
0.00898437
0.000374818
0.00901033
0.000370854
0.00903609
0.000366999
0.00906164
0.000363265
0.009087
0.000359663
0.0091122
0.000356204
0.00913724
0.000352904
0.00916214
0.000349772
0.00918691
0.000346828
0.00921157
0.000344073
0.00923614
0.000341548
0.00926062
0.000339223
0.00928504
0.000337197
0.00930939
0.000335352
0.0093337
0.000333934
0.00935797
0.000332613
0.0093822
0.000331925
0.000331349
0.00513304
0.000177067
0.00515654
0.000187416
0.00518206
0.000197709
0.00520951
0.000207939
0.0052388
0.000218099
0.00526984
0.000228183
0.00530253
0.00023818
0.0053368
0.000248079
0.00537254
0.000257869
0.00540967
0.000267536
0.00544811
0.000277067
0.00548778
0.000286447
0.0055286
0.000295661
0.00557048
0.000304693
0.00561334
0.000313528
0.00565711
0.00032215
0.00570172
0.000330544
0.00574708
0.000338692
0.00579313
0.00034658
0.00583979
0.000354192
0.005887
0.000361514
0.00593468
0.000368532
0.00598278
0.00037523
0.00603123
0.000381597
0.00607996
0.000387624
0.00612893
0.000393301
0.00617806
0.000398619
0.0062273
0.000403572
0.00627661
0.000408153
0.00632592
0.000412358
0.00637519
0.000416184
0.00642438
0.00041963
0.00647344
0.000422693
0.00652232
0.000425377
0.00657099
0.000427682
0.00661941
0.000429612
0.00666754
0.000431174
0.00671536
0.000432371
0.00676284
0.000433213
0.00680993
0.000433708
0.00685663
0.000433864
0.00690291
0.000433693
0.00694874
0.000433206
0.0069941
0.000432414
0.00703899
0.00043133
0.00708338
0.000429967
0.00712726
0.000428339
0.00717063
0.000426461
0.00721346
0.000424345
0.00725576
0.000422008
0.00729751
0.000419464
0.00733872
0.000416728
0.00737937
0.000413815
0.00741948
0.000410739
0.00745903
0.000407516
0.00749803
0.00040416
0.00753649
0.000400687
0.0075744
0.000397109
0.00761178
0.000393442
0.00764862
0.000389699
0.00768494
0.000385894
0.00772074
0.00038204
0.00775604
0.00037815
0.00779084
0.000374236
0.00782515
0.000370311
0.00785899
0.000366387
0.00789237
0.000362476
0.00792531
0.000358589
0.00795782
0.000354738
0.00798991
0.000350933
0.0080216
0.000347186
0.00805291
0.000343508
0.00808386
0.000339909
0.00811446
0.0003364
0.00814473
0.000332992
0.00817469
0.000329697
0.00820437
0.000326526
0.00823378
0.000323491
0.00826295
0.000320605
0.0082919
0.000317883
0.00832064
0.000315334
0.0083492
0.000312984
0.00837759
0.000310829
0.00840586
0.00030893
0.00843399
0.000307222
0.00846203
0.000305893
0.00848998
0.000304665
0.00851784
0.000304068
0.000303562
0.00341002
0.000138484
0.00344012
0.000146967
0.00347207
0.00015546
0.00350582
0.000163958
0.00354131
0.000172455
0.00357846
0.000180944
0.00361723
0.000189416
0.00365755
0.000197862
0.00369936
0.000206272
0.00374259
0.000214634
0.00378719
0.000222935
0.0038331
0.000231162
0.00388024
0.000239301
0.00392856
0.000247338
0.003978
0.000255257
0.00402849
0.000263043
0.00407996
0.00027068
0.00413235
0.000278153
0.00418559
0.000285447
0.00423963
0.000292546
0.00429438
0.000299435
0.0043498
0.0003061
0.0044058
0.000312526
0.00446235
0.000318687
0.00451936
0.000324583
0.00457678
0.000330203
0.00463455
0.000335536
0.0046926
0.000340571
0.00475087
0.000345301
0.0048093
0.000349718
0.00486784
0.000353816
0.00492644
0.000357591
0.00498503
0.000361039
0.00504357
0.000364157
0.005102
0.000366946
0.00516027
0.000369404
0.00521835
0.000371534
0.00527619
0.000373338
0.00533374
0.000374821
0.00539096
0.000375988
0.00544783
0.000376845
0.00550429
0.000377398
0.00556033
0.000377657
0.00561591
0.000377629
0.00567099
0.000377325
0.00572557
0.000376755
0.00577961
0.000375929
0.00583309
0.00037486
0.00588599
0.000373558
0.0059383
0.000372037
0.00599
0.000370308
0.00604108
0.000368384
0.00609153
0.000366279
0.00614134
0.000364005
0.0061905
0.000361575
0.00623901
0.000359002
0.00628687
0.0003563
0.00633408
0.00035348
0.00638063
0.000350556
0.00642654
0.00034754
0.00647179
0.000344445
0.0065164
0.000341282
0.00656038
0.000338063
0.00660373
0.0003348
0.00664646
0.000331504
0.00668858
0.000328187
0.00673011
0.000324858
0.00677106
0.000321529
0.00681144
0.00031821
0.00685127
0.000314911
0.00689056
0.000311643
0.00692933
0.000308414
0.0069676
0.000305235
0.00700539
0.000302116
0.00704273
0.000299067
0.00707962
0.000296097
0.0071161
0.000293218
0.00715219
0.000290439
0.00718791
0.000287772
0.00722328
0.000285229
0.00725834
0.000282821
0.00729311
0.000280566
0.00732762
0.000278473
0.00736189
0.000276565
0.00739596
0.000274861
0.00742982
0.00027336
0.00746355
0.000272162
0.00749712
0.000271098
0.00753057
0.000270618
0.000270175
0.00174836
0.000106274
0.00178229
0.000113038
0.00181791
0.000119842
0.00185518
0.000126681
0.00189409
0.00013355
0.00193459
0.000140444
0.00197665
0.000147355
0.00202023
0.000154275
0.00206531
0.000161196
0.00211184
0.000168107
0.00215977
0.000174998
0.00220908
0.000181856
0.00225971
0.00018867
0.00231162
0.000195427
0.00236477
0.000202113
0.00241909
0.000208716
0.00247455
0.000215221
0.00253109
0.000221615
0.00258865
0.000227884
0.00264719
0.000234015
0.00270663
0.000239995
0.00276691
0.000245815
0.00282798
0.000251458
0.00288981
0.000256857
0.00295232
0.000262068
0.00301545
0.000267073
0.00307914
0.000271852
0.00314331
0.000276396
0.00320792
0.000280697
0.00327289
0.000284746
0.00333817
0.000288537
0.00340369
0.000292065
0.00346941
0.000295325
0.00353525
0.000298315
0.00360116
0.000301032
0.00366709
0.000303474
0.00373298
0.000305642
0.00379879
0.000307537
0.00386445
0.000309161
0.00392992
0.000310518
0.00399515
0.000311612
0.0040601
0.000312448
0.00412472
0.000313031
0.00418898
0.000313368
0.00425284
0.000313467
0.00431626
0.000313335
0.00437921
0.00031298
0.00444166
0.000312413
0.00450358
0.000311642
0.00456494
0.000310676
0.00462572
0.000309527
0.0046859
0.000308205
0.00474546
0.000306719
0.00480438
0.000305081
0.00486265
0.000303301
0.00492027
0.00030139
0.00497721
0.00029936
0.00503347
0.00029722
0.00508904
0.000294981
0.00514393
0.000292654
0.00519813
0.000290249
0.00525163
0.000287776
0.00530445
0.000285245
0.00535658
0.000282667
0.00540804
0.000280051
0.00545882
0.000277405
0.00550894
0.00027474
0.0055584
0.000272065
0.00560722
0.000269387
0.00565542
0.000266717
0.005703
0.000264063
0.00574998
0.000261432
0.00579638
0.000258834
0.00584222
0.000256278
0.00588752
0.00025377
0.00593229
0.000251321
0.00597657
0.00024894
0.00602038
0.000246635
0.00606373
0.000244416
0.00610667
0.000242294
0.00614921
0.00024028
0.00619138
0.000238389
0.00623323
0.000236628
0.00627477
0.000235027
0.00631605
0.000233582
0.00635706
0.000232345
0.00639791
0.000231318
0.00643852
0.000230482
0.00647902
0.00023012
0.000229707
0.000234347
7.46749e-05
0.00026761
7.97749e-05
0.000302529
8.49233e-05
0.000339093
9.01174e-05
0.00037729
9.53534e-05
0.000417107
0.000100627
0.000458529
0.000105932
0.000501541
0.000111264
0.000546122
0.000116615
0.000592253
0.000121976
0.000639911
0.00012734
0.000689069
0.000132697
0.000739701
0.000138038
0.000791775
0.000143353
0.000845258
0.00014863
0.000900114
0.00015386
0.000956305
0.000159031
0.00101379
0.000164132
0.00107252
0.000169154
0.00113245
0.000174085
0.00119353
0.000178916
0.0012557
0.000183647
0.00131888
0.00018827
0.00138315
0.000192593
0.00144834
0.000196874
0.00151441
0.000201001
0.0015813
0.000204961
0.00164895
0.000208746
0.0017173
0.00021235
0.00178628
0.000215764
0.00185584
0.000218984
0.0019259
0.000222004
0.0019964
0.000224819
0.00206729
0.000227427
0.0021385
0.000229824
0.00220996
0.000232009
0.00228163
0.00023398
0.00235343
0.000235734
0.00242531
0.000237279
0.00249722
0.000238614
0.00256909
0.000239742
0.00264087
0.000240665
0.00271251
0.000241387
0.00278397
0.000241913
0.00285519
0.000242247
0.00292612
0.000242397
0.00299674
0.000242367
0.00306699
0.000242164
0.00313683
0.000241796
0.00320624
0.00024127
0.00327517
0.000240593
0.00334361
0.000239773
0.00341151
0.000238818
0.00347885
0.000237736
0.00354562
0.000236536
0.00361178
0.000235226
0.00367732
0.000233815
0.00374223
0.00023231
0.0038065
0.00023072
0.0038701
0.000229053
0.00393303
0.000227317
0.00399528
0.000225521
0.00405686
0.000223672
0.00411775
0.000221778
0.00417795
0.000219847
0.00423747
0.000217886
0.00429631
0.000215902
0.00435447
0.000213903
0.00441196
0.000211895
0.00446879
0.000209886
0.00452497
0.000207883
0.00458051
0.000205892
0.00463543
0.000203919
0.00468973
0.000201973
0.00474344
0.000200059
0.00479658
0.000198184
0.00484917
0.000196356
0.00490122
0.000194583
0.00495276
0.000192871
0.00500383
0.00019123
0.00505444
0.000189669
0.00510463
0.0001882
0.00515442
0.00018683
0.00520386
0.000185586
0.00525299
0.00018446
0.00530181
0.000183519
0.00535042
0.00018271
0.00539876
0.000182145
0.005447
0.000181879
0.000181466
-0.00106389
4.28998e-05
-0.0010355
4.62864e-05
-0.00100544
4.97154e-05
-0.000973707
5.3186e-05
-0.000940286
5.66966e-05
-0.000905178
6.0245e-05
-0.000868379
6.38285e-05
-0.00082989
6.74433e-05
-0.000789712
7.10856e-05
-0.000747848
7.47505e-05
-0.000704304
7.84326e-05
-0.000659091
8.21263e-05
-0.000612219
8.58252e-05
-0.000563703
8.95224e-05
-0.000513561
9.3211e-05
-0.000461815
9.68835e-05
-0.000408487
0.000100532
-0.000353606
0.00010415
-0.000297202
0.000107728
-0.000239307
0.000111259
-0.000179958
0.000114736
-0.000119195
0.000118152
-5.7046e-05
0.000121498
6.45029e-06
0.000124773
7.09877e-05
0.000128056
0.000136781
0.00013108
0.00020376
0.000134022
0.000271851
0.00013687
0.000340991
0.000139606
0.000411116
0.000142224
0.000482163
0.000144718
0.000554066
0.000147081
0.00062676
0.000149311
0.000700176
0.000151402
0.00077425
0.000153353
0.000848913
0.000155161
0.000924098
0.000156825
0.000999743
0.000158335
0.00107579
0.000159691
0.00115215
0.00016091
0.00122879
0.000161983
0.00130562
0.000162911
0.00138259
0.000163695
0.00145964
0.000164338
0.00153671
0.000164841
0.00161375
0.00016521
0.00169069
0.000165448
0.0017675
0.000165559
0.00184412
0.000165547
0.0019205
0.000165417
0.0019966
0.000165173
0.00207237
0.000164821
0.00214777
0.000164366
0.00222278
0.000163814
0.00229734
0.00016317
0.00237144
0.00016244
0.00244504
0.00016163
0.00251811
0.000160746
0.00259062
0.000159793
0.00266257
0.000158777
0.00273391
0.000157704
0.00280465
0.00015658
0.00287476
0.00015541
0.00294423
0.0001542
0.00301306
0.000152956
0.00308122
0.000151682
0.00314872
0.000150384
0.00321556
0.000149067
0.00328172
0.000147737
0.00334722
0.000146397
0.00341205
0.000145054
0.00347622
0.000143712
0.00353974
0.000142375
0.00360261
0.000141048
0.00366485
0.000139737
0.00372646
0.000138445
0.00378747
0.000137178
0.00384788
0.000135941
0.00390773
0.000134739
0.00396702
0.000133577
0.00402579
0.000132462
0.00408406
0.0001314
0.00414186
0.000130401
0.00419922
0.00012947
0.00425618
0.000128625
0.00431277
0.000127864
0.00436905
0.00012724
0.00442506
0.000126699
0.00448081
0.000126399
0.00453647
0.000126216
0.000125839
-0.00198508
2.00458e-05
-0.00196053
2.17387e-05
-0.00193427
2.34564e-05
-0.00190629
2.5199e-05
-0.00187656
2.69658e-05
-0.00184507
2.87561e-05
-0.00181181
3.05685e-05
-0.00177676
3.24014e-05
-0.00173993
3.4253e-05
-0.0017013
3.61208e-05
-0.00166087
3.80024e-05
-0.00161864
3.98949e-05
-0.00157461
4.17949e-05
-0.00152879
4.36991e-05
-0.00148118
4.56039e-05
-0.0014318
4.75053e-05
-0.00138067
4.93996e-05
-0.0013278
5.12825e-05
-0.00127322
5.315e-05
-0.00121696
5.49982e-05
-0.00115905
5.68232e-05
-0.00109952
5.86208e-05
-0.00103841
6.03864e-05
-0.000975759
6.21246e-05
-0.000911541
6.38381e-05
-0.000845914
6.54539e-05
-0.000778913
6.7021e-05
-0.000710584
6.85407e-05
-0.000640983
7.00049e-05
-0.000570168
7.14091e-05
-0.0004982
7.27499e-05
-0.000425143
7.40242e-05
-0.000351061
7.52291e-05
-0.000276022
7.63625e-05
-0.000200091
7.74224e-05
-0.000123337
7.8407e-05
-4.58281e-05
7.93157e-05
3.23539e-05
8.01525e-05
0.000111132
8.09131e-05
0.000190456
8.15855e-05
0.000270258
8.21812e-05
0.000350467
8.27014e-05
0.000431015
8.31471e-05
0.000511836
8.35177e-05
0.00059287
8.38061e-05
0.00067405
8.40303e-05
0.000755313
8.41847e-05
0.000836602
8.42701e-05
0.00091786
8.42893e-05
0.000999031
8.4245e-05
0.00108006
8.41399e-05
0.00116091
8.39768e-05
0.00124152
8.37586e-05
0.00132184
8.34882e-05
0.00140184
8.31687e-05
0.00148148
8.28033e-05
0.00156071
8.23951e-05
0.00163951
8.19474e-05
0.00171784
8.14635e-05
0.00179567
8.09464e-05
0.00187298
8.03992e-05
0.00194973
7.98251e-05
0.00202591
7.92272e-05
0.00210151
7.86086e-05
0.00217649
7.79722e-05
0.00225085
7.7321e-05
0.00232458
7.66578e-05
0.00239766
7.59855e-05
0.00247009
7.53066e-05
0.00254186
7.4624e-05
0.00261298
7.39402e-05
0.00268343
7.32578e-05
0.00275322
7.25792e-05
0.00282237
7.1907e-05
0.00289086
7.12436e-05
0.00295871
7.05915e-05
0.00302594
6.99532e-05
0.00309255
6.93313e-05
0.00315856
6.87285e-05
0.00322399
6.81477e-05
0.00328886
6.75921e-05
0.00335319
6.70652e-05
0.00341702
6.65714e-05
0.00348038
6.61148e-05
0.0035433
6.57039e-05
0.00360582
6.53401e-05
0.00366801
0.0037299
0.00379158
0.00385315
-0.00247301
-0.00245095
-0.00242715
-0.00240158
-0.00237423
-0.00234508
-0.00231411
-0.0022813
-0.00224663
-0.0022101
-0.0021717
-0.00213142
-0.00208926
-0.00204522
-0.0019993
-0.0019515
-0.00190186
-0.00185036
-0.00179705
-0.00174193
-0.00168504
-0.00162641
-0.00156606
-0.00150403
-0.00144035
-0.00137511
-0.00130835
-0.00124014
-0.00117051
-0.00109953
-0.00102726
-0.000953768
-0.00087911
-0.000803357
-0.000726579
-0.000648845
-0.000570227
-0.000490789
-0.000410604
-0.000329753
-0.000248306
-0.000166334
-8.3905e-05
-1.08797e-06
8.20419e-05
0.000165425
0.000248995
0.000332691
0.000416449
0.000500212
0.000583921
0.000667522
0.000750963
0.000834193
0.000917167
0.00099984
0.00108217
0.00116411
0.00124564
0.00132671
0.0014073
0.00148738
0.00156691
0.00164588
0.00172427
0.00180206
0.00187923
0.00195577
0.00203167
0.00210692
0.00218152
0.00225545
0.00232873
0.00240135
0.00247331
0.00254462
0.00261529
0.00268534
0.00275477
0.0028236
0.00289185
0.00295955
0.00302672
0.00309339
0.00315961
)
;

boundaryField
{
    inlet
    {
        type            calculated;
        value           nonuniform 0();
    }
    outlet
    {
        type            calculated;
        value           nonuniform List<scalar> 
39
(
0.0106631
0.0101146
0.00940639
0.00854562
0.00756395
0.00651949
0.00549524
0.0045921
0.00391456
0.013757
0.0141431
0.0143627
0.0144736
0.0145197
0.0145308
0.0145243
0.0145096
0.0144915
0.0144718
0.0144515
0.014431
0.0144106
0.0143903
0.0143703
0.0143509
0.0143322
0.0143142
0.0142972
0.0142813
0.0142665
0.014253
0.0142408
0.01423
0.0142206
0.0142127
0.0142064
0.0142016
0.0141984
0.0141968
)
;
    }
    cylinder
    {
        type            calculated;
        value           nonuniform 0();
    }
    top
    {
        type            symmetryPlane;
        value           nonuniform 0();
    }
    bottom
    {
        type            symmetryPlane;
        value           uniform 0;
    }
    defaultFaces
    {
        type            empty;
        value           nonuniform 0();
    }
    procBoundary1to0
    {
        type            processor;
        value           nonuniform List<scalar> 
44
(
-0.0147392
-0.015771
-0.0162315
-0.0163756
-0.0163763
-0.016322
-0.0162508
-0.0161767
-0.016104
-0.0160337
-0.0159659
-0.0159003
-0.0158369
-0.0157761
-0.0157179
-0.0156626
-0.0156104
-0.0155615
-0.0155159
-0.0154739
-0.0154354
-0.0154006
-0.0153696
-0.0153424
-0.0153189
-0.0152994
-0.0152837
-0.0152719
-0.0152641
-0.0152602
-0.00905395
-0.000220908
-0.00808788
-0.00673302
-0.000198433
-0.00511168
-0.000166669
-0.00338183
-0.00171615
-0.000202748
-6.96248e-05
0.00109062
0.00200793
0.00249336
)
;
    }
    procBoundary1to3
    {
        type            processor;
        value           nonuniform List<scalar> 
92
(
-3.00795e-07
-3.25045e-07
-3.47033e-07
-3.66356e-07
-3.82628e-07
-3.95489e-07
-4.04609e-07
-4.09694e-07
-4.10493e-07
-4.06801e-07
-3.98465e-07
-3.85388e-07
-3.67529e-07
-3.44911e-07
-3.17614e-07
-2.85785e-07
-2.49624e-07
-2.09374e-07
-1.65336e-07
-1.17851e-07
-6.72623e-08
-1.37839e-08
4.04108e-08
9.65998e-08
1.53355e-07
2.1086e-07
2.68034e-07
3.24242e-07
3.78931e-07
4.31524e-07
4.81454e-07
5.28174e-07
5.71173e-07
6.09972e-07
6.44139e-07
6.73293e-07
6.97105e-07
7.15308e-07
7.27732e-07
7.34268e-07
7.34804e-07
7.29292e-07
7.17889e-07
7.00738e-07
6.76176e-07
6.47706e-07
6.13742e-07
5.74626e-07
5.30849e-07
4.82821e-07
4.30972e-07
3.75761e-07
3.17666e-07
2.57183e-07
1.94817e-07
1.31021e-07
6.6218e-08
1.01229e-09
-6.24001e-08
-1.26116e-07
-1.88639e-07
-2.49452e-07
-3.08097e-07
-3.64148e-07
-4.17208e-07
-4.66908e-07
-5.12913e-07
-5.5492e-07
-5.92659e-07
-6.25896e-07
-6.54431e-07
-6.78098e-07
-6.96766e-07
-7.10334e-07
-7.18733e-07
-7.2192e-07
-7.19878e-07
-7.1261e-07
-7.00133e-07
-6.82479e-07
-6.59678e-07
-6.31758e-07
-5.98723e-07
-5.60545e-07
-5.17137e-07
-4.68328e-07
6.50507e-05
6.48074e-05
6.47189e-05
6.46456e-05
6.44369e-05
0.00322542
)
;
    }
}


// ************************************************************************* //
