/*--------------------------------*- C++ -*----------------------------------*\
  =========                 |
  \\      /  F ield         | OpenFOAM: The Open Source CFD Toolbox
   \\    /   O peration     | Website:  https://openfoam.org
    \\  /    A nd           | Version:  7
     \\/     M anipulation  |
\*---------------------------------------------------------------------------*/
FoamFile
{
    version     2.0;
    format      ascii;
    class       surfaceScalarField;
    location    "45";
    object      phi;
}
// * * * * * * * * * * * * * * * * * * * * * * * * * * * * * * * * * * * * * //

dimensions      [0 3 -1 0 0 0 0];

internalField   nonuniform List<scalar> 
7273
(
0.000542946
0.0122011
-0.000477844
0.000575105
0.0125911
0.000584863
0.0127206
0.000582759
0.0127308
0.000574604
0.0126942
0.000562866
0.0126404
0.00054858
0.0125811
0.000532309
0.0125214
0.00051444
0.0124638
0.000495248
0.0124093
0.000474926
0.012358
0.000453619
0.0123097
0.000431451
0.0122641
0.000408535
0.012221
0.000384978
0.0121804
0.00036088
0.0121422
0.000336331
0.0121064
0.000311409
0.0120732
0.000286182
0.0120424
0.000260709
0.0120142
0.00023504
0.0119886
0.000209214
0.0119654
0.000183267
0.0119449
0.000157226
0.0119269
0.000131113
0.0119115
0.000104947
0.0118986
7.87414e-05
0.0118883
5.25065e-05
0.0118806
2.62531e-05
0.0118754
0.0118729
0.000458051
0.0121363
-0.00039332
0.000492889
0.0125562
0.000506286
0.0127072
0.00050776
0.0127293
0.000503046
0.0126989
0.000494728
0.0126487
0.000483886
0.0125919
0.000471065
0.0125342
0.000456623
0.0124783
0.000440814
0.0124251
0.000423821
0.012375
0.000405783
0.0123278
0.000386818
0.0122831
0.000367034
0.0122408
0.000346537
0.0122009
0.000325422
0.0121633
0.00030378
0.0121281
0.000281689
0.0120953
0.000259221
0.0120649
0.000236437
0.012037
0.00021339
0.0120116
0.000190128
0.0119887
0.000166689
0.0119683
0.000143107
0.0119505
0.000119412
0.0119351
9.56282e-05
0.0119224
7.17768e-05
0.0119121
4.78748e-05
0.0119045
2.39407e-05
0.0118994
0.0118969
0.000376967
0.0120726
-0.000313251
0.000414064
0.0125191
0.000430827
0.0126904
0.000435681
0.0127245
0.000434204
0.0127004
0.000429077
0.0126538
0.000421436
0.0125996
0.000411825
0.0125438
0.000400584
0.0124895
0.000387952
0.0124378
0.000374101
0.0123889
0.000359162
0.0123427
0.000343246
0.012299
0.000326456
0.0122576
0.000308891
0.0122184
0.000290647
0.0121815
0.000271811
0.0121469
0.000252463
0.0121146
0.000232675
0.0120847
0.000212511
0.0120572
0.000192029
0.0120321
0.000171278
0.0120094
0.000150303
0.0119893
0.000129143
0.0119716
0.000107832
0.0119565
8.64021e-05
0.0119438
6.4879e-05
0.0119337
4.32867e-05
0.0119261
2.16502e-05
0.011921
0.0119185
0.000299778
0.0120103
-0.000237497
0.000338644
0.0124803
0.000358388
0.0126707
0.000366373
0.0127165
0.000367961
0.0126988
0.00036586
0.0126559
0.000361234
0.0126042
0.000354633
0.0125504
0.000346395
0.0124977
0.00033675
0.0124474
0.000325863
0.0123998
0.000313858
0.0123547
0.000300838
0.012312
0.000286902
0.0122715
0.000272143
0.0122332
0.000256654
0.012197
0.000240521
0.0121631
0.000223822
0.0121313
0.000206632
0.0121019
0.000189015
0.0120748
0.000171031
0.0120501
0.000152733
0.0120277
0.000134171
0.0120079
0.000115386
0.0119904
9.64185e-05
0.0119754
7.73041e-05
0.0119629
5.80748e-05
0.0119529
3.876e-05
0.0119454
1.93902e-05
0.0119404
0.0119379
0.000226043
0.01195
-0.000165682
0.000266473
0.0124398
0.00028884
0.0126483
0.000299688
0.0127057
0.0003042
0.0126943
0.000304988
0.0126552
0.000303219
0.012606
0.00029946
0.0125542
0.000294054
0.0125032
0.000287229
0.0124542
0.000279145
0.0124078
0.00026992
0.0123639
0.000259653
0.0123223
0.000248436
0.0122827
0.00023636
0.0122453
0.000223514
0.0122099
0.000209979
0.0121766
0.000195836
0.0121455
0.000181158
0.0121166
0.00016601
0.0120899
0.000150454
0.0120656
0.000134547
0.0120437
0.000118339
0.0120241
0.000101877
0.0120069
8.52051e-05
0.0119921
6.83622e-05
0.0119798
5.13853e-05
0.0119699
3.43087e-05
0.0119625
1.71676e-05
0.0119575
0.0119551
0.000156446
0.0118909
-9.73683e-05
0.000197715
0.0123986
0.000222117
0.0126239
0.000235615
0.0126922
0.000242908
0.012687
0.000246421
0.0126516
0.000247341
0.0126051
0.000246266
0.0125553
0.000243539
0.0125059
0.000239386
0.0124584
0.000233959
0.0124133
0.000227373
0.0123705
0.000219724
0.0123299
0.000211101
0.0122914
0.000201589
0.0122548
0.000191274
0.0122202
0.000180237
0.0121876
0.000168556
0.0121572
0.000156303
0.0121288
0.000143545
0.0121027
0.000130345
0.0120788
0.000116761
0.0120572
0.000102846
0.012038
8.86507e-05
0.0120211
7.42208e-05
0.0120065
5.95997e-05
0.0119944
4.48281e-05
0.0119847
2.99444e-05
0.0119773
1.4988e-05
0.0119725
0.0119701
8.98857e-05
0.0118347
-3.37329e-05
0.000132098
0.0123564
0.000158072
0.0125979
0.000174176
0.0126761
0.000184083
0.0126771
0.000190131
0.0126456
0.000193571
0.0126016
0.000195027
0.0125538
0.000194838
0.0125061
0.000193216
0.01246
0.00019031
0.0124162
0.000186232
0.0123746
0.000181076
0.0123351
0.000174925
0.0122975
0.000167864
0.0122619
0.000159975
0.0122281
0.000151335
0.0121963
0.000142023
0.0121665
0.000132109
0.0121387
0.00012166
0.0121131
0.000110741
0.0120897
9.94111e-05
0.0120686
8.77248e-05
0.0120497
7.57346e-05
0.0120331
6.34897e-05
0.0120188
5.10363e-05
0.0120068
3.84181e-05
0.0119973
2.56773e-05
0.0119901
1.28566e-05
0.0119853
0.0119829
2.90663e-05
0.0117794
2.6274e-05
6.95605e-05
0.0123159
9.70132e-05
0.0125705
0.00011551
0.0126576
0.000127724
0.0126648
0.000136088
0.0126372
0.000141891
0.0125958
0.000145739
0.01255
0.000147949
0.0125039
0.000148723
0.0124592
0.000148208
0.0124167
0.000146513
0.0123763
0.000143728
0.0123379
0.000139936
0.0123013
0.000135217
0.0122666
0.000129648
0.0122337
0.000123309
0.0122026
0.000116272
0.0121735
0.000108611
0.0121464
0.000100391
0.0121214
9.16764e-05
0.0120985
8.25281e-05
0.0120777
7.30025e-05
0.0120592
6.31538e-05
0.0120429
5.30331e-05
0.0120289
4.26892e-05
0.0120172
3.21685e-05
0.0120078
2.15162e-05
0.0120007
1.07778e-05
0.011996
0.0119937
-2.99551e-05
0.011728
8.13936e-05
9.25178e-06
0.0122767
3.92764e-05
0.0125405
5.95082e-05
0.0126373
7.37149e-05
0.0126506
8.42471e-05
0.0126267
9.22894e-05
0.0125878
9.83958e-05
0.0125439
0.000102869
0.0124994
0.00010591
0.0124562
0.00010766
0.0124149
0.000108228
0.0123757
0.0001077
0.0123384
0.000106155
0.0123029
0.000103671
0.0122691
0.000100323
0.012237
9.61865e-05
0.0122067
9.13352e-05
0.0121784
8.5839e-05
0.0121519
7.97653e-05
0.0121274
7.3178e-05
0.012105
6.6138e-05
0.0120848
5.87034e-05
0.0120666
5.09294e-05
0.0120507
4.28692e-05
0.012037
3.45733e-05
0.0120255
2.60907e-05
0.0120163
1.74687e-05
0.0120094
8.75566e-06
0.0120048
0.0120025
-8.72171e-05
0.0116798
0.000135335
-4.64239e-05
0.0122359
-1.58823e-05
0.0125099
5.80546e-06
0.0126156
2.19722e-05
0.0126345
3.45963e-05
0.0126141
4.4748e-05
0.0125776
5.29799e-05
0.0125356
5.9588e-05
0.0124928
6.47718e-05
0.012451
6.86703e-05
0.012411
7.13863e-05
0.012373
7.30036e-05
0.0123368
7.35986e-05
0.0123023
7.32457e-05
0.0122694
7.20188e-05
0.0122382
6.99912e-05
0.0122088
6.72343e-05
0.0121811
6.38178e-05
0.0121553
5.98081e-05
0.0121314
5.52693e-05
0.0121096
5.02627e-05
0.0120898
4.48473e-05
0.012072
3.90793e-05
0.0120564
3.30132e-05
0.012043
2.67012e-05
0.0120318
2.01941e-05
0.0120228
1.35414e-05
0.012016
6.79332e-06
0.0120115
0.0120093
-0.00014085
0.011634
0.000186684
-0.000100478
0.0121955
-6.93156e-05
0.0124788
-4.57031e-05
0.012592
-2.75363e-05
0.0126163
-1.2914e-05
0.0125994
-7.63328e-07
0.0125655
9.46267e-06
0.0125254
1.8088e-05
0.0124842
2.53018e-05
0.0124438
3.12362e-05
0.0124051
3.59907e-05
0.0123683
3.96459e-05
0.0123331
4.22769e-05
0.0122996
4.39552e-05
0.0122677
4.47526e-05
0.0122374
4.47408e-05
0.0122088
4.39893e-05
0.0121819
4.25661e-05
0.0121567
4.05377e-05
0.0121335
3.79684e-05
0.0121121
3.49195e-05
0.0120928
3.14502e-05
0.0120755
2.76177e-05
0.0120603
2.34774e-05
0.0120472
1.90831e-05
0.0120362
1.44867e-05
0.0120274
9.73958e-06
0.0120208
4.89347e-06
0.0120163
0.0120141
-0.000191806
0.0115905
0.000235301
-0.000152085
0.0121558
-0.000119905
0.0124466
-9.48268e-05
0.0125669
-7.48762e-05
0.0125963
-5.8388e-05
0.012583
-4.43455e-05
0.0125514
-3.21984e-05
0.0125133
-2.16519e-05
0.0124736
-1.25134e-05
0.0124347
-4.65004e-06
0.0123973
2.03679e-06
0.0123616
7.62852e-06
0.0123275
1.21955e-05
0.0122951
1.58077e-05
0.0122641
1.85348e-05
0.0122347
2.04466e-05
0.0122069
2.16133e-05
0.0121807
2.20972e-05
0.0121563
2.19686e-05
0.0121336
2.12898e-05
0.0121128
2.0122e-05
0.012094
1.85247e-05
0.0120771
1.6556e-05
0.0120622
1.42719e-05
0.0120494
1.1727e-05
0.0120387
8.97463e-06
0.0120301
6.06738e-06
0.0120237
3.05824e-06
0.0120194
0.0120172
-0.000240185
0.0115493
0.000281395
-0.000200944
0.0121165
-0.000168058
0.0124137
-0.000141617
0.0125405
-0.000120023
0.0125748
-0.000101786
0.0125647
-8.59561e-05
0.0125356
-7.20099e-05
0.0124993
-5.96489e-05
0.0124612
-4.8687e-05
0.0124237
-3.89943e-05
0.0123876
-3.04736e-05
0.012353
-2.30466e-05
0.0123201
-1.6642e-05
0.0122887
-1.11917e-05
0.0122587
-6.62822e-06
0.0122301
-2.8843e-06
0.0122031
1.06629e-07
0.0121777
2.41951e-06
0.0121539
4.11037e-06
0.0121319
5.24315e-06
0.0121117
5.87982e-06
0.0120933
6.08029e-06
0.0120769
5.90277e-06
0.0120624
5.40398e-06
0.0120499
4.63925e-06
0.0120395
3.66275e-06
0.0120311
2.52813e-06
0.0120248
1.28934e-06
0.0120206
0.0120185
-0.000285993
0.0115102
0.000325099
-0.000247258
0.0120778
-0.000213817
0.0123803
-0.000186135
0.0125128
-0.000163012
0.0125516
-0.000143139
0.0125448
-0.000125634
0.0125181
-0.000109989
0.0124837
-9.59166e-05
0.0124472
-8.32327e-05
0.012411
-7.18106e-05
0.0123761
-6.15547e-05
0.0123428
-5.2387e-05
0.0123109
-4.42382e-05
0.0122805
-3.70415e-05
0.0122515
-3.07304e-05
0.0122238
-2.52383e-05
0.0121976
-2.04985e-05
0.012173
-1.64501e-05
0.0121499
-1.30248e-05
0.0121285
-1.01608e-05
0.0121088
-7.79724e-06
0.012091
-5.87455e-06
0.012075
-4.33444e-06
0.0120609
-3.11987e-06
0.0120487
-2.17502e-06
0.0120385
-1.44506e-06
0.0120304
-8.75566e-07
0.0120242
-4.11921e-07
0.0120201
0.0120181
-0.000329306
0.011473
0.000366487
-0.000291144
0.0120396
-0.000257219
0.0123463
-0.000228415
0.012484
-0.000203877
0.0125271
-0.000182476
0.0125234
-0.000163397
0.012499
-0.000146155
0.0124664
-0.00013047
0.0124315
-0.000116162
0.0123967
-0.000103108
0.0123631
-9.12118e-05
0.0123309
-8.03975e-05
0.0123001
-7.05968e-05
0.0122707
-6.17443e-05
0.0122426
-5.37749e-05
0.0122159
-4.66238e-05
0.0121905
-4.02265e-05
0.0121666
-3.45184e-05
0.0121442
-2.94368e-05
0.0121234
-2.49194e-05
0.0121043
-2.09054e-05
0.012087
-1.73353e-05
0.0120714
-1.41509e-05
0.0120577
-1.1295e-05
0.0120459
-8.71152e-06
0.012036
-6.34527e-06
0.012028
-4.14127e-06
0.012022
-2.04442e-06
0.012018
0.012016
-0.000370217
0.0114376
0.000405629
-0.000332648
0.0120021
-0.000298312
0.012312
-0.000268494
0.0124542
-0.000242651
0.0125012
-0.000219824
0.0125006
-0.000199269
0.0124785
-0.000180528
0.0124477
-0.000163326
0.0124143
-0.00014749
0.0123809
-0.000132897
0.0123485
-0.000119454
0.0123174
-0.000107085
0.0122878
-9.57232e-05
0.0122593
-8.53036e-05
0.0122322
-7.57631e-05
0.0122063
-6.70382e-05
0.0121818
-5.90653e-05
0.0121586
-5.17809e-05
0.0121369
-4.5123e-05
0.0121167
-3.90302e-05
0.0120982
-3.34422e-05
0.0120814
-2.82998e-05
0.0120663
-2.35447e-05
0.0120529
-1.912e-05
0.0120414
-1.49693e-05
0.0120318
-1.10372e-05
0.0120241
-7.26851e-06
0.0120183
-3.60773e-06
0.0120144
0.0120124
-0.0004088
0.0114038
0.000442589
-0.000371814
0.0119651
-0.000337138
0.0122773
-0.000306408
0.0124235
-0.000279362
0.0124742
-0.000255209
0.0124765
-0.000233275
0.0124565
-0.000213128
0.0124275
-0.000194504
0.0123957
-0.000177233
0.0123636
-0.000161194
0.0123324
-0.000146294
0.0123025
-0.00013246
0.0122739
-0.000119625
0.0122465
-0.000107725
0.0122203
-9.6699e-05
0.0121953
-8.6484e-05
0.0121715
-7.70176e-05
0.0121491
-6.82377e-05
0.0121281
-6.00828e-05
0.0121086
-5.24922e-05
0.0120906
-4.54063e-05
0.0120743
-3.87662e-05
0.0120596
-3.25141e-05
0.0120467
-2.6593e-05
0.0120355
-2.09466e-05
0.0120262
-1.55195e-05
0.0120186
-1.02563e-05
0.012013
-5.10144e-06
0.0120092
0.0120073
-0.00044511
0.0113715
0.000477426
-0.000408687
0.0119286
-0.000373735
0.0122424
-0.000342187
0.0123919
-0.00031404
0.0124461
-0.000288657
0.0124511
-0.000265438
0.0124333
-0.000243978
0.0124061
-0.000224023
0.0123757
-0.000205407
0.012345
-0.000188011
0.0123151
-0.000171745
0.0122863
-0.000156533
0.0122587
-0.000142311
0.0122323
-0.000129016
0.012207
-0.000116589
0.0121829
-0.000104966
0.0121599
-9.40872e-05
0.0121382
-8.38913e-05
0.0121179
-7.43177e-05
0.012099
-6.53063e-05
0.0120816
-5.67981e-05
0.0120658
-4.87348e-05
0.0120516
-4.10589e-05
0.012039
-3.37137e-05
0.0120282
-2.66431e-05
0.0120191
-1.97918e-05
0.0120118
-1.31043e-05
0.0120063
-6.52538e-06
0.0120026
0.0120008
-0.0004792
0.0113405
0.000510186
-0.000443314
0.0118928
-0.000408139
0.0122072
-0.000375863
0.0123596
-0.00034671
0.0124169
-0.000320193
0.0124246
-0.000295781
0.0124089
-0.000273099
0.0123834
-0.000251903
0.0123545
-0.000232031
0.0123251
-0.000213367
0.0122964
-0.000195819
0.0122687
-0.000179316
0.0122422
-0.000163793
0.0122168
-0.000149187
0.0121924
-0.00013544
0.0121691
-0.000122491
0.012147
-0.00011028
0.012126
-9.87465e-05
0.0121064
-8.78314e-05
0.0120881
-7.74752e-05
0.0120713
-6.76197e-05
0.0120559
-5.8207e-05
0.0120421
-4.91801e-05
0.01203
-4.04827e-05
0.0120195
-3.20592e-05
0.0120107
-2.38543e-05
0.0120036
-1.58128e-05
0.0119983
-7.87963e-06
0.0119947
0.0119929
-0.000511112
0.0113107
0.000540907
-0.000475735
0.0118574
-0.000440387
0.0121718
-0.000407464
0.0123267
-0.000377399
0.0123868
-0.00034984
0.012397
-0.000324327
0.0123834
-0.000300513
0.0123596
-0.000278164
0.0123322
-0.000257124
0.0123041
-0.000237277
0.0122765
-0.000218535
0.01225
-0.000200825
0.0122245
-0.000184083
0.0122
-0.000168248
0.0121766
-0.000153263
0.0121541
-0.000139067
0.0121328
-0.000125602
0.0121126
-0.000112809
0.0120936
-0.000100629
0.0120759
-8.90032e-05
0.0120596
-7.78744e-05
0.0120448
-6.71855e-05
0.0120315
-5.68799e-05
0.0120197
-4.69019e-05
0.0120095
-3.71962e-05
0.012001
-2.7708e-05
0.0119941
-1.83823e-05
0.0119889
-9.16447e-06
0.0119855
0.0119838
-0.000540887
0.011282
0.000569622
-0.00050599
0.0118225
-0.000470513
0.0121364
-0.000437022
0.0122932
-0.000406134
0.0123559
-0.000377624
0.0123685
-0.0003511
0.0123569
-0.000326242
0.0123347
-0.000302828
0.0123087
-0.000280705
0.0122819
-0.000259761
0.0122556
-0.000239908
0.0122301
-0.000221073
0.0122057
-0.000203195
0.0121821
-0.000186212
0.0121596
-0.000170068
0.012138
-0.000154705
0.0121174
-0.000140064
0.0120979
-0.000126087
0.0120796
-0.000112717
0.0120626
-9.98958e-05
0.0120468
-8.7567e-05
0.0120325
-7.56742e-05
0.0120196
-6.41615e-05
0.0120082
-5.29737e-05
0.0119983
-4.20561e-05
0.0119901
-3.13543e-05
0.0119834
-2.08138e-05
0.0119784
-1.03803e-05
0.0119751
0.0119734
-0.000568562
0.0112542
0.000596357
-0.000534116
0.011788
-0.000498549
0.0121008
-0.000464565
0.0122592
-0.000432942
0.0123243
-0.000403571
0.0123391
-0.000376124
0.0123294
-0.000350309
0.0123089
-0.000325916
0.0122844
-0.000302796
0.0122588
-0.000280838
0.0122336
-0.000259956
0.0122093
-0.000240079
0.0121858
-0.000221144
0.0121632
-0.000203093
0.0121415
-0.000185869
0.0121208
-0.000169415
0.012101
-0.000153674
0.0120822
-0.000138589
0.0120645
-0.000124103
0.0120481
-0.00011016
0.0120329
-9.67032e-05
0.012019
-8.3678e-05
0.0120065
-7.10289e-05
0.0119955
-5.87014e-05
0.011986
-4.66414e-05
0.011978
-3.4795e-05
0.0119716
-2.31084e-05
0.0119667
-1.15279e-05
0.0119635
0.0119619
-0.000594169
0.0112272
0.000621135
-0.000560149
0.011754
-0.00052453
0.0120652
-0.000490124
0.0122248
-0.000457851
0.0122921
-0.000427708
0.012309
-0.000399426
0.0123011
-0.00037274
0.0122822
-0.000347453
0.0122591
-0.000323418
0.0122348
-0.000300529
0.0122108
-0.0002787
0.0121874
-0.00025786
0.0121649
-0.000237948
0.0121433
-0.000218907
0.0121225
-0.000200679
0.0121025
-0.00018321
0.0120835
-0.000166444
0.0120654
-0.000150325
0.0120484
-0.000134796
0.0120325
-0.000119803
0.0120179
-0.00010529
0.0120045
-9.12028e-05
0.0119925
-7.74871e-05
0.0119818
-6.40891e-05
0.0119726
-5.09553e-05
0.0119649
-3.80326e-05
0.0119586
-2.52678e-05
0.0119539
-1.26078e-05
0.0119508
0.0119492
-0.000617741
0.011201
0.000643977
-0.000584122
0.0117204
-0.000548488
0.0120295
-0.000513732
0.0121901
-0.000480891
0.0122592
-0.000450063
0.0122782
-0.000421032
0.0122721
-0.000393561
0.0122548
-0.000367462
0.012233
-0.000342596
0.0122099
-0.000318856
0.012187
-0.00029616
0.0121647
-0.000274436
0.0121432
-0.000253625
0.0121225
-0.000233669
0.0121025
-0.000214514
0.0120834
-0.000196105
0.0120651
-0.000178387
0.0120477
-0.000161306
0.0120313
-0.000144806
0.012016
-0.000128834
0.0120019
-0.000113335
0.011989
-9.82552e-05
0.0119774
-8.35416e-05
0.0119671
-6.91412e-05
0.0119582
-5.50013e-05
0.0119507
-4.10696e-05
0.0119447
-2.72936e-05
0.0119402
-1.36211e-05
0.0119371
0.0119356
-0.000639309
0.0111754
0.000664904
-0.000606071
0.0116872
-0.000570458
0.0119939
-0.000535419
0.012155
-0.000502094
0.0122259
-0.000470665
0.0122467
-0.00044097
0.0122424
-0.000412797
0.0122266
-0.00038597
0.0122061
-0.000360353
0.0121843
-0.000335843
0.0121625
-0.000312357
0.0121412
-0.000289827
0.0121207
-0.000268193
0.0121009
-0.000247398
0.0120817
-0.00022739
0.0120634
-0.000208114
0.0120458
-0.000189517
0.0120291
-0.000171545
0.0120134
-0.000154145
0.0119986
-0.000137263
0.011985
-0.000120847
0.0119726
-0.000104843
0.0119614
-8.91988e-05
0.0119514
-7.38631e-05
0.0119429
-5.87837e-05
0.0119356
-4.39092e-05
0.0119298
-2.91881e-05
0.0119255
-1.45687e-05
0.0119225
0.0119211
-0.000658904
0.0111504
0.000683934
-0.000626032
0.0116543
-0.000590476
0.0119584
-0.00055522
0.0121198
-0.00052149
0.0121922
-0.000489545
0.0122148
-0.000459271
0.0122121
-0.00043048
0.0121978
-0.000403005
0.0121787
-0.000376717
0.012158
-0.000351515
0.0121373
-0.000327317
0.012117
-0.000304056
0.0120974
-0.000281673
0.0120785
-0.000260114
0.0120602
-0.000239325
0.0120426
-0.000219253
0.0120257
-0.000199848
0.0120097
-0.000181056
0.0119946
-0.000162824
0.0119804
-0.000145101
0.0119673
-0.000127835
0.0119553
-0.000110973
0.0119445
-9.44657e-05
0.0119349
-7.82605e-05
0.0119267
-6.23071e-05
0.0119197
-4.65549e-05
0.0119141
-3.09533e-05
0.0119098
-1.54517e-05
0.011907
0.0119056
-0.000676557
0.0111258
0.000701091
-0.000644041
0.0116218
-0.000608579
0.0119229
-0.000573172
0.0120844
-0.000539116
0.0121581
-0.000506738
0.0121824
-0.000475967
0.0121814
-0.000446638
0.0121685
-0.000418596
0.0121506
-0.000391716
0.0121311
-0.000365898
0.0121115
-0.000341064
0.0120922
-0.000317147
0.0120735
-0.000294089
0.0120554
-0.000271836
0.0120379
-0.000250337
0.0120211
-0.000229541
0.0120049
-0.000209397
0.0119896
-0.000189852
0.011975
-0.000170857
0.0119614
-0.00015236
0.0119488
-0.00013431
0.0119373
-0.000116657
0.0119269
-9.93499e-05
0.0119176
-8.23397e-05
0.0119096
-6.55764e-05
0.0119029
-4.90103e-05
0.0118975
-3.25918e-05
0.0118934
-1.62714e-05
0.0118907
0.0118893
-0.000692305
0.0111017
0.000716397
-0.000660138
0.0115896
-0.000624807
0.0118876
-0.000589313
0.0120489
-0.000555009
0.0121238
-0.000522278
0.0121497
-0.000491092
0.0121502
-0.000461305
0.0121387
-0.000432774
0.0121221
-0.000405378
0.0121037
-0.000379021
0.0120851
-0.000353624
0.0120668
-0.000329124
0.012049
-0.000305462
0.0120318
-0.000282588
0.0120151
-0.000260449
0.0119989
-0.000238996
0.0119835
-0.00021818
0.0119687
-0.000197951
0.0119548
-0.000178258
0.0119417
-0.000159051
0.0119296
-0.000140283
0.0119185
-0.000121902
0.0119085
-0.00010386
0.0118996
-8.61076e-05
0.0118919
-6.85971e-05
0.0118854
-5.12795e-05
0.0118802
-3.41064e-05
0.0118763
-1.70292e-05
0.0118736
0.0118723
-0.000706183
0.011078
0.000729878
-0.000674364
0.0115578
-0.000639202
0.0118524
-0.000603684
0.0120134
-0.000569206
0.0120893
-0.000536203
0.0121167
-0.000504681
0.0121187
-0.000474516
0.0121085
-0.000445573
0.0120931
-0.000417737
0.0120759
-0.000390913
0.0120583
-0.000365027
0.0120409
-0.000340014
0.012024
-0.000315819
0.0120076
-0.000292391
0.0119916
-0.00026968
0.0119762
-0.000247638
0.0119614
-0.000226217
0.0119473
-0.000205367
0.0119339
-0.000185041
0.0119214
-0.00016519
0.0119097
-0.000145765
0.0118991
-0.000126719
0.0118894
-0.000108004
0.0118809
-8.95714e-05
0.0118735
-7.13749e-05
0.0118672
-5.33669e-05
0.0118622
-3.54998e-05
0.0118584
-1.77265e-05
0.0118559
0.0118546
-0.00071823
0.0110547
0.000741567
-0.000686763
0.0115263
-0.000651808
0.0118175
-0.000616329
0.0119779
-0.000581752
0.0120547
-0.000548554
0.0120835
-0.000516775
0.0120869
-0.000486307
0.012078
-0.000457027
0.0120639
-0.000428824
0.0120477
-0.000401607
0.0120311
-0.000375301
0.0120146
-0.000349846
0.0119985
-0.000325186
0.0119829
-0.000301271
0.0119677
-0.000278054
0.011953
-0.000255488
0.0119389
-0.000233525
0.0119254
-0.000212119
0.0119125
-0.000191223
0.0119005
-0.000170788
0.0118893
-0.00015077
0.0118791
-0.000131119
0.0118698
-0.000111791
0.0118615
-9.27388e-05
0.0118544
-7.39161e-05
0.0118484
-5.52769e-05
0.0118435
-3.67752e-05
0.0118399
-1.83647e-05
0.0118374
0.0118362
-0.000728492
0.0110317
0.000751496
-0.000697383
0.0114952
-0.000662675
0.0117828
-0.000627295
0.0119425
-0.000592691
0.0120201
-0.000559374
0.0120502
-0.000527413
0.0120549
-0.000496718
0.0120474
-0.000467175
0.0120343
-0.000438676
0.0120192
-0.000411135
0.0120035
-0.000384479
0.011988
-0.000358648
0.0119727
-0.000333589
0.0119578
-0.000309254
0.0119434
-0.000285595
0.0119294
-0.000262568
0.0119159
-0.000240127
0.0119029
-0.000218226
0.0118906
-0.00019682
0.0118791
-0.000175863
0.0118684
-0.00015531
0.0118585
-0.000135114
0.0118496
-0.000115232
0.0118417
-9.5618e-05
0.0118348
-7.62271e-05
0.011829
-5.70147e-05
0.0118243
-3.79357e-05
0.0118208
-1.89456e-05
0.0118185
0.0118173
-0.000737013
0.011009
0.000759704
-0.000706274
0.0114645
-0.000671853
0.0117483
-0.000636632
0.0119073
-0.00060207
0.0119856
-0.000568708
0.0120168
-0.000536639
0.0120228
-0.00050579
0.0120165
-0.000476054
0.0120046
-0.00044733
0.0119905
-0.000419533
0.0119757
-0.000392594
0.011961
-0.000366453
0.0119466
-0.000341059
0.0119324
-0.000316366
0.0119187
-0.000292328
0.0119053
-0.000268901
0.0118924
-0.000246042
0.0118801
-0.000223707
0.0118683
-0.00020185
0.0118572
-0.000180429
0.0118469
-0.000159399
0.0118375
-0.000138716
0.0118289
-0.000118337
0.0118213
-9.82176e-05
0.0118147
-7.83148e-05
0.0118091
-5.85851e-05
0.0118046
-3.89849e-05
0.0118012
-1.94709e-05
0.0117989
0.0117978
-0.000743845
0.0109866
0.000766235
-0.00071349
0.0114341
-0.000679397
0.0117142
-0.000644393
0.0118723
-0.000609941
0.0119511
-0.000576605
0.0119835
-0.000544499
0.0119907
-0.000513567
0.0119856
-0.000483707
0.0119747
-0.000454825
0.0119616
-0.000426839
0.0119478
-0.00039968
0.0119339
-0.000373292
0.0119202
-0.000347626
0.0119068
-0.000322636
0.0118937
-0.000298279
0.011881
-0.000274512
0.0118687
-0.000251294
0.0118568
-0.000228581
0.0118456
-0.000206331
0.011835
-0.000184503
0.0118251
-0.000163052
0.011816
-0.000141937
0.0118078
-0.000121116
0.0118005
-0.000100547
0.0117941
-8.01863e-05
0.0117887
-5.99936e-05
0.0117844
-3.99262e-05
0.0117811
-1.99422e-05
0.011779
0.0117779
-0.000749044
0.0109645
0.000771138
-0.000719091
0.0114042
-0.000685365
0.0116805
-0.000650634
0.0118376
-0.000616357
0.0119168
-0.000583116
0.0119502
-0.000551043
0.0119587
-0.000520094
0.0119546
-0.000490177
0.0119448
-0.000461202
0.0119326
-0.000433089
0.0119196
-0.000405774
0.0119066
-0.0003792
0.0118936
-0.000353322
0.0118809
-0.000328094
0.0118685
-0.000303476
0.0118563
-0.000279426
0.0118446
-0.000255904
0.0118333
-0.00023287
0.0118226
-0.000210283
0.0118124
-0.000188101
0.0118029
-0.000166284
0.0117942
-0.000144791
0.0117863
-0.000123581
0.0117793
-0.000102614
0.0117731
-8.1849e-05
0.011768
-6.12457e-05
0.0117638
-4.07633e-05
0.0117607
-2.03615e-05
0.0117586
0.0117575
-0.000752669
0.0109427
0.000774467
-0.000723138
0.0113746
-0.000689818
0.0116472
-0.000655415
0.0118032
-0.000621376
0.0118828
-0.000588295
0.0119171
-0.00055632
0.0119267
-0.00052542
0.0119237
-0.00049551
0.0119149
-0.000466504
0.0119036
-0.000438326
0.0118915
-0.000410913
0.0118791
-0.000384213
0.0118669
-0.000358179
0.0118549
-0.00033277
0.0118431
-0.000307946
0.0118315
-0.000283669
0.0118203
-0.000259899
0.0118095
-0.000236597
0.0117993
-0.000213724
0.0117895
-0.000191242
0.0117804
-0.00016911
0.0117721
-0.000147291
0.0117645
-0.000125743
0.0117577
-0.00010443
0.0117518
-8.33107e-05
0.0117469
-6.23472e-05
0.0117428
-4.15001e-05
0.0117398
-2.07306e-05
0.0117378
0.0117368
-0.000754784
0.0109212
0.000776281
-0.000725696
0.0113456
-0.000692823
0.0116143
-0.000658799
0.0117691
-0.000625057
0.0118491
-0.000592198
0.0118843
-0.000560385
0.0118949
-0.000529595
0.0118929
-0.000499753
0.0118851
-0.000470775
0.0118746
-0.00044259
0.0118633
-0.000415137
0.0118517
-0.000388366
0.0118401
-0.000362232
0.0118287
-0.000336696
0.0118175
-0.000311721
0.0118065
-0.000287268
0.0117959
-0.000263301
0.0117856
-0.000239783
0.0117757
-0.000216676
0.0117664
-0.000193944
0.0117577
-0.000171548
0.0117497
-0.000149451
0.0117424
-0.000127615
0.0117359
-0.000106004
0.0117302
-8.45793e-05
0.0117254
-6.3304e-05
0.0117216
-4.21406e-05
0.0117186
-2.10516e-05
0.0117167
0.0117157
-0.000755458
0.0109
0.000776645
-0.000726835
0.0113169
-0.000694445
0.0115819
-0.000660851
0.0117355
-0.000627462
0.0118157
-0.000594884
0.0118517
-0.000563292
0.0118633
-0.000532672
0.0118623
-0.000502955
0.0118553
-0.000474063
0.0118457
-0.000445926
0.0118351
-0.000418487
0.0118243
-0.000391698
0.0118133
-0.000365517
0.0118026
-0.000339906
0.0117919
-0.000314829
0.0117815
-0.000290251
0.0117713
-0.000266137
0.0117615
-0.000242452
0.0117521
-0.00021916
0.0117431
-0.000196225
0.0117348
-0.000173612
0.0117271
-0.000151285
0.0117201
-0.000129209
0.0117138
-0.000107346
0.0117083
-8.56629e-05
0.0117037
-6.41223e-05
0.0117
-4.26888e-05
0.0116972
-2.13265e-05
0.0116953
0.0116944
-0.000754762
0.0108792
0.000775628
-0.000726627
0.0112888
-0.000694757
0.0115501
-0.000661638
0.0117024
-0.000628655
0.0117827
-0.000596414
0.0118195
-0.000565099
0.011832
-0.000534705
0.0118319
-0.000505167
0.0118258
-0.000476413
0.011817
-0.000448377
0.0118071
-0.000421004
0.0117969
-0.000394248
0.0117866
-0.000368069
0.0117764
-0.000342432
0.0117663
-0.000317303
0.0117563
-0.000292647
0.0117466
-0.000268434
0.0117373
-0.000244628
0.0117282
-0.000221197
0.0117197
-0.000198106
0.0117117
-0.000175321
0.0117043
-0.00015281
0.0116975
-0.000130537
0.0116915
-0.000108468
0.0116863
-8.65701e-05
0.0116818
-6.48084e-05
0.0116783
-4.31489e-05
0.0116756
-2.15574e-05
0.0116737
0.0116728
-0.000752771
0.0108586
0.000773302
-0.000725148
0.0112612
-0.000693831
0.0115187
-0.000661232
0.0116698
-0.000628703
0.0117502
-0.000596852
0.0117876
-0.000565866
0.011801
-0.000535749
0.0118018
-0.000506442
0.0117965
-0.000477877
0.0117884
-0.000449991
0.0117792
-0.000422732
0.0117696
-0.000396057
0.0117599
-0.000369927
0.0117502
-0.00034431
0.0117407
-0.000319174
0.0117312
-0.000294486
0.011722
-0.000270218
0.011713
-0.000246335
0.0117044
-0.000222809
0.0116962
-0.000199605
0.0116885
-0.000176692
0.0116814
-0.000154039
0.0116749
-0.000131612
0.0116691
-0.00010938
0.011664
-8.73094e-05
0.0116598
-6.53687e-05
0.0116563
-4.35252e-05
0.0116537
-2.17464e-05
0.011652
0.0116511
-0.000749565
0.0108385
0.000769745
-0.000722475
0.0112341
-0.000691745
0.011488
-0.000659704
0.0116378
-0.000627676
0.0117181
-0.000596261
0.0117562
-0.000565653
0.0117704
-0.000535861
0.011772
-0.000506833
0.0117675
-0.000478504
0.0117601
-0.000450814
0.0117515
-0.000423715
0.0117425
-0.000397165
0.0117334
-0.000371129
0.0117242
-0.000345575
0.0117151
-0.000320475
0.0117061
-0.000295798
0.0116973
-0.000271516
0.0116887
-0.0002476
0.0116804
-0.000224019
0.0116726
-0.000200743
0.0116652
-0.000177743
0.0116584
-0.000154989
0.0116521
-0.000132448
0.0116466
-0.000110092
0.0116417
-8.78896e-05
0.0116376
-6.58098e-05
0.0116342
-4.38221e-05
0.0116317
-2.18956e-05
0.01163
0.0116292
-0.000745224
0.0108186
0.000765036
-0.000718689
0.0112075
-0.000688574
0.0114579
-0.000657129
0.0116063
-0.000625643
0.0116867
-0.000594708
0.0117253
-0.000564522
0.0117402
-0.000535101
0.0117426
-0.000506396
0.0117388
-0.000478346
0.0117321
-0.000450895
0.0117241
-0.000423997
0.0117156
-0.000397614
0.011707
-0.000371712
0.0116983
-0.000346263
0.0116897
-0.000321239
0.0116811
-0.000296613
0.0116727
-0.000272357
0.0116644
-0.000248446
0.0116565
-0.00022485
0.011649
-0.000201541
0.0116419
-0.000178492
0.0116353
-0.000155674
0.0116293
-0.000133059
0.0116239
-0.000110617
0.0116192
-8.83196e-05
0.0116153
-6.61383e-05
0.0116121
-4.40439e-05
0.0116096
-2.20074e-05
0.011608
0.0116072
-0.000739832
0.0107992
0.00075926
-0.000713873
0.0111816
-0.0006844
0.0114284
-0.000653583
0.0115755
-0.000622676
0.0116557
-0.000592261
0.0116948
-0.000562538
0.0117105
-0.000533527
0.0117136
-0.000505185
0.0117104
-0.000477454
0.0117043
-0.000450282
0.0116969
-0.000423625
0.011689
-0.000397447
0.0116808
-0.000371719
0.0116726
-0.000346411
0.0116643
-0.000321501
0.0116562
-0.000296962
0.0116481
-0.00027277
0.0116403
-0.0002489
0.0116327
-0.000225325
0.0116254
-0.000202019
0.0116186
-0.000178958
0.0116123
-0.000156112
0.0116065
-0.000133457
0.0116013
-0.000110965
0.0115968
-8.86084e-05
0.0115929
-6.6361e-05
0.0115898
-4.41953e-05
0.0115875
-2.2084e-05
0.0115859
0.0115851
-0.000733474
0.0107802
0.000752501
-0.000708108
0.0111562
-0.000679301
0.0113996
-0.000649142
0.0115454
-0.000618847
0.0116255
-0.000588988
0.011665
-0.000559765
0.0116812
-0.000531201
0.011685
-0.000503258
0.0116825
-0.000475883
0.0116769
-0.000449025
0.0116701
-0.000422645
0.0116626
-0.000396708
0.0116549
-0.000371187
0.0116471
-0.000346056
0.0116392
-0.000321294
0.0116314
-0.000296877
0.0116237
-0.000272783
0.0116162
-0.000248988
0.0116089
-0.000225468
0.0116019
-0.000202199
0.0115953
-0.000179158
0.0115892
-0.000156319
0.0115836
-0.000133657
0.0115786
-0.000111147
0.0115742
-8.87652e-05
0.0115705
-6.64848e-05
0.0115675
-4.42808e-05
0.0115653
-2.21276e-05
0.0115637
0.011563
-0.000726236
0.0107616
0.000744847
-0.000701481
0.0111315
-0.000673361
0.0113715
-0.000643885
0.0115159
-0.000614231
0.0115958
-0.000584958
0.0116357
-0.000556266
0.0116526
-0.000528183
0.0116569
-0.000500672
0.011655
-0.000473685
0.01165
-0.000447174
0.0116435
-0.000421103
0.0116365
-0.000395439
0.0116292
-0.000370157
0.0116218
-0.000345236
0.0116143
-0.000320654
0.0116068
-0.00029639
0.0115994
-0.000272425
0.0115922
-0.000248736
0.0115852
-0.000225302
0.0115785
-0.000202102
0.0115721
-0.000179112
0.0115662
-0.00015631
0.0115608
-0.000133672
0.011556
-0.000111177
0.0115518
-8.87992e-05
0.0115482
-6.65165e-05
0.0115453
-4.43048e-05
0.011543
-2.21405e-05
0.0115416
0.0115408
-0.000718206
0.0107434
0.000736385
-0.000694075
0.0111073
-0.000666658
0.0113441
-0.000637887
0.0114871
-0.000608899
0.0115668
-0.00058024
0.0116071
-0.000552108
0.0116244
-0.000524533
0.0116294
-0.000497484
0.0116279
-0.000470914
0.0116234
-0.00044478
0.0116174
-0.000419046
0.0116108
-0.000393684
0.0116038
-0.000368671
0.0115968
-0.000343987
0.0115896
-0.000319614
0.0115825
-0.000295532
0.0115754
-0.000271725
0.0115684
-0.000248171
0.0115616
-0.000224852
0.0115551
-0.000201748
0.011549
-0.000178838
0.0115433
-0.000156102
0.0115381
-0.000133517
0.0115334
-0.000111064
0.0115293
-8.87197e-05
0.0115258
-6.64631e-05
0.011523
-4.42722e-05
0.0115209
-2.21251e-05
0.0115194
0.0115187
-0.000709471
0.0107257
0.000727206
-0.000685977
0.0110838
-0.000659278
0.0113174
-0.000631228
0.0114591
-0.000602926
0.0115385
-0.000574904
0.011579
-0.000547355
0.0115969
-0.000520314
0.0116023
-0.000493752
0.0116014
-0.000467624
0.0115973
-0.000441891
0.0115917
-0.000416521
0.0115854
-0.000391487
0.0115788
-0.000366768
0.011572
-0.000342348
0.0115652
-0.000318209
0.0115583
-0.000294336
0.0115515
-0.000270712
0.0115448
-0.00024732
0.0115382
-0.000224142
0.011532
-0.00020116
0.011526
-0.000178356
0.0115205
-0.000155711
0.0115154
-0.000133206
0.0115109
-0.000110821
0.0115069
-8.85358e-05
0.0115035
-6.63313e-05
0.0115008
-4.41873e-05
0.0114987
-2.20834e-05
0.0114973
0.0114966
-0.000700116
0.0107084
0.000717395
-0.000677268
0.011061
-0.000651298
0.0112914
-0.000623983
0.0114317
-0.000596385
0.0115109
-0.000569017
0.0115517
-0.000542073
0.0115699
-0.000515586
0.0115758
-0.000489532
0.0115753
-0.000463869
0.0115716
-0.00043856
0.0115664
-0.000413575
0.0115604
-0.000388891
0.0115541
-0.00036449
0.0115476
-0.000340356
0.0115411
-0.000316475
0.0115344
-0.000292833
0.0115278
-0.000269416
0.0115213
-0.000246208
0.011515
-0.000223194
0.011509
-0.000200359
0.0115032
-0.000177685
0.0114978
-0.000155155
0.0114929
-0.000132752
0.0114885
-0.000110459
0.0114846
-8.82569e-05
0.0114813
-6.61284e-05
0.0114787
-4.40549e-05
0.0114766
-2.20182e-05
0.0114753
0.0114746
-0.000690231
0.0106916
0.000707044
-0.000668036
0.0110388
-0.000642801
0.0112662
-0.000616232
0.0114052
-0.000589348
0.011484
-0.00056265
0.011525
-0.000536326
0.0115436
-0.000510411
0.0115499
-0.000484882
0.0115498
-0.000459701
0.0115464
-0.000434835
0.0115415
-0.000410255
0.0115358
-0.00038594
0.0115298
-0.000361876
0.0115236
-0.000338049
0.0115172
-0.000314445
0.0115108
-0.000291055
0.0115044
-0.000267865
0.0114982
-0.000244863
0.011492
-0.000222034
0.0114861
-0.000199366
0.0114805
-0.000176842
0.0114753
-0.000154449
0.0114705
-0.00013217
0.0114662
-0.00010999
0.0114624
-8.78921e-05
0.0114592
-6.58609e-05
0.0114566
-4.38795e-05
0.0114547
-2.19313e-05
0.0114533
0.0114527
-0.000679897
0.0106752
0.000696234
-0.000658358
0.0110173
-0.000633863
0.0112417
-0.000608046
0.0113794
-0.000581886
0.0114579
-0.000555868
0.0114989
-0.000530176
0.0115179
-0.000504846
0.0115246
-0.000479857
0.0115248
-0.000455174
0.0115217
-0.000430765
0.0115171
-0.000406606
0.0115117
-0.000382677
0.0115059
-0.000358967
0.0114999
-0.000335462
0.0114937
-0.000312154
0.0114875
-0.000289033
0.0114813
-0.000266089
0.0114752
-0.000243309
0.0114692
-0.000220684
0.0114635
-0.000198201
0.0114581
-0.000175847
0.011453
-0.000153609
0.0114483
-0.000131473
0.0114441
-0.000109425
0.0114404
-8.74506e-05
0.0114373
-6.55359e-05
0.0114347
-4.36658e-05
0.0114328
-2.18254e-05
0.0114315
0.0114308
-0.000669201
0.0106594
0.000685057
-0.00064832
0.0109964
-0.000624565
0.0112179
-0.000599502
0.0113543
-0.000574071
0.0114324
-0.00054874
0.0114736
-0.000523688
0.0114929
-0.000498952
0.0114998
-0.000474513
0.0115003
-0.000450339
0.0114976
-0.0004264
0.0114932
-0.000402674
0.011488
-0.000379145
0.0114824
-0.000355802
0.0114765
-0.000332635
0.0114706
-0.000309637
0.0114645
-0.000286799
0.0114585
-0.000264115
0.0114525
-0.000241575
0.0114467
-0.000219169
0.0114411
-0.000196887
0.0114358
-0.000174718
0.0114308
-0.000152651
0.0114262
-0.000130675
0.0114221
-0.000108775
0.0114185
-8.69415e-05
0.0114154
-6.516e-05
0.0114129
-4.34179e-05
0.011411
-2.17022e-05
0.0114098
0.0114091
-0.000658217
0.010644
0.000673588
-0.000637994
0.0109762
-0.000614979
0.0111949
-0.00059067
0.01133
-0.000565969
0.0114077
-0.000541329
0.011449
-0.000516922
0.0114685
-0.000492787
0.0114757
-0.000468905
0.0114765
-0.000445248
0.0114739
-0.000421788
0.0114697
-0.000398505
0.0114647
-0.000375385
0.0114592
-0.000352419
0.0114536
-0.000329601
0.0114477
-0.000306924
0.0114418
-0.000284383
0.0114359
-0.000261972
0.0114301
-0.000239683
0.0114244
-0.00021751
0.0114189
-0.000195443
0.0114137
-0.000173474
0.0114088
-0.000151592
0.0114043
-0.000129789
0.0114003
-0.000108053
0.0113968
-8.63736e-05
0.0113937
-6.47401e-05
0.0113913
-4.31409e-05
0.0113894
-2.15647e-05
0.0113882
0.0113876
-0.000647035
0.0106291
0.000661918
-0.000627466
0.0109566
-0.000605185
0.0111726
-0.000581624
0.0113064
-0.000557651
0.0113838
-0.0005337
0.011425
-0.00050994
0.0114447
-0.000486407
0.0114522
-0.000463087
0.0114531
-0.000439952
0.0114508
-0.000416976
0.0114467
-0.000394142
0.0114418
-0.000371439
0.0114365
-0.000348859
0.011431
-0.000326398
0.0114253
-0.000304052
0.0114195
-0.000281816
0.0114137
-0.000259688
0.011408
-0.000237661
0.0114024
-0.000215731
0.011397
-0.00019389
0.0113919
-0.000172131
0.0113871
-0.000150447
0.0113827
-0.000128829
0.0113787
-0.000107268
0.0113752
-8.57558e-05
0.0113722
-6.42824e-05
0.0113698
-4.28384e-05
0.011368
-2.1414e-05
0.0113668
0.0113662
-0.000635718
0.0106147
0.000650112
-0.000616798
0.0109377
-0.000595245
0.0111511
-0.000572427
0.0112836
-0.000549177
0.0113605
-0.000525913
0.0114018
-0.000502797
0.0114216
-0.000479867
0.0114293
-0.000457109
0.0114304
-0.000434497
0.0114282
-0.000412009
0.0114242
-0.000389628
0.0114195
-0.000367346
0.0114142
-0.000345157
0.0114088
-0.000323059
0.0114032
-0.000301049
0.0113975
-0.000279126
0.0113918
-0.000257289
0.0113861
-0.000235532
0.0113806
-0.000213853
0.0113753
-0.000192247
0.0113703
-0.000170708
0.0113655
-0.00014923
0.0113612
-0.000127807
0.0113573
-0.000106432
0.0113538
-8.50966e-05
0.0113509
-6.37938e-05
0.0113485
-4.25156e-05
0.0113467
-2.12538e-05
0.0113455
0.0113449
-0.000624356
0.0106008
0.000638263
-0.000606077
0.0109194
-0.000585239
0.0111302
-0.000563154
0.0112615
-0.000540617
0.011338
-0.000518031
0.0113792
-0.000495555
0.0113991
-0.000473223
0.0114069
-0.000451025
0.0114082
-0.000428935
0.0114061
-0.000406934
0.0114022
-0.000385007
0.0113975
-0.000363147
0.0113924
-0.000341351
0.011387
-0.000319619
0.0113814
-0.00029795
0.0113758
-0.000276345
0.0113702
-0.000254802
0.0113646
-0.000233321
0.0113592
-0.0002119
0.0113539
-0.000190535
0.0113489
-0.000169223
0.0113442
-0.000147958
0.0113399
-0.000126738
0.011336
-0.000105555
0.0113326
-8.44045e-05
0.0113297
-6.32802e-05
0.0113274
-4.21755e-05
0.0113256
-2.10841e-05
0.0113244
0.0113238
-0.000612998
0.0105874
0.000626417
-0.000595353
0.0109017
-0.000575221
0.0111101
-0.000553857
0.0112402
-0.000532024
0.0113161
-0.000510108
0.0113573
-0.000488263
0.0113773
-0.000466524
0.0113852
-0.00044488
0.0113865
-0.000423308
0.0113845
-0.000401791
0.0113807
-0.000380316
0.0113761
-0.000358878
0.011371
-0.000337475
0.0113656
-0.00031611
0.0113601
-0.000294783
0.0113545
-0.000273497
0.0113489
-0.000252252
0.0113434
-0.00023105
0.0113379
-0.00020989
0.0113327
-0.000188771
0.0113278
-0.00016769
0.0113231
-0.000146644
0.0113189
-0.000125631
0.011315
-0.000104647
0.0113117
-8.36877e-05
0.0113088
-6.27481e-05
0.0113065
-4.18237e-05
0.0113047
-2.09096e-05
0.0113035
0.0113029
-0.000601742
0.0105745
0.000614681
-0.000584716
0.0108847
-0.000565272
0.0110907
-0.000544612
0.0112195
-0.000523467
0.011295
-0.000502207
0.011336
-0.000480982
0.011356
-0.000459826
0.011364
-0.000438728
0.0113654
-0.000417667
0.0113634
-0.000396628
0.0113597
-0.0003756
0.011355
-0.000354579
0.0113499
-0.000333567
0.0113446
-0.000312566
0.0113391
-0.00029158
0.0113335
-0.000270613
0.0113279
-0.000249667
0.0113224
-0.000228745
0.011317
-0.000207847
0.0113118
-0.000186975
0.0113069
-0.000166128
0.0113023
-0.000145304
0.011298
-0.000124502
0.0112942
-0.00010372
0.0112909
-8.29543e-05
0.011288
-6.2203e-05
0.0112857
-4.14623e-05
0.011284
-2.07288e-05
0.0112828
0.0112822
-0.000590613
0.010562
0.000603072
-0.000574198
0.0108683
-0.000555431
0.0110719
-0.000535461
0.0111995
-0.00051499
0.0112745
-0.000494374
0.0113154
-0.000473756
0.0113354
-0.00045317
0.0113434
-0.000432607
0.0113449
-0.000412048
0.0113429
-0.000391479
0.0113391
-0.000370891
0.0113344
-0.000350282
0.0113293
-0.000329655
0.011324
-0.000309015
0.0113184
-0.000288367
0.0113129
-0.000267715
0.0113073
-0.000247066
0.0113018
-0.000226423
0.0112964
-0.000205787
0.0112912
-0.000185163
0.0112863
-0.000164549
0.0112817
-0.000143948
0.0112774
-0.000123359
0.0112736
-0.00010278
0.0112703
-8.22116e-05
0.0112675
-6.16513e-05
0.0112652
-4.10975e-05
0.0112634
-2.05482e-05
0.0112622
0.0112616
-0.000579727
0.01055
0.000591719
-0.000563902
0.0108525
-0.000545787
0.0110538
-0.000526484
0.0111802
-0.000506664
0.0112547
-0.000486672
0.0112954
-0.000466644
0.0113154
-0.000446613
0.0113234
-0.000426572
0.0113248
-0.000406503
0.0113228
-0.000386392
0.011319
-0.000366234
0.0113143
-0.000346029
0.0113091
-0.000325779
0.0113037
-0.000305493
0.0112982
-0.000285176
0.0112925
-0.000264836
0.0112869
-0.000244479
0.0112814
-0.00022411
0.011276
-0.000203734
0.0112708
-0.000183355
0.0112659
-0.000162974
0.0112613
-0.000142594
0.0112571
-0.000122216
0.0112533
-0.00010184
0.0112499
-8.14676e-05
0.0112471
-6.10977e-05
0.0112448
-4.073e-05
0.011243
-2.03637e-05
0.0112419
0.0112413
-0.000569072
0.0105385
0.000580594
-0.000553832
0.0108372
-0.000536358
0.0110363
-0.000517706
0.0111616
-0.000498522
0.0112355
-0.000479135
0.011276
-0.00045968
0.0112959
-0.000440189
0.0113039
-0.000420654
0.0113053
-0.00040106
0.0113032
-0.000381395
0.0112993
-0.000361655
0.0112945
-0.000341842
0.0112893
-0.00032196
0.0112838
-0.000302019
0.0112782
-0.000282026
0.0112726
-0.000261991
0.0112669
-0.00024192
0.0112613
-0.000221821
0.0112559
-0.0002017
0.0112507
-0.000181562
0.0112458
-0.000161411
0.0112411
-0.000141249
0.0112369
-0.00012108
0.0112331
-0.000100906
0.0112297
-8.07286e-05
0.0112269
-6.05486e-05
0.0112246
-4.0367e-05
0.0112229
-2.01847e-05
0.0112217
0.0112211
-0.0005588
0.0105274
0.000569876
-0.000544114
0.0108225
-0.000527248
0.0110195
-0.000509217
0.0111435
-0.00049064
0.0112169
-0.000471834
0.0112572
-0.000452929
0.011277
-0.000433956
0.0112849
-0.000414908
0.0112863
-0.000395772
0.0112841
-0.000376538
0.0112801
-0.000357201
0.0112752
-0.000337767
0.0112699
-0.000318241
0.0112643
-0.000298633
0.0112586
-0.000278954
0.0112529
-0.000259214
0.0112472
-0.000239421
0.0112415
-0.000219584
0.0112361
-0.000199711
0.0112308
-0.000179808
0.0112259
-0.00015988
0.0112212
-0.000139932
0.0112169
-0.000119967
0.0112131
-9.999e-05
0.0112098
-8.00027e-05
0.0112069
-6.00077e-05
0.0112046
-4.00073e-05
0.0112029
-2.00031e-05
0.0112017
0.0112011
-0.000548843
0.0105168
0.000559456
-0.000534712
0.0108084
-0.000518447
0.0110032
-0.000501022
0.0111261
-0.000483033
0.011199
-0.000464788
0.011239
-0.000446411
0.0112586
-0.000427936
0.0112665
-0.000409356
0.0112677
-0.000390659
0.0112654
-0.000371837
0.0112613
-0.000352887
0.0112563
-0.000333816
0.0112508
-0.000314632
0.0112451
-0.000295346
0.0112393
-0.000275969
0.0112335
-0.000256513
0.0112277
-0.000236989
0.011222
-0.000217406
0.0112165
-0.000197773
0.0112112
-0.000178097
0.0112062
-0.000158386
0.0112015
-0.000138645
0.0111972
-0.00011888
0.0111934
-9.90949e-05
0.01119
-7.92941e-05
0.0111871
-5.94813e-05
0.0111848
-3.96599e-05
0.011183
-1.98331e-05
0.0111818
0.0111813
-0.000539412
0.0105066
0.000549609
-0.000525792
0.0107948
-0.000510084
0.0109875
-0.000493225
0.0111093
-0.00047579
0.0111815
-0.000458074
0.0112212
-0.000440199
0.0112408
-0.000422196
0.0112485
-0.00040406
0.0112495
-0.00038578
0.0112471
-0.00036735
0.0112428
-0.000348769
0.0112377
-0.000330044
0.0112321
-0.000311184
0.0112263
-0.000292204
0.0112203
-0.000273114
0.0112144
-0.000253929
0.0112085
-0.00023466
0.0112028
-0.000215319
0.0111972
-0.000195915
0.0111918
-0.000176457
0.0111867
-0.000156953
0.011182
-0.000137411
0.0111777
-0.000117836
0.0111738
-9.82351e-05
0.0111704
-7.86123e-05
0.0111675
-5.89726e-05
0.0111652
-3.93206e-05
0.0111634
-1.96598e-05
0.0111622
0.0111616
-0.000530355
0.0104969
0.000540096
-0.00051726
0.0107817
-0.000502108
0.0109723
-0.000485804
0.011093
-0.000468903
0.0111646
-0.000451693
0.011204
-0.000434294
0.0112234
-0.000416738
0.0112309
-0.000399022
0.0112318
-0.000381136
0.0112292
-0.000363075
0.0112248
-0.000344842
0.0112194
-0.000326444
0.0112137
-0.000307892
0.0112077
-0.0002892
0.0112016
-0.000270384
0.0111956
-0.000251456
0.0111896
-0.00023243
0.0111837
-0.000213319
0.011178
-0.000194133
0.0111726
-0.000174883
0.0111675
-0.000155577
0.0111627
-0.000136225
0.0111583
-0.000116833
0.0111544
-9.74087e-05
0.011151
-7.79579e-05
0.011148
-5.84868e-05
0.0111457
-3.90009e-05
0.0111439
-1.9506e-05
0.0111427
0.0111421
-0.000521981
0.0104875
0.000531347
-0.000509344
0.0107691
-0.000494689
0.0109577
-0.00047889
0.0110772
-0.000462481
0.0111482
-0.00044574
0.0111873
-0.000428784
0.0112064
-0.000411645
0.0112138
-0.00039432
0.0112145
-0.000376802
0.0112117
-0.000359087
0.0112071
-0.000341178
0.0112015
-0.000323085
0.0111956
-0.000304819
0.0111894
-0.000286397
0.0111832
-0.000267834
0.011177
-0.000249146
0.0111709
-0.000230347
0.0111649
-0.00021145
0.0111591
-0.000192467
0.0111536
-0.000173411
0.0111484
-0.000154291
0.0111436
-0.000135116
0.0111391
-0.000115894
0.0111352
-9.66347e-05
0.0111317
-7.73435e-05
0.0111288
-5.80276e-05
0.0111264
-3.86931e-05
0.0111246
-1.93454e-05
0.0111233
0.0111227
-0.000514013
0.0104786
0.000522924
-0.000501869
0.0107569
-0.000487721
0.0109435
-0.000472418
0.0110619
-0.000456481
0.0111323
-0.000440184
0.011171
-0.000423643
0.0111899
-0.000406891
0.011197
-0.000389929
0.0111975
-0.000372751
0.0111945
-0.000355355
0.0111897
-0.000337746
0.0111839
-0.000319934
0.0111778
-0.000301934
0.0111714
-0.000283762
0.0111651
-0.000265436
0.0111587
-0.000246971
0.0111524
-0.000228383
0.0111463
-0.000209686
0.0111405
-0.000190895
0.0111348
-0.00017202
0.0111295
-0.000153074
0.0111246
-0.000134066
0.0111201
-0.000115006
0.0111161
-9.5902e-05
0.0111126
-7.67633e-05
0.0111096
-5.75974e-05
0.0111072
-3.84117e-05
0.0111054
-1.92145e-05
0.0111041
0.0111035
-0.000506902
0.01047
0.000515497
-0.000495153
0.0107452
-0.000481434
0.0109298
-0.000466565
0.011047
-0.000451048
0.0111168
-0.000435151
0.0111551
-0.000418986
0.0111737
-0.000402587
0.0111806
-0.000385955
0.0111809
-0.000369087
0.0111776
-0.000351981
0.0111726
-0.000334644
0.0111666
-0.000317089
0.0111602
-0.000299329
0.0111537
-0.000281384
0.0111471
-0.000263271
0.0111406
-0.000245007
0.0111342
-0.00022661
0.0111279
-0.000208094
0.0111219
-0.000189475
0.0111162
-0.000170764
0.0111108
-0.000151975
0.0111058
-0.000133118
0.0111013
-0.000114203
0.0110972
-9.52397e-05
0.0110936
-7.6237e-05
0.0110906
-5.72028e-05
0.0110882
-3.8145e-05
0.0110863
-1.90693e-05
0.0110851
0.0110845
-0.000500204
0.0104619
0.00050834
-0.000488913
0.0107339
-0.000475644
0.0109165
-0.000461204
0.0110325
-0.000446089
0.0111016
-0.000430563
0.0111396
-0.000414741
0.0111579
-0.00039866
0.0111645
-0.000382324
0.0111646
-0.000365733
0.0111611
-0.000348887
0.0111557
-0.000331794
0.0111495
-0.000314469
0.0111429
-0.000296926
0.0111361
-0.000279186
0.0111294
-0.000261266
0.0111227
-0.000243186
0.0111161
-0.000224963
0.0111097
-0.000206614
0.0111036
-0.000188152
0.0110978
-0.000169593
0.0110923
-0.000150949
0.0110872
-0.000132232
0.0110826
-0.000113452
0.0110784
-9.46203e-05
0.0110748
-7.57465e-05
0.0110717
-5.684e-05
0.0110693
-3.791e-05
0.0110674
-1.89679e-05
0.0110661
0.0110655
-0.000494559
0.010454
0.000502457
-0.000483589
0.0107229
-0.00047067
0.0109036
-0.00045658
0.0110185
-0.000441803
0.0110869
-0.000426596
0.0111244
-0.000411073
0.0111424
-0.000395271
0.0111487
-0.000379196
0.0111485
-0.000362848
0.0111447
-0.00034623
0.0111391
-0.000329351
0.0111326
-0.000312225
0.0111258
-0.00029487
0.0111188
-0.000277307
0.0111118
-0.000259554
0.0111049
-0.000241632
0.0110982
-0.000223559
0.0110916
-0.000205351
0.0110854
-0.000187025
0.0110794
-0.000168596
0.0110738
-0.000150075
0.0110687
-0.000131477
0.011064
-0.000112813
0.0110597
-9.40924e-05
0.0110561
-7.53264e-05
0.011053
-5.65238e-05
0.0110505
-3.76932e-05
0.0110486
-1.88393e-05
0.0110473
0.0110466
-0.000489317
0.0104465
0.000496759
-0.000478753
0.0107123
-0.000466214
0.0108911
-0.000452476
0.0110047
-0.000438018
0.0110724
-0.000423098
0.0111094
-0.000407835
0.0111271
-0.000392271
0.0111332
-0.000376416
0.0111326
-0.000360273
0.0111286
-0.000343847
0.0111227
-0.000327149
0.0111159
-0.000310195
0.0111088
-0.000293003
0.0111016
-0.000275594
0.0110944
-0.000257988
0.0110873
-0.000240206
0.0110804
-0.000222265
0.0110737
-0.000204185
0.0110673
-0.000185981
0.0110612
-0.000167669
0.0110555
-0.000149262
0.0110503
-0.000130774
0.0110455
-0.000112216
0.0110412
-9.35992e-05
0.0110375
-7.49356e-05
0.0110343
-5.62355e-05
0.0110318
-3.75093e-05
0.0110298
-1.87733e-05
0.0110285
0.0110279
-0.000485336
0.0104392
0.000492629
-0.000475009
0.010702
-0.000462725
0.0108788
-0.000449241
0.0109912
-0.000435025
0.0110582
-0.000420332
0.0110947
-0.00040528
0.0111121
-0.000389912
0.0111178
-0.000374239
0.011117
-0.000358265
0.0111126
-0.000341996
0.0111064
-0.000325446
0.0110994
-0.000308629
0.011092
-0.000291567
0.0110845
-0.000274279
0.0110771
-0.000256789
0.0110698
-0.000239115
0.0110627
-0.000221279
0.0110559
-0.000203298
0.0110493
-0.000185188
0.0110431
-0.000166966
0.0110373
-0.000148646
0.0110319
-0.000130241
0.0110271
-0.000111764
0.0110227
-9.32261e-05
0.0110189
-7.46384e-05
0.0110157
-5.60106e-05
0.0110131
-3.73518e-05
0.0110112
-1.86614e-05
0.0110098
0.0110092
-0.000481745
0.0104323
0.000488631
-0.000471741
0.010692
-0.000459748
0.0108668
-0.00044652
0.010978
-0.000432524
0.0110442
-0.000418019
0.0110802
-0.000403131
0.0110972
-0.000387908
0.0111026
-0.000372369
0.0111014
-0.000356519
0.0110967
-0.000340369
0.0110903
-0.000323931
0.0110829
-0.000307222
0.0110753
-0.000290263
0.0110676
-0.000273075
0.0110599
-0.000255681
0.0110524
-0.0002381
0.0110451
-0.000220354
0.0110381
-0.000202459
0.0110314
-0.000184434
0.0110251
-0.000166294
0.0110192
-0.000148053
0.0110137
-0.000129727
0.0110087
-0.000111326
0.0110043
-9.28634e-05
0.0110005
-7.43505e-05
0.0109972
-5.57982e-05
0.0109946
-3.72179e-05
0.0109926
-1.86352e-05
0.0109913
0.0109906
-0.000479625
0.0104255
0.000486442
-0.000469757
0.0106821
-0.00045791
0.010855
-0.000444822
0.0109649
-0.000430957
0.0110303
-0.000416574
0.0110659
-0.000401798
0.0110824
-0.000386678
0.0110875
-0.000371233
0.011086
-0.000355471
0.011081
-0.000339402
0.0110742
-0.000323039
0.0110666
-0.000306401
0.0110586
-0.000289509
0.0110507
-0.000272384
0.0110428
-0.000255049
0.0110351
-0.000237525
0.0110276
-0.000219832
0.0110204
-0.000201989
0.0110136
-0.000184013
0.0110071
-0.00016592
0.0110011
-0.000147726
0.0109955
-0.000129443
0.0109905
-0.000111085
0.010986
-9.26646e-05
0.010982
-7.41921e-05
0.0109787
-5.5679e-05
0.0109761
-3.71336e-05
0.010974
-1.85459e-05
0.0109727
0.010972
-0.000477878
0.000484473
-0.000468216
-0.000456538
-0.00044358
-0.000429812
-0.0004155
-0.000400777
-0.000385699
-0.000370291
-0.000354566
-0.000338534
-0.00032221
-0.000305612
-0.000288762
-0.00027168
-0.00025439
-0.000236911
-0.000219264
-0.000201467
-0.000183538
-0.000165492
-0.000147344
-0.000129109
-0.000110799
-9.24259e-05
-7.40014e-05
-5.55365e-05
-3.70433e-05
-1.85428e-05
0.00530017
-0.00042159
0.00524805
-0.000341197
0.00520013
-0.000265333
0.00515632
-0.000193685
0.00511663
-0.000125996
0.00508102
-6.17563e-05
0.00504783
-5.4854e-07
0.00502104
5.30736e-05
0.00499604
0.00010639
0.00497416
0.000157215
0.00495526
0.000205581
0.00493915
0.000251416
0.00492565
0.000294899
0.00491456
0.00033618
0.00490572
0.000375335
0.00489892
0.000412423
0.00489401
0.000447499
0.00489083
0.00048061
0.00488922
0.000511791
0.00488906
0.000541071
0.00489021
0.000568471
0.00489256
0.000594008
0.004896
0.000617696
0.00490043
0.000639548
0.00490576
0.000659575
0.0049119
0.00067779
0.00491879
0.000694206
0.00492634
0.000708842
0.0049345
0.000721717
0.00494321
0.000732856
0.00495242
0.000742288
0.00496208
0.000750047
0.00497214
0.000756171
0.00498257
0.000760707
0.00499334
0.000763703
0.0050044
0.000765217
0.00501574
0.000765309
0.00502732
0.000764046
0.00503912
0.000761498
0.00505113
0.000757742
0.00506331
0.000752856
0.00507564
0.000746921
0.00508812
0.000740021
0.00510073
0.000732242
0.00511344
0.00072367
0.00512626
0.000714393
0.00513915
0.000704497
0.00515213
0.000694071
0.00516516
0.000683197
0.00517826
0.000671963
0.0051914
0.000660444
0.00520459
0.000648731
0.00521781
0.000636886
0.00523107
0.000625003
0.00524437
0.000613126
0.00525769
0.000601362
0.00527104
0.000589722
0.00528441
0.000578344
0.00529782
0.000567184
0.00531125
0.000556441
0.00532473
0.000545978
0.00533823
0.000536108
0.0053518
0.000526533
0.00536538
0.000517766
0.00537905
0.000509251
0.00539273
0.000501823
0.00540654
0.000494531
0.00542031
0.00048868
0.00543428
0.00048279
0.00544817
0.000478744
0.0054623
0.000474502
0.0054763
0.000472439
0.000470316
0.00521458
-0.000437322
0.00515073
-0.000357735
0.00509266
-0.000283131
0.00504019
-0.000212861
0.0049931
-0.000146597
0.00495074
-8.36328e-05
0.00491284
-2.38604e-05
0.00488219
3.01058e-05
0.00485377
8.14871e-05
0.00482905
0.000131115
0.00480798
0.00017828
0.00479038
0.000223181
0.00477593
0.000265872
0.00476434
0.000306483
0.00475538
0.000345138
0.00474882
0.000381899
0.00474444
0.000416808
0.00474203
0.000449906
0.00474141
0.000481224
0.00474242
0.000510787
0.00474488
0.000538607
0.00474866
0.000564695
0.00475361
0.000589055
0.00475962
0.000611691
0.00476656
0.000632603
0.00477434
0.000651793
0.00478287
0.000669266
0.00479205
0.000685026
0.00480181
0.000699083
0.00481207
0.000711449
0.00482279
0.000722143
0.00483389
0.000731185
0.00484533
0.000738605
0.00485706
0.000744437
0.00486905
0.000748722
0.00488125
0.000751505
0.00489363
0.000752838
0.00490616
0.00075278
0.00491881
0.000751393
0.00493156
0.000748746
0.00494439
0.00074491
0.00495729
0.000739963
0.00497022
0.000733984
0.00498319
0.000727055
0.00499617
0.000719259
0.00500916
0.000710681
0.00502215
0.000701408
0.00503512
0.000691524
0.00504807
0.000681117
0.005061
0.000670267
0.0050739
0.000659063
0.00508677
0.000647577
0.0050996
0.000635899
0.0051124
0.00062409
0.00512516
0.000612243
0.00513789
0.0006004
0.00515058
0.00058867
0.00516324
0.000577059
0.00517587
0.000565709
0.00518849
0.000554568
0.00520109
0.000543845
0.00521368
0.000533385
0.00522626
0.000523525
0.00523887
0.000513929
0.00525146
0.000505169
0.00526412
0.000496598
0.00527676
0.000489183
0.0052895
0.000481784
0.00530221
0.00047597
0.0053151
0.000469908
0.0053279
0.000465941
0.00534093
0.000461471
0.00535385
0.000459514
0.000457206
0.00498527
-0.000361542
0.00491711
-0.000289573
0.00485612
-0.000222142
0.00480186
-0.000158602
0.00475366
-9.83887e-05
0.00471137
-4.1351e-05
0.00467535
1.21656e-05
0.0046445
6.09574e-05
0.00461756
0.00010842
0.004595
0.000153682
0.00457645
0.000196827
0.00456158
0.000238049
0.00455005
0.000277402
0.00454156
0.000314977
0.00453583
0.000350868
0.0045326
0.000385123
0.00453164
0.000417767
0.00453273
0.000448824
0.00453564
0.000478309
0.0045402
0.000506231
0.00454622
0.000532588
0.00455354
0.000557377
0.004562
0.000580589
0.00457148
0.000602215
0.00458184
0.000622243
0.00459296
0.000640666
0.00460475
0.000657477
0.00461711
0.00067267
0.00462995
0.000686246
0.00464319
0.00069821
0.00465676
0.00070857
0.0046706
0.000717341
0.00468466
0.000724546
0.00469889
0.000730213
0.00471323
0.000734376
0.00472766
0.000737077
0.00474214
0.000738364
0.00475663
0.000738288
0.00477111
0.000736911
0.00478556
0.000734296
0.00479996
0.000730512
0.00481429
0.000725634
0.00482853
0.000719738
0.00484268
0.000712903
0.00485673
0.000705212
0.00487067
0.000696746
0.00488448
0.000687592
0.00489818
0.000677832
0.00491174
0.000667551
0.00492518
0.000656829
0.00493849
0.000645754
0.00495167
0.000634396
0.00496472
0.000622844
0.00497766
0.000611157
0.00499047
0.000599429
0.00500317
0.0005877
0.00501577
0.000576076
0.00502826
0.000564565
0.00504066
0.000553307
0.00505298
0.000542248
0.00506523
0.000531599
0.00507742
0.000521197
0.00508955
0.000511392
0.00510165
0.000501825
0.00511372
0.000493104
0.0051258
0.000484521
0.00513784
0.00047714
0.00514995
0.000469671
0.00516201
0.000463907
0.00517423
0.000457698
0.00518635
0.000453818
0.00519869
0.000449127
0.00521093
0.000447277
0.000444768
0.0046601
-0.000285623
0.00459283
-0.000222299
0.00453349
-0.000162799
0.00448142
-0.000106538
0.00443626
-5.32301e-05
0.00439622
-1.30565e-06
0.00436448
4.39074e-05
0.00433656
8.88736e-05
0.00431346
0.000131517
0.00429486
0.000172282
0.00428034
0.000211346
0.00426956
0.000248835
0.00426217
0.000284793
0.00425786
0.000319286
0.00425635
0.000352379
0.00425737
0.0003841
0.00426068
0.00041446
0.00426604
0.000443463
0.00427323
0.000471111
0.00428207
0.000497396
0.00429235
0.000522303
0.00430392
0.000545815
0.0043166
0.00056791
0.00433024
0.000588566
0.00434473
0.000607761
0.00435992
0.000625475
0.0043757
0.000641692
0.00439198
0.000656396
0.00440864
0.000669579
0.00442562
0.000681234
0.00444283
0.000691363
0.0044602
0.000699972
0.00447766
0.000707078
0.00449517
0.000712701
0.00451268
0.00071687
0.00453014
0.000719619
0.00454751
0.000720992
0.00456477
0.000721035
0.00458187
0.000719804
0.00459881
0.000717359
0.00461556
0.000713766
0.0046321
0.000709094
0.00464842
0.000703418
0.00466451
0.000696813
0.00468036
0.00068936
0.00469597
0.000681138
0.00471133
0.000672231
0.00472644
0.000662718
0.00474131
0.000652686
0.00475593
0.00064221
0.0047703
0.000631377
0.00478444
0.000620256
0.00479835
0.000608935
0.00481204
0.000597472
0.00482551
0.000585958
0.00483877
0.000574435
0.00485184
0.000563005
0.00486473
0.000551677
0.00487745
0.000540586
0.00489002
0.000529684
0.00490244
0.000519174
0.00491474
0.000508899
0.00492693
0.000499202
0.00493903
0.000489725
0.00495105
0.000481083
0.00496303
0.000472543
0.00497494
0.000465224
0.00498688
0.000457732
0.00499876
0.000452036
0.00501074
0.000445712
0.00502262
0.000441935
0.00503472
0.00043703
0.00504669
0.000435306
0.000432582
0.00424489
-0.000215982
0.00418409
-0.000161508
0.00413127
-0.00010997
0.00408541
-6.06836e-05
0.00404565
-1.34699e-05
0.00401471
2.96356e-05
0.00398752
7.1099e-05
0.00396549
0.0001109
0.00394821
0.000148804
0.00393525
0.00018524
0.00392622
0.000220378
0.00392077
0.000254277
0.0039186
0.000286963
0.00391941
0.000318476
0.00392294
0.000348857
0.00392892
0.000378118
0.00393712
0.000406255
0.00394733
0.000433258
0.00395933
0.000459114
0.00397292
0.000483804
0.00398792
0.000507299
0.00400417
0.000529571
0.00402149
0.000550587
0.00403974
0.000570314
0.00405878
0.00058872
0.00407848
0.000605775
0.00409872
0.000621453
0.00411939
0.00063573
0.00414038
0.000648587
0.0041616
0.000660009
0.00418298
0.00066999
0.00420442
0.000678528
0.00422587
0.000685632
0.00424725
0.000691316
0.00426852
0.0006956
0.00428963
0.000698514
0.00431053
0.000700092
0.00433118
0.000700379
0.00435156
0.000699423
0.00437164
0.00069728
0.0043914
0.00069401
0.00441081
0.00068968
0.00442987
0.000684358
0.00444856
0.00067812
0.00446688
0.000671039
0.00448483
0.000663195
0.00450239
0.000654667
0.00451958
0.000645533
0.00453639
0.000635876
0.00455282
0.000625771
0.0045689
0.000615301
0.00458462
0.000604536
0.0046
0.000593559
0.00461504
0.00058243
0.00462976
0.000571235
0.00464418
0.000560019
0.0046583
0.000548877
0.00467216
0.000537825
0.00468575
0.000526988
0.00469911
0.000516327
0.00471226
0.000506029
0.0047252
0.000495956
0.00473797
0.00048643
0.00475058
0.000477112
0.00476307
0.000468598
0.00477545
0.000460165
0.00478773
0.00045294
0.00479998
0.000445483
0.00481214
0.000439875
0.00482437
0.000433481
0.00483648
0.000429826
0.00484879
0.000424721
0.00486094
0.000423154
0.000420201
0.00381701
-0.00020671
0.0037589
-0.000157868
0.00370901
-0.000111625
0.00366627
-6.723e-05
0.00362994
-2.43454e-05
0.00360064
1.58212e-05
0.00357664
5.36393e-05
0.00355754
9.01975e-05
0.00354322
0.000125225
0.00353315
0.000158871
0.00352697
0.000191419
0.00352436
0.000222986
0.00352504
0.000253595
0.00352875
0.000283262
0.00353521
0.000312009
0.00354421
0.00033986
0.00355551
0.000366814
0.00356891
0.000392854
0.00358421
0.000417961
0.00360121
0.000442112
0.00361974
0.000465276
0.00363962
0.000487418
0.00366069
0.0005085
0.0036828
0.000528479
0.0037058
0.000547315
0.00372955
0.000564969
0.00375392
0.000581402
0.00377879
0.00059658
0.00380405
0.000610471
0.00382959
0.000623048
0.00385531
0.000634289
0.00388112
0.000644179
0.00390694
0.000652711
0.00393269
0.000659884
0.0039583
0.000665706
0.00398371
0.000670191
0.00400886
0.00067336
0.00403371
0.000675242
0.00405822
0.000675876
0.00408234
0.000675303
0.00410604
0.000673574
0.00412931
0.000670746
0.00415211
0.000666877
0.00417443
0.000662034
0.00419626
0.000656287
0.0042176
0.000649706
0.00423843
0.000642366
0.00425875
0.000634344
0.00427857
0.000625715
0.00429789
0.000616558
0.00431671
0.000606947
0.00433505
0.000596961
0.00435292
0.00058667
0.00437032
0.000576152
0.00438729
0.000565469
0.00440382
0.000554701
0.00441994
0.000543896
0.00443568
0.000533143
0.00445104
0.000522463
0.00446606
0.000511969
0.00448075
0.000501637
0.00449514
0.000491633
0.00450926
0.000481843
0.00452313
0.000472555
0.00453677
0.000463471
0.00455023
0.000455139
0.00456351
0.000446882
0.00457666
0.00043979
0.00458971
0.000432434
0.00460265
0.000426935
0.00461561
0.000420527
0.00462842
0.000417014
0.00464141
0.000411732
0.00465421
0.000410358
0.000407163
0.00327156
-0.000155132
0.00322781
-0.000114126
0.00319107
-7.48826e-05
0.00316053
-3.66881e-05
0.00313496
1.22454e-06
0.00311603
3.47476e-05
0.00310131
6.83578e-05
0.00309104
0.000100475
0.00308482
0.000131439
0.00308228
0.00016141
0.00308314
0.000190559
0.00308715
0.000218977
0.00309409
0.00024666
0.00310373
0.000273621
0.00311587
0.000299871
0.00313031
0.000325419
0.00314687
0.000350254
0.00316537
0.000374354
0.00318564
0.000397694
0.00320751
0.000420242
0.00323082
0.000441963
0.00325542
0.000462815
0.00328116
0.000482756
0.00330791
0.000501737
0.00333551
0.000519711
0.00336385
0.000536634
0.00339278
0.000552463
0.00342221
0.000567158
0.003452
0.000580679
0.00348205
0.000592996
0.00351226
0.000604078
0.00354254
0.000613905
0.00357279
0.000622463
0.00360293
0.000629744
0.00363288
0.00063575
0.00366259
0.000640487
0.00369197
0.000643971
0.00372099
0.000646225
0.00374959
0.000647278
0.00377772
0.000647169
0.00380536
0.000645942
0.00383246
0.000643645
0.003859
0.000640336
0.00388496
0.000636074
0.00391032
0.000630922
0.00393508
0.000624949
0.00395922
0.000618225
0.00398274
0.000610821
0.00400565
0.00060281
0.00402794
0.000594268
0.00404962
0.000585264
0.00407071
0.000575875
0.00409121
0.000566169
0.00411114
0.00055622
0.00413052
0.000546089
0.00414937
0.000535854
0.0041677
0.000525562
0.00418555
0.000515295
0.00420293
0.000505083
0.00421987
0.000495024
0.0042364
0.000485109
0.00425256
0.000475481
0.00426834
0.000466055
0.00428382
0.000457077
0.00429899
0.000448302
0.00431392
0.00044021
0.0043286
0.000432203
0.00434311
0.000425283
0.00435744
0.000418101
0.00437164
0.000412734
0.00438579
0.000406377
0.00439978
0.000403022
0.00441391
0.000397598
0.00442781
0.000396458
0.000393007
0.00270761
-0.00011986
0.00267845
-8.49621e-05
0.00265465
-5.1087e-05
0.00263544
-1.7474e-05
0.00262214
1.45207e-05
0.00261222
4.46724e-05
0.00260643
7.41406e-05
0.00260437
0.000102537
0.00260571
0.000130096
0.00261018
0.000156941
0.00261757
0.000183172
0.00262769
0.000208861
0.00264037
0.000233979
0.00265544
0.000258544
0.00267276
0.00028256
0.00269215
0.000306025
0.00271348
0.000328926
0.00273659
0.000351238
0.00276136
0.000372931
0.00278763
0.00039397
0.00281527
0.00041432
0.00284415
0.000433933
0.00287414
0.000452769
0.00290511
0.00047077
0.00293693
0.000487891
0.00296948
0.000504084
0.00300264
0.000519303
0.00303629
0.000533504
0.00307033
0.000546644
0.00310463
0.00055869
0.00313911
0.000569603
0.00317365
0.00057936
0.00320817
0.000587942
0.00324258
0.000595335
0.0032768
0.000601534
0.00331075
0.000606539
0.00334436
0.000610361
0.00337756
0.000613017
0.00341031
0.000614529
0.00344255
0.00061493
0.00347424
0.000614257
0.00350533
0.000612554
0.00353579
0.00060987
0.00356561
0.000606261
0.00359475
0.000601784
0.00362319
0.000596502
0.00365094
0.00059048
0.00367797
0.000583786
0.0037043
0.000576487
0.00372991
0.000568654
0.00375482
0.000560354
0.00377903
0.00055166
0.00380257
0.000542636
0.00382543
0.000533354
0.00384765
0.000523873
0.00386924
0.000514265
0.00389022
0.00050458
0.00391062
0.000494892
0.00393047
0.000485236
0.0039498
0.000475697
0.00396862
0.000466283
0.00398699
0.000457111
0.00400492
0.000448127
0.00402247
0.000439532
0.00403963
0.000431139
0.00405649
0.000423347
0.00407303
0.000415662
0.00408936
0.000408957
0.00410544
0.000402025
0.00412136
0.00039681
0.00413716
0.000390581
0.00415278
0.000387393
0.00416851
0.000381877
0.00418395
0.000381009
0.00037729
0.00215037
-9.88145e-05
0.00213378
-6.83642e-05
0.00212127
-3.85777e-05
0.00211253
-8.74104e-06
0.00210759
1.94677e-05
0.00210604
4.62225e-05
0.00210781
7.23675e-05
0.00211261
9.77382e-05
0.00212023
0.000122474
0.0021305
0.00014667
0.00214328
0.00017039
0.00215844
0.000193705
0.00217586
0.000216556
0.00219542
0.000238981
0.00221701
0.000260977
0.00224049
0.00028254
0.00226577
0.000303653
0.00229271
0.000324291
0.00232122
0.000344425
0.00235117
0.000364021
0.00238245
0.000383041
0.00241494
0.000401439
0.00244853
0.000419178
0.00248311
0.000436193
0.00251856
0.000452441
0.00255477
0.000467876
0.00259162
0.00048245
0.002629
0.000496118
0.00266681
0.000508836
0.00270494
0.000520566
0.00274327
0.000531267
0.00278172
0.000540912
0.00282018
0.000549479
0.00285857
0.000556949
0.00289679
0.000563313
0.00293476
0.000568566
0.00297241
0.000572712
0.00300967
0.000575762
0.00304646
0.000577735
0.00308274
0.000578654
0.00311844
0.000578553
0.00315353
0.000577468
0.00318795
0.000575444
0.00322169
0.000572527
0.0032547
0.000568772
0.00328697
0.000564234
0.00331847
0.000558973
0.00334921
0.000553052
0.00337916
0.000546532
0.00340834
0.00053948
0.00343673
0.000531959
0.00346435
0.000524037
0.00349122
0.000515775
0.00351733
0.000507239
0.00354272
0.000498488
0.00356739
0.000489588
0.00359138
0.00048059
0.00361471
0.000471561
0.00363741
0.00046254
0.0036595
0.0004536
0.00368103
0.000444762
0.00370202
0.00043612
0.00372249
0.00042765
0.00374252
0.000419505
0.0037621
0.000411563
0.00378131
0.000404131
0.00380014
0.000396836
0.0038187
0.000390392
0.00383695
0.000383781
0.00385502
0.000378741
0.00387287
0.000372722
0.00389056
0.000369703
0.00390828
0.000364161
0.00392569
0.000363597
0.000359601
0.00162845
-0.000116338
0.00161796
-8.83215e-05
0.00161063
-6.10382e-05
0.00160637
-3.43193e-05
0.00160513
-7.50163e-06
0.00160686
1.77439e-05
0.00161133
4.17521e-05
0.00161852
6.51761e-05
0.00162826
8.79943e-05
0.00164043
0.000110307
0.00165491
0.000132191
0.0016716
0.000153692
0.00169042
0.00017489
0.0017113
0.000195678
0.00173414
0.000216141
0.00175885
0.000236262
0.00178536
0.000256037
0.00181356
0.000275453
0.00184336
0.000294484
0.00187469
0.000313103
0.00190743
0.000331278
0.0019415
0.000348973
0.00197679
0.000366146
0.00201321
0.000382763
0.00205065
0.00039875
0.00208902
0.000414075
0.0021282
0.000428693
0.00216809
0.000442556
0.00220859
0.000455619
0.00224959
0.000467838
0.00229098
0.000479178
0.00233266
0.000489588
0.00237452
0.000499045
0.00241648
0.000507524
0.00245843
0.000515002
0.00250027
0.000521468
0.00254193
0.00052691
0.00258331
0.000531328
0.00262434
0.00053473
0.00266495
0.000537127
0.00270507
0.000538538
0.00274463
0.000538989
0.00278359
0.000538512
0.00282189
0.000537143
0.00285949
0.000534926
0.00289636
0.000531905
0.00293246
0.000528132
0.00296777
0.00052366
0.00300228
0.000518544
0.00303597
0.000512844
0.00306883
0.000506617
0.00310087
0.000499924
0.00313208
0.000492827
0.00316247
0.000485382
0.00319206
0.000477652
0.00322085
0.000469693
0.00324888
0.000461564
0.00327615
0.000453317
0.0033027
0.000445012
0.00332855
0.00043669
0.00335373
0.000428416
0.00337828
0.000420218
0.00340223
0.000412171
0.0034256
0.000404277
0.00344846
0.000396647
0.00347081
0.000389215
0.00349273
0.000382203
0.00351421
0.000375356
0.00353538
0.000369221
0.00355617
0.000363
0.00357675
0.000358157
0.00359704
0.000352434
0.00361716
0.000349577
0.00363723
0.000344093
0.00365698
0.00034385
0.000339576
0.0011253
-0.000109992
0.00112126
-8.4276e-05
0.00111963
-5.9406e-05
0.00112047
-3.51658e-05
0.00112394
-1.09723e-05
0.00112962
1.2072e-05
0.00113773
3.36408e-05
0.0011482
5.47003e-05
0.00116094
7.52579e-05
0.00117585
9.53938e-05
0.00119287
0.000115172
0.00121193
0.000134632
0.00123295
0.000153867
0.00125593
0.0001727
0.00128078
0.000191297
0.00130742
0.000209617
0.0013358
0.000227659
0.00136584
0.00024541
0.00139748
0.000262847
0.00143063
0.000279948
0.00146523
0.000296682
0.00150119
0.000313017
0.00153842
0.000328915
0.00157683
0.000344352
0.00161634
0.000359236
0.00165686
0.000373555
0.00169829
0.000387265
0.00174052
0.00040032
0.00178347
0.000412677
0.00182701
0.000424293
0.00187105
0.000435135
0.0019155
0.000445146
0.00196023
0.000454309
0.00200516
0.000462594
0.00205019
0.00046998
0.0020952
0.00047645
0.00214012
0.000481989
0.00218486
0.000486596
0.00222932
0.000490271
0.00227342
0.000493022
0.00231709
0.000494863
0.00236027
0.000495813
0.00240288
0.000495899
0.00244488
0.00049515
0.0024862
0.000493603
0.00252681
0.000491298
0.00256666
0.000488278
0.00260573
0.000484591
0.00264399
0.000480285
0.00268142
0.000475414
0.00271801
0.00047003
0.00275374
0.000464187
0.00278863
0.000457941
0.00282266
0.000451347
0.00285586
0.000444459
0.00288822
0.000437331
0.00291977
0.000430017
0.00295052
0.000422567
0.00298049
0.000415034
0.00300972
0.000407462
0.00303823
0.000399905
0.00306605
0.000392399
0.00309322
0.000385002
0.00311976
0.000377736
0.00314573
0.000370677
0.00317114
0.000363807
0.00319607
0.00035727
0.0032205
0.000350924
0.00324458
0.000345147
0.0032682
0.000339375
0.0032916
0.000334757
0.00331463
0.000329411
0.00333749
0.000326708
0.00336021
0.000321382
0.0033826
0.000321457
0.000316923
0.000667011
-0.00010681
0.000665752
-8.30171e-05
0.000666605
-6.02589e-05
0.000669675
-3.82353e-05
0.000675182
-1.64798e-05
0.000682584
4.67054e-06
0.000692238
2.39863e-05
0.000704063
4.2876e-05
0.000718011
6.13097e-05
0.000734022
7.93827e-05
0.000752044
9.71497e-05
0.00077203
0.000114646
0.00079391
0.000131987
0.000817727
0.000148883
0.000843376
0.000165649
0.000870812
0.00018218
0.000899986
0.000198486
0.000930842
0.000214553
0.000963325
0.000230365
0.000997373
0.000245899
0.00103292
0.000261133
0.0010699
0.000276038
0.00110824
0.00029058
0.00114784
0.000304749
0.00118866
0.00031842
0.00123059
0.000331623
0.00127354
0.000344308
0.00131743
0.000356432
0.00136215
0.000367956
0.00140761
0.000378838
0.00145369
0.000389053
0.00150031
0.000398528
0.00154735
0.000407263
0.00159472
0.000415225
0.00164231
0.000422389
0.00169002
0.000428741
0.00173776
0.000434257
0.00178541
0.000438938
0.0018329
0.00044278
0.00188014
0.000445786
0.00192704
0.000447964
0.00197352
0.000449331
0.00201952
0.000449904
0.00206496
0.000449709
0.00210979
0.000448775
0.00215395
0.000447136
0.0021974
0.000444828
0.0022401
0.000441892
0.00228201
0.000438372
0.00232311
0.000434312
0.00236338
0.000429761
0.0024028
0.000424765
0.00244137
0.000419375
0.00247908
0.000413639
0.00251593
0.000407609
0.00255193
0.000401331
0.00258709
0.000394856
0.00262142
0.00038823
0.00265496
0.000381502
0.0026877
0.000374713
0.0027197
0.000367912
0.00275096
0.000361137
0.00278153
0.000354435
0.00281142
0.000347838
0.0028407
0.000341398
0.00286938
0.000335134
0.00289752
0.000329124
0.00292512
0.000323322
0.00295232
0.000317955
0.00297901
0.000312679
0.00300544
0.000308324
0.00303143
0.000303427
0.00305727
0.000300869
0.00308283
0.000295814
0.00310811
0.000296181
0.000291434
0.00025508
-0.000103559
0.000253816
-8.17527e-05
0.000254668
-6.1111e-05
0.000257714
-4.12816e-05
0.000263116
-2.18821e-05
0.000270545
-2.75794e-06
0.000279994
1.45374e-05
0.000291613
3.12568e-05
0.000305329
4.75935e-05
0.000321087
6.36248e-05
0.000338844
7.93925e-05
0.000358558
9.49324e-05
0.000380173
0.000110372
0.000403754
0.000125301
0.000429197
0.000140206
0.000456458
0.00015492
0.0004855
0.000169443
0.000516284
0.00018377
0.000548762
0.000197886
0.000582884
0.000211777
0.000618596
0.000225422
0.000655837
0.000238797
0.000694539
0.000251878
0.000734624
0.000264664
0.000776054
0.000276991
0.000818731
0.000288945
0.00086257
0.000300469
0.00090748
0.000311522
0.00095337
0.000322066
0.00100014
0.000332066
0.00104769
0.000341504
0.00109593
0.000350285
0.00114476
0.000358441
0.00119405
0.000365927
0.00124372
0.000372722
0.00129365
0.000378811
0.00134374
0.000384163
0.0013939
0.000388783
0.00144402
0.000392663
0.001494
0.000395801
0.00154376
0.000398201
0.00159322
0.000399875
0.00164229
0.000400836
0.00169089
0.000401103
0.00173897
0.000400699
0.00178645
0.000399651
0.00183329
0.00039799
0.00187943
0.00039575
0.00192484
0.000392966
0.00196948
0.000389677
0.00201331
0.000385925
0.00205633
0.00038175
0.0020985
0.000377197
0.00213983
0.000372309
0.00218031
0.00036713
0.00221994
0.000361704
0.00225872
0.000356075
0.00229667
0.000350285
0.00233379
0.000344377
0.00237011
0.000338393
0.00240565
0.000332373
0.00244043
0.000326357
0.00247448
0.000320382
0.00250783
0.000314489
0.00254052
0.000308709
0.00257257
0.000303085
0.00260404
0.000297651
0.00263494
0.000292429
0.00266537
0.000287525
0.00269526
0.000282783
0.00272485
0.000278736
0.00275393
0.000274348
0.00278286
0.000271936
0.00281141
0.000267269
0.00283972
0.000267873
0.000263003
-0.000110239
-9.81289e-05
-0.000113385
-7.86062e-05
-0.000114246
-6.02502e-05
-0.000112804
-4.27232e-05
-0.000109016
-2.56708e-05
-0.000102712
-9.06159e-06
-9.46624e-05
6.48758e-06
-8.43796e-05
2.09739e-05
-7.19316e-05
3.51455e-05
-5.73862e-05
4.90795e-05
-4.07812e-05
6.27875e-05
-2.21433e-05
7.62945e-05
-1.39762e-06
8.96263e-05
2.09318e-05
0.000102972
4.52959e-05
0.000115842
7.15799e-05
0.000128636
9.9742e-05
0.000141281
0.00012974
0.000153772
0.00016153
0.000166096
0.000195069
0.000178238
0.000230307
0.000190183
0.000267193
0.000201912
0.000305663
0.000213408
0.000345644
0.000224683
0.000387122
0.000235513
0.000429992
0.000246075
0.000474169
0.000256293
0.00051957
0.000266121
0.000566108
0.000275528
0.000613689
0.000284485
0.000662207
0.000292986
0.00071159
0.000300903
0.000761715
0.000308315
0.000812478
0.000315165
0.00086377
0.00032143
0.000915482
0.000327099
0.000967515
0.00033213
0.00101976
0.000336539
0.00107211
0.000340312
0.00112447
0.000343444
0.00117673
0.000345933
0.00122882
0.00034779
0.00128063
0.000349022
0.00133209
0.000349642
0.00138313
0.000349667
0.00143366
0.000349118
0.00148363
0.000348019
0.00153298
0.000346397
0.00158167
0.000344282
0.00162964
0.000341705
0.00167686
0.000338701
0.00172331
0.000335305
0.00176895
0.000331554
0.00181378
0.000327485
0.00185777
0.000323137
0.00190093
0.000318548
0.00194324
0.000313757
0.00198473
0.000308801
0.00202538
0.000303719
0.00206523
0.000298549
0.00210428
0.000293325
0.00214255
0.000288087
0.00218007
0.000282864
0.00221686
0.000277699
0.00225295
0.000272614
0.00228838
0.00026766
0.00232318
0.000262845
0.00235738
0.000258233
0.00239106
0.000253845
0.00242417
0.000249667
0.00245693
0.000245983
0.00248913
0.000242146
0.00252117
0.000239898
0.00255271
0.000235727
0.00258409
0.00023649
0.000231643
-0.00042881
-8.94556e-05
-0.000434877
-7.25396e-05
-0.000438415
-5.67117e-05
-0.000439461
-4.16775e-05
-0.000437983
-2.71486e-05
-0.000433946
-1.30987e-05
-0.000428046
5.87402e-07
-0.000419701
1.26283e-05
-0.000409189
2.46337e-05
-0.000396532
3.64231e-05
-0.000381768
4.80228e-05
-0.000364931
5.94581e-05
-0.000346043
7.07377e-05
-0.000325058
8.19876e-05
-0.000302094
9.28776e-05
-0.000277161
0.000103703
-0.00025028
0.0001144
-0.000221478
0.00012497
-0.000190786
0.000135404
-0.000158239
0.000145691
-0.000123874
0.000155818
-8.77327e-05
0.00016577
-4.98547e-05
0.00017553
-1.02519e-05
0.00018508
3.07718e-05
0.000194489
7.33485e-05
0.000203498
0.000117417
0.000212225
0.000162882
0.000220656
0.000209652
0.000228758
0.000257629
0.000236508
0.000306708
0.000243907
0.000356832
0.000250779
0.000407863
0.000257284
0.000459694
0.000263333
0.00051222
0.000268905
0.000565327
0.000273992
0.000618918
0.000278539
0.000672875
0.000282582
0.00072709
0.000286097
0.000781455
0.000289078
0.000835872
0.000291516
0.000890239
0.000293424
0.000944462
0.000294799
0.000998452
0.000295652
0.00105212
0.000295995
0.0011054
0.000295841
0.00115821
0.000295209
0.00121049
0.000294118
0.00126218
0.000292593
0.00131322
0.000290658
0.00136359
0.000288339
0.00141323
0.000285667
0.00146211
0.000282671
0.00151021
0.000279382
0.00155751
0.000275834
0.00160401
0.000272057
0.00164968
0.000268086
0.00169452
0.000263954
0.00173855
0.000259693
0.00178176
0.000255338
0.00182417
0.000250918
0.00186578
0.000246468
0.00190663
0.000242016
0.00194673
0.0002376
0.00198611
0.000233236
0.00202479
0.00022898
0.00206281
0.000224822
0.0021002
0.000220848
0.00213701
0.000217027
0.00217324
0.000213437
0.00220905
0.000210177
0.00224428
0.000206917
0.00227931
0.000204867
0.00231375
0.000201284
0.00234813
0.000202113
0.000197491
-0.000686982
-9.24524e-05
-0.000699285
-7.71528e-05
-0.000708661
-6.31635e-05
-0.000715254
-5.0118e-05
-0.00071916
-3.7772e-05
-0.000720421
-2.58871e-05
-0.000719118
-1.44026e-05
-0.000715153
-3.37701e-06
-0.000709251
6.72628e-06
-0.000700988
1.63706e-05
-0.000690477
2.59126e-05
-0.000677775
3.53208e-05
-0.000662915
4.45977e-05
-0.000645925
5.37479e-05
-0.000626768
6.28302e-05
-0.000605552
7.16621e-05
-0.000582278
8.04285e-05
-0.000556965
8.90871e-05
-0.000529636
9.76414e-05
-0.000500318
0.000106086
-0.000469039
0.000114413
-0.000435835
0.000122614
-0.000400745
0.00013068
-0.000363816
0.000138601
-0.000325098
0.000146362
-0.000284602
0.000153993
-0.000242436
0.000161332
-0.00019867
0.000168458
-0.000153371
0.000175357
-0.000106617
0.000182004
-5.84873e-05
0.000188378
-9.03623e-06
0.000194456
4.14426e-05
0.0002003
9.30266e-05
0.0002057
0.000145593
0.000210767
0.000199018
0.000215479
0.000253184
0.000219826
0.000307996
0.000223726
0.000363325
0.000227254
0.000419057
0.000230365
0.000475085
0.000233051
0.000531302
0.000235299
0.000587602
0.000237124
0.000643885
0.000238516
0.000700053
0.000239483
0.000756018
0.00024003
0.000811693
0.000240166
0.000867
0.000239902
0.000921866
0.000239253
0.000976225
0.000238234
0.00103002
0.000236864
0.00108319
0.000235164
0.0011357
0.000233156
0.00118751
0.000230863
0.00123858
0.00022831
0.00128889
0.000225524
0.00133842
0.00022253
0.00138715
0.000219357
0.00143507
0.000216032
0.00148218
0.000212583
0.00152848
0.000209038
0.00157398
0.000205424
0.00161867
0.000201771
0.00166259
0.000198102
0.00170574
0.000194452
0.00174814
0.000190833
0.00178982
0.000187297
0.00183082
0.00018383
0.00187114
0.00018052
0.00191086
0.000177313
0.00194996
0.000174331
0.00198858
0.000171557
0.00202661
0.000168888
0.00206439
0.000167089
0.00210152
0.000164159
0.00213868
0.000164952
0.000160806
-0.000904052
-7.31788e-05
-0.000919827
-6.13774e-05
-0.000932396
-5.05948e-05
-0.000941951
-4.05628e-05
-0.000948631
-3.10924e-05
-0.000952512
-2.20061e-05
-0.000953668
-1.32462e-05
-0.000952227
-4.81822e-06
-0.000948485
2.98416e-06
-0.000942378
1.0264e-05
-0.000933974
1.75081e-05
-0.000923308
2.46551e-05
-0.000910407
3.16971e-05
-0.000895296
3.86368e-05
-0.000877965
4.5499e-05
-0.000858492
5.21887e-05
-0.000836877
5.88143e-05
-0.00081314
6.53501e-05
-0.0007873
7.18006e-05
-0.000759377
7.81628e-05
-0.000729397
8.44328e-05
-0.000697389
9.06063e-05
-0.000663387
9.66784e-05
-0.00062743
0.000102644
-0.000589561
0.000108493
-0.000549805
0.000114238
-0.000508255
0.000119781
-0.000464973
0.000125177
-0.000420029
0.000130413
-0.000373499
0.000135474
-0.00032547
0.000140349
-0.000276036
0.000145022
-0.000225255
0.00014952
-0.000173271
0.000153716
-0.000120184
0.00015768
-6.60946e-05
0.00016139
-1.10974e-05
0.000164829
4.46049e-05
0.000168024
0.000100979
0.00017088
0.000157902
0.000173442
0.000215252
0.000175701
0.000272924
0.000177627
0.000330798
0.000179249
0.000388773
0.000180542
0.000446745
0.000181511
0.000504619
0.000182157
0.000562303
0.000182482
0.000619711
0.000182494
0.000676765
0.000182199
0.000733391
0.000181607
0.000789524
0.000180731
0.000845104
0.000179585
0.000900078
0.000178182
0.000954399
0.000176541
0.00100803
0.000174681
0.00106093
0.000172619
0.00111309
0.000170378
0.00116447
0.000167978
0.00121505
0.000165443
0.00126484
0.000162793
0.00131383
0.000160053
0.00136201
0.000157245
0.00140939
0.000154393
0.00145597
0.000151517
0.00150178
0.000148647
0.00154682
0.000145792
0.00159112
0.000142997
0.0016347
0.000140251
0.00167759
0.000137628
0.00171982
0.000135076
0.00176143
0.00013272
0.0018025
0.000130493
0.00184297
0.00012842
0.00188312
0.000126933
0.00192259
0.000124694
0.00196219
0.000125354
0.000121961
-0.00106942
-5.07108e-05
-0.00108813
-4.26768e-05
-0.0011034
-3.53237e-05
-0.00111547
-2.84895e-05
-0.00112452
-2.20434e-05
-0.00113066
-1.58664e-05
-0.00113399
-9.91966e-06
-0.00113458
-4.22261e-06
-0.00113274
1.14283e-06
-0.00112851
6.03634e-06
-0.00112193
1.09263e-05
-0.00111303
1.57516e-05
-0.00110183
2.04971e-05
-0.00108835
2.51626e-05
-0.00107261
2.97573e-05
-0.00105466
3.4234e-05
-0.00103449
3.86513e-05
-0.00101214
4.29952e-05
-0.000987607
4.72697e-05
-0.000960918
5.1474e-05
-0.000932093
5.56073e-05
-0.000901155
5.96689e-05
-0.000868135
6.36582e-05
-0.000833066
6.75743e-05
-0.000795986
7.14132e-05
-0.000756929
7.51805e-05
-0.000715975
7.88271e-05
-0.000673183
8.23851e-05
-0.000628619
8.58494e-05
-0.000582359
8.92143e-05
-0.000534485
9.24745e-05
-0.000485085
9.56215e-05
-0.000434235
9.86694e-05
-0.000382062
0.000101544
-0.00032867
0.000104288
-0.000274166
0.000106886
-0.000218665
0.000109327
-0.000162263
0.000111622
-0.000105097
0.000113713
-4.72778e-05
0.000115623
1.10815e-05
0.000117341
6.98391e-05
0.00011887
0.000128912
0.000120176
0.000188187
0.000121267
0.000247555
0.000122144
0.000306913
0.000122798
0.000366166
0.000123229
0.000425223
0.000123437
0.000483999
0.000123423
0.000542416
0.00012319
0.000600402
0.000122745
0.000657892
0.000122095
0.000714826
0.000121248
0.000771153
0.000120214
0.000826827
0.000119007
0.000881809
0.000117637
0.000936065
0.000116121
0.00098957
0.000114474
0.0010423
0.000112711
0.00109424
0.000110851
0.00114539
0.00010891
0.00119573
0.000106906
0.00124526
0.000104859
0.00129399
0.000102784
0.00134193
0.000100705
0.00138909
9.86314e-05
0.0014355
9.65957e-05
0.00148115
9.45927e-05
0.0015261
9.26796e-05
0.00157036
9.08156e-05
0.00161398
8.91045e-05
0.001657
8.74737e-05
0.00169942
8.59967e-05
0.00174147
8.48845e-05
0.00178281
8.33513e-05
0.00182437
8.37981e-05
8.14232e-05
-0.00118108
-2.59747e-05
-0.00120188
-2.1876e-05
-0.0012191
-1.81085e-05
-0.00123299
-1.45992e-05
-0.00124375
-1.12817e-05
-0.00125152
-8.09811e-06
-0.00125641
-5.02971e-06
-0.00125855
-2.08247e-06
-0.00125807
6.64786e-07
-0.0012552
3.17155e-06
-0.00124995
5.67599e-06
-0.00124234
8.13824e-06
-0.00123239
1.05441e-05
-0.00122012
1.28915e-05
-0.00120554
1.51821e-05
-0.0011887
1.73964e-05
-0.00116961
1.95578e-05
-0.00114828
2.16609e-05
-0.00112471
2.37082e-05
-0.00109894
2.5701e-05
-0.00107098
2.76413e-05
-0.00104084
2.95318e-05
-0.00100856
3.13758e-05
-0.000974159
3.3177e-05
-0.000937684
3.49378e-05
-0.000899168
3.66643e-05
-0.000858681
3.83408e-05
-0.000816282
3.99863e-05
-0.000772036
4.16031e-05
-0.000726015
4.31932e-05
-0.000678299
4.47581e-05
-0.000628974
4.62972e-05
-0.000578123
4.78175e-05
-0.000525866
4.92874e-05
-0.000472306
5.07273e-05
-0.00041755
5.21299e-05
-0.00036171
5.34884e-05
-0.000304894
5.48059e-05
-0.000247231
5.60502e-05
-0.000188838
5.72299e-05
-0.000129832
5.8335e-05
-7.03222e-05
5.93604e-05
-1.04315e-05
6.0285e-05
4.97234e-05
6.11118e-05
0.000110041
6.18256e-05
0.000170417
6.24227e-05
0.00023075
6.28961e-05
0.000290947
6.32403e-05
0.000350918
6.34515e-05
0.000410581
6.35271e-05
0.00046986
6.34662e-05
0.000528686
6.32696e-05
0.000586994
6.29393e-05
0.000644729
6.24794e-05
0.000701841
6.1895e-05
0.000758285
6.1193e-05
0.000814025
6.03815e-05
0.000869029
5.94699e-05
0.000923272
5.84686e-05
0.000976734
5.73889e-05
0.0010294
5.62432e-05
0.00108126
5.50437e-05
0.00113232
5.38043e-05
0.00118257
5.25374e-05
0.00123201
5.12588e-05
0.00128066
4.99781e-05
0.00132854
4.87163e-05
0.00137566
4.74753e-05
0.00142205
4.62888e-05
0.00146773
4.51385e-05
0.00151275
4.40863e-05
0.00155713
4.30892e-05
0.00160092
4.22099e-05
0.00164428
4.15218e-05
0.00168694
4.06977e-05
0.00172986
4.08732e-05
3.97266e-05
-0.00123737
-0.00125927
-0.0012775
-0.00129234
-0.00130399
-0.00131262
-0.00131833
-0.00132124
-0.00132151
-0.00131936
-0.00131481
-0.00130787
-0.00129857
-0.00128694
-0.00127297
-0.00125672
-0.00123819
-0.0012174
-0.00119435
-0.00116906
-0.00114155
-0.00111184
-0.00107995
-0.00104592
-0.00100977
-0.000971552
-0.000931325
-0.000889149
-0.000845087
-0.000799211
-0.0007516
-0.000702338
-0.000651512
-0.000599238
-0.000545617
-0.000490757
-0.00043477
-0.000377765
-0.00031987
-0.000261201
-0.000201877
-0.00014201
-8.17228e-05
-2.11241e-05
3.96738e-05
0.000100566
0.000161451
0.000222233
0.000282822
0.000343132
0.000403086
0.000462612
0.000521643
0.00058012
0.000637992
0.00069521
0.000751736
0.000807536
0.00086258
0.000916848
0.000970323
0.00102299
0.00107485
0.0011259
0.00117613
0.00122557
0.00127422
0.0013221
0.00136924
0.00141565
0.00146139
0.00150647
0.00155096
0.00159499
0.00163831
0.00168193
)
;

boundaryField
{
    inlet
    {
        type            calculated;
        value           nonuniform 0();
    }
    outlet
    {
        type            calculated;
        value           nonuniform List<scalar> 
50
(
0.00549045
0.00536696
0.00522337
0.00505888
0.00487332
0.00466724
0.00444197
0.00419967
0.00394338
0.003677
0.00340525
0.0031336
0.00286815
0.00261545
0.00238228
0.00217536
0.00200103
0.00186491
0.00177156
0.0017242
0.0104189
0.0106725
0.0108433
0.010952
0.0110166
0.0110515
0.0110677
0.0110724
0.0110706
0.0110653
0.0110582
0.0110502
0.011042
0.0110338
0.0110257
0.0110178
0.0110101
0.0110028
0.0109958
0.0109892
0.010983
0.0109774
0.0109722
0.0109676
0.0109637
0.0109603
0.0109576
0.0109556
0.0109542
0.0109535
)
;
    }
    cylinder
    {
        type            calculated;
        value           nonuniform 0();
    }
    top
    {
        type            symmetryPlane;
        value           nonuniform 0();
    }
    bottom
    {
        type            symmetryPlane;
        value           uniform 0;
    }
    defaultFaces
    {
        type            empty;
        value           nonuniform 0();
    }
    procBoundary1to0
    {
        type            processor;
        value           nonuniform List<scalar> 
54
(
-0.0122662
-0.0126232
-0.0127303
-0.0127287
-0.012686
-0.0126287
-0.0125668
-0.0125051
-0.012446
-0.0123901
-0.0123377
-0.0122884
-0.0122419
-0.0121981
-0.0121568
-0.0121181
-0.0120819
-0.0120483
-0.0120172
-0.0119888
-0.0119629
-0.0119396
-0.0119189
-0.0119008
-0.0118853
-0.0118724
-0.0118621
-0.0118543
-0.0118492
-0.0118467
-0.00535642
0.000507095
-0.00528436
-0.00506105
-0.00473602
-0.00431453
0.000274012
-0.00388431
-0.00332313
-0.00274288
-0.00217142
0.000130147
-0.00164226
-0.00113165
-0.000670193
-0.000258332
0.000104809
0.000420137
0.000107871
0.000671563
0.000884778
0.00104696
0.00115635
0.00121146
)
;
    }
    procBoundary1to3
    {
        type            processor;
        value           nonuniform List<scalar> 
77
(
-6.40868e-08
1.83325e-08
1.19926e-07
2.3969e-07
3.75839e-07
5.25028e-07
6.82432e-07
8.32735e-07
9.34014e-07
1.02135e-06
1.12222e-06
1.20129e-06
1.2461e-06
1.25345e-06
1.22003e-06
1.14693e-06
1.02779e-06
8.64922e-07
6.58915e-07
4.13034e-07
1.31545e-07
-1.78946e-07
-5.11664e-07
-8.58129e-07
-1.20929e-06
-1.55577e-06
-1.88565e-06
-2.1901e-06
-2.45886e-06
-2.6827e-06
-2.85333e-06
-2.96395e-06
-3.00906e-06
-2.98693e-06
-2.89373e-06
-2.73001e-06
-2.4978e-06
-2.19933e-06
-1.84495e-06
-1.43864e-06
-9.89432e-07
-5.06425e-07
-2.37503e-09
5.13074e-07
1.02776e-06
1.53073e-06
2.011e-06
2.45818e-06
2.8628e-06
3.21651e-06
3.51221e-06
3.74421e-06
3.90832e-06
4.00186e-06
4.02373e-06
3.97433e-06
3.85551e-06
3.67051e-06
3.42382e-06
3.12104e-06
2.76874e-06
2.37429e-06
1.94575e-06
1.49159e-06
1.02067e-06
5.41848e-07
6.40916e-08
-4.0263e-07
-8.50421e-07
-1.27123e-06
-1.65362e-06
-1.99497e-06
-2.27346e-06
-2.50776e-06
-2.62189e-06
-2.74713e-06
-2.54972e-06
)
;
    }
}


// ************************************************************************* //
