/*--------------------------------*- C++ -*----------------------------------*\
  =========                 |
  \\      /  F ield         | OpenFOAM: The Open Source CFD Toolbox
   \\    /   O peration     | Website:  https://openfoam.org
    \\  /    A nd           | Version:  7
     \\/     M anipulation  |
\*---------------------------------------------------------------------------*/
FoamFile
{
    version     2.0;
    format      ascii;
    class       surfaceScalarField;
    location    "24.999";
    object      phi;
}
// * * * * * * * * * * * * * * * * * * * * * * * * * * * * * * * * * * * * * //

dimensions      [0 3 -1 0 0 0 0];

internalField   nonuniform List<scalar> 
7273
(
0.000521663
0.0122278
-0.000459593
0.000551739
0.0126082
0.000560176
0.012732
0.00055723
0.0127389
0.000548513
0.0127
0.000536402
0.0126443
0.000521904
0.0125833
0.00050557
0.012522
0.000487781
0.0124628
0.00046881
0.0124066
0.000448849
0.0123537
0.000428039
0.0123038
0.000406502
0.0122565
0.000384346
0.0122119
0.000361674
0.0121697
0.000338579
0.01213
0.000315145
0.0120929
0.000291443
0.0120583
0.000267534
0.0120263
0.000243469
0.011997
0.000219289
0.0119702
0.000195027
0.0119461
0.000170708
0.0119247
0.000146354
0.011906
0.000121977
0.0118899
9.75889e-05
0.0118765
7.31941e-05
0.0118657
4.87945e-05
0.0118577
2.43931e-05
0.0118523
0.0118497
0.000435448
0.0121664
-0.000374085
0.000467959
0.0125757
0.000479851
0.0127201
0.000480335
0.0127384
0.000474942
0.0127054
0.000466169
0.0126531
0.000455059
0.0125945
0.000442142
0.0125349
0.000427765
0.0124771
0.000412181
0.0124222
0.000395568
0.0123703
0.000378063
0.0123213
0.000359778
0.0122748
0.000340818
0.0122308
0.000321281
0.0121893
0.000301256
0.0121501
0.000280825
0.0121133
0.00026006
0.0120791
0.000239022
0.0120474
0.000217766
0.0120182
0.000196335
0.0119917
0.000174768
0.0119677
0.000153095
0.0119464
0.000131341
0.0119277
0.000109526
0.0119117
8.76668e-05
0.0118983
6.5775e-05
0.0118876
4.3859e-05
0.0118796
2.19285e-05
0.0118742
0.0118716
0.000353137
0.0121064
-0.000293088
0.000387533
0.0125413
0.00040253
0.0127051
0.000406199
0.0127347
0.000403902
0.0127076
0.000398226
0.0126588
0.000390256
0.0126024
0.000380512
0.0125447
0.000369321
0.0124883
0.000356919
0.0124346
0.000343473
0.0123838
0.000329108
0.0123356
0.000313929
0.01229
0.000298034
0.0122467
0.000281514
0.0122058
0.000264455
0.0121671
0.000246937
0.0121309
0.00022903
0.012097
0.000210797
0.0120656
0.000192293
0.0120367
0.000173565
0.0120104
0.000154653
0.0119866
0.000135592
0.0119655
0.000116412
0.0119469
9.71376e-05
0.011931
7.77903e-05
0.0119177
5.83876e-05
0.011907
3.89436e-05
0.011899
1.94741e-05
0.0118937
0.0118911
0.000274199
0.0120483
-0.000216182
0.000310246
0.0125053
0.000328046
0.0126873
0.000334611
0.0127282
0.000335228
0.012707
0.000332487
0.0126615
0.000327469
0.0126074
0.000320697
0.0125514
0.000312495
0.0124965
0.000303089
0.012444
0.000292637
0.0123942
0.000281255
0.012347
0.000269039
0.0123022
0.000256079
0.0122597
0.00024246
0.0122194
0.000228264
0.0121813
0.000213567
0.0121456
0.000198438
0.0121121
0.000182939
0.0120811
0.000167125
0.0120525
0.000151045
0.0120265
0.000134743
0.0120029
0.000118255
0.0119819
0.000101615
0.0119635
8.48526e-05
0.0119477
6.79922e-05
0.0119345
5.10565e-05
0.0119239
3.40648e-05
0.011916
1.70378e-05
0.0119107
0.0119081
0.000198924
0.0119928
-0.000143415
0.000236232
0.0124679
0.000256218
0.0126673
0.00026537
0.012719
0.000268789
0.0127036
0.000268841
0.0126615
0.000266606
0.0126097
0.000262634
0.0125554
0.000257255
0.0125019
0.000250686
0.0124506
0.000243076
0.0124018
0.000234533
0.0123556
0.000225147
0.0123116
0.000215
0.0122698
0.000204171
0.0122302
0.000192738
0.0121928
0.000180772
0.0121575
0.000168339
0.0121246
0.000155502
0.012094
0.000142315
0.0120657
0.000128828
0.01204
0.000115085
0.0120167
0.000101127
0.0119959
8.69884e-05
0.0119777
7.27024e-05
0.011962
5.82979e-05
0.0119489
4.38008e-05
0.0119384
2.92352e-05
0.0119306
1.46258e-05
0.0119253
0.0119227
0.000126769
0.0119394
-7.32966e-05
0.000165277
0.0124294
0.000186753
0.0126459
0.000198456
0.0127073
0.000204539
0.0126975
0.000207196
0.0126588
0.00020757
0.0126093
0.000206246
0.0125567
0.000203547
0.0125046
0.000199677
0.0124545
0.000194774
0.0124067
0.000188942
0.0123614
0.000182265
0.0123183
0.000174819
0.0122773
0.000166677
0.0122384
0.00015791
0.0122015
0.000148588
0.0121668
0.000138774
0.0121344
0.000128528
0.0121042
0.000117903
0.0120764
0.000106951
0.0120509
9.57156e-05
0.0120279
8.42392e-05
0.0120074
7.25597e-05
0.0119894
6.07117e-05
0.0119739
4.87274e-05
0.0119609
3.6636e-05
0.0119505
2.44651e-05
0.0119427
1.2243e-05
0.0119376
0.011935
5.96669e-05
0.0118862
-6.49308e-06
9.70122e-05
0.0123921
0.000119663
0.0126232
0.00013395
0.012693
0.000142437
0.012689
0.000147468
0.0126538
0.000150288
0.0126065
0.000151476
0.0125555
0.000151327
0.0125048
0.000150027
0.0124558
0.00014771
0.012409
0.000144474
0.0123646
0.000140396
0.0123224
0.000135547
0.0122821
0.000129995
0.0122439
0.000123806
0.0122077
0.000117045
0.0121736
0.000109773
0.0121417
0.000102047
0.0121119
9.39214e-05
0.0120845
8.54448e-05
0.0120594
7.66634e-05
0.0120367
6.76198e-05
0.0120164
5.83535e-05
0.0119986
4.89015e-05
0.0119833
3.9298e-05
0.0119705
2.9575e-05
0.0119603
1.97632e-05
0.0119526
9.894e-06
0.0119474
0.0119449
-2.48101e-06
0.0118366
5.20338e-05
3.10016e-05
0.0123586
5.58345e-05
0.0125984
7.18997e-05
0.012677
8.23318e-05
0.0126786
8.95526e-05
0.0126466
9.47023e-05
0.0126013
9.82787e-05
0.012552
0.000100553
0.0125025
0.000101706
0.0124546
0.000101863
0.0124089
0.000101116
0.0123654
9.95368e-05
0.0123239
9.719e-05
0.0122845
9.41379e-05
0.012247
9.04424e-05
0.0122114
8.61637e-05
0.0121779
8.13601e-05
0.0121465
7.60866e-05
0.0121172
7.03955e-05
0.0120902
6.43358e-05
0.0120655
5.79534e-05
0.0120431
5.12915e-05
0.0120231
4.43908e-05
0.0120055
3.72897e-05
0.0119904
3.00244e-05
0.0119778
2.26293e-05
0.0119677
1.51374e-05
0.01196
7.58269e-06
0.011955
0.0119525
-6.75418e-05
0.011793
0.000111158
-3.16135e-05
0.0123227
-5.23563e-06
0.012572
1.18172e-05
0.0126599
2.40822e-05
0.0126663
3.34176e-05
0.0126372
4.07666e-05
0.012594
4.66003e-05
0.0125461
5.11817e-05
0.0124979
5.46796e-05
0.0124511
5.72101e-05
0.0124064
5.88562e-05
0.0123637
5.96836e-05
0.0123231
5.97506e-05
0.0122844
5.91146e-05
0.0122476
5.78324e-05
0.0122127
5.59608e-05
0.0121798
5.35549e-05
0.0121489
5.06672e-05
0.0121201
4.7348e-05
0.0120935
4.36457e-05
0.0120692
3.96065e-05
0.0120471
3.52737e-05
0.0120274
3.06889e-05
0.0120101
2.58915e-05
0.0119952
2.09193e-05
0.0119828
1.58084e-05
0.0119728
1.05941e-05
0.0119653
5.31243e-06
0.0119603
0.0119578
-0.000127385
0.0117521
0.000168329
-9.20252e-05
0.0122873
-6.60175e-05
0.012546
-4.68125e-05
0.0126407
-3.24716e-05
0.012652
-2.10738e-05
0.0126258
-1.16223e-05
0.0125845
-3.62977e-06
0.0125381
3.1623e-06
0.0124911
8.91212e-06
0.0124454
1.37254e-05
0.0124015
1.76771e-05
0.0123598
2.08262e-05
0.01232
2.32256e-05
0.012282
2.49273e-05
0.0122459
2.59837e-05
0.0122116
2.64475e-05
0.0121793
2.63707e-05
0.0121489
2.58039e-05
0.0121207
2.47944e-05
0.0120945
2.33913e-05
0.0120706
2.16396e-05
0.0120489
1.95828e-05
0.0120295
1.72627e-05
0.0120124
1.47199e-05
0.0119978
1.19934e-05
0.0119855
9.12072e-06
0.0119756
6.13905e-06
0.0119682
3.08606e-06
0.0119633
0.0119609
-0.000185151
0.0117141
0.000223136
-0.00015103
0.0122532
-0.000124118
0.0125191
-0.000103603
0.0126202
-8.74507e-05
0.0126359
-7.40859e-05
0.0126125
-6.2591e-05
0.012573
-5.25004e-05
0.012528
-4.35668e-05
0.0124822
-3.56404e-05
0.0124374
-2.8622e-05
0.0123945
-2.24424e-05
0.0123536
-1.7048e-05
0.0123146
-1.23911e-05
0.0122774
-8.42494e-06
0.0122419
-5.10153e-06
0.0122083
-2.37233e-06
0.0121766
-1.89122e-07
0.0121468
1.49914e-06
0.012119
2.74184e-06
0.0120933
3.58153e-06
0.0120697
4.06255e-06
0.0120484
4.22857e-06
0.0120293
4.12194e-06
0.0120125
3.78382e-06
0.0119981
3.25427e-06
0.011986
2.57225e-06
0.0119763
1.77636e-06
0.011969
9.05865e-07
0.0119642
0.0119618
-0.000241192
0.0116793
0.000276029
-0.000207983
0.01222
-0.000180511
0.0124916
-0.000158693
0.0125984
-0.000140868
0.012618
-0.000125639
0.0125972
-0.000112182
0.0125596
-0.000100066
0.0125159
-8.90597e-05
0.0124712
-7.90242e-05
0.0124274
-6.98683e-05
0.0123854
-6.15287e-05
0.0123453
-5.39568e-05
0.012307
-4.71094e-05
0.0122705
-4.09441e-05
0.0122358
-3.54168e-05
0.0122028
-3.04822e-05
0.0121716
-2.60937e-05
0.0121424
-2.22066e-05
0.0121151
-1.87758e-05
0.0120898
-1.57554e-05
0.0120667
-1.31006e-05
0.0120457
-1.07684e-05
0.012027
-8.7162e-06
0.0120105
-6.9025e-06
0.0119963
-5.28659e-06
0.0119844
-3.82846e-06
0.0119749
-2.4883e-06
0.0119677
-1.22567e-06
0.0119629
0.0119605
-0.000295511
0.0116474
0.000327367
-0.000263205
0.0121877
-0.000235356
0.0124638
-0.000212299
0.0125753
-0.000192853
0.0125986
-0.000175827
0.0125802
-0.000160471
0.0125442
-0.000146389
0.0125018
-0.000133368
0.0124582
-0.000121281
0.0124153
-0.000110047
0.0123741
-9.96077e-05
0.0123348
-8.99192e-05
0.0122973
-8.0943e-05
0.0122615
-7.26406e-05
0.0122275
-6.49717e-05
0.0121951
-5.78944e-05
0.0121646
-5.13653e-05
0.0121358
-4.53409e-05
0.0121091
-3.97766e-05
0.0120843
-3.46287e-05
0.0120615
-2.98537e-05
0.012041
-2.54084e-05
0.0120225
-2.125e-05
0.0120063
-1.73365e-05
0.0119924
-1.36265e-05
0.0119807
-1.0079e-05
0.0119713
-6.65311e-06
0.0119643
-3.3073e-06
0.0119596
0.0119572
-0.000348296
0.0116183
0.000377402
-0.000316969
0.0121564
-0.000288771
0.0124356
-0.000264546
0.0125511
-0.000243528
0.0125776
-0.000224744
0.0125614
-0.000207532
0.012527
-0.000191528
0.0124858
-0.000176539
0.0124432
-0.000162451
0.0124012
-0.00014919
0.0123609
-0.000136703
0.0123223
-0.000124953
0.0122856
-0.000113903
0.0122505
-0.000103521
0.0122171
-9.37674e-05
0.0121854
-8.46047e-05
0.0121554
-7.59917e-05
0.0121272
-6.78862e-05
0.0121009
-6.02457e-05
0.0120766
-5.30269e-05
0.0120543
-4.61869e-05
0.0120341
-3.96827e-05
0.012016
-3.34718e-05
0.0120001
-2.75115e-05
0.0119864
-2.17598e-05
0.0119749
-1.6175e-05
0.0119657
-1.07151e-05
0.0119588
-5.33762e-06
0.0119542
0.0119519
-0.000399816
0.0115917
0.000426376
-0.000369446
0.012126
-0.000340904
0.012407
-0.000315549
0.0125257
-0.000292995
0.012555
-0.00027248
0.0125409
-0.000253437
0.012508
-0.000235542
0.012468
-0.000218621
0.0124262
-0.000202571
0.0123852
-0.000187325
0.0123456
-0.000172837
0.0123078
-0.000159073
0.0122718
-0.000146001
0.0122374
-0.00013359
0.0122047
-0.000121806
0.0121736
-0.000110612
0.0121442
-9.99702e-05
0.0121166
-8.98388e-05
0.0120908
-8.0177e-05
0.012067
-7.09424e-05
0.0120451
-6.20925e-05
0.0120253
-5.35842e-05
0.0120075
-4.53749e-05
0.0119919
-3.74216e-05
0.0119784
-2.96818e-05
0.0119672
-2.21128e-05
0.0119582
-1.46718e-05
0.0119514
-7.31531e-06
0.0119469
0.0119446
-0.000450308
0.0115675
0.000474534
-0.000420804
0.0120965
-0.000391898
0.0123781
-0.000365421
0.0124993
-0.000341344
0.0125309
-0.000319111
0.0125187
-0.000298251
0.0124871
-0.000278484
0.0124482
-0.000259655
0.0124074
-0.000241673
0.0123672
-0.000224478
0.0123284
-0.000208028
0.0122914
-0.000192293
0.0122561
-0.000177245
0.0122224
-0.000162854
0.0121903
-0.000149089
0.0121598
-0.000135916
0.012131
-0.000123298
0.012104
-0.000111194
0.0120787
-9.95653e-05
0.0120553
-8.83693e-05
0.0120339
-7.75639e-05
0.0120145
-6.71063e-05
0.0119971
-5.69532e-05
0.0119817
-4.70615e-05
0.0119686
-3.73878e-05
0.0119575
-2.78887e-05
0.0119487
-1.85206e-05
0.011942
-9.23914e-06
0.0119376
0.0119353
-0.000499969
0.0115454
0.000522106
-0.000471201
0.0120677
-0.000441881
0.0123488
-0.000414265
0.0124716
-0.000388656
0.0125053
-0.000364701
0.0124947
-0.000342026
0.0124644
-0.000320395
0.0124266
-0.000299674
0.0123867
-0.000279783
0.0123473
-0.000260667
0.0123093
-0.00024229
0.012273
-0.000224622
0.0122384
-0.000207639
0.0122054
-0.000191314
0.012174
-0.000175617
0.0121441
-0.000160514
0.0121159
-0.00014597
0.0120894
-0.000131947
0.0120647
-0.000118405
0.0120418
-0.000105301
0.0120208
-9.25951e-05
0.0120017
-8.02428e-05
0.0119847
-6.8201e-05
0.0119697
-5.64258e-05
0.0119568
-4.48734e-05
0.011946
-3.34994e-05
0.0119373
-2.22593e-05
0.0119308
-1.11079e-05
0.0119264
0.0119242
-0.000548971
0.011525
0.000569299
-0.000520774
0.0120395
-0.000490962
0.012319
-0.000462165
0.0124428
-0.000434998
0.0124782
-0.000409301
0.012469
-0.000384802
0.0124399
-0.000361308
0.0124031
-0.000338704
0.0123641
-0.000316919
0.0123255
-0.000295905
0.0122883
-0.00027563
0.0122527
-0.000256064
0.0122188
-0.000237186
0.0121865
-0.000218969
0.0121557
-0.000201384
0.0121265
-0.0001844
0.0120989
-0.000167982
0.012073
-0.000152091
0.0120488
-0.000136688
0.0120264
-0.000121731
0.0120058
-0.000107179
0.0119872
-9.29874e-05
0.0119705
-7.91124e-05
0.0119558
-6.55096e-05
0.0119432
-5.21344e-05
0.0119326
-3.89416e-05
0.0119241
-2.58857e-05
0.0119177
-1.29205e-05
0.0119135
0.0119113
-0.000597455
0.0115062
0.000616285
-0.000569638
0.0120117
-0.000539226
0.0122886
-0.000509183
0.0124128
-0.000480415
0.0124494
-0.000452948
0.0124416
-0.000426606
0.0124136
-0.000401241
0.0123777
-0.000376756
0.0123396
-0.000353089
0.0123018
-0.000330197
0.0122654
-0.000308049
0.0122306
-0.000286618
0.0121974
-0.000265881
0.0121658
-0.000245813
0.0121357
-0.000226386
0.0121071
-0.000207568
0.0120801
-0.000189325
0.0120548
-0.000171618
0.0120311
-0.000154407
0.0120092
-0.000137652
0.0119891
-0.000121308
0.0119709
-0.000105333
0.0119545
-8.96812e-05
0.0119402
-7.43075e-05
0.0119278
-5.91664e-05
0.0119175
-4.42119e-05
0.0119091
-2.93974e-05
0.0119029
-1.46758e-05
0.0118987
0.0118966
-0.000645529
0.0114885
0.000663196
-0.000617871
0.011984
-0.000586727
0.0122574
-0.000555357
0.0123814
-0.000524932
0.012419
-0.000495657
0.0124123
-0.000467448
0.0123854
-0.000440198
0.0123504
-0.000413831
0.0123132
-0.000388291
0.0122763
-0.000363538
0.0122407
-0.000339541
0.0122066
-0.000316275
0.0121741
-0.000293715
0.0121432
-0.000271837
0.0121138
-0.000250611
0.0120859
-0.000230007
0.0120595
-0.000209988
0.0120347
-0.000190517
0.0120116
-0.000171553
0.0119902
-0.000153053
0.0119706
-0.000134974
0.0119528
-0.000117272
0.0119368
-9.99007e-05
0.0119228
-8.28138e-05
0.0119107
-6.59648e-05
0.0119006
-4.93068e-05
0.0118925
-3.27921e-05
0.0118864
-1.63726e-05
0.0118823
0.0118803
-0.000693258
0.0114717
0.000710116
-0.000665517
0.0119563
-0.000633491
0.0122254
-0.000600697
0.0123486
-0.000568551
0.0123868
-0.000537423
0.0123812
-0.000507318
0.0123553
-0.00047817
0.0123213
-0.000449917
0.012285
-0.000422511
0.0122489
-0.000395912
0.0122141
-0.000370091
0.0121808
-0.00034502
0.0121491
-0.000320673
0.0121189
-0.000297025
0.0120901
-0.000274046
0.0120629
-0.000251703
0.0120372
-0.00022996
0.012013
-0.000208777
0.0119904
-0.000188113
0.0119696
-0.000167925
0.0119504
-0.000148168
0.011933
-0.000128796
0.0119175
-0.000109763
0.0119038
-9.10221e-05
0.011892
-7.25245e-05
0.0118821
-5.42225e-05
0.0118742
-3.60672e-05
0.0118682
-1.80095e-05
0.0118643
0.0118623
-0.000740656
0.0114553
0.000757074
-0.000712577
0.0119282
-0.000679504
0.0121923
-0.000645181
0.0123143
-0.000611246
0.0123529
-0.000578219
0.0123481
-0.000546188
0.0123232
-0.000515126
0.0122902
-0.000484986
0.0122548
-0.000455722
0.0122196
-0.000427296
0.0121856
-0.000399675
0.0121531
-0.00037283
0.0121222
-0.000346735
0.0120928
-0.000321359
0.0120648
-0.000296672
0.0120382
-0.00027264
0.0120131
-0.000249223
0.0119896
-0.000226383
0.0119676
-0.000204075
0.0119472
-0.000182255
0.0119286
-0.000160878
0.0119116
-0.000139896
0.0118965
-0.000119261
0.0118831
-9.89257e-05
0.0118716
-7.884e-05
0.011862
-5.89548e-05
0.0118543
-3.922e-05
0.0118485
-1.95852e-05
0.0118446
0.0118427
-0.000787685
0.0114389
0.00080404
-0.000759004
0.0118995
-0.000724715
0.012158
-0.000688757
0.0122784
-0.000652963
0.0123171
-0.000617992
0.0123132
-0.000584011
0.0122893
-0.000551024
0.0122572
-0.000518996
0.0122228
-0.000487885
0.0121885
-0.000457652
0.0121554
-0.00042826
0.0121238
-0.000399677
0.0120936
-0.000371872
0.012065
-0.000344813
0.0120377
-0.000318467
0.0120119
-0.000292796
0.0119875
-0.00026776
0.0119645
-0.000243317
0.0119432
-0.000219422
0.0119233
-0.00019603
0.0119052
-0.000173092
0.0118887
-0.000150561
0.011874
-0.000128386
0.011861
-0.000106517
0.0118498
-8.49056e-05
0.0118404
-6.34995e-05
0.0118329
-4.22476e-05
0.0118272
-2.10983e-05
0.0118235
0.0118216
-0.000834252
0.0114223
0.000850918
-0.000804706
0.01187
-0.000769034
0.0121224
-0.000731337
0.0122407
-0.000693621
0.0122794
-0.000656669
0.0122762
-0.000620717
0.0122533
-0.0005858
0.0122223
-0.000551892
0.0121889
-0.000518952
0.0121556
-0.000486936
0.0121234
-0.000455806
0.0120926
-0.000425522
0.0120633
-0.000396051
0.0120355
-0.000367357
0.012009
-0.000339402
0.0119839
-0.000312146
0.0119602
-0.000285548
0.0119379
-0.000259561
0.0119172
-0.000234139
0.0118979
-0.000209235
0.0118803
-0.000184798
0.0118643
-0.000160779
0.0118499
-0.000137127
0.0118373
-0.000113789
0.0118264
-9.0715e-05
0.0118173
-6.78518e-05
0.01181
-4.51469e-05
0.0118045
-2.25473e-05
0.0118009
0.011799
-0.000880205
0.0114049
0.000897549
-0.000849543
0.0118393
-0.00081233
0.0120852
-0.000772801
0.0122011
-0.00073311
0.0122397
-0.00069415
0.0122372
-0.000656218
0.0122154
-0.000619375
0.0121855
-0.000583603
0.0121531
-0.000548858
0.0121208
-0.000515093
0.0120896
-0.000482262
0.0120598
-0.000450323
0.0120314
-0.000419234
0.0120044
-0.000388957
0.0119787
-0.000359448
0.0119544
-0.000330665
0.0119314
-0.000302563
0.0119098
-0.000275093
0.0118897
-0.000248207
0.011871
-0.000221854
0.0118539
-0.000195982
0.0118384
-0.00017054
0.0118245
-0.000145475
0.0118122
-0.000120733
0.0118017
-9.62619e-05
0.0117929
-7.20072e-05
0.0117858
-4.79148e-05
0.0117804
-2.39306e-05
0.0117769
0.0117751
-0.00092534
0.0113865
0.000943706
-0.000893329
0.0118073
-0.000854434
0.0120463
-0.000812997
0.0121597
-0.000771294
0.012198
-0.000730316
0.0121963
-0.000690409
0.0121755
-0.000651657
0.0121467
-0.000614047
0.0121155
-0.000577532
0.0120843
-0.000542058
0.0120541
-0.000507574
0.0120253
-0.000474029
0.0119979
-0.000441377
0.0119717
-0.000409573
0.0119469
-0.000378571
0.0119234
-0.000348323
0.0119012
-0.00031878
0.0118803
-0.000289891
0.0118608
-0.000261605
0.0118428
-0.000233869
0.0118262
-0.000206628
0.0118112
-0.00017983
0.0117977
-0.000153419
0.0117858
-0.00012734
0.0117756
-0.000101539
0.0117671
-7.59604e-05
0.0117602
-5.0548e-05
0.011755
-2.52464e-05
0.0117516
0.0117499
-0.000969403
0.0113668
0.000989106
-0.000935837
0.0117738
-0.000895145
0.0120056
-0.000851745
0.0121163
-0.000808017
0.0121543
-0.000765026
0.0121533
-0.000723167
0.0121336
-0.000682539
0.0121061
-0.000643131
0.0120761
-0.000604892
0.0120461
-0.000567761
0.012017
-0.000531678
0.0119892
-0.000496586
0.0119628
-0.000462432
0.0119376
-0.000429165
0.0119137
-0.000396734
0.011891
-0.000365086
0.0118695
-0.00033417
0.0118494
-0.00030393
0.0118306
-0.000274313
0.0118131
-0.000245262
0.0117971
-0.000216722
0.0117826
-0.000188636
0.0117696
-0.000160949
0.0117581
-0.000133602
0.0117483
-0.00010654
0.01174
-7.97064e-05
0.0117334
-5.30431e-05
0.0117284
-2.64933e-05
0.011725
0.0117234
-0.0010121
0.0113455
0.00103341
-0.000976806
0.0117385
-0.000934232
0.011963
-0.000888845
0.0120709
-0.0008431
0.0121085
-0.000798128
0.0121083
-0.000754358
0.0120898
-0.000711904
0.0120637
-0.000670753
0.012035
-0.000630849
0.0120062
-0.000592124
0.0119783
-0.000554507
0.0119516
-0.000517936
0.0119262
-0.000482348
0.011902
-0.000447688
0.011879
-0.000413899
0.0118572
-0.000380923
0.0118366
-0.000348705
0.0118172
-0.000317186
0.011799
-0.000286309
0.0117823
-0.000256016
0.0117668
-0.000226247
0.0117528
-0.000196946
0.0117403
-0.000168053
0.0117293
-0.00013951
0.0117197
-0.000111259
0.0117117
-8.32403e-05
0.0117053
-5.53968e-05
0.0117005
-2.76694e-05
0.0116973
0.0116957
-0.00105309
0.0113224
0.00107624
-0.00101595
0.0117013
-0.000971444
0.0119185
-0.000924075
0.0120235
-0.000876352
0.0120608
-0.000829455
0.0120614
-0.000783839
0.0120442
-0.000739627
0.0120194
-0.000696807
0.0119921
-0.000655312
0.0119647
-0.000615067
0.011938
-0.000575993
0.0119125
-0.000538018
0.0118882
-0.000501074
0.0118651
-0.000465098
0.011843
-0.000430026
0.0118221
-0.000395799
0.0118023
-0.000362355
0.0117837
-0.000329633
0.0117663
-0.000297572
0.0117502
-0.000266111
0.0117354
-0.000235189
0.0117219
-0.000204746
0.0117099
-0.000174721
0.0116992
-0.000145055
0.0116901
-0.000115687
0.0116824
-8.6557e-05
0.0116762
-5.76058e-05
0.0116716
-2.87733e-05
0.0116685
0.0116669
-0.00109202
0.0112972
0.00111718
-0.00105295
0.0116623
-0.00100651
0.0118721
-0.000957207
0.0119742
-0.000907576
0.0120112
-0.000858836
0.0120127
-0.000811462
0.0119969
-0.000765583
0.0119736
-0.000721181
0.0119477
-0.000678186
0.0119217
-0.000636509
0.0118964
-0.000596065
0.0118721
-0.000556773
0.0118489
-0.000518557
0.0118268
-0.000481348
0.0118058
-0.000445078
0.0117858
-0.000409681
0.0117669
-0.000375092
0.0117491
-0.000341247
0.0117325
-0.00030808
0.011717
-0.00027553
0.0117028
-0.000243532
0.0116899
-0.000212024
0.0116784
-0.000180943
0.0116681
-0.000150229
0.0116593
-0.000119819
0.011652
-8.96518e-05
0.011646
-5.9667e-05
0.0116416
-2.98033e-05
0.0116386
0.0116371
-0.00112852
0.0112699
0.0011558
-0.0010875
0.0116212
-0.00103917
0.0118237
-0.000988006
0.0119231
-0.000936571
0.0119597
-0.000886099
0.0119622
-0.000837079
0.0119478
-0.000789643
0.0119261
-0.000743768
0.0119019
-0.000699375
0.0118773
-0.000656369
0.0118534
-0.000614653
0.0118304
-0.00057414
0.0118084
-0.000534746
0.0117875
-0.000496396
0.0117675
-0.000459017
0.0117485
-0.000422538
0.0117305
-0.000386889
0.0117135
-0.000352004
0.0116976
-0.000317815
0.0116828
-0.000284256
0.0116693
-0.000251262
0.0116569
-0.000218767
0.0116459
-0.000186709
0.0116361
-0.000155024
0.0116277
-0.000123648
0.0116206
-9.25204e-05
0.0116149
-6.15777e-05
0.0116106
-3.07581e-05
0.0116078
0.0116064
-0.00116223
0.0112405
0.00119166
-0.00111928
0.0115783
-0.00106914
0.0117736
-0.00101625
0.0118702
-0.000963141
0.0119066
-0.000911076
0.0119101
-0.000860547
0.0118973
-0.000811684
0.0118773
-0.000764462
0.0118546
-0.000718792
0.0118316
-0.00067457
0.0118091
-0.000631692
0.0117875
-0.000590063
0.0117668
-0.000549593
0.011747
-0.000510201
0.0117281
-0.000471807
0.0117101
-0.000434338
0.011693
-0.000397721
0.0116769
-0.000361884
0.0116618
-0.000326758
0.0116477
-0.000292274
0.0116348
-0.000258366
0.011623
-0.000224966
0.0116125
-0.00019201
0.0116031
-0.000159433
0.0115951
-0.00012717
0.0115883
-9.51589e-05
0.0115829
-6.33353e-05
0.0115788
-3.16364e-05
0.0115761
0.0115747
-0.00119279
0.0112089
0.00122437
-0.001148
0.0115335
-0.00109619
0.0117218
-0.00104171
0.0118157
-0.000987103
0.011852
-0.00093361
0.0118566
-0.000881731
0.0118454
-0.000831593
0.0118271
-0.000783165
0.0118062
-0.000736351
0.0117848
-0.000691041
0.0117638
-0.000647122
0.0117436
-0.000604491
0.0117242
-0.000563055
0.0117055
-0.000522724
0.0116877
-0.000483417
0.0116708
-0.000445056
0.0116546
-0.000407563
0.0116394
-0.000370866
0.0116251
-0.000334892
0.0116117
-0.000299571
0.0115995
-0.000264833
0.0115883
-0.000230612
0.0115782
-0.00019684
0.0115694
-0.000163451
0.0115617
-0.000130381
0.0115553
-9.75642e-05
0.0115501
-6.49376e-05
0.0115462
-3.24373e-05
0.0115436
0.0115423
-0.00121988
0.0111753
0.00125351
-0.00117338
0.011487
-0.00112007
0.0116685
-0.0010642
0.0117598
-0.00100829
0.0117961
-0.000953561
0.0118019
-0.000900511
0.0117924
-0.000849267
0.0117759
-0.00079979
0.0117567
-0.000751981
0.011737
-0.000705719
0.0117176
-0.000660888
0.0116988
-0.000617379
0.0116806
-0.000575092
0.0116633
-0.000533935
0.0116466
-0.000493821
0.0116306
-0.000454668
0.0116155
-0.000416399
0.0116011
-0.000378936
0.0115876
-0.000342205
0.011575
-0.000306135
0.0115634
-0.000270656
0.0115528
-0.000235697
0.0115433
-0.000201192
0.0115349
-0.000167073
0.0115276
-0.000133275
0.0115215
-9.97336e-05
0.0115165
-6.63832e-05
0.0115128
-3.31598e-05
0.0115104
0.0115091
-0.00124321
0.0111398
0.00127876
-0.0011952
0.011439
-0.00114059
0.0116139
-0.00108356
0.0117028
-0.00102656
0.0117391
-0.000970809
0.0117462
-0.000916786
0.0117384
-0.000864619
0.0117237
-0.000814265
0.0117064
-0.000765617
0.0116884
-0.000718552
0.0116705
-0.000672948
0.0116531
-0.00062869
0.0116364
-0.000585675
0.0116202
-0.000543806
0.0116047
-0.000502996
0.0115898
-0.000463158
0.0115756
-0.000424212
0.0115622
-0.00038608
0.0115495
-0.000348687
0.0115376
-0.00031196
0.0115267
-0.000275826
0.0115167
-0.000240216
0.0115077
-0.000205062
0.0114997
-0.000170296
0.0114928
-0.000135852
0.011487
-0.000101666
0.0114824
-6.76708e-05
0.0114788
-3.38035e-05
0.0114765
0.0114753
-0.00126255
0.0111025
0.00129981
-0.00121324
0.0113897
-0.00115759
0.0115582
-0.00109965
0.0116449
-0.00104181
0.0116813
-0.000985257
0.0116896
-0.000930476
0.0116836
-0.000877583
0.0116708
-0.000826532
0.0116553
-0.000777214
0.011639
-0.000729501
0.0116228
-0.000683268
0.0116069
-0.000638397
0.0115915
-0.000594781
0.0115766
-0.000552321
0.0115623
-0.000510928
0.0115484
-0.000470513
0.0115352
-0.000430994
0.0115226
-0.000392293
0.0115108
-0.000354333
0.0114997
-0.000317039
0.0114894
-0.000280341
0.01148
-0.000244167
0.0114715
-0.000208448
0.011464
-0.000173118
0.0114575
-0.000138111
0.011452
-0.00010336
0.0114476
-6.88002e-05
0.0114443
-3.43682e-05
0.0114421
0.011441
-0.00127772
0.0110637
0.00131646
-0.00122738
0.0113393
-0.00117095
0.0115018
-0.00111237
0.0115863
-0.00105394
0.0116228
-0.00099684
0.0116325
-0.000941524
0.0116283
-0.000888111
0.0116174
-0.000836553
0.0116038
-0.00078674
0.0115892
-0.00073854
0.0115746
-0.000691827
0.0115602
-0.000646482
0.0115462
-0.000602396
0.0115325
-0.000559469
0.0115193
-0.000517609
0.0115066
-0.000476727
0.0114943
-0.000436741
0.0114827
-0.00039757
0.0114716
-0.000359139
0.0114612
-0.000321373
0.0114516
-0.0002842
0.0114428
-0.000247549
0.0114348
-0.000211351
0.0114278
-0.000175541
0.0114217
-0.000140051
0.0114165
-0.000104816
0.0114124
-6.97715e-05
0.0114092
-3.4854e-05
0.0114072
0.0114061
-0.0012886
0.0110238
0.00132854
-0.00123752
0.0112883
-0.00118061
0.0114449
-0.00112167
0.0115273
-0.00106293
0.0115641
-0.00100552
0.0115751
-0.000949902
0.0115726
-0.000896181
0.0115637
-0.000844311
0.0115519
-0.00079418
0.0115391
-0.000745659
0.0115261
-0.00069862
0.0115132
-0.000652943
0.0115005
-0.00060852
0.0114881
-0.000565249
0.0114761
-0.000523039
0.0114644
-0.000481802
0.0114531
-0.000441454
0.0114423
-0.000401915
0.0114321
-0.00036311
0.0114224
-0.000324964
0.0114135
-0.000287406
0.0114052
-0.000250365
0.0113978
-0.000213774
0.0113912
-0.000177565
0.0113855
-0.000141674
0.0113806
-0.000106036
0.0113767
-7.05859e-05
0.0113738
-3.52615e-05
0.0113718
0.0113708
-0.00129515
0.010983
0.00133598
-0.00124364
0.0112367
-0.00118655
0.0113878
-0.00112753
0.0114683
-0.00106876
0.0115053
-0.0010113
0.0115176
-0.000955608
0.0115169
-0.000901793
0.0115099
-0.000849806
0.0114999
-0.000799539
0.0114888
-0.000750862
0.0114774
-0.00070365
0.0114659
-0.000657785
0.0114546
-0.000613158
0.0114435
-0.000569669
0.0114326
-0.000527228
0.0114219
-0.000485746
0.0114116
-0.000445141
0.0114017
-0.000405335
0.0113923
-0.000366252
0.0113833
-0.000327819
0.011375
-0.000289965
0.0113674
-0.000252621
0.0113605
-0.00021572
0.0113543
-0.000179196
0.0113489
-0.000142985
0.0113444
-0.000107022
0.0113408
-7.1245e-05
0.011338
-3.55915e-05
0.0113362
0.0113352
-0.00129739
0.0109416
0.00133879
-0.00124576
0.0111851
-0.00118879
0.0113308
-0.00113
0.0114095
-0.00107145
0.0114468
-0.0010142
0.0114604
-0.00095867
0.0114614
-0.000904974
0.0114562
-0.000853066
0.011448
-0.00080284
0.0114386
-0.000754173
0.0114287
-0.000706941
0.0114187
-0.000661029
0.0114087
-0.00061633
0.0113988
-0.000572748
0.011389
-0.000530191
0.0113794
-0.000488575
0.01137
-0.000447818
0.0113609
-0.000407844
0.0113523
-0.000368579
0.0113441
-0.00032995
0.0113364
-0.000291889
0.0113293
-0.000254327
0.0113229
-0.000217199
0.0113172
-0.00018044
0.0113122
-0.000143987
0.011308
-0.000107778
0.0113046
-7.17514e-05
0.011302
-3.58454e-05
0.0113003
0.0112994
-0.0012954
0.0108999
0.00133705
-0.00124396
0.0111337
-0.00118742
0.0112743
-0.00112914
0.0113512
-0.00107109
0.0113887
-0.00101428
0.0114036
-0.000959143
0.0114063
-0.000905772
0.0114028
-0.000854133
0.0113964
-0.000804125
0.0113886
-0.000755629
0.0113802
-0.000708527
0.0113716
-0.000662707
0.0113629
-0.000618066
0.0113542
-0.000574511
0.0113454
-0.000531954
0.0113368
-0.000490311
0.0113284
-0.000449505
0.0113201
-0.000409461
0.0113122
-0.000370107
0.0113047
-0.000331372
0.0112977
-0.000293189
0.0112911
-0.000255493
0.0112852
-0.000218219
0.0112799
-0.000181305
0.0112753
-0.000144689
0.0112714
-0.00010831
0.0112682
-7.21085e-05
0.0112658
-3.60247e-05
0.0112642
0.0112634
-0.00128933
0.0108583
0.00133091
-0.00123839
0.0110827
-0.00118257
0.0112185
-0.00112507
0.0112937
-0.00106777
0.0113314
-0.00101165
0.0113475
-0.000957109
0.0113517
-0.000904263
0.01135
-0.000853076
0.0113452
-0.000803454
0.011339
-0.000755285
0.0113321
-0.000708457
0.0113248
-0.000662863
0.0113173
-0.000618407
0.0113097
-0.000574997
0.011302
-0.00053255
0.0112944
-0.000490987
0.0112868
-0.000450231
0.0112794
-0.000410212
0.0112722
-0.000370859
0.0112654
-0.000332105
0.0112589
-0.000293885
0.0112529
-0.000256135
0.0112475
-0.000218795
0.0112426
-0.000181802
0.0112383
-0.000145098
0.0112346
-0.000108624
0.0112317
-7.23206e-05
0.0112295
-3.61317e-05
0.011228
0.0112272
-0.00127939
0.0108172
0.00132059
-0.00122924
0.0110326
-0.0011744
0.0111636
-0.00111793
0.0112372
-0.00106162
0.0112751
-0.0010064
0.0112922
-0.000952673
0.011298
-0.00090054
0.0112978
-0.000849977
0.0112946
-0.000800901
0.0112899
-0.000753208
0.0112844
-0.000706792
0.0112784
-0.000661554
0.0112721
-0.000617403
0.0112655
-0.000574252
0.0112589
-0.000532022
0.0112521
-0.000490638
0.0112454
-0.000450028
0.0112388
-0.000410125
0.0112323
-0.000370861
0.0112261
-0.000332172
0.0112202
-0.000293996
0.0112147
-0.000256272
0.0112097
-0.00021894
0.0112052
-0.000181944
0.0112013
-0.000145224
0.0111979
-0.000108726
0.0111952
-7.23925e-05
0.0111932
-3.61687e-05
0.0111918
0.0111911
-0.00126582
0.0107766
0.00130635
-0.00121672
0.0109835
-0.00116313
0.01111
-0.00110792
0.011182
-0.00105282
0.01122
-0.000998704
0.0112381
-0.000945967
0.0112453
-0.000894719
0.0112466
-0.000844942
0.0112448
-0.000796562
0.0112415
-0.000749483
0.0112373
-0.000703609
0.0112325
-0.000658848
0.0112273
-0.000615115
0.0112218
-0.000572329
0.0112161
-0.000530418
0.0112102
-0.00048931
0.0112043
-0.000448938
0.0111984
-0.000409237
0.0111926
-0.000370145
0.011187
-0.000331601
0.0111817
-0.000293546
0.0111767
-0.000255923
0.0111721
-0.000218674
0.011168
-0.000181744
0.0111643
-0.00014508
0.0111613
-0.000108626
0.0111588
-7.23299e-05
0.0111569
-3.61386e-05
0.0111556
0.0111549
-0.00124891
0.010737
0.00128851
-0.0012011
0.0109357
-0.00114897
0.0110579
-0.00109524
0.0111283
-0.00104154
0.0111663
-0.000988709
0.0111853
-0.000937135
0.0111937
-0.000886931
0.0111964
-0.000838087
0.011196
-0.000790539
0.011194
-0.000744203
0.011191
-0.000698991
0.0111873
-0.00065482
0.0111831
-0.000611611
0.0111786
-0.000569292
0.0111738
-0.000527794
0.0111687
-0.000487051
0.0111636
-0.000447003
0.0111584
-0.000407587
0.0111532
-0.000368747
0.0111482
-0.000330424
0.0111434
-0.000292564
0.0111388
-0.000255112
0.0111347
-0.000218015
0.0111309
-0.00018122
0.0111276
-0.000144677
0.0111247
-0.000108333
0.0111224
-7.21392e-05
0.0111207
-3.60446e-05
0.0111195
0.0111189
-0.00122898
0.0106986
0.00126744
-0.00118268
0.0108894
-0.0011322
0.0110074
-0.00108013
0.0110762
-0.00102799
0.0111142
-0.000976607
0.0111339
-0.000926345
0.0111434
-0.000877324
0.0111474
-0.000829545
0.0111482
-0.000782954
0.0111474
-0.000737476
0.0111455
-0.000693036
0.0111428
-0.000649557
0.0111397
-0.000606971
0.011136
-0.00056521
0.011132
-0.000524213
0.0111277
-0.00048392
0.0111233
-0.000444275
0.0111187
-0.000405222
0.0111141
-0.000366706
0.0111097
-0.000328676
0.0111053
-0.00029108
0.0111012
-0.000253866
0.0110974
-0.000216986
0.011094
-0.00018039
0.011091
-0.00014403
0.0110884
-0.000107859
0.0110862
-7.18276e-05
0.0110846
-3.58902e-05
0.0110835
0.011083
-0.00120637
0.0106614
0.00124348
-0.00116176
0.0108448
-0.00111309
0.0109588
-0.00106282
0.011026
-0.00101239
0.0110637
-0.00096259
0.0110841
-0.000913769
0.0110946
-0.000866054
0.0110996
-0.000819455
0.0111016
-0.000773929
0.0111019
-0.000729414
0.011101
-0.000685843
0.0110993
-0.000643151
0.011097
-0.000601275
0.0110941
-0.000560157
0.0110909
-0.000519741
0.0110873
-0.000479975
0.0110835
-0.000440807
0.0110795
-0.000402187
0.0110755
-0.000364065
0.0110715
-0.000326393
0.0110677
-0.000289124
0.011064
-0.000252212
0.0110605
-0.00021561
0.0110574
-0.000179272
0.0110546
-0.000143155
0.0110522
-0.000107213
0.0110503
-7.14025e-05
0.0110488
-3.56793e-05
0.0110478
0.0110473
-0.00118145
0.0106258
0.00121704
-0.00113865
0.010802
-0.00109193
0.0109121
-0.00104358
0.0109776
-0.000994983
0.0110151
-0.000946873
0.011036
-0.000899599
0.0110473
-0.000853293
0.0110533
-0.000807972
0.0110563
-0.000763605
0.0110575
-0.000720143
0.0110575
-0.000677527
0.0110567
-0.000635702
0.0110551
-0.000594615
0.0110531
-0.000554215
0.0110505
-0.000514454
0.0110476
-0.000475284
0.0110443
-0.00043666
0.0110409
-0.000398537
0.0110374
-0.00036087
0.0110339
-0.000323618
0.0110304
-0.000286735
0.0110271
-0.000250181
0.011024
-0.000213913
0.0110211
-0.000177889
0.0110186
-0.000142068
0.0110164
-0.00010641
0.0110146
-7.08723e-05
0.0110133
-3.54158e-05
0.0110124
0.0110119
-0.00115454
0.0105919
0.00118851
-0.00111368
0.0107611
-0.00106901
0.0108674
-0.00102267
0.0109313
-0.00097599
0.0109685
-0.00092966
0.0109897
-0.00088402
0.0110017
-0.000839206
0.0110085
-0.000795244
0.0110123
-0.000752117
0.0110144
-0.000709783
0.0110152
-0.000668196
0.0110151
-0.000627311
0.0110143
-0.000587082
0.0110128
-0.000547466
0.0110109
-0.000508422
0.0110085
-0.00046991
0.0110058
-0.000431889
0.0110029
-0.000394322
0.0109998
-0.000357168
0.0109967
-0.000320389
0.0109936
-0.000283947
0.0109906
-0.000247803
0.0109878
-0.000211921
0.0109852
-0.000176261
0.0109829
-0.000140787
0.0109809
-0.00010546
0.0109793
-7.02453e-05
0.0109781
-3.51041e-05
0.0109772
0.0109768
-0.00112603
0.0105597
0.00115827
-0.00108718
0.0107222
-0.00104461
0.0108248
-0.00100037
0.010887
-0.000955663
0.0109238
-0.000911176
0.0109452
-0.000867236
0.0109578
-0.000823978
0.0109653
-0.000781441
0.0109698
-0.000739616
0.0109725
-0.000698473
0.010974
-0.000657977
0.0109746
-0.00061809
0.0109744
-0.000578777
0.0109735
-0.000540001
0.0109721
-0.00050173
0.0109702
-0.000463929
0.010968
-0.000426565
0.0109655
-0.000389604
0.0109629
-0.000353012
0.0109601
-0.000316755
0.0109574
-0.000280801
0.0109547
-0.000245115
0.0109521
-0.000209663
0.0109498
-0.000174413
0.0109477
-0.000139329
0.0109459
-0.00010438
0.0109444
-6.95308e-05
0.0109432
-3.47485e-05
0.0109424
0.0109421
-0.00109624
0.0105292
0.00112668
-0.00105944
0.0106854
-0.00101903
0.0107844
-0.000976906
0.0108449
-0.000934224
0.0108811
-0.000891624
0.0109026
-0.000849428
0.0109156
-0.000807775
0.0109236
-0.000766711
0.0109287
-0.000726238
0.0109321
-0.000686335
0.0109341
-0.000646978
0.0109352
-0.000608139
0.0109355
-0.00056979
0.0109352
-0.000531903
0.0109342
-0.000494451
0.0109328
-0.000457407
0.010931
-0.000420744
0.0109289
-0.000384433
0.0109266
-0.000348447
0.0109241
-0.000312756
0.0109217
-0.000277332
0.0109193
-0.000242145
0.010917
-0.000207166
0.0109148
-0.000172365
0.0109129
-0.000137713
0.0109112
-0.000103181
0.0109098
-6.87375e-05
0.0109088
-3.43538e-05
0.0109081
0.0109077
-0.00106551
0.0105006
0.00109414
-0.00103079
0.0106507
-0.000992552
0.0107462
-0.000952565
0.0108049
-0.000911922
0.0108404
-0.000871232
0.0108619
-0.000830807
0.0108751
-0.000790788
0.0108836
-0.00075123
0.0108892
-0.000712142
0.010893
-0.000673516
0.0108955
-0.000635335
0.010897
-0.00059758
0.0108978
-0.000560232
0.0108978
-0.000523271
0.0108973
-0.000486676
0.0108962
-0.000450427
0.0108947
-0.000414502
0.0108929
-0.000378879
0.0108909
-0.000343534
0.0108888
-0.000308445
0.0108866
-0.000273586
0.0108844
-0.000238933
0.0108823
-0.000204462
0.0108803
-0.000170146
0.0108786
-0.00013596
0.010877
-0.000101879
0.0108758
-6.78755e-05
0.0108748
-3.39244e-05
0.0108741
0.0108738
-0.00103414
0.0104738
0.00106093
-0.00100149
0.0106181
-0.000965414
0.0107101
-0.000927559
0.0107671
-0.000888954
0.0108018
-0.00085018
0.0108231
-0.000811536
0.0108365
-0.000773166
0.0108452
-0.000735132
0.0108512
-0.000697451
0.0108553
-0.000660126
0.0108582
-0.000623147
0.0108601
-0.000586505
0.0108611
-0.000550187
0.0108615
-0.000514181
0.0108612
-0.000478473
0.0108605
-0.000443049
0.0108593
-0.000407893
0.0108578
-0.000372987
0.010856
-0.000338316
0.0108541
-0.000303858
0.0108521
-0.000269596
0.0108501
-0.000235509
0.0108482
-0.000201575
0.0108464
-0.000167775
0.0108448
-0.000134086
0.0108433
-0.000100486
0.0108422
-6.69533e-05
0.0108412
-3.34654e-05
0.0108406
0.0108403
-0.00100245
0.0104488
0.00102742
-0.000971854
0.0105875
-0.000937906
0.0106761
-0.000902157
0.0107313
-0.000865571
0.0107652
-0.000828697
0.0107862
-0.000791827
0.0107996
-0.000755106
0.0108085
-0.0007186
0.0108146
-0.000682335
0.010819
-0.000646321
0.0108222
-0.000610558
0.0108243
-0.000575044
0.0108256
-0.000539774
0.0108262
-0.000504743
0.0108262
-0.000469942
0.0108257
-0.000435364
0.0108247
-0.000400998
0.0108234
-0.000366834
0.0108219
-0.000332858
0.0108201
-0.000299056
0.0108183
-0.000265414
0.0108165
-0.000231915
0.0108147
-0.000198544
0.010813
-0.000165283
0.0108115
-0.000132114
0.0108102
-9.90201e-05
0.0108091
-6.59819e-05
0.0108082
-3.29812e-05
0.0108076
0.0108073
-0.00097065
0.0104256
0.000993833
-0.000942066
0.0105589
-0.000910207
0.0106443
-0.000876525
0.0106976
-0.000841924
0.0107306
-0.000806926
0.0107513
-0.000771812
0.0107645
-0.000736727
0.0107734
-0.000701741
0.0107797
-0.00066689
0.0107842
-0.00063219
0.0107875
-0.000597649
0.0107898
-0.000563272
0.0107912
-0.00052906
0.010792
-0.000495016
0.0107922
-0.000461137
0.0107918
-0.00042742
0.010791
-0.000393862
0.0107899
-0.000360456
0.0107885
-0.000327194
0.0107869
-0.000294067
0.0107852
-0.000261064
0.0107835
-0.000228175
0.0107818
-0.000195386
0.0107802
-0.000162685
0.0107788
-0.000130058
0.0107775
-9.7491e-05
0.0107765
-6.49689e-05
0.0107757
-3.2477e-05
0.0107751
0.0107749
-0.00093907
0.0104042
0.000960517
-0.000912437
0.0105323
-0.000882606
0.0106145
-0.000850934
0.010666
-0.000818269
0.010698
-0.000785105
0.0107181
-0.000751713
0.0107311
-0.000718236
0.0107399
-0.000684752
0.0107462
-0.000651299
0.0107507
-0.000617902
0.0107541
-0.000584576
0.0107564
-0.000551332
0.010758
-0.000518179
0.0107589
-0.000485124
0.0107591
-0.00045217
0.0107589
-0.000419321
0.0107582
-0.000386578
0.0107571
-0.000353939
0.0107558
-0.000321401
0.0107543
-0.000288959
0.0107528
-0.000256608
0.0107511
-0.000224339
0.0107496
-0.000192146
0.0107481
-0.000160018
0.0107467
-0.000127946
0.0107455
-9.5919e-05
0.0107445
-6.39265e-05
0.0107437
-3.19569e-05
0.0107432
0.0107429
-0.00090782
0.0103844
0.000927581
-0.000883074
0.0105075
-0.000855205
0.0105866
-0.000825479
0.0106362
-0.000794694
0.0106672
-0.000763314
0.0106867
-0.000731603
0.0106994
-0.000699703
0.010708
-0.000667692
0.0107142
-0.000635618
0.0107186
-0.000603508
0.0107219
-0.000571385
0.0107243
-0.000539266
0.0107259
-0.000507167
0.0107268
-0.000475098
0.010727
-0.00044307
0.0107268
-0.000411092
0.0107262
-0.000379168
0.0107252
-0.000347301
0.010724
-0.000315494
0.0107225
-0.000283746
0.010721
-0.000252056
0.0107195
-0.000220419
0.0107179
-0.000188831
0.0107165
-0.000157288
0.0107151
-0.000125783
0.010714
-9.43098e-05
0.010713
-6.286e-05
0.0107122
-3.14263e-05
0.0107117
0.0107115
-0.000877249
0.0103663
0.000895404
-0.000854305
0.0104846
-0.000828314
0.0105606
-0.000800456
0.0106084
-0.000771478
0.0106382
-0.000741822
0.010657
-0.000711737
0.0106693
-0.000681365
0.0106777
-0.000650788
0.0106836
-0.000620056
0.0106879
-0.000589205
0.0106911
-0.00055826
0.0106934
-0.000527247
0.0106949
-0.000496183
0.0106957
-0.000465088
0.010696
-0.000433975
0.0106957
-0.000402858
0.0106951
-0.000371747
0.0106941
-0.000340648
0.0106929
-0.00030957
0.0106915
-0.000278514
0.01069
-0.000247483
0.0106884
-0.000216478
0.0106869
-0.000185498
0.0106855
-0.000154541
0.0106842
-0.000123606
0.010683
-9.26881e-05
0.0106821
-6.17838e-05
0.0106813
-3.08886e-05
0.0106808
0.0106806
-0.000847325
0.0103497
0.000863934
-0.000826111
0.0104634
-0.000801919
0.0105364
-0.000775853
0.0105823
-0.000748612
0.010611
-0.000720615
0.0106291
-0.000692101
0.0106408
-0.000663209
0.0106488
-0.000634024
0.0106544
-0.0006046
0.0106585
-0.000574976
0.0106615
-0.000545185
0.0106636
-0.000515255
0.0106649
-0.000485211
0.0106657
-0.000455075
0.0106658
-0.000424866
0.0106655
-0.000394602
0.0106648
-0.000364297
0.0106638
-0.000333963
0.0106625
-0.00030361
0.0106611
-0.000273246
0.0106596
-0.000242876
0.0106581
-0.000212504
0.0106565
-0.000182135
0.0106551
-0.000151769
0.0106538
-0.000121408
0.0106527
-9.10517e-05
0.0106517
-6.06992e-05
0.010651
-3.03497e-05
0.0106505
0.0106502
-0.000818489
0.0103345
0.000833651
-0.000798902
0.0104438
-0.000776408
0.0105139
-0.00075204
0.0105579
-0.000726449
0.0105854
-0.000700031
0.0106026
-0.000673017
0.0106138
-0.000645542
0.0106213
-0.000617691
0.0106266
-0.000589524
0.0106303
-0.000561082
0.010633
-0.000532404
0.0106349
-0.000503522
0.010636
-0.000474464
0.0106366
-0.000445259
0.0106366
-0.000415929
0.0106362
-0.000386495
0.0106354
-0.000356977
0.0106343
-0.000327389
0.0106329
-0.000297746
0.0106315
-0.000268059
0.0106299
-0.000238337
0.0106283
-0.000208588
0.0106268
-0.000178819
0.0106253
-0.000149034
0.010624
-0.000119238
0.0106229
-8.94343e-05
0.0106219
-5.96248e-05
0.0106212
-2.98117e-05
0.0106207
0.0106204
-0.000790494
0.0103207
0.000804261
-0.000772462
0.0104257
-0.000751588
0.010493
-0.000728835
0.0105352
-0.000704818
0.0105614
-0.000679909
0.0105777
-0.00065433
0.0105882
-0.000628214
0.0105952
-0.000601648
0.0106
-0.000574691
0.0106034
-0.000547393
0.0106057
-0.000519793
0.0106073
-0.000491928
0.0106082
-0.000463831
0.0106085
-0.000435534
0.0106083
-0.000407063
0.0106077
-0.000378444
0.0106067
-0.000349699
0.0106055
-0.000320847
0.0106041
-0.000291904
0.0106025
-0.000262887
0.0106009
-0.000233808
0.0105993
-0.000204677
0.0105977
-0.000175505
0.0105962
-0.0001463
0.0105948
-0.000117069
0.0105936
-8.7819e-05
0.0105927
-5.85545e-05
0.0105919
-2.92812e-05
0.0105914
0.0105911
-0.00076398
0.0103082
0.000776475
-0.000747386
0.0104092
-0.000728018
0.0104737
-0.000706775
0.0105139
-0.000684232
0.0105388
-0.00066074
0.0105542
-0.00063651
0.010564
-0.000611675
0.0105703
-0.00058632
0.0105746
-0.000560509
0.0105776
-0.000534292
0.0105795
-0.000507714
0.0105807
-0.000480815
0.0105813
-0.000453632
0.0105813
-0.0004262
0.0105809
-0.000398548
0.0105801
-0.000370706
0.0105789
-0.0003427
0.0105775
-0.000314551
0.0105759
-0.00028628
0.0105742
-0.000257906
0.0105725
-0.000229444
0.0105708
-0.000200907
0.0105691
-0.00017231
0.0105676
-0.000143663
0.0105662
-0.000114975
0.010565
-8.62568e-05
0.0105639
-5.75155e-05
0.0105632
-2.87588e-05
0.0105626
0.0105624
-0.000738355
0.010297
0.000749606
-0.00072314
0.0103939
-0.000705205
0.0104557
-0.000685395
0.0104941
-0.00066425
0.0105177
-0.000642102
0.0105321
-0.000619157
0.010541
-0.000595541
0.0105467
-0.000571343
0.0105504
-0.000546628
0.0105528
-0.00052145
0.0105543
-0.000495855
0.0105551
-0.000469888
0.0105553
-0.000443589
0.010555
-0.000416994
0.0105543
-0.00039014
0.0105532
-0.000363056
0.0105518
-0.000335771
0.0105502
-0.000308312
0.0105485
-0.000280701
0.0105466
-0.000252959
0.0105448
-0.000225106
0.0105429
-0.000197157
0.0105412
-0.00016913
0.0105396
-0.000141037
0.0105381
-0.000112891
0.0105368
-8.47039e-05
0.0105358
-5.64872e-05
0.0105349
-2.82518e-05
0.0105344
0.0105341
-0.000714658
0.0102868
0.000724818
-0.000700686
0.01038
-0.000684058
0.0104391
-0.000665561
0.0104756
-0.0006457
0.0104978
-0.000624791
0.0105112
-0.000603029
0.0105193
-0.00058054
0.0105242
-0.000557411
0.0105273
-0.000533709
0.0105291
-0.000509491
0.0105301
-0.000484807
0.0105304
-0.000459703
0.0105302
-0.000434223
0.0105295
-0.000408407
0.0105285
-0.000382292
0.0105271
-0.000355913
0.0105254
-0.0003293
0.0105236
-0.000302482
0.0105217
-0.000275486
0.0105196
-0.000248334
0.0105176
-0.000221049
0.0105157
-0.00019365
0.0105138
-0.000166154
0.0105121
-0.000138578
0.0105105
-0.000110937
0.0105092
-8.3245e-05
0.0105081
-5.55151e-05
0.0105072
-2.77591e-05
0.0105066
0.0105064
-0.000691706
0.0102778
0.000700757
-0.000678942
0.0103672
-0.000663564
0.0104237
-0.000646313
0.0104584
-0.000627669
0.0104792
-0.000607933
0.0104914
-0.000587293
0.0104986
-0.000565874
0.0105028
-0.000543762
0.0105052
-0.000521028
0.0105064
-0.000497729
0.0105068
-0.000473919
0.0105066
-0.000449648
0.0105059
-0.000424959
0.0105048
-0.000399898
0.0105034
-0.000374503
0.0105017
-0.000348811
0.0104997
-0.000322856
0.0104977
-0.000296669
0.0104955
-0.000270279
0.0104933
-0.000243711
0.0104911
-0.00021699
0.0104889
-0.000190136
0.0104869
-0.000163171
0.0104851
-0.000136112
0.0104834
-0.000108979
0.010482
-8.17863e-05
0.0104809
-5.45508e-05
0.01048
-2.72885e-05
0.0104794
0.0104791
-0.000671284
0.0102696
0.000679432
-0.000659565
0.0103555
-0.000645288
0.0104094
-0.000629145
0.0104422
-0.000611587
0.0104616
-0.000592898
0.0104728
-0.00057326
0.010479
-0.000552796
0.0104824
-0.000531593
0.010484
-0.000509722
0.0104845
-0.000487244
0.0104843
-0.000464214
0.0104836
-0.000440683
0.0104824
-0.000416701
0.0104809
-0.000392312
0.010479
-0.000367559
0.0104769
-0.00034248
0.0104747
-0.000317111
0.0104723
-0.000291487
0.0104698
-0.000265637
0.0104674
-0.000239589
0.010465
-0.00021337
0.0104627
-0.000187003
0.0104606
-0.00016051
0.0104586
-0.000133913
0.0104568
-0.000107229
0.0104553
-8.0478e-05
0.0104541
-5.3676e-05
0.0104532
-2.68381e-05
0.0104525
0.0104522
-0.000651175
0.0102625
0.000658336
-0.000640503
0.0103448
-0.000627295
0.0103962
-0.000612213
0.0104272
-0.000595689
0.0104451
-0.000577997
0.0104551
-0.000559314
0.0104603
-0.000539761
0.0104628
-0.000519428
0.0104637
-0.000498387
0.0104635
-0.000476701
0.0104627
-0.000454428
0.0104613
-0.00043162
0.0104596
-0.00040833
0.0104576
-0.000384603
0.0104553
-0.000360485
0.0104528
-0.000336015
0.0104502
-0.000311233
0.0104475
-0.000286173
0.0104448
-0.000260868
0.0104421
-0.000235347
0.0104395
-0.000209639
0.010437
-0.000183769
0.0104347
-0.000157762
0.0104326
-0.000131639
0.0104307
-0.000105422
0.0104291
-7.9132e-05
0.0104278
-5.27886e-05
0.0104268
-2.64139e-05
0.0104262
0.0104258
-0.000634525
0.010256
0.000640981
-0.000624691
0.010335
-0.00061237
0.0103839
-0.000598179
0.010413
-0.000582526
0.0104294
-0.000565673
0.0104382
-0.000547794
0.0104424
-0.000529007
0.010444
-0.000509403
0.0104441
-0.000489055
0.0104431
-0.00046803
0.0104416
-0.000446386
0.0104397
-0.000424179
0.0104374
-0.000401462
0.0104349
-0.000378283
0.0104321
-0.000354689
0.0104292
-0.000330723
0.0104262
-0.000306423
0.0104232
-0.000281827
0.0104202
-0.00025697
0.0104172
-0.000231882
0.0104144
-0.000206592
0.0104117
-0.000181129
0.0104092
-0.000155518
0.010407
-0.000129782
0.010405
-0.000103944
0.0104033
-7.80245e-05
0.0104019
-5.2044e-05
0.0104009
-2.60175e-05
0.0104001
0.0103998
-0.000617288
0.0102504
0.000622869
-0.000608339
0.010326
-0.000596906
0.0103725
-0.00058359
0.0103997
-0.000568786
0.0104146
-0.000552751
0.0104222
-0.000535656
0.0104253
-0.00051762
0.010426
-0.000498736
0.0104252
-0.000479078
0.0104235
-0.000458715
0.0104213
-0.000437708
0.0104187
-0.000416114
0.0104158
-0.000393986
0.0104127
-0.000371376
0.0104095
-0.000348331
0.0104062
-0.000324895
0.0104028
-0.000301109
0.0103994
-0.000277011
0.0103961
-0.000252637
0.0103929
-0.000228019
0.0103898
-0.000203189
0.0103869
-0.000178174
0.0103842
-0.000153002
0.0103818
-0.000127697
0.0103797
-0.000102285
0.0103779
-7.67897e-05
0.0103764
-5.12328e-05
0.0103753
-2.56445e-05
0.0103746
0.0103742
-0.000605046
0.0102453
0.000610136
-0.000596711
0.0103177
-0.000585928
0.0103617
-0.000573262
0.010387
-0.00055909
0.0104005
-0.000543662
0.0104067
-0.000527146
0.0104088
-0.000509662
0.0104085
-0.000491303
0.0104068
-0.000472147
0.0104043
-0.000452262
0.0104014
-0.000431711
0.0103981
-0.000410553
0.0103946
-0.000388844
0.010391
-0.000366635
0.0103873
-0.000343975
0.0103835
-0.00032091
0.0103797
-0.000297481
0.010376
-0.000273728
0.0103723
-0.000249688
0.0103688
-0.000225394
0.0103655
-0.000200878
0.0103624
-0.00017617
0.0103595
-0.000151297
0.0103569
-0.000126285
0.0103547
-0.000101161
0.0103528
-7.59449e-05
0.0103512
-5.06601e-05
0.01035
-2.53163e-05
0.0103492
0.0103488
-0.00059051
0.010241
0.000594864
-0.00058288
0.0103101
-0.000572794
0.0103516
-0.000560808
0.010375
-0.000547297
0.0103869
-0.000532507
0.010392
-0.000516606
0.0103929
-0.000499715
0.0103916
-0.00048193
0.010389
-0.00046333
0.0103857
-0.000443984
0.010382
-0.000423958
0.0103781
-0.00040331
0.010374
-0.000382098
0.0103698
-0.000360373
0.0103656
-0.000338186
0.0103613
-0.000315583
0.0103571
-0.000292605
0.010353
-0.000269294
0.010349
-0.000245686
0.0103452
-0.000221816
0.0103416
-0.000197716
0.0103383
-0.000173418
0.0103352
-0.000148949
0.0103325
-0.000124337
0.0103301
-9.96085e-05
0.010328
-7.47879e-05
0.0103264
-4.99007e-05
0.0103251
-2.49897e-05
0.0103243
0.0103239
-0.000583602
0.0102369
0.000587706
-0.000576332
0.0103028
-0.000566614
0.0103419
-0.000554992
0.0103634
-0.000541832
0.0103738
-0.000527377
0.0103775
-0.000511795
0.0103773
-0.000495208
0.010375
-0.000477712
0.0103715
-0.000459387
0.0103674
-0.000440305
0.010363
-0.00042053
0.0103583
-0.000400125
0.0103536
-0.000379146
0.0103488
-0.000357646
0.0103441
-0.000335676
0.0103394
-0.000313282
0.0103347
-0.000290507
0.0103302
-0.000267392
0.0103259
-0.000243975
0.0103218
-0.00022029
0.0103179
-0.000196372
0.0103144
-0.00017225
0.0103111
-0.000147955
0.0103082
-0.000123514
0.0103056
-9.89519e-05
0.0103035
-7.42954e-05
0.0103017
-4.95655e-05
0.0103004
-2.4759e-05
0.0102995
0.0102991
-0.000571286
0.000574883
-0.000564462
-0.000555216
-0.00054407
-0.00053138
-0.000517387
-0.00050226
-0.000486123
-0.000469074
-0.000451191
-0.000432549
-0.000413212
-0.00039324
-0.000372691
-0.000351619
-0.000330072
-0.000308097
-0.000285738
-0.000263036
-0.000240027
-0.000216749
-0.000193233
-0.00016951
-0.000145612
-0.000121565
-9.73958e-05
-7.31309e-05
-4.87971e-05
-2.44334e-05
0.00531113
-0.000404895
0.00526074
-0.000323701
0.00521468
-0.000247027
0.00517299
-0.000174488
0.00513503
-0.000105455
0.00510127
-3.95378e-05
0.00507301
2.17621e-05
0.00504771
7.73386e-05
0.00502583
0.000133033
0.00500732
0.000186844
0.00499206
0.000238399
0.00497987
0.000288216
0.00497054
0.0003367
0.00496383
0.000384107
0.00495953
0.000430681
0.00495739
0.000476668
0.0049572
0.000522301
0.00495871
0.000567784
0.00496171
0.000613289
0.00496596
0.000658945
0.00497124
0.000704833
0.00497734
0.000750975
0.00498405
0.00079733
0.00499118
0.000843791
0.00499854
0.000890181
0.00500599
0.000936256
0.00501339
0.000981711
0.00502062
0.00102618
0.00502759
0.00106926
0.00503425
0.00111052
0.00504056
0.00114948
0.00504653
0.0011857
0.00505216
0.00121873
0.0050575
0.00124817
0.00506261
0.00127364
0.00506758
0.00129485
0.00507248
0.00131156
0.00507741
0.0013236
0.00508249
0.0013309
0.00508781
0.00133347
0.00509345
0.00133141
0.0050995
0.00132486
0.00510601
0.00131408
0.00511303
0.00129933
0.0051206
0.00128094
0.00512875
0.00125929
0.00513748
0.00123475
0.00514679
0.00120773
0.00515669
0.00117861
0.00516714
0.00114781
0.00517814
0.00111569
0.00518964
0.00108263
0.00520161
0.00104895
0.00521403
0.001015
0.00522686
0.000981008
0.00524005
0.000947322
0.00525358
0.000914049
0.00526742
0.00088157
0.00528153
0.000849823
0.00529588
0.000819298
0.00531046
0.000789681
0.00532523
0.000761705
0.0053402
0.00073464
0.00535531
0.000709707
0.0053706
0.000685466
0.005386
0.000664036
0.00540157
0.000642758
0.00541721
0.000625341
0.00543305
0.000607032
0.0054489
0.00059429
0.00546495
0.000578811
0.00548096
0.000571693
0.000558733
0.00522872
-0.000423099
0.00516673
-0.000342905
0.00511069
-0.000267669
0.0050604
-0.000196734
0.00501566
-0.000129752
0.00497622
-6.60092e-05
0.00494123
-4.55301e-06
0.00491316
4.98383e-05
0.00488793
0.000102566
0.00486695
0.000154012
0.00485001
0.00020379
0.00483677
0.000251631
0.004827
0.000297991
0.00482041
0.000343287
0.00481675
0.000387773
0.00481574
0.000431687
0.00481714
0.000475272
0.00482068
0.000518759
0.00482611
0.000562352
0.00483318
0.000606218
0.00484164
0.000650485
0.00485125
0.000695225
0.00486177
0.000740456
0.00487297
0.000786127
0.00488465
0.000832116
0.00489659
0.000878234
0.00490863
0.000924218
0.0049206
0.000969741
0.00493236
0.00101442
0.00494381
0.00105781
0.00495487
0.00109946
0.00496548
0.00113888
0.00497561
0.00117557
0.00498526
0.00120908
0.00499447
0.00123896
0.00500329
0.00126483
0.00501177
0.00128637
0.00502001
0.00130332
0.00502809
0.00131552
0.0050361
0.0013229
0.00504412
0.00132545
0.00505224
0.00132328
0.00506054
0.00131656
0.00506909
0.00130553
0.00507794
0.00129047
0.00508714
0.00127174
0.00509673
0.00124971
0.00510672
0.00122476
0.00511712
0.00119733
0.00512794
0.0011678
0.00513916
0.00113659
0.00515077
0.00110408
0.00516274
0.00107066
0.00517507
0.00103663
0.00518771
0.00100236
0.00520064
0.000968079
0.00521382
0.000934134
0.00522725
0.000900627
0.00524087
0.000867942
0.00525469
0.000836011
0.00526866
0.000805328
0.00528277
0.000775563
0.00529701
0.000747467
0.00531137
0.000720276
0.00532583
0.000695254
0.0053404
0.000670893
0.00535504
0.0006494
0.0053698
0.00062799
0.00538461
0.000610534
0.00539957
0.000592073
0.00541454
0.000579319
0.00542967
0.000563677
0.0054448
0.000556567
0.000543499
0.005004
-0.000349284
0.00493793
-0.000276835
0.00487921
-0.000208943
0.00482736
-0.000144893
0.00478168
-8.40655e-05
0.00474187
-2.62015e-05
0.00471017
2.71525e-05
0.00468245
7.75503e-05
0.00465928
0.000125737
0.00464086
0.000172429
0.00462692
0.000217734
0.00461705
0.000261505
0.00461092
0.000304114
0.00460826
0.000345954
0.00460876
0.000387274
0.00461214
0.000428301
0.00461814
0.000469275
0.00462648
0.000510423
0.00463688
0.000551945
0.00464909
0.000594007
0.00466285
0.00063673
0.00467789
0.000680186
0.00469396
0.000724382
0.00471083
0.000769261
0.00472825
0.000814692
0.00474602
0.000860469
0.00476392
0.000906317
0.00478177
0.000951887
0.00479942
0.000996773
0.00481672
0.00104052
0.00483356
0.00108262
0.00484986
0.00112258
0.00486556
0.00115987
0.00488065
0.00119399
0.00489511
0.00122449
0.00490898
0.00125096
0.00492231
0.00127304
0.00493516
0.00129047
0.0049476
0.00130308
0.00495972
0.00131079
0.00497158
0.00131359
0.00498329
0.00131158
0.00499491
0.00130494
0.00500653
0.00129391
0.0050182
0.0012788
0.00502998
0.00125996
0.00504191
0.00123777
0.00505403
0.00121265
0.00506634
0.00118501
0.00507887
0.00115527
0.00509162
0.00112385
0.00510457
0.00109113
0.00511771
0.00105751
0.00513104
0.0010233
0.00514453
0.000988872
0.00515816
0.000954447
0.00517192
0.000920379
0.00518578
0.000886768
0.00519972
0.000854
0.00521373
0.000821999
0.0052278
0.000791264
0.00524191
0.000761452
0.00525605
0.000733328
0.00527022
0.000706099
0.00528441
0.000681064
0.00529865
0.000656657
0.00531289
0.000635161
0.0053272
0.000613681
0.0053415
0.000596232
0.00535591
0.000577664
0.0053703
0.000564928
0.00538482
0.000549152
0.00539933
0.00054206
0.000528897
0.00468303
-0.000275473
0.00461802
-0.000211826
0.00456116
-0.00015208
0.00451165
-9.53786e-05
0.0044691
-4.15171e-05
0.00443334
9.55676e-06
0.00440435
5.61398e-05
0.00438038
0.000101519
0.00436156
0.000144561
0.00434766
0.000186324
0.00433836
0.000227043
0.00433324
0.000266616
0.00433201
0.000305346
0.00433437
0.000343597
0.00434003
0.000381613
0.00434872
0.000419615
0.00436015
0.000457838
0.00437407
0.000496506
0.0043902
0.000535815
0.00440828
0.00057593
0.00442804
0.00061697
0.00444922
0.000659002
0.00447157
0.000702031
0.00449484
0.000745991
0.00451879
0.000790744
0.00454319
0.000836075
0.00456781
0.000881694
0.00459246
0.000927238
0.00461695
0.00097228
0.00464112
0.00101634
0.00466484
0.0010589
0.00468799
0.00109943
0.00471048
0.00113737
0.00473226
0.00117222
0.00475329
0.00120346
0.00477357
0.00123067
0.00479312
0.00125349
0.00481197
0.00127162
0.00483018
0.00128488
0.00484779
0.00129317
0.00486489
0.00129649
0.00488154
0.00129493
0.00489782
0.00128866
0.0049138
0.00127793
0.00492954
0.00126306
0.0049451
0.0012444
0.00496053
0.00122234
0.00497587
0.00119731
0.00499115
0.00116973
0.00500638
0.00114003
0.00502159
0.00110865
0.00503677
0.00107595
0.00505192
0.00104236
0.00506704
0.00100818
0.00508213
0.000973784
0.00509717
0.000939405
0.00511216
0.000905391
0.00512708
0.000871845
0.00514194
0.000839148
0.00515671
0.000807225
0.0051714
0.000776574
0.00518601
0.000746844
0.00520053
0.000718808
0.00521497
0.000691653
0.00522934
0.000666701
0.00524365
0.000642344
0.00525789
0.000620924
0.00527212
0.000599451
0.00528628
0.000582071
0.00530049
0.000563453
0.00531464
0.000550779
0.00532889
0.000534902
0.00534309
0.000527854
0.000514612
0.0042712
-0.000208016
0.00421278
-0.000153403
0.00416255
-0.000101853
0.0041197
-5.25224e-05
0.00408317
-4.986e-06
0.00405514
3.75854e-05
0.00403195
7.93267e-05
0.00401433
0.000119144
0.00400176
0.000157126
0.00399398
0.000194107
0.00399069
0.000230332
0.00399155
0.000265761
0.00399625
0.000300644
0.00400453
0.000335315
0.00401613
0.000370014
0.00403078
0.00040496
0.00404824
0.00044038
0.00406825
0.000476499
0.00409055
0.000513512
0.0041149
0.000551583
0.00414104
0.000590829
0.00416872
0.00063132
0.0041977
0.000673053
0.00422773
0.000715962
0.00425857
0.000759901
0.00429
0.00080465
0.00432178
0.000849909
0.00435372
0.000895302
0.00438561
0.000940391
0.00441727
0.000984676
0.00444856
0.00102762
0.00447932
0.00106867
0.00450944
0.00110725
0.00453883
0.00114282
0.00456743
0.00117487
0.00459519
0.00120291
0.00462208
0.00122659
0.00464812
0.00124558
0.00467331
0.00125969
0.00469768
0.0012688
0.00472127
0.00127289
0.00474415
0.00127205
0.00476636
0.00126645
0.00478796
0.00125633
0.00480901
0.00124201
0.00482957
0.00122384
0.00484967
0.00120223
0.00486937
0.00117761
0.0048887
0.0011504
0.00490768
0.00112105
0.00492634
0.00108998
0.0049447
0.00105759
0.00496277
0.00102429
0.00498055
0.000990398
0.00499805
0.000956284
0.00501527
0.000922181
0.00503222
0.000888438
0.0050489
0.000855162
0.00506532
0.000822728
0.00508148
0.000791066
0.00509739
0.000760664
0.00511306
0.000731177
0.0051285
0.000703371
0.00514372
0.000676428
0.00515874
0.00065168
0.0051736
0.000627489
0.00518828
0.000606243
0.00520286
0.000584872
0.00521729
0.000567639
0.0052317
0.000549041
0.00524599
0.000536489
0.00526034
0.000520553
0.0052746
0.00051359
0.000500284
0.00384337
-0.00020096
0.0037875
-0.000152144
0.00374008
-0.000105984
0.00370005
-6.18184e-05
0.00366656
-1.90308e-05
0.00364101
2.05599e-05
0.00362057
5.80287e-05
0.00360565
9.42439e-05
0.00359593
0.000128861
0.00359093
0.000162133
0.00359037
0.000194669
0.00359401
0.000226684
0.00360159
0.000258188
0.00361283
0.000289401
0.00362752
0.000320628
0.00364542
0.000352108
0.00366633
0.000384058
0.00369
0.000416706
0.00371622
0.000450277
0.00374477
0.000484967
0.00377541
0.000520943
0.00380791
0.000558322
0.00384206
0.000597175
0.00387761
0.000637498
0.00391435
0.000679222
0.00395205
0.0007222
0.0039905
0.000766208
0.00402947
0.000810939
0.00406876
0.000856012
0.00410817
0.000900977
0.00414752
0.000945324
0.00418664
0.000988503
0.00422537
0.00102994
0.00426356
0.00106906
0.0043011
0.00110528
0.00433788
0.00113808
0.00437383
0.00116697
0.00440886
0.00119155
0.00444295
0.0012115
0.00447606
0.00122658
0.00450818
0.00123668
0.00453933
0.00124175
0.00456951
0.00124187
0.00459876
0.0012372
0.0046271
0.00122798
0.00465459
0.00121452
0.00468126
0.00119717
0.00470715
0.00117635
0.0047323
0.00115246
0.00475674
0.00112597
0.0047805
0.00109729
0.00480362
0.00106687
0.00482611
0.0010351
0.00484801
0.00100239
0.00486933
0.00096908
0.00489009
0.000935526
0.0049103
0.000901968
0.00492999
0.000868751
0.00494916
0.000835986
0.00496785
0.000804041
0.00498606
0.000772853
0.00500383
0.000742899
0.00502116
0.000713842
0.0050381
0.000686435
0.00505466
0.000659869
0.00507087
0.000635467
0.00508678
0.000611582
0.0051024
0.000590627
0.0051178
0.000569472
0.00513296
0.00055248
0.00514801
0.000533988
0.00516286
0.000521633
0.00517773
0.000505688
0.00519246
0.000498862
0.000485517
0.00329897
-0.000151486
0.00325754
-0.000110712
0.00322334
-7.17905e-05
0.00319561
-3.40811e-05
0.00317358
2.99267e-06
0.00315797
3.61725e-05
0.00314719
6.88084e-05
0.00314137
0.000100065
0.0031401
0.000130125
0.00314302
0.000159213
0.00314994
0.000187752
0.00316069
0.000215937
0.00317505
0.000243826
0.00319283
0.000271626
0.00321383
0.00029962
0.0032379
0.000328045
0.00326483
0.000357123
0.00329445
0.000387087
0.00332657
0.000418161
0.00336099
0.000450546
0.00339752
0.000484412
0.00343596
0.000519878
0.00347612
0.000557018
0.00351779
0.000595824
0.00356079
0.000636229
0.0036049
0.000678087
0.00364994
0.000721171
0.0036957
0.000765174
0.003742
0.00080971
0.00378866
0.000854327
0.00383547
0.000898505
0.00388228
0.000941693
0.00392892
0.000983307
0.00397522
0.00102276
0.00402104
0.00105947
0.00406624
0.00109288
0.0041107
0.00112251
0.0041543
0.00114795
0.00419696
0.00116883
0.00423861
0.00118494
0.00427918
0.0011961
0.00431864
0.00120229
0.00435696
0.00120355
0.00439413
0.00120003
0.00443016
0.00119196
0.00446504
0.00117964
0.0044988
0.00116341
0.00453146
0.00114369
0.00456304
0.00112088
0.00459358
0.00109543
0.00462309
0.00106777
0.00465162
0.00103834
0.00467918
0.00100753
0.00470582
0.000975759
0.00473155
0.000943348
0.00475641
0.000910665
0.00478043
0.000877951
0.00480364
0.000845543
0.00482606
0.000813561
0.00484774
0.000782359
0.00486871
0.000751889
0.004889
0.000722607
0.00490864
0.000694196
0.0049277
0.000667382
0.00494619
0.000641379
0.00496417
0.000617487
0.00498168
0.000594069
0.00499877
0.00057354
0.0050155
0.000552737
0.00503189
0.000536093
0.00504807
0.00051781
0.00506396
0.000505739
0.0050798
0.000489849
0.00509544
0.000483223
0.000469867
0.002735
-0.000118372
0.00270823
-8.39377e-05
0.00268714
-5.07053e-05
0.0026711
-1.80398e-05
0.0026609
1.31923e-05
0.00265483
4.22427e-05
0.00265327
7.03717e-05
0.00265592
9.74175e-05
0.00266249
0.000123549
0.00267275
0.000148955
0.00268656
0.000173944
0.00270381
0.00019869
0.00272434
0.000223295
0.002748
0.000247962
0.00277466
0.000272957
0.00280419
0.00029852
0.00283643
0.00032488
0.00287125
0.000352273
0.00290848
0.000380928
0.00294798
0.000411048
0.00298958
0.000442809
0.00303313
0.000476329
0.00307846
0.000511689
0.00312541
0.00054887
0.00317383
0.000587813
0.00322354
0.000628373
0.00327439
0.000670324
0.0033262
0.000713359
0.00337882
0.000757096
0.00343206
0.000801082
0.00348577
0.000844796
0.00353978
0.000887688
0.00359391
0.000929177
0.00364799
0.000968678
0.00370185
0.0010056
0.00375533
0.0010394
0.00380827
0.00106958
0.00386052
0.0010957
0.00391194
0.00111742
0.0039624
0.00113447
0.0040118
0.0011467
0.00406004
0.00115405
0.00410705
0.00115654
0.00415277
0.00115431
0.00419715
0.00114758
0.00424017
0.00113662
0.0042818
0.00112178
0.00432204
0.00110344
0.0043609
0.00108202
0.00439838
0.00105795
0.0044345
0.00103165
0.0044693
0.00100355
0.00450278
0.000974046
0.004535
0.000943544
0.00456598
0.000912372
0.00459575
0.000880888
0.00462437
0.000849336
0.00465187
0.000818042
0.00467829
0.000787137
0.0047037
0.000756956
0.00472812
0.000727468
0.00475162
0.000699104
0.00477424
0.000671574
0.00479606
0.000645568
0.0048171
0.000620336
0.00483745
0.000597135
0.00485715
0.000574366
0.00487628
0.000554413
0.00489491
0.000534113
0.00491306
0.000517939
0.00493088
0.000499985
0.00494833
0.000488294
0.00496564
0.000472538
0.00498268
0.000466184
0.000452854
0.00217692
-9.95469e-05
0.00216279
-6.98101e-05
0.00215308
-4.09949e-05
0.00214759
-1.25474e-05
0.00214609
1.46839e-05
0.00214851
3.98275e-05
0.00215467
6.42161e-05
0.00216436
8.77269e-05
0.00217742
0.000110485
0.00219371
0.000132665
0.00221315
0.000154502
0.00223568
0.000176164
0.00226118
0.000197791
0.00228956
0.000219587
0.0023207
0.00024181
0.00235452
0.000264701
0.00239091
0.000288497
0.00242974
0.000313437
0.00247092
0.000339754
0.00251431
0.000367655
0.0025598
0.000397314
0.00260728
0.000428853
0.00265661
0.000462356
0.00270769
0.00049779
0.0027604
0.000535106
0.00281461
0.000574161
0.0028702
0.000614733
0.00292704
0.000656518
0.002985
0.00069914
0.00304393
0.000742153
0.00310369
0.000785037
0.00316411
0.00082726
0.00322504
0.00086825
0.00328629
0.00090743
0.00334768
0.000944213
0.00340901
0.000978063
0.00347011
0.00100848
0.00353077
0.00103504
0.00359081
0.00105737
0.00365007
0.00107522
0.00370837
0.0010884
0.00376557
0.00109685
0.00382153
0.00110058
0.00387614
0.0010997
0.00392931
0.00109441
0.00398095
0.00108498
0.00403101
0.00107172
0.00407944
0.00105501
0.00412622
0.00103525
0.00417133
0.00101284
0.00421477
0.000988203
0.00425655
0.000961761
0.0042967
0.000933899
0.00433524
0.000905004
0.00437221
0.000875407
0.00440764
0.000845452
0.00444159
0.000815385
0.00447412
0.000785519
0.00450526
0.000755993
0.00453509
0.000727123
0.00456367
0.000698895
0.00459106
0.00067171
0.00461732
0.000645311
0.00464255
0.000620341
0.00466678
0.000596103
0.00469013
0.000573789
0.00471263
0.000551863
0.0047344
0.000532647
0.00475549
0.000513021
0.00477598
0.000497445
0.00479601
0.000479959
0.00481555
0.00046875
0.00483487
0.000453222
0.00485383
0.00044722
0.000433963
0.00165126
-0.000118553
0.00164302
-9.13148e-05
0.00163823
-6.50128e-05
0.00163683
-3.95982e-05
0.00163891
-1.46277e-05
0.00164425
9.34957e-06
0.00165272
3.13521e-05
0.00166437
5.2564e-05
0.00167908
7.30164e-05
0.00169675
9.28174e-05
0.00171729
0.000112125
0.00174066
0.00013113
0.00176683
0.000149999
0.00179571
0.000168906
0.00182724
0.00018806
0.00186134
0.00020771
0.00189794
0.0002281
0.00193697
0.000249471
0.00197834
0.000272065
0.00202198
0.000296115
0.00206781
0.000321826
0.00211575
0.000349373
0.00216572
0.000378875
0.00221766
0.000410423
0.00227149
0.000443953
0.00232716
0.000479443
0.00238457
0.000516745
0.00244366
0.000555645
0.00250433
0.000595846
0.00256649
0.000636983
0.00263002
0.000678624
0.0026948
0.000720252
0.0027607
0.000761364
0.00282754
0.000801405
0.00289515
0.000839819
0.00296334
0.000876026
0.0030319
0.000909509
0.00310059
0.000939785
0.00316921
0.000966418
0.00323753
0.00098906
0.00330531
0.00100744
0.00337233
0.00102137
0.00343841
0.00103078
0.00350333
0.00103566
0.00356693
0.0010361
0.00362906
0.00103229
0.00368958
0.00102446
0.00374839
0.00101292
0.00380539
0.000998006
0.00386053
0.000980104
0.00391376
0.000959607
0.00396506
0.000936911
0.0040144
0.000912415
0.00406181
0.000886494
0.00410729
0.000859521
0.00415088
0.000831815
0.00419263
0.000803706
0.00423257
0.000775441
0.00427078
0.000747312
0.00430731
0.000719467
0.00434223
0.000692196
0.00437562
0.000665509
0.00440756
0.000639767
0.00443812
0.000614755
0.0044674
0.000591057
0.00449546
0.000568042
0.00452244
0.000546817
0.00454836
0.000525942
0.00457337
0.00050763
0.00459753
0.00048886
0.00462096
0.000474016
0.00464377
0.000457155
0.00466599
0.000446531
0.00468786
0.000431349
0.0047093
0.000425776
0.000412656
0.0011461
-0.000114216
0.00114429
-8.95049e-05
0.00114517
-6.58897e-05
0.00114887
-4.33061e-05
0.0011557
-2.14577e-05
0.00116467
3.87848e-07
0.00117691
1.91099e-05
0.00119175
3.77214e-05
0.0012093
5.54717e-05
0.00122951
7.26056e-05
0.00125232
8.93089e-05
0.00127772
0.000105731
0.00130569
0.000122037
0.00133615
0.00013844
0.00136907
0.000155145
0.00140438
0.000172393
0.00144206
0.000190429
0.00148203
0.000209493
0.00152427
0.000229824
0.00156874
0.000251652
0.00161539
0.000275178
0.00166419
0.000300573
0.00171511
0.000327949
0.00176813
0.000357405
0.00182325
0.000388831
0.00188045
0.000422248
0.00193969
0.000457502
0.00200095
0.000494385
0.00206418
0.000532615
0.00212932
0.000571844
0.00219629
0.000611656
0.002265
0.000651538
0.00233533
0.000691036
0.00240712
0.000729616
0.00248019
0.000766752
0.00255434
0.000801874
0.00262935
0.000834502
0.00270496
0.00086417
0.00278093
0.000890453
0.00285697
0.000913015
0.00293282
0.000931587
0.00300821
0.000945986
0.00308287
0.000956118
0.00315655
0.000961974
0.00322902
0.00096363
0.00330007
0.000961238
0.00336951
0.000955018
0.00343718
0.000945246
0.00350295
0.000932241
0.0035667
0.000916353
0.00362835
0.000897952
0.00368785
0.000877409
0.00374517
0.000855102
0.00380028
0.000831385
0.00385319
0.000806609
0.00390392
0.000781081
0.00395252
0.000755111
0.00399902
0.000728939
0.00404349
0.000702839
0.004086
0.000676961
0.00412662
0.00065157
0.00416544
0.000626695
0.00420255
0.000602657
0.00423802
0.000579283
0.00427199
0.000557092
0.0043045
0.00053553
0.00433571
0.000515601
0.00436567
0.000495986
0.00439455
0.000478751
0.00442238
0.000461031
0.00444934
0.000447053
0.0044755
0.000430992
0.00450098
0.000421051
0.00452597
0.00040636
0.00455046
0.000401291
0.000388396
0.000685218
-0.000112916
0.000686052
-9.03388e-05
0.000689243
-6.90801e-05
0.000694898
-4.89617e-05
0.000703075
-2.96348e-05
0.000714585
-1.11219e-05
0.000727581
6.11382e-06
0.000743381
2.19215e-05
0.000761633
3.72195e-05
0.000782353
5.1886e-05
0.000805482
6.61792e-05
0.000831003
8.02101e-05
0.000858899
9.41415e-05
0.000889115
0.000108224
0.000921615
0.000122644
0.00095637
0.000137638
0.000993359
0.000153441
0.00103256
0.000170288
0.00107397
0.000188414
0.00111759
0.000208035
0.00116342
0.000229347
0.00121149
0.000252508
0.00126181
0.00027763
0.00131439
0.000304817
0.00136934
0.000333882
0.00142666
0.000364933
0.00148637
0.000397789
0.00154849
0.000432262
0.00161303
0.000468082
0.00167995
0.000504926
0.0017492
0.000542401
0.00182075
0.000579988
0.00189447
0.000617317
0.00197021
0.00065387
0.0020478
0.000689164
0.00212704
0.000722637
0.00220768
0.000753865
0.00228944
0.000782405
0.00237205
0.000807845
0.00245519
0.000829878
0.00253854
0.000848237
0.00262178
0.000862746
0.00270459
0.000873305
0.00278667
0.000879896
0.00286772
0.000882578
0.00294748
0.000881481
0.0030257
0.0008768
0.00310216
0.000868781
0.00317668
0.000857716
0.00324912
0.000843922
0.00331933
0.000827737
0.00338723
0.000809505
0.00345276
0.000789573
0.00351588
0.00076827
0.00357657
0.000745921
0.00363483
0.000722815
0.00369071
0.000699239
0.00374422
0.000675421
0.00379545
0.000651612
0.00384445
0.000627964
0.00389131
0.000604713
0.0039361
0.000581904
0.00397894
0.000559817
0.0040199
0.000538322
0.00405912
0.000517867
0.00409667
0.000497984
0.00413271
0.000479555
0.00416729
0.00046141
0.00420062
0.000445425
0.00423269
0.000428954
0.00426377
0.000415977
0.00429385
0.000400909
0.00432316
0.000391746
0.0043518
0.00037772
0.00437987
0.000373217
0.000360673
0.0002699
-0.000111268
0.000270416
-9.08549e-05
0.000273249
-7.19132e-05
0.000278487
-5.41991e-05
0.00028627
-3.74182e-05
0.000296581
-2.1433e-05
0.000309253
-6.55806e-06
0.000323959
7.21583e-06
0.000341109
2.00693e-05
0.000360506
3.2489e-05
0.000382157
4.45278e-05
0.000406036
5.63309e-05
0.000432128
6.80499e-05
0.000460382
7.99702e-05
0.000490774
9.22524e-05
0.000523297
0.000105115
0.000557956
0.000118782
0.000594766
0.000133478
0.000633756
0.000149423
0.00067497
0.000166821
0.000718466
0.000185851
0.000764313
0.000206661
0.000812586
0.000229358
0.000863354
0.000254049
0.00091679
0.000280446
0.00097293
0.000308792
0.00103186
0.000338861
0.00109364
0.000370483
0.00115831
0.00040341
0.00122588
0.00043735
0.00129635
0.000471938
0.0013697
0.000506637
0.00144581
0.000541202
0.00152456
0.000575125
0.00160574
0.000607977
0.00168919
0.000639194
0.00177462
0.000668437
0.00186174
0.000695286
0.00195023
0.000719348
0.00203976
0.000740353
0.00212995
0.000758042
0.00222045
0.000772252
0.00231087
0.000782882
0.00240086
0.000789904
0.00249008
0.000793363
0.00257819
0.000793369
0.0026649
0.00079009
0.00274994
0.000783742
0.00283307
0.000774582
0.0029141
0.000762895
0.00299285
0.000748982
0.0030692
0.000733154
0.00314305
0.000715723
0.00321434
0.000696989
0.00328301
0.000677245
0.00334907
0.000656757
0.00341252
0.000635785
0.0034734
0.000614542
0.00353176
0.000593253
0.00358766
0.000572066
0.00364118
0.000551188
0.00369241
0.000530677
0.00374146
0.000510771
0.0037884
0.000491381
0.00383338
0.000472879
0.00387648
0.00045489
0.00391787
0.000438162
0.00395759
0.000421692
0.00399588
0.000407134
0.00403272
0.000392113
0.00406842
0.000380276
0.00410292
0.000366407
0.00413656
0.000358109
0.00416932
0.00034496
0.00420147
0.000341067
0.000329048
-9.98014e-05
-0.000106982
-0.000101683
-8.89732e-05
-0.000101149
-7.2447e-05
-9.81945e-05
-5.71539e-05
-9.27789e-05
-4.28338e-05
-8.48588e-05
-2.9353e-05
-7.4517e-05
-1.68998e-05
-6.21383e-05
-5.16292e-06
-4.77603e-05
5.69132e-06
-3.11256e-05
1.58543e-05
-1.23951e-05
2.57972e-05
8.38247e-06
3.55534e-05
3.11248e-05
4.53076e-05
5.59206e-05
5.51744e-05
8.27459e-05
6.54271e-05
0.000111607
7.62532e-05
0.000142534
8.78554e-05
0.000175575
0.000100438
0.000210799
0.000114198
0.000248299
0.000129322
0.00028818
0.000145969
0.000330566
0.000164275
0.000375583
0.000184341
0.000423356
0.000206276
0.000474148
0.000229654
0.000528013
0.000254928
0.000585082
0.000281791
0.000645471
0.000310094
0.000709265
0.000339617
0.000776508
0.000370107
0.000847212
0.000401234
0.000921429
0.000432421
0.00099902
0.000463611
0.00107986
0.000494281
0.00116377
0.000524068
0.00125057
0.000552396
0.00133996
0.000579045
0.00143163
0.000603618
0.00152524
0.000625734
0.00162041
0.000645185
0.00171674
0.00066171
0.00181382
0.000675173
0.00191123
0.000685473
0.00200856
0.000692575
0.00210541
0.000696512
0.00220141
0.000697372
0.0022962
0.000695299
0.00238946
0.000690478
0.00248092
0.000683129
0.00257031
0.000673499
0.00265744
0.000661853
0.00274214
0.000648461
0.00282426
0.000633599
0.00290372
0.000617531
0.00298045
0.000600517
0.00305441
0.000582793
0.0031256
0.00056459
0.00319405
0.000546101
0.00325978
0.000527523
0.00332285
0.000508995
0.00338334
0.000490695
0.00344133
0.00047269
0.00349692
0.000455174
0.00355021
0.000438095
0.00360133
0.000421754
0.00365036
0.000405861
0.00369749
0.000391032
0.00374275
0.000376436
0.0037864
0.000363482
0.0038284
0.000350112
0.00386912
0.000339557
0.00390842
0.000327104
0.00394678
0.000319756
0.00398401
0.000307729
0.00402061
0.000304467
0.000293207
-0.000423824
-9.88081e-05
-0.000429358
-8.34395e-05
-0.00043234
-6.94649e-05
-0.000432837
-5.66571e-05
-0.000430888
-4.47828e-05
-0.000426523
-3.37179e-05
-0.000419923
-2.34998e-05
-0.000411058
-1.40281e-05
-0.000400224
-5.14215e-06
-0.000387682
3.31224e-06
-0.000373011
1.1126e-05
-0.000356462
1.90045e-05
-0.000337992
2.68369e-05
-0.000317635
3.48174e-05
-0.000295377
4.31691e-05
-0.000271178
5.20547e-05
-0.000244974
6.16515e-05
-0.000216675
7.21386e-05
-0.000186165
8.36887e-05
-0.000153304
9.64606e-05
-0.000117927
0.000110592
-7.9846e-05
0.000126194
-3.88489e-05
0.000143344
5.33864e-06
0.000162088
5.24155e-05
0.000182577
0.000103084
0.000204259
0.000157425
0.000227451
0.000215578
0.000251941
0.000277659
0.000277536
0.000343744
0.000304022
0.000413864
0.000331114
0.000488139
0.000358146
0.000566392
0.000385358
0.000648517
0.000412155
0.000734333
0.000438252
0.000823674
0.000463055
0.000916224
0.000486495
0.00101164
0.000508201
0.00110958
0.000527791
0.00120962
0.000545146
0.00131134
0.000559992
0.00141428
0.000572237
0.00151798
0.000581775
0.00162198
0.000588572
0.00172584
0.000592648
0.00182914
0.000594073
0.00193148
0.000592965
0.00203248
0.000589476
0.00213182
0.000583791
0.0022292
0.000576116
0.00232437
0.000566676
0.00241714
0.0005557
0.00250731
0.000543422
0.00259478
0.000530067
0.00267943
0.000515859
0.00276123
0.000501001
0.00284013
0.000485689
0.00291613
0.000470094
0.00298928
0.000454382
0.00305959
0.00043868
0.00312715
0.000423135
0.00319202
0.000407817
0.00325432
0.00039288
0.00331411
0.000378302
0.00337155
0.000364317
0.0034267
0.000350712
0.00347976
0.000337972
0.00353075
0.000325441
0.00357996
0.00031427
0.00362733
0.000302748
0.00367326
0.000293622
0.00371756
0.000282805
0.00376083
0.000276491
0.0038027
0.000265859
0.00384394
0.000263224
0.000253021
-0.000688044
-0.000100261
-0.000700652
-8.61998e-05
-0.000710411
-7.36811e-05
-0.000717492
-6.23837e-05
-0.000722035
-5.2114e-05
-0.000724148
-4.26692e-05
-0.000723924
-3.39419e-05
-0.000721501
-2.59229e-05
-0.000717037
-1.8493e-05
-0.00071058
-1.15983e-05
-0.00070217
-5.09836e-06
-0.000692364
1.31972e-06
-0.000680562
7.20314e-06
-0.000667019
1.32933e-05
-0.000651706
1.95045e-05
-0.00063459
2.60536e-05
-0.000615607
3.30711e-05
-0.00059466
4.07047e-05
-0.000571624
4.91031e-05
-0.000546345
5.84091e-05
-0.000518638
6.87541e-05
-0.000488298
8.02516e-05
-0.000455098
9.29941e-05
-0.000418801
0.000107047
-0.000379152
0.000122439
-0.000335821
0.000139246
-0.000288676
0.000157114
-0.000237472
0.000176247
-0.000181999
0.000196468
-0.000122082
0.00021762
-5.757e-05
0.00023951
1.16451e-05
0.000261899
8.50777e-05
0.000284713
0.000163235
0.000307201
0.000245905
0.000329486
0.000332888
0.000351269
0.000424025
0.000371918
0.000518971
0.000391549
0.000617359
0.000409813
0.000718844
0.000426306
0.000822959
0.000441031
0.000929271
0.00045368
0.00103728
0.000464232
0.00114648
0.00047257
0.00125639
0.000478659
0.00136653
0.000482515
0.00147641
0.00048419
0.0015856
0.000483775
0.00169369
0.000481391
0.00180029
0.000477186
0.00190508
0.000471327
0.00200776
0.000463993
0.00210809
0.000455371
0.00220586
0.00044565
0.00230092
0.000435016
0.00239312
0.00042365
0.00248241
0.00041172
0.00256871
0.000399386
0.00265201
0.000386791
0.00273232
0.00037407
0.00280967
0.000361332
0.00288411
0.000348695
0.0029557
0.000336223
0.00302455
0.000324036
0.00309072
0.00031213
0.00315436
0.000300681
0.00321553
0.00028954
0.00327443
0.000279074
0.00333108
0.000268787
0.00338578
0.000259575
0.00343844
0.000250087
0.00348952
0.00024254
0.00353875
0.000233574
0.00358686
0.000228379
0.00363329
0.000219426
0.00367913
0.000217394
0.000208594
-0.000910956
-7.99586e-05
-0.000927923
-6.92325e-05
-0.000941882
-5.97218e-05
-0.000953074
-5.11922e-05
-0.000961699
-4.34889e-05
-0.000967919
-3.64495e-05
-0.000971874
-2.99864e-05
-0.000973728
-2.40695e-05
-0.000973602
-1.86181e-05
-0.000971646
-1.35548e-05
-0.000967967
-8.77762e-06
-0.000962385
-4.26208e-06
-0.000955596
4.14762e-07
-0.000946963
4.65963e-06
-0.000936683
9.2246e-06
-0.000924683
1.40538e-05
-0.000910873
1.92613e-05
-0.00089513
2.49612e-05
-0.000877294
3.12672e-05
-0.000857174
3.8289e-05
-0.000834547
4.61272e-05
-0.000809165
5.48694e-05
-0.000780757
6.45863e-05
-0.000749038
7.53278e-05
-0.00071371
8.71119e-05
-0.000674437
9.99728e-05
-0.00063102
0.000113697
-0.000583178
0.000128405
-0.000530674
0.000143963
-0.000473311
0.000160257
-0.000410938
0.000177137
-0.000343458
0.000194419
-0.000270737
0.000211993
-0.000192926
0.000229389
-0.00011007
0.00024663
-2.22437e-05
0.000263443
6.99393e-05
0.000279735
0.00016652
0.000294968
0.00026712
0.000309213
0.00037137
0.000322056
0.00047875
0.00033365
0.000588821
0.000343609
0.000701035
0.000352019
0.000814872
0.000358732
0.000929806
0.000363725
0.00104531
0.000367007
0.00116089
0.000368615
0.00127605
0.000368616
0.00139034
0.000367101
0.00150335
0.000364179
0.0016147
0.000359976
0.00172406
0.000354626
0.00183116
0.000348273
0.00193575
0.000341059
0.00203764
0.000333126
0.00213668
0.000324611
0.00223276
0.000315645
0.00232579
0.000306349
0.00241575
0.000296834
0.00250262
0.000287203
0.00258641
0.000277543
0.00266716
0.00026794
0.00274493
0.000258451
0.00281981
0.000249163
0.00289185
0.000240081
0.00296121
0.000231329
0.00302793
0.000222811
0.00309222
0.000214787
0.0031541
0.000206906
0.00321386
0.000199821
0.00327141
0.000192534
0.00332723
0.000186714
0.00338102
0.000179793
0.00343359
0.000175801
0.00348422
0.000168799
0.00353428
0.000167331
0.000160301
-0.00108177
-5.57149e-05
-0.00110251
-4.84931e-05
-0.00112013
-4.2098e-05
-0.00113494
-3.63901e-05
-0.00114717
-3.12593e-05
-0.00115702
-2.6592e-05
-0.00116468
-2.2327e-05
-0.00117032
-1.84331e-05
-0.00117408
-1.48558e-05
-0.00117609
-1.15465e-05
-0.00117644
-8.4256e-06
-0.00117528
-5.42011e-06
-0.00117234
-2.52509e-06
-0.00116818
4.97917e-07
-0.00116234
3.37971e-06
-0.00115484
6.55336e-06
-0.00114557
9.99793e-06
-0.0011344
1.37857e-05
-0.00112112
1.79932e-05
-0.00110553
2.2695e-05
-0.00108736
2.7959e-05
-0.00106634
3.38447e-05
-0.00104215
4.03999e-05
-0.00101448
4.76573e-05
-0.000982997
5.56293e-05
-0.000947351
6.43269e-05
-0.00090729
7.36363e-05
-0.000862502
8.36162e-05
-0.00081272
9.41816e-05
-0.000757719
0.000105256
-0.000697319
0.000116737
-0.000631399
0.000128499
-0.00055986
0.000140453
-0.000482792
0.000152321
-0.000400256
0.000164094
-0.000312394
0.000175581
-0.000219373
0.000186713
-0.000121537
0.000197133
-1.91868e-05
0.000206863
8.6991e-05
0.000215878
0.000196783
0.000223858
0.000309737
0.000230655
0.000425217
0.000236539
0.000542691
0.000241258
0.000661608
0.000244809
0.000781413
0.000247201
0.000901569
0.000248459
0.00102156
0.000248625
0.0011409
0.00024776
0.00125914
0.000245936
0.00137588
0.000243237
0.00149075
0.000239753
0.00160345
0.00023558
0.00171369
0.000230814
0.00182127
0.000225551
0.00192599
0.000219883
0.00202774
0.000213899
0.00212641
0.000207681
0.00222194
0.000201304
0.0023143
0.000194839
0.0024035
0.000188345
0.00248956
0.000181881
0.00257253
0.000175487
0.00265247
0.000169219
0.00272946
0.000163086
0.00280363
0.000157167
0.00287503
0.000151405
0.00294385
0.000145966
0.00301013
0.000140627
0.00307414
0.000135812
0.00313581
0.000130868
0.00319562
0.000126904
0.00325322
0.00012219
0.00330954
0.000119478
0.00336368
0.000114662
0.0034173
0.000113715
0.000108799
-0.00119766
-2.8613e-05
-0.00122117
-2.49834e-05
-0.0012415
-2.17697e-05
-0.00125898
-1.89098e-05
-0.0012739
-1.63459e-05
-0.00128647
-1.40198e-05
-0.0012969
-1.18999e-05
-0.00130536
-9.9677e-06
-0.00131202
-8.19545e-06
-0.00131701
-6.55693e-06
-0.00132042
-5.01628e-06
-0.0013223
-3.53896e-06
-0.00132275
-2.07294e-06
-0.00132162
-6.33012e-07
-0.0013191
8.53102e-07
-0.00131495
2.40764e-06
-0.00130907
4.11749e-06
-0.00130129
6.00686e-06
-0.00129141
8.11102e-06
-0.00127918
1.0467e-05
-0.00126433
1.31091e-05
-0.00124655
1.60674e-05
-0.00122552
1.93659e-05
-0.00120088
2.30209e-05
-0.00117229
2.70388e-05
-0.00113939
3.14226e-05
-0.00110187
3.61227e-05
-0.00105942
4.1163e-05
-0.00101174
4.65018e-05
-0.000958587
5.21011e-05
-0.000899759
5.79089e-05
-0.000835122
6.38621e-05
-0.00076458
6.99107e-05
-0.000688187
7.59288e-05
-0.000605994
8.1901e-05
-0.000518143
8.773e-05
-0.000424815
9.3385e-05
-0.000326366
9.86839e-05
-0.000223144
0.000103641
-0.000115492
0.000108226
-3.87692e-06
0.000112244
0.000110894
0.000115884
0.000228603
0.00011883
0.000348596
0.000121264
0.000470292
0.000123114
0.000593114
0.000124378
0.000716504
0.00012507
0.00083992
0.000125209
0.000962855
0.000124826
0.00108484
0.000123956
0.00120543
0.000122642
0.00132426
0.000120929
0.00144097
0.000118864
0.00155529
0.000116496
0.00166697
0.000113874
0.00177581
0.000111044
0.00188166
0.00010805
0.0019844
0.000104934
0.00208397
0.000101735
0.00218032
9.84885e-05
0.00227344
9.52238e-05
0.00236335
9.19713e-05
0.00245009
8.87515e-05
0.00253371
8.55926e-05
0.0026143
8.25005e-05
0.00269195
7.95131e-05
0.00276675
7.6605e-05
0.00283886
7.38555e-05
0.00290833
7.11583e-05
0.00297543
6.87206e-05
0.00304007
6.62202e-05
0.00310277
6.42102e-05
0.00316314
6.18215e-05
0.00322217
6.04476e-05
0.00327884
5.79926e-05
0.00333502
5.75287e-05
5.49954e-05
-0.00125628
-0.00128126
-0.00130302
-0.00132192
-0.00133827
-0.00135229
-0.0013642
-0.00137417
-0.00138239
-0.00138896
-0.001394
-0.00139757
-0.00139968
-0.00140035
-0.00139953
-0.00139716
-0.00139309
-0.00138712
-0.00137905
-0.00136861
-0.00135553
-0.00133949
-0.00132015
-0.00129714
-0.0012701
-0.00123867
-0.00120254
-0.00116135
-0.00111482
-0.00106268
-0.00100472
-0.00094081
-0.000870842
-0.000794853
-0.00071289
-0.000625098
-0.000531651
-0.000432908
-0.000329212
-0.000220935
-0.000108647
7.27408e-06
0.000126133
0.000247419
0.000370546
0.00049493
0.000619997
0.000745196
0.000870005
0.000993938
0.00111655
0.00123745
0.00135628
0.00147273
0.00158657
0.00169757
0.00180558
0.00191047
0.00201217
0.00211062
0.00220581
0.00229775
0.00238647
0.00247204
0.00255452
0.00263401
0.0027106
0.00278444
0.00285559
0.0029243
0.00299052
0.00305473
0.00311655
0.003177
0.003235
0.00329254
)
;

boundaryField
{
    inlet
    {
        type            calculated;
        value           nonuniform 0();
    }
    outlet
    {
        type            calculated;
        value           nonuniform List<scalar> 
50
(
0.00549711
0.00546003
0.00541393
0.00535738
0.00528893
0.00520722
0.00511109
0.00499969
0.00487273
0.00473061
0.00457472
0.00440759
0.0042331
0.00405645
0.00388413
0.00372355
0.00358258
0.0034688
0.00338883
0.00334754
0.0102333
0.010296
0.0103326
0.0103522
0.0103611
0.0103635
0.0103622
0.0103589
0.0103545
0.0103495
0.0103443
0.010339
0.0103336
0.0103283
0.010323
0.0103178
0.0103128
0.0103079
0.0103032
0.0102988
0.0102947
0.0102908
0.0102874
0.0102843
0.0102816
0.0102793
0.0102775
0.0102761
0.0102751
0.0102747
)
;
    }
    cylinder
    {
        type            calculated;
        value           nonuniform 0();
    }
    top
    {
        type            symmetryPlane;
        value           nonuniform 0();
    }
    bottom
    {
        type            symmetryPlane;
        value           uniform 0;
    }
    defaultFaces
    {
        type            empty;
        value           nonuniform 0();
    }
    procBoundary1to0
    {
        type            processor;
        value           nonuniform List<scalar> 
54
(
-0.0122898
-0.0126383
-0.0127404
-0.0127359
-0.0126912
-0.0126322
-0.0125688
-0.0125057
-0.012445
-0.0123877
-0.0123337
-0.0122829
-0.012235
-0.0121897
-0.012147
-0.012107
-0.0120695
-0.0120346
-0.0120024
-0.0119729
-0.0119461
-0.0119219
-0.0119004
-0.0118816
-0.0118655
-0.0118521
-0.0118413
-0.0118333
-0.0118279
-0.0118253
-0.00536583
0.000491127
-0.00529674
-0.00507782
-0.00475684
-0.00433866
0.000266198
-0.00390861
-0.00334844
-0.00276812
-0.00219574
0.000130329
-0.00166303
-0.00115044
-0.000686519
-0.000271548
9.55153e-05
0.000415651
0.000115927
0.000672378
0.000890653
0.00105753
0.00117056
0.00122768
)
;
    }
    procBoundary1to3
    {
        type            processor;
        value           nonuniform List<scalar> 
77
(
-9.31263e-09
-8.28736e-09
-6.63263e-09
-4.32761e-09
-1.36952e-09
2.20103e-09
6.30118e-09
1.08045e-08
1.55562e-08
2.03678e-08
2.50047e-08
2.9336e-08
3.31556e-08
3.63836e-08
3.76677e-08
3.90903e-08
3.98841e-08
3.94459e-08
3.7705e-08
3.47013e-08
3.04817e-08
2.51126e-08
1.87057e-08
1.14113e-08
3.41036e-09
-5.02842e-09
-1.37586e-08
-2.24535e-08
-3.08707e-08
-3.87436e-08
-4.58269e-08
-5.18976e-08
-5.67161e-08
-6.02124e-08
-6.22317e-08
-6.27323e-08
-6.17077e-08
-5.92122e-08
-5.53632e-08
-5.02172e-08
-4.41326e-08
-3.70352e-08
-2.94569e-08
-2.14843e-08
-1.33471e-08
-5.27076e-09
2.52065e-09
9.8647e-09
1.66072e-08
2.26282e-08
2.78403e-08
3.21874e-08
3.5643e-08
3.82069e-08
3.99022e-08
4.07707e-08
4.08698e-08
4.02686e-08
3.90448e-08
3.72792e-08
3.50555e-08
3.24558e-08
2.95641e-08
2.64527e-08
2.31999e-08
1.98598e-08
1.65105e-08
1.31766e-08
9.94725e-09
6.79585e-09
3.8482e-09
1.00241e-09
-1.56485e-09
-3.99316e-09
-6.23826e-09
-7.98852e-09
-1.04727e-08
)
;
    }
}


// ************************************************************************* //
