/*--------------------------------*- C++ -*----------------------------------*\
  =========                 |
  \\      /  F ield         | OpenFOAM: The Open Source CFD Toolbox
   \\    /   O peration     | Website:  https://openfoam.org
    \\  /    A nd           | Version:  7
     \\/     M anipulation  |
\*---------------------------------------------------------------------------*/
FoamFile
{
    version     2.0;
    format      ascii;
    class       surfaceScalarField;
    location    "120";
    object      phi;
}
// * * * * * * * * * * * * * * * * * * * * * * * * * * * * * * * * * * * * * //

dimensions      [0 3 -1 0 0 0 0];

internalField   nonuniform List<scalar> 
7273
(
0.0011454
0.00257793
0.00153321
0.00411444
0.00188165
0.00538444
0.00216938
0.00631221
0.00238134
0.0068956
0.00250704
0.00719484
0.0025366
0.00731769
0.00247394
0.007378
0.00236121
0.00740523
0.00227786
0.0072781
0.00230013
0.00678371
0.00245508
0.00577733
0.00271642
0.00428572
0.00303771
0.00246339
0.00338087
0.000498652
0.00371533
-0.00141824
0.00402118
-0.00312549
0.00427998
-0.00448245
0.00447903
-0.00542449
0.0046149
-0.00597282
0.00469304
-0.00621079
0.00472376
-0.00624447
0.00471829
-0.00616998
0.00468679
-0.00605434
0.00463583
-0.00593409
0.00456529
-0.00583349
0.00446899
-0.00578292
0.00434221
-0.00580767
0.00419085
-0.00588746
0.00403394
-0.00592706
0.00389664
-0.00577781
0.00379982
-0.00530407
0.00375463
-0.00444658
0.00376379
-0.00324082
0.0038247
-0.00179395
0.0039304
-0.000250353
0.00406791
0.00124126
0.00422191
0.00255277
0.00437532
0.00360272
0.00451361
0.00436576
0.0046272
0.0048654
0.00471188
0.00515536
0.00476782
0.00529846
0.00479801
0.00535005
0.00480631
0.0053513
0.00479519
0.00533337
0.00476455
0.00532541
0.00471264
0.00535407
0.00463873
0.00542923
0.00454535
0.00552622
0.00443851
0.00558161
0.00432588
0.00551105
0.00421467
0.00523968
0.00411098
0.00472621
0.00402048
0.00396975
0.00394889
0.00300386
0.00390159
0.00188685
0.00388236
0.000694316
0.00389167
-0.000489944
0.0039269
-0.00158622
0.00398192
-0.00253076
0.00404814
-0.00328447
0.00411638
-0.00383978
0.00417862
-0.00421208
0.00422896
-0.00443399
0.00426359
-0.00454187
0.00427942
-0.00457281
0.00427403
-0.00456405
0.00424518
-0.00454131
0.00419356
-0.00452906
0.00412149
-0.00449845
0.00403508
-0.00445641
0.00393973
-0.00426378
0.00384103
-0.00406144
0.0037443
-0.00344362
0.0036497
-0.00313767
-0.00180824
0.000773552
0.00211803
0.00121189
0.0036761
0.00161112
0.00498521
0.00194946
0.00597388
0.00220837
0.00663668
0.0023731
0.00703011
0.00243598
0.0072548
0.00241362
0.00740037
0.00236165
0.0074572
0.00235917
0.00728058
0.00246475
0.00667813
0.00268409
0.00555799
0.0029807
0.00398911
0.00330891
0.00213518
0.00363659
0.00017097
0.00394272
-0.00172436
0.00421218
-0.00339495
0.00443085
-0.00470113
0.00458951
-0.00558315
0.00468773
-0.00607104
0.00473315
-0.00625622
0.00473698
-0.0062483
0.00470992
-0.00614291
0.00466078
-0.00600519
0.00459522
-0.00586853
0.0045129
-0.00575117
0.00440704
-0.00567706
0.00427108
-0.00567171
0.0041088
-0.00572517
0.00393884
-0.00575709
0.00378862
-0.00562759
0.00368252
-0.00519797
0.00363416
-0.00439822
0.00364657
-0.00325323
0.00371598
-0.00186337
0.00383393
-0.000368302
0.00398556
0.00108964
0.0041545
0.00238383
0.00432293
0.00343428
0.00447588
0.00421281
0.00460343
0.00473785
0.00470112
0.00505767
0.00476909
0.00523049
0.00481045
0.0053087
0.00482912
0.00533263
0.00482763
0.00533486
0.00480605
0.00534699
0.00476306
0.00539706
0.00469831
0.00549398
0.00461429
0.00561024
0.00451629
0.00567961
0.00441075
0.00561659
0.00430379
0.00534664
0.00420098
0.00482902
0.00410806
0.00406267
0.00403122
0.0030807
0.00397642
0.00194165
0.0039484
0.000722333
0.00394833
-0.000489867
0.00397441
-0.00161231
0.00402113
-0.00257748
0.0040802
-0.00334354
0.00414241
-0.00390198
0.00419947
-0.00426914
0.00424524
-0.00447976
0.00427583
-0.00457246
0.00428821
-0.00458519
0.00428002
-0.00455587
0.00424884
-0.00451013
0.0041952
-0.00447541
0.00412119
-0.00442445
0.00403351
-0.00436874
0.00393772
-0.00416799
0.00384078
-0.00396449
0.00374746
-0.0033503
0.00365889
-0.0030491
-0.00173956
0.000428765
0.0016097
0.000913307
0.00319156
0.00135906
0.00453946
0.00174381
0.00558913
0.00204544
0.00633505
0.00224778
0.00682777
0.00234937
0.00715321
0.00237915
0.00737059
0.00240024
0.0074361
0.00248383
0.007197
0.0026685
0.00649346
0.00294242
0.00528407
0.00326304
0.00366849
0.0035895
0.00180872
0.00389477
-0.000134306
0.00416922
-0.00199881
0.00440023
-0.00362596
0.00457762
-0.00487851
0.00469551
-0.00570103
0.0047564
-0.00613194
0.00476996
-0.00626978
0.00474811
-0.00622644
0.00470092
-0.00609572
0.00463571
-0.00593999
0.00455703
-0.00578986
0.00446443
-0.00565856
0.00435098
-0.00556362
0.00420855
-0.00552928
0.00403836
-0.00555498
0.00385771
-0.00557644
0.00369551
-0.00546539
0.00357967
-0.00508213
0.00352677
-0.00434532
0.00354075
-0.00326722
0.00361671
-0.00193932
0.00374484
-0.000496439
0.00390878
0.000925698
0.00409102
0.0022016
0.00427312
0.00325218
0.00443972
0.00404622
0.00458053
0.00459704
0.00469086
0.00494733
0.00477078
0.00515057
0.00482343
0.00525605
0.00485276
0.0053033
0.00486135
0.00532627
0.00484953
0.00535881
0.00481642
0.00543017
0.00476201
0.00554839
0.0046886
0.00568365
0.0046006
0.00576761
0.00450323
0.00571396
0.00440151
0.00544835
0.0043005
0.00493004
0.00420594
0.00415724
0.00412425
0.00316238
0.00406221
0.0020037
0.00402506
0.00075948
0.00401505
-0.000479853
0.00403115
-0.00162841
0.00406862
-0.00261495
0.00411961
-0.00339454
0.00417496
-0.00395733
0.0042262
-0.00432039
0.00426692
-0.00452048
0.00429314
-0.00459868
0.00430189
-0.00459394
0.00429091
-0.00454489
0.00425762
-0.00447684
0.00420235
-0.00442014
0.00412688
-0.00434898
0.00403832
-0.00428018
0.00394236
-0.00407202
0.00384726
-0.00386939
0.00375738
-0.00326042
0.00367468
-0.0029664
-0.00167869
0.000114334
0.00108825
0.000641939
0.00266395
0.00112576
0.00405564
0.00155071
0.00516418
0.00189103
0.00599472
0.00213245
0.00658636
0.00228124
0.00700442
0.00237544
0.00727639
0.00247854
0.007333
0.00264839
0.00702714
0.00290415
0.0062377
0.00322105
0.00496717
0.00355519
0.00333436
0.00387111
0.0014928
0.00415154
-0.000414743
0.00439136
-0.00223862
0.00458287
-0.00381748
0.0047186
-0.00501424
0.00479591
-0.00577834
0.00482026
-0.00615629
0.00480314
-0.00625266
0.00475703
-0.00618033
0.00469128
-0.00602997
0.00461165
-0.00586035
0.00452139
-0.0056996
0.00441996
-0.00555713
0.00430073
-0.00544439
0.00415443
-0.00538298
0.00397948
-0.00538004
0.00379088
-0.00538784
0.00361799
-0.0052925
0.00349195
-0.0049561
0.00343294
-0.0042863
0.00344636
-0.00328063
0.00352704
-0.00202
0.00366263
-0.000632037
0.00383715
0.000751177
0.00403099
0.00200776
0.0042254
0.00305777
0.0044046
0.00386701
0.00455798
0.00444366
0.00468058
0.00482473
0.00477235
0.0050588
0.00483639
0.00519201
0.00487663
0.00526306
0.00489572
0.00530718
0.00489431
0.00536022
0.00487198
0.00545249
0.00482901
0.00559136
0.00476738
0.00574528
0.00469055
0.00584444
0.00460246
0.00580205
0.0045071
0.00554371
0.00440895
0.00502819
0.0043136
0.00425258
0.00422786
0.00324812
0.00415871
0.00207285
0.00411238
0.000805809
0.00409192
-0.000459393
0.00409727
-0.00163377
0.00412456
-0.00264223
0.00416652
-0.00343649
0.00421416
-0.00400498
0.00425891
-0.00436513
0.00429406
-0.00455563
0.00431554
-0.00462016
0.00432042
-0.00459882
0.0043066
-0.00453108
0.00427136
-0.0044416
0.00421481
-0.00436359
0.00413829
-0.00427246
0.0040492
-0.00419109
0.00395329
-0.00397611
0.00386001
-0.00377611
0.0037735
-0.00317392
0.00369639
-0.00288929
-0.00162522
-0.000147435
0.000400614
0.0021159
0.000911775
0.00354448
0.00137022
0.00470574
0.001747
0.00561795
0.00203163
0.00630172
0.00223708
0.00679897
0.00240574
0.00710773
0.00259505
0.00714369
0.00284676
0.00677543
0.0031631
0.00592136
0.00351115
0.00461911
0.00384893
0.00299658
0.00414889
0.00119284
0.00440144
-0.000667288
0.00460596
-0.00244315
0.00475787
-0.00396939
0.0048522
-0.00510857
0.00488959
-0.00581573
0.00487852
-0.00614522
0.00483224
-0.00620638
0.0047635
-0.00611159
0.00468083
-0.00594731
0.00458845
-0.00576797
0.0044882
-0.00559936
0.00437937
-0.0054483
0.00425595
-0.00532097
0.00410812
-0.00523515
0.00393158
-0.0052035
0.00373807
-0.00519433
0.0035562
-0.00511062
0.00341976
-0.00481966
0.00335292
-0.00421946
0.00336351
-0.00329123
0.00344599
-0.00210249
0.00358741
-0.000773448
0.0037702
0.000568382
0.00397388
0.00180407
0.00417918
0.00285248
0.00436994
0.00367625
0.00453519
0.00427842
0.00466968
0.00469024
0.00477318
0.0049553
0.00484868
0.00511651
0.00490003
0.0052117
0.00493
0.00527721
0.00493958
0.00535064
0.00492885
0.00546322
0.00489829
0.00562192
0.00484952
0.00579405
0.00478497
0.00590898
0.00470733
0.00587969
0.00461952
0.00563152
0.00452539
0.00512232
0.00443037
0.00434761
0.00434127
0.00333722
0.00426561
0.00214851
0.00421002
0.000861403
0.00417878
-0.000428155
0.00417271
-0.0016277
0.00418895
-0.00265847
0.00422095
-0.00346849
0.00426004
-0.00404407
0.00429757
-0.00440266
0.00432662
-0.00458468
0.00434297
-0.00463651
0.00434371
-0.00459956
0.00432694
-0.00451431
0.00428984
-0.00440449
0.00423228
-0.00430603
0.00415511
-0.00419529
0.00406581
-0.00410178
0.00397011
-0.00388042
0.00387856
-0.00368456
0.00379526
-0.00309061
0.00372335
-0.00281738
-0.00157864
0.000196661
0.00157882
0.00072451
0.00301663
0.00120896
0.00422129
0.00162149
0.00520542
0.00195427
0.00596894
0.00222415
0.00652909
0.00247259
0.00685929
0.00274651
0.00686977
0.00307136
0.00645058
0.00343626
0.00555647
0.00380431
0.00425106
0.00413792
0.00266296
0.00441732
0.000913439
0.00464087
-0.00089084
0.00481039
-0.00261267
0.00492326
-0.00408226
0.00497688
-0.00516219
0.00497532
-0.00581417
0.00493031
-0.00610021
0.00485669
-0.00613276
0.00476716
-0.00602206
0.00466929
-0.00584943
0.00456582
-0.0056645
0.00445719
-0.00549073
0.00434234
-0.00533345
0.0042161
-0.00519473
0.00406876
-0.0050878
0.00389359
-0.00502833
0.00369846
-0.00499921
0.00350983
-0.00492199
0.00336318
-0.00467302
0.00328683
-0.0041431
0.0032919
-0.0032963
0.00337376
-0.00218435
0.00351829
-0.000917973
0.00370734
0.000379333
0.00391906
0.00159235
0.00413383
0.00263771
0.00433509
0.00347499
0.00451149
0.00410201
0.00465749
0.00454425
0.00477258
0.00484021
0.00485957
0.00502952
0.0049222
0.00514907
0.00496335
0.00523606
0.00498442
0.00532957
0.00498597
0.00546167
0.00496868
0.00563921
0.00493373
0.00582901
0.00488252
0.00596019
0.00481648
0.00594573
0.00473745
0.00571055
0.00464862
0.00521115
0.00455511
0.00444113
0.00446369
0.00342863
0.0043819
0.0022303
0.00431746
0.000925844
0.00427516
-0.000385857
0.00425714
-0.00160968
0.00426158
-0.00266291
0.00428277
-0.00348968
0.00431247
-0.00407377
0.00434209
-0.00443229
0.00436449
-0.00460708
0.0043753
-0.00464731
0.00437161
-0.00459587
0.00435173
-0.00449443
0.00431279
-0.00436554
0.00425446
-0.0042477
0.00417697
-0.0041178
0.00408774
-0.00401255
0.0039924
-0.00378508
0.00390245
-0.0035946
0.00382208
-0.00301024
0.0037549
-0.0027502
-0.00153841
5.24954e-05
0.00108011
0.000583275
0.00248585
0.00108399
0.00372058
0.00153017
0.00475924
0.00191337
0.00558574
0.00225079
0.00619167
0.00257791
0.00653217
0.00292877
0.00651891
0.0033142
0.00606515
0.0037143
0.00515637
0.0040918
0.00387357
0.0044152
0.00233956
0.00467258
0.000656056
0.00486726
-0.00108552
0.00500262
-0.00274803
0.00507715
-0.00415678
0.00509083
-0.00517587
0.00505171
-0.00577506
0.00497473
-0.00602322
0.00487591
-0.00603394
0.0047676
-0.00591374
0.00465628
-0.00573812
0.00454336
-0.00555157
0.0044279
-0.00537528
0.00430838
-0.00521392
0.00418051
-0.00506686
0.00403524
-0.00494254
0.00386408
-0.00485717
0.00367069
-0.00480582
0.00347803
-0.00472933
0.00332194
-0.00451692
0.00323464
-0.00405581
0.00323154
-0.0032932
0.0033098
-0.00226261
0.00345486
-0.00106303
0.00364795
0.000186242
0.00386585
0.00137446
0.00408865
0.00241491
0.00429935
0.00326428
0.00448621
0.00391516
0.00464329
0.00438716
0.00476981
0.00471369
0.00486827
0.00493106
0.00494229
0.00507505
0.00499487
0.00518349
0.00502782
0.00529662
0.00504221
0.00544728
0.00503888
0.00564255
0.00501855
0.00584933
0.00498163
0.00599711
0.0049283
0.00599905
0.00485933
0.00577952
0.00477715
0.00529333
0.0046864
0.00453188
0.00459371
0.00352132
0.00450694
0.00231707
0.00443347
0.000999309
0.00438034
-0.000332719
0.00434999
-0.00157934
0.00434202
-0.00265494
0.00435165
-0.00349931
0.0043712
-0.00409332
0.00439223
-0.00445333
0.00440745
-0.0046223
0.00441232
-0.00465218
0.00440389
-0.00458745
0.00438071
-0.00447124
0.0043399
-0.00432473
0.00428095
-0.00418876
0.00420344
-0.00404029
0.00411456
-0.00392367
0.00401972
-0.00369024
0.0039312
-0.00350608
0.00385345
-0.0029325
0.00379047
-0.00268722
-0.00150394
7.96804e-06
0.00064731
0.000519508
0.00197431
0.00102205
0.00321803
0.00149416
0.00428713
0.00192409
0.0051558
0.00232491
0.00579086
0.00272244
0.00613464
0.00313724
0.0061041
0.00356807
0.00563432
0.00398952
0.00473492
0.00436654
0.00349654
0.0046749
0.00203121
0.00490925
0.000421705
0.00507666
-0.00125293
0.00517943
-0.0028508
0.00521683
-0.00419418
0.00519208
-0.00515112
0.00511746
-0.00570044
0.00501088
-0.00591664
0.00488929
-0.00591235
0.00476435
-0.0057888
0.00464138
-0.00561515
0.00452057
-0.00543076
0.00439979
-0.0052545
0.0042769
-0.00509103
0.00414839
-0.00493834
0.00400636
-0.00480051
0.00384134
-0.00469215
0.00365292
-0.0046174
0.00345942
-0.00453583
0.00329539
-0.00435289
0.00319626
-0.00395668
0.00318234
-0.00327927
0.00325389
-0.00233417
0.00339657
-0.00120571
0.00359141
-8.59887e-06
0.00381357
0.00115231
0.00404295
0.00218552
0.00426203
0.00304521
0.00445862
0.00371857
0.00462638
0.0042194
0.00476411
0.00457596
0.00487398
0.00482119
0.00495942
0.00498961
0.00502358
0.00511933
0.00506871
0.00525149
0.00509634
0.00541965
0.00510748
0.00563141
0.00510243
0.00585438
0.00508063
0.00601892
0.00504105
0.00603863
0.00498337
0.0058372
0.00490919
0.00536751
0.00482257
0.0046185
0.00472986
0.00361403
0.00463871
0.00240822
0.00455725
0.00108077
0.00449328
-0.000268749
0.00445046
-0.00153652
0.00442965
-0.00263412
0.00442712
-0.00349678
0.00443584
-0.00410203
0.00444767
-0.00446515
0.0044552
-0.00462984
0.00445374
-0.00465072
0.00444029
-0.004574
0.00441359
-0.00444454
0.00437083
-0.00428198
0.00431137
-0.0041293
0.0042341
-0.00396301
0.00414582
-0.00383539
0.0040516
-0.00359602
0.00396434
-0.00341882
0.00388886
-0.00285702
0.00382948
-0.00262785
-0.0014746
0.000121326
0.000280946
0.000569124
0.00152651
0.00105263
0.00273452
0.00153522
0.00380454
0.00200022
0.00469081
0.00245225
0.00533883
0.00290531
0.00568158
0.00336703
0.00564238
0.00382667
0.00517469
0.00425601
0.00430558
0.00462387
0.00312868
0.00491334
0.00174173
0.00512542
0.000209624
0.0052667
-0.0013942
0.00533841
-0.00292252
0.00534024
-0.004196
0.00527904
-0.00508993
0.0051714
-0.0055928
0.00503796
-0.0057832
0.00489624
-0.00577063
0.00475695
-0.00564951
0.00462413
-0.00548233
0.00449692
-0.00530355
0.00437221
-0.00512979
0.00424718
-0.00496601
0.0041189
-0.00481006
0.00398091
-0.00466252
0.00382358
-0.00453482
0.003643
-0.00443681
0.00345212
-0.00434496
0.00328245
-0.00418322
0.00317136
-0.00384559
0.00314431
-0.00325222
0.00320587
-0.00239573
0.00334346
-0.0013433
0.00353689
-0.000202028
0.00376158
0.00092761
0.0039961
0.00195101
0.00422245
0.00281885
0.00442803
0.003513
0.004606
0.00404142
0.0047547
0.00442726
0.00487586
0.00470003
0.00497272
0.00489275
0.00504853
0.00504352
0.00510597
0.00519405
0.00514707
0.00537855
0.005173
0.00560547
0.00518369
0.00584369
0.00517768
0.00602493
0.00515279
0.00606352
0.0051076
0.00588239
0.00504275
0.00543236
0.00496169
0.00469956
0.00487017
0.00370555
0.00477579
0.0025026
0.00468708
0.00116947
0.00461272
-0.000194386
0.00455749
-0.00148128
0.00452362
-0.00260026
0.0045085
-0.00348166
0.00450586
-0.00409939
0.00450794
-0.00446724
0.00450734
-0.00462924
0.00449922
-0.00464259
0.00448046
-0.00455524
0.00445002
-0.0044141
0.0044052
-0.00423715
0.00434528
-0.00406939
0.00426845
-0.00388619
0.00418104
-0.00374798
0.00408758
-0.00350256
0.00400142
-0.00333266
0.00392784
-0.00278343
0.00387146
-0.00257146
-0.00144974
0.000386002
5.7964e-07
0.000755093
0.00115742
0.0011967
0.00229291
0.00166918
0.00333206
0.00215044
0.00420955
0.00263474
0.00485452
0.0031236
0.00519272
0.00361287
0.00515311
0.00408444
0.00470312
0.00450917
0.00388086
0.00486077
0.00277708
0.00512917
0.00147334
0.00531984
1.895e-05
0.00543623
-0.00151059
0.00547802
-0.00296431
0.00544574
-0.00416372
0.0053503
-0.00499448
0.00521251
-0.00545501
0.00505528
-0.00562598
0.00489623
-0.00561158
0.00474492
-0.0054982
0.00460405
-0.00534145
0.00447184
-0.00517134
0.00434446
-0.00500241
0.00421847
-0.00484002
0.00409119
-0.00468278
0.00395768
-0.00452901
0.00380901
-0.00438616
0.00363857
-0.00426637
0.00345379
-0.00416018
0.00328155
-0.00401098
0.00315937
-0.0037234
0.00311747
-0.00321032
0.00316596
-0.00244422
0.003295
-0.00147234
0.00348426
-0.000391282
0.00370941
0.000702462
0.00394748
0.00171293
0.00417999
0.00258634
0.00439378
0.00329921
0.00458148
0.00385372
0.00474084
0.00426791
0.00487312
0.00456775
0.00498131
0.00478456
0.00506875
0.00495608
0.00513852
0.00512428
0.00519313
0.00532394
0.00523397
0.00556464
0.00526064
0.00581702
0.00527089
0.00601467
0.00526148
0.00607294
0.00522985
0.00591401
0.00517567
0.00548654
0.00510154
0.00477369
0.00501267
0.00379442
0.00491622
0.00259905
0.00482116
0.00126454
0.00473712
-0.000110349
0.00466977
-0.00141393
0.00462288
-0.00255337
0.00459498
-0.00345376
0.0045806
-0.00408502
0.00457252
-0.00445915
0.0045634
-0.00462012
0.00454832
-0.00462751
0.00452402
-0.00453093
0.00448963
-0.00437972
0.00444261
-0.00419013
0.00438224
-0.00400902
0.00430604
-0.00380998
0.00421972
-0.00366167
0.00412719
-0.00341002
0.00404201
-0.00324749
0.00396997
-0.00271139
0.00391595
-0.00251744
-0.00142871
0.000801617
0.00108
0.000879041
0.00145925
0.00191366
0.0019
0.00289132
0.0023752
0.00373435
0.00286925
0.00436047
0.00337194
0.00469003
0.00386889
0.00465615
0.00433632
0.00423569
0.0047456
0.00347158
0.00507579
0.00244689
0.00532176
0.00122736
0.00549246
-0.000151743
0.00558442
-0.00160255
0.00559694
-0.00297683
0.00553192
-0.0040987
0.00540469
-0.00486726
0.00523997
-0.00529029
0.00506228
-0.00544829
0.00488883
-0.00543813
0.00472783
-0.0053372
0.00458067
-0.00519429
0.00444477
-0.00503545
0.00431586
-0.0048735
0.00418996
-0.00471412
0.00406442
-0.00455723
0.00393561
-0.00440021
0.00379596
-0.00424651
0.0036373
-0.00410771
0.00346181
-0.00398469
0.00329058
-0.00383975
0.00315929
-0.00359211
0.0031018
-0.00315284
0.00313431
-0.00247673
0.00325152
-0.00158954
0.00343334
-0.0005731
0.00365671
0.00047909
0.00389663
0.001473
0.0041341
0.00234888
0.00435529
0.00307802
0.00455217
0.00365684
0.00472184
0.00409824
0.00486502
0.00442457
0.00498439
0.00466519
0.00508334
0.00485713
0.00516533
0.00504228
0.00523333
0.00525594
0.00528897
0.005509
0.00533165
0.00577435
0.00535842
0.0059879
0.00536506
0.0060663
0.00534792
0.00593116
0.00530564
0.00552882
0.00523986
0.00483947
0.00515496
0.00387931
0.00505798
0.00269603
0.00495749
0.00136503
0.00486477
-1.76254e-05
0.00478584
-0.00133501
0.00472622
-0.00249375
0.00468556
-0.00341311
0.00465928
-0.00405874
0.00464074
-0.0044406
0.00462282
-0.00460221
0.00460056
-0.00460524
0.00457053
-0.00450091
0.00453203
-0.00434122
0.00448265
-0.00414075
0.00442179
-0.00394816
0.00434635
-0.00373454
0.00426136
-0.00357668
0.00416994
-0.0033186
0.00408568
-0.00316323
0.00401486
-0.00264057
0.00396257
-0.00246516
-0.00141085
0.00152376
0.000696715
0.0018271
0.00161033
0.00221751
0.0025009
0.00266523
0.00328663
0.00314676
0.00387895
0.00364204
0.00419475
0.00412825
0.00416994
0.00457758
0.00378635
0.00496297
0.00308619
0.00526858
0.00214128
0.00549297
0.00100298
0.00564223
-0.000301006
0.00571047
-0.00167079
0.00569388
-0.00296025
0.00559748
-0.00400229
0.00544124
-0.00471102
0.00525316
-0.0051022
0.00505854
-0.00525367
0.00487368
-0.00525326
0.0047053
-0.00516882
0.00455353
-0.00504252
0.00441517
-0.00489709
0.00428571
-0.00474405
0.00416085
-0.00458926
0.00403774
-0.00443412
0.00391375
-0.00427621
0.00378299
-0.00411575
0.00363696
-0.00396167
0.00347342
-0.00382115
0.00330702
-0.00367335
0.00316963
-0.00345472
0.00309704
-0.00308025
0.00311141
-0.00249111
0.00321305
-0.00169118
0.00338466
-0.000744707
0.00360343
0.000260319
0.00384328
0.00123315
0.00408438
0.00210778
0.00431206
0.00285034
0.0045175
0.00345139
0.00469706
0.00391868
0.00485086
0.00427078
0.00498119
0.00453485
0.00509146
0.00474685
0.00518545
0.0049483
0.00526656
0.00517483
0.0053367
0.00543886
0.00539518
0.00571587
0.0054385
0.00594458
0.00546154
0.00604326
0.00545962
0.00593307
0.0054303
0.00555814
0.00537417
0.0048956
0.00529487
0.00395862
0.00519868
0.00279222
0.00509411
0.00146959
0.00499373
8.27575e-05
0.00490408
-0.00124535
0.00483231
-0.00242198
0.00477917
-0.00335997
0.00474102
-0.00402058
0.00471189
-0.00441147
0.00468499
-0.00457531
0.00465539
-0.00457564
0.00461952
-0.00446504
0.00457677
-0.00429846
0.0045249
-0.00408888
0.00446348
-0.00388674
0.00438889
-0.00365995
0.00430545
-0.00349324
0.00421536
-0.00322851
0.004132
-0.00307987
0.00406214
-0.00257071
0.00401101
-0.00241402
-0.00139551
0.00205575
0.000606176
0.00227608
0.00138999
0.00260204
0.00217494
0.00300426
0.00288441
0.00345399
0.00342922
0.00392359
0.00372514
0.00438382
0.00370971
0.00480441
0.00336577
0.00516044
0.00273015
0.00544014
0.00186159
0.00564279
0.000800327
0.00577026
-0.000428475
0.00581345
-0.00171398
0.0057675
-0.0029143
0.0056413
-0.0038761
0.00545927
-0.00452899
0.00525171
-0.00489465
0.00504384
-0.00504579
0.00485052
-0.00505994
0.00467696
-0.00499526
0.00452218
-0.00488774
0.0043825
-0.00475741
0.00425336
-0.00461491
0.00413034
-0.00446624
0.00401032
-0.0043141
0.00389124
-0.00415713
0.00376896
-0.00399346
0.00363563
-0.00382835
0.00348591
-0.00367143
0.003328
-0.00351544
0.00318833
-0.00331505
0.00310246
-0.00299437
0.00309764
-0.00248629
0.00318068
-0.00177422
0.00333855
-0.000902573
0.00354981
4.90567e-05
0.00378735
0.000995608
0.00403058
0.00186455
0.00426371
0.00261721
0.00447701
0.00323809
0.00466599
0.0037297
0.00483005
0.00410672
0.00497108
0.00439382
0.00509239
0.00462554
0.00519804
0.00484265
0.00529183
0.00508104
0.005376
0.00535469
0.00544986
0.00564201
0.00550952
0.00588492
0.00554908
0.00600369
0.00556289
0.00591927
0.00554741
0.00557362
0.00550217
0.00494084
0.00542981
0.00403098
0.00533594
0.00288609
0.0052293
0.00157623
0.00512169
0.00019037
0.00502276
-0.00114643
0.0049397
-0.00233891
0.00487461
-0.00329488
0.00482483
-0.0039708
0.00478516
-0.00437181
0.00474923
-0.00453938
0.00471224
-0.00453865
0.00467048
-0.00442328
0.0046234
-0.00425138
0.00456892
-0.0040344
0.00450686
-0.00382468
0.00443319
-0.00358629
0.00435149
-0.00341154
0.00426298
-0.00314
0.00418058
-0.00299746
0.00411149
-0.00250162
0.00406095
-0.00236349
-0.00138209
0.00263396
0.000584811
0.00277679
0.00124716
0.00303177
0.00191996
0.00337547
0.00254072
0.0037781
0.00302659
0.00420759
0.00329565
0.00463044
0.00328686
0.00501516
0.00298105
0.00533891
0.0024064
0.00559204
0.00160845
0.00577206
0.000620308
0.00587589
-0.000532303
0.00589195
-0.00173004
0.00581639
-0.00283874
0.00566248
-0.00372218
0.00545836
-0.00432488
0.0052355
-0.00467179
0.00501809
-0.00482838
0.00481919
-0.00486105
0.00464252
-0.00481858
0.00448621
-0.00473144
0.00434625
-0.00461745
0.00421819
-0.00448684
0.00409767
-0.00434573
0.00398136
-0.00419778
0.00386733
-0.00404311
0.00375295
-0.00387909
0.00363183
-0.00370722
0.00349687
-0.00353647
0.00335055
-0.00336912
0.00321281
-0.00317732
0.00311675
-0.0028983
0.00309308
-0.00246263
0.00315536
-0.0018365
0.00329601
-0.00104323
0.00349647
-0.000151397
0.00372913
0.000762947
0.0039727
0.00162098
0.00421007
0.00237984
0.00443039
0.00301777
0.0046282
0.0035319
0.00480211
0.00393281
0.00495349
0.00424244
0.00508552
0.00449352
0.0052024
0.00472577
0.00530833
0.00497511
0.0054059
0.00525712
0.00549452
0.00555338
0.00557008
0.00580937
0.00562604
0.00594773
0.00565585
0.00588946
0.00565489
0.00557458
0.00562161
0.00497413
0.00555746
0.00409512
0.00546743
0.00297612
0.00536024
0.00168342
0.00524719
0.00030342
0.00514021
-0.00103945
0.00504689
-0.00224559
0.00497061
-0.00321859
0.00490968
-0.00390987
0.00485971
-0.00432184
0.00481483
-0.0044945
0.00477049
-0.00449431
0.00472288
-0.00437567
0.00467145
-0.00419995
0.00461428
-0.00397723
0.00455149
-0.00376189
0.00447877
-0.00351357
0.004399
-0.00333177
0.00431234
-0.00305334
0.004231
-0.00291613
0.00416258
-0.0024332
0.00411219
-0.0023131
-0.00136998
0.00320549
0.00329212
0.00116053
0.0034832
0.00172888
0.00376406
0.00225985
0.0041098
0.00268085
0.00448882
0.00291663
0.00486629
0.0029094
0.00521057
0.00263677
0.00550011
0.00211686
0.00572537
0.0013832
0.00588029
0.000465387
0.00595737
-0.000609381
0.00594405
-0.00171673
0.00583922
-0.0027339
0.00566046
-0.00354342
0.00543852
-0.00410294
0.00520473
-0.004438
0.00498146
-0.00460511
0.00477971
-0.0046593
0.00460184
-0.0046407
0.00444535
-0.00457496
0.00430608
-0.00447818
0.00417974
-0.0043605
0.00406226
-0.00422825
0.00395015
-0.00408567
0.00384138
-0.00393434
0.00373435
-0.00377206
0.00362448
-0.00359735
0.00350437
-0.00341636
0.0033719
-0.00323665
0.00324019
-0.0030456
0.00313795
-0.00279607
0.00309733
-0.002422
0.00313785
-0.00187702
0.00325893
-0.00116431
0.00344391
-0.000336381
0.00366924
0.000537616
0.00391102
0.0013792
0.00415115
0.00213972
0.00437747
0.00279144
0.00458341
0.00332596
0.00476667
0.00374955
0.00492801
0.0040811
0.00507034
0.00435118
0.00519797
0.00459814
0.00531541
0.00485767
0.00542561
0.00514692
0.00552822
0.00545077
0.00561902
0.00571856
0.00569103
0.00587572
0.00573687
0.00584362
0.00575091
0.00556054
0.00573044
0.0049946
0.00567576
0.0041498
0.00559095
0.00306093
0.00548467
0.0017897
0.00536828
0.000419807
0.0052547
-0.000925856
0.0051524
-0.0021433
0.0050659
-0.00313209
0.00499451
-0.00383848
0.00493467
-0.00426201
0.00488107
-0.0044409
0.00482951
-0.00444274
0.00477615
-0.00432231
0.00472044
-0.00414423
0.00466055
-0.00391735
0.00459695
-0.00369828
0.00452518
-0.0034418
0.00444749
-0.00325409
0.00436296
-0.00296881
0.00428289
-0.00283606
0.00421513
-0.00236544
0.00416451
-0.00226248
-0.00135865
0.00378384
0.00110163
0.00392644
0.00158628
0.00415085
0.00203544
0.00443872
0.00239298
0.00476255
0.00259281
0.00509001
0.00258193
0.0053908
0.00233599
0.00564391
0.00186374
0.00583856
0.00118855
0.00596483
0.000339108
0.00601164
-0.000656183
0.00596751
-0.0016726
0.00583492
-0.00260131
0.00563515
-0.00334366
0.00540018
-0.00386797
0.00515995
-0.00419778
0.00493437
-0.00437952
0.00473231
-0.00445724
0.00455495
-0.00446334
0.00439947
-0.00441948
0.00426173
-0.00434044
0.00413769
-0.00423646
0.00402364
-0.00411419
0.0039161
-0.00397813
0.00381279
-0.00383103
0.00371265
-0.00367191
0.0036129
-0.00349761
0.00350697
-0.00331043
0.00338965
-0.00311933
0.00326751
-0.00292347
0.00316357
-0.00269213
0.00310918
-0.00236761
0.00312848
-0.00189631
0.00322761
-0.00126344
0.00339451
-0.000503283
0.00360889
0.000323233
0.00384623
0.00114186
0.00408725
0.0018987
0.00431831
0.00256038
0.00453151
0.00311276
0.0047235
0.00355756
0.00489432
0.00391028
0.00504651
0.00419899
0.00518436
0.00446029
0.00531261
0.00472942
0.00543459
0.00502494
0.00555026
0.0053351
0.00565547
0.00561335
0.00574294
0.00578825
0.00580462
0.00578194
0.00583392
0.00553124
0.00582693
0.00500159
0.00578275
0.00419397
0.0057047
0.00313898
0.00560067
0.00189373
0.00548306
0.000537424
0.00536452
-0.000807321
0.00525473
-0.00203351
0.00515919
-0.00303656
0.00507823
-0.00375752
0.00500913
-0.00419291
0.0049472
-0.00437897
0.00488865
-0.0043842
0.00482974
-0.0042634
0.00476987
-0.00408436
0.00470731
-0.00385479
0.00464282
-0.00363379
0.00457199
-0.00337097
0.00449651
-0.00317861
0.00441442
-0.00288672
0.00433586
-0.0027575
0.00426886
-0.00229844
0.00421773
-0.00221136
-0.00134762
0.00420103
0.0010398
0.00432186
0.00146545
0.00450583
0.00185147
0.00474473
0.00215408
0.0050167
0.00232085
0.00529443
0.0023042
0.0055508
0.00207962
0.00576584
0.0016487
0.00592697
0.00102743
0.00602076
0.00024531
0.00603476
-0.000670175
0.00595987
-0.00159771
0.00580252
-0.00244396
0.00558655
-0.00312769
0.00534368
-0.0036251
0.00510142
-0.00395552
0.00487677
-0.00415487
0.00467661
-0.00425708
0.00450124
-0.00428798
0.00434779
-0.00426603
0.00421234
-0.00420499
0.00409114
-0.00411526
0.00398083
-0.00400389
0.00387818
-0.00387547
0.00378058
-0.00373344
0.00368706
-0.00357839
0.00359634
-0.00340688
0.00350345
-0.00321754
0.00340166
-0.00301754
0.00329188
-0.00281369
0.00319062
-0.00259087
0.00312654
-0.00230353
0.00312665
-0.00189642
0.00320311
-0.0013399
0.00334968
-0.000649856
0.0035497
0.000123217
0.00377955
0.000912006
0.00401913
0.00165912
0.00425327
0.00232625
0.0044726
0.00289343
0.00467255
0.00335761
0.00485226
0.00373056
0.0050138
0.00403746
0.00516129
0.0043128
0.00529963
0.00459108
0.00543248
0.0048921
0.00556019
0.00520739
0.00567884
0.00549471
0.005781
0.00568609
0.00585811
0.00570483
0.00590269
0.00548665
0.00590969
0.0049946
0.00587688
0.00422678
0.00580667
0.00320919
0.00570724
0.00199316
0.00558957
0.000655093
0.00546819
-0.000685935
0.00535246
-0.00191778
0.00524921
-0.00293331
0.00515974
-0.00366804
0.00508215
-0.00411532
0.0050124
-0.00430922
0.00494722
-0.00431902
0.00488304
-0.00419922
0.00481923
-0.00402055
0.0047541
-0.00378966
0.0046887
-0.0035684
0.00461879
-0.00330105
0.00454561
-0.00310544
0.00446627
-0.00280737
0.00438953
-0.00268076
0.00432348
-0.00223239
0.0042717
-0.00215957
-0.00133648
0.00450341
0.000955269
0.0046269
0.00134196
0.00479308
0.00168529
0.00499896
0.0019482
0.00522963
0.00209018
0.00546362
0.00207021
0.00567839
0.00186485
0.00585522
0.00147187
0.00598096
0.000901688
0.00604386
0.000182414
0.00602431
-0.000650631
0.00592026
-0.00149366
0.00574212
-0.00226583
0.00551513
-0.00290071
0.00526929
-0.00337925
0.00502881
-0.00371504
0.00480774
-0.00393379
0.00461122
-0.00406057
0.00443906
-0.00411581
0.00428855
-0.00411552
0.00415615
-0.00407259
0.0040384
-0.0039975
0.00393228
-0.00389777
0.00383485
-0.00377804
0.00374334
-0.00364193
0.00365646
-0.00349151
0.0035739
-0.00332433
0.0034927
-0.00313633
0.0034061
-0.00293094
0.00331063
-0.00271822
0.00321604
-0.00249628
0.00314669
-0.00223417
0.00313067
-0.00188041
0.00318542
-0.00139465
0.00331057
-0.000774999
0.00349367
-5.98919e-05
0.00371273
0.00069295
0.00394806
0.00142379
0.00418314
0.00209117
0.0044071
0.00266947
0.00461397
0.00315074
0.00480186
0.00354268
0.00497215
0.00386717
0.00512867
0.00415628
0.00527634
0.00444341
0.00541911
0.00474932
0.00555777
0.00506873
0.00568871
0.00536376
0.00580458
0.00557022
0.00589651
0.00561291
0.00595629
0.00542687
0.00597759
0.00497329
0.0059569
0.00424747
0.00589587
0.00327022
0.00580211
0.00208691
0.00568733
0.000769879
0.00556442
-0.000563031
0.00544435
-0.0017977
0.00533478
-0.00282374
0.00523795
-0.00357121
0.0051528
-0.00403017
0.0050759
-0.00423232
0.00500456
-0.00424767
0.00493546
-0.00413012
0.00486801
-0.0039531
0.00480051
-0.00372217
0.00473422
-0.00350211
0.00466523
-0.00323206
0.00459439
-0.00303459
0.00451811
-0.00273109
0.0044435
-0.00260615
0.00437874
-0.00216763
0.00432625
-0.00210707
-0.00132493
0.00468292
0.00481887
0.00120601
0.00498493
0.00151923
0.00517634
0.00175679
0.00538192
0.0018846
0.00558367
0.00186845
0.00576426
0.00168426
0.00590778
0.00132834
0.00600088
0.000808591
0.00602511
0.000158184
0.00597922
-0.000604734
0.00585164
-0.00136608
0.00565864
-0.00207283
0.00542628
-0.00266834
0.00518216
-0.00313514
0.00494685
-0.00347973
0.00473158
-0.00371852
0.00454018
-0.00386916
0.00437219
-0.00394783
0.0042253
-0.00396863
0.00409643
-0.00394372
0.00398243
-0.0038835
0.00388058
-0.00379592
0.0037883
-0.00368576
0.00370285
-0.00355648
0.00362248
-0.00341115
0.00354724
-0.00324908
0.00347606
-0.00306516
0.00340347
-0.00285835
0.00332322
-0.00263797
0.00323858
-0.00241165
0.0031682
-0.00216379
0.00313951
-0.00185171
0.00317415
-0.00142929
0.00327758
-0.000878427
0.00344224
-0.000224561
0.00364795
0.000487241
0.00387612
0.00119562
0.00410946
0.00185783
0.00433598
0.00244294
0.00454832
0.0029384
0.00474339
0.00334761
0.0049217
0.00368885
0.0050866
0.00399139
0.00524287
0.00428713
0.00539472
0.00459748
0.00554335
0.0049201
0.00568557
0.00522154
0.00581416
0.00544164
0.00592006
0.00550701
0.00599444
0.00535249
0.00602979
0.00493794
0.00602158
0.00425568
0.00597121
0.0033206
0.00588605
0.00217206
0.00577503
0.000880904
0.00565251
-0.000440514
0.00552947
-0.00167466
0.00541503
-0.0027093
0.00531222
-0.0034684
0.00522062
-0.00393857
0.00513738
-0.00414909
0.00506041
-0.0041707
0.00498679
-0.0040565
0.00491597
-0.00388228
0.00484632
-0.00365251
0.00477917
-0.00343496
0.00471106
-0.00316395
0.00464253
-0.00296606
0.00456958
-0.00265815
0.00449744
-0.00253401
0.00443436
-0.00210455
0.00438125
-0.00205397
-0.00131274
0.00490118
0.00105182
0.00507377
0.00134665
0.00526019
0.00157037
0.00545221
0.00169258
0.00563588
0.00168478
0.00579414
0.001526
0.00591155
0.00121094
0.00597309
0.000747052
0.00598246
0.000148811
0.00590251
-0.000524784
0.00575722
-0.00122078
0.00555808
-0.00187369
0.00532955
-0.00243981
0.00509466
-0.00290025
0.00486974
-0.00325481
0.00466349
-0.00351227
0.0044789
-0.00368457
0.00431575
-0.00378467
0.00417238
-0.00382527
0.00404647
-0.00381781
0.00393539
-0.00377243
0.00383677
-0.00369729
0.00374846
-0.00359746
0.00366801
-0.00347602
0.00359325
-0.00333639
0.00352401
-0.00317985
0.00346072
-0.00300187
0.00339997
-0.0027976
0.00333456
-0.00257255
0.00326211
-0.0023392
0.00319445
-0.00209613
0.00315646
-0.00181372
0.00317351
-0.00144634
0.00325767
-0.00096259
0.00339882
-0.00036571
0.00359127
0.000294791
0.00381005
0.000976842
0.00403865
0.00162923
0.00426435
0.00221724
0.00447905
0.0027237
0.00467876
0.0031479
0.00486313
0.00350449
0.00503478
0.00381974
0.0051981
0.00412381
0.00535729
0.00443829
0.00551398
0.00476341
0.00566557
0.00506995
0.00580547
0.00530174
0.00592494
0.00538754
0.00601457
0.00526285
0.00606558
0.00488694
0.00607241
0.00424885
0.00603504
0.00335797
0.00595868
0.00224842
0.0058545
0.000985091
0.00573282
-0.00031884
0.00560826
-0.0015501
0.00549087
-0.00259191
0.00538387
-0.00336141
0.00528709
-0.00384179
0.0051982
-0.00406019
0.00511585
-0.00408835
0.00503775
-0.0039784
0.00496357
-0.0038081
0.00489173
-0.00358068
0.00482358
-0.00336681
0.0047562
-0.00309657
0.00468977
-0.00289963
0.00462038
-0.00258876
0.00455089
-0.00246452
0.00449013
-0.0020438
0.00443637
-0.0020002
-0.00129994
0.010807
0.000943285
0.010993
0.00116068
0.0112516
0.00131176
0.0115736
0.0013705
0.0119438
0.0013146
0.0123392
0.00113064
0.0127262
0.000823959
0.013061
0.000412206
0.0132988
-8.89878e-05
0.0134297
-0.000655679
0.0134309
-0.00122196
0.013311
-0.00175379
0.0130947
-0.00222355
0.0128111
-0.00261668
0.0124853
-0.00292895
0.0121359
-0.00316286
0.0117765
-0.00332515
0.0114168
-0.00342497
0.0110637
-0.00347225
0.010722
-0.00347608
0.0103937
-0.00344409
0.0100791
-0.00338269
0.00977776
-0.00329615
0.00948806
-0.00318632
0.00920691
-0.00305523
0.00893263
-0.00290557
0.00866677
-0.00273601
0.00840883
-0.00253966
0.00814978
-0.0023135
0.00787746
-0.00206688
0.00759378
-0.00181245
0.00732564
-0.00154558
0.00711675
-0.00123745
0.00700695
-0.000852798
0.00701788
-0.00037664
0.00712429
0.00018838
0.00730858
0.000792553
0.00754919
0.00138862
0.00782391
0.00194252
0.00811448
0.00243314
0.00840696
0.00285542
0.00869218
0.00321926
0.00896625
0.00354567
0.00923076
0.0038593
0.00949158
0.00417747
0.00975583
0.00449916
0.0100287
0.00479709
0.0103107
0.00501969
0.0105958
0.00510253
0.0108695
0.00498911
0.0111142
0.00464223
0.0113144
0.00404865
0.0114558
0.00321654
0.0115245
0.00217979
0.0115124
0.000997124
0.0114478
-0.000254221
0.0113395
-0.00144183
0.0111901
-0.00244249
0.011003
-0.0031743
0.0107866
-0.00362534
0.0105517
-0.00382527
0.0103111
-0.00384782
0.0100731
-0.0037404
0.00984406
-0.00357903
0.00962536
-0.00336198
0.0094199
-0.00316135
0.00922583
-0.00290249
0.00904087
-0.00271467
0.00886195
-0.00240984
0.00868341
-0.00228598
0.00852901
-0.0018894
0.00838035
-0.00185154
-0.00123557
0.0112312
0.000809535
0.0114293
0.000962525
0.0116828
0.00105831
0.0119773
0.00107597
0.0122923
0.000999597
0.0126008
0.000822169
0.0128775
0.000547291
0.0131046
0.000185029
0.0132529
-0.000237251
0.013299
-0.000701818
0.0132457
-0.00116858
0.0131026
-0.00161071
0.0128867
-0.00200769
0.0126168
-0.00234676
0.0123105
-0.00262262
0.0119832
-0.0028356
0.0116478
-0.0029897
0.0113137
-0.00309091
0.0109874
-0.00314597
0.0106725
-0.00316119
0.0103703
-0.00314191
0.0100805
-0.00309285
0.00980217
-0.00301781
0.00953459
-0.00291874
0.00927608
-0.00279672
0.0090243
-0.00265379
0.0087793
-0.002491
0.00854402
-0.00230438
0.00831823
-0.00208771
0.00809378
-0.00184244
0.00786192
-0.00158059
0.00762851
-0.00131218
0.00742061
-0.00102954
0.00727493
-0.000707121
0.00721695
-0.000318659
0.00726849
0.000136835
0.00741404
0.000647006
0.00762906
0.0011736
0.00788847
0.00168311
0.00817077
0.00215083
0.00845986
0.00256633
0.00874551
0.00293362
0.00902363
0.00326755
0.00929587
0.00358706
0.00956805
0.0039053
0.00984749
0.00421972
0.01014
0.00450463
0.0104459
0.00471376
0.0107577
0.00479068
0.0110601
0.00468676
0.0113335
0.00436884
0.0115562
0.00382592
0.0117105
0.00306218
0.011792
0.00209832
0.0118127
0.00097639
0.0117709
-0.000212428
0.0116695
-0.0013404
0.0115109
-0.00228391
0.0113024
-0.0029658
0.0110588
-0.00338166
0.0107965
-0.00356307
0.010532
-0.00358327
0.0102751
-0.00348355
0.0100323
-0.0033362
0.00980436
-0.00313402
0.00959284
-0.00294983
0.00939636
-0.00270601
0.00921316
-0.00253147
0.00904103
-0.00223771
0.00887072
-0.00211566
0.00872279
-0.00174147
0.00857373
-0.00170248
-0.00116141
0.0114398
0.000679305
0.0116207
0.000781571
0.0118429
0.000836144
0.0120917
0.000827129
0.0123486
0.00074271
0.0125933
0.000577471
0.0128052
0.000335386
0.0129627
2.75298e-05
0.0130525
-0.000327012
0.0130633
-0.000712591
0.0129969
-0.00110219
0.0128607
-0.00147452
0.0126665
-0.00181346
0.0124279
-0.00210824
0.0121588
-0.00235346
0.0118711
-0.00254796
0.0115749
-0.00269345
0.0112773
-0.00279332
0.0109832
-0.00285186
0.0106955
-0.00287352
0.0104159
-0.00286235
0.0101451
-0.002822
0.00988293
-0.00275565
0.00962956
-0.00266537
0.00938489
-0.00255205
0.00914787
-0.00241677
0.00891783
-0.00226096
0.00869702
-0.00208357
0.00848895
-0.00187963
0.00829226
-0.00164575
0.00809898
-0.00138731
0.00790321
-0.00111642
0.00771382
-0.000840149
0.00755747
-0.000550771
0.00746886
-0.000230044
0.0074653
0.000140398
0.00755533
0.000556972
0.00772536
0.00100358
0.00795378
0.00145469
0.00821761
0.001887
0.00849756
0.00228638
0.00878052
0.00265066
0.00906035
0.00298772
0.00933746
0.00330995
0.00961726
0.0036255
0.0099073
0.00392967
0.0102136
0.00419833
0.0105361
0.00439128
0.0108661
0.00446063
0.0111876
0.00436525
0.0114792
0.00407723
0.01172
0.00358514
0.0118965
0.00288572
0.0120068
0.00198797
0.0120501
0.000933104
0.0120277
-0.000190026
0.0119338
-0.00124649
0.0117707
-0.0021208
0.0115493
-0.00274437
0.011289
-0.00312136
0.0110101
-0.00328421
0.0107306
-0.00330376
0.0104616
-0.00321454
0.0102096
-0.00308418
0.00997545
-0.00289989
0.00975989
-0.00273427
0.00956182
-0.00250794
0.00937942
-0.00234908
0.00921268
-0.00207097
0.00904945
-0.00195243
0.00890916
-0.00160119
0.00876264
-0.00155596
-0.00107967
0.0115424
0.000564895
0.011696
0.000627916
0.0118805
0.000651665
0.0120835
0.000624113
0.0122898
0.000536467
0.0124815
0.000385753
0.0126421
0.000174808
0.0127559
-8.63121e-05
0.0128147
-0.00038583
0.0128107
-0.000708607
0.0127446
-0.00103605
0.0126218
-0.00135171
0.012451
-0.00164272
0.0122427
-0.00189994
0.0120073
-0.00211798
0.0117539
-0.0022946
0.0114904
-0.00242994
0.0112228
-0.00252572
0.0109556
-0.00258464
0.0106919
-0.00260982
0.0104339
-0.00260433
0.0101828
-0.00257091
0.00993917
-0.00251205
0.00970343
-0.00242964
0.00947599
-0.00232462
0.00925674
-0.00219752
0.00904509
-0.00204931
0.0088419
-0.00188039
0.00865074
-0.00168847
0.00847466
-0.00146968
0.00831136
-0.001224
0.00815395
-0.000959004
0.00799938
-0.000685582
0.0078573
-0.000408687
0.00774964
-0.000122385
0.00770405
0.000185983
0.00773672
0.000524303
0.00784935
0.000890951
0.0080301
0.00127394
0.00825998
0.00165711
0.00851928
0.00202708
0.00879219
0.00237775
0.00906945
0.00271046
0.00934881
0.00303058
0.00963406
0.00334026
0.00993186
0.00363187
0.0102475
0.00388269
0.0105804
0.00405835
0.0109222
0.00411889
0.0112562
0.00403126
0.0115608
0.00377259
0.0118166
0.00332932
0.0120136
0.00268874
0.0121498
0.00185181
0.0122225
0.000860374
0.0122213
-0.000188777
0.0121374
-0.00116266
0.0119732
-0.00195662
0.0117436
-0.00251473
0.0114721
-0.00284984
0.0111822
-0.00299436
0.0108935
-0.00301505
0.0106179
-0.00293888
0.0103617
-0.00282798
0.0101258
-0.00266406
0.00991
-0.00251843
0.00971331
-0.00231126
0.00953315
-0.00216891
0.00937217
-0.00190999
0.00921626
-0.00179651
0.00908475
-0.00146968
0.00894464
-0.00141584
-0.000993137
0.0115921
0.000467923
0.011719
0.000501015
0.0118686
0.000501982
0.012031
0.000461779
0.0121931
0.000374315
0.0123417
0.000237178
0.0124635
5.30426e-05
0.0125474
-0.000170207
0.0125859
-0.000424337
0.0125741
-0.0006968
0.012512
-0.000974043
0.0124037
-0.00124337
0.0122553
-0.0014943
0.0120743
-0.00171897
0.0118685
-0.00191219
0.0116452
-0.00207125
0.0114106
-0.00219539
0.0111702
-0.00228526
0.010928
-0.00234246
0.0106872
-0.00236905
0.0104501
-0.00236725
0.0102183
-0.0023391
0.00999275
-0.00228647
0.00977406
-0.00221095
0.00956297
-0.00211353
0.00936014
-0.00199469
0.00916574
-0.00185491
0.0089802
-0.00169484
0.00880581
-0.00151407
0.00864643
-0.0013103
0.00850404
-0.00108161
0.00837559
-0.000830561
0.00825528
-0.000565266
0.00814158
-0.000294988
0.00804336
-2.41652e-05
0.00797858
0.000250762
0.00796697
0.000535911
0.0080209
0.000837027
0.00814132
0.00115352
0.00831903
0.0014794
0.00853928
0.00180684
0.00878704
0.00212998
0.0090512
0.0024463
0.00932662
0.00275515
0.00961411
0.00305278
0.00991774
0.00332824
0.0102408
0.0035596
0.0105816
0.00371753
0.0109305
0.00377
0.0112701
0.00369168
0.0115804
0.00346234
0.0118475
0.0030622
0.0120666
0.00246961
0.0122343
0.00168413
0.0123379
0.000756769
0.0123584
-0.000209253
0.0122839
-0.00108818
0.0121191
-0.00179182
0.0118839
-0.00227953
0.0116062
-0.00257216
0.0113121
-0.00270025
0.0110214
-0.00272433
0.0107457
-0.00266317
0.0104907
-0.00257299
0.0102574
-0.00243074
0.0100445
-0.00230553
0.00985161
-0.0021184
0.00967495
-0.00199225
0.00951973
-0.00175477
0.00937086
-0.00164764
0.00924793
-0.00134675
0.00911703
-0.00128495
-0.000905203
0.0116115
0.000386684
0.0117151
0.000397409
0.0118351
0.000381944
0.0119633
0.000333574
0.0120899
0.000247759
0.0122043
0.00012277
0.0122958
-3.84852e-05
0.0123569
-0.000231313
0.0123809
-0.000448355
0.0123644
-0.000680226
0.0123069
-0.00091657
0.0122109
-0.00114744
0.0120809
-0.00136428
0.0119223
-0.00156038
0.0117412
-0.00173102
0.0115433
-0.00187335
0.011334
-0.00198608
0.0111178
-0.00206914
0.0108987
-0.00212328
0.0106794
-0.00214978
0.0104623
-0.00215014
0.0102491
-0.00212589
0.010041
-0.00207843
0.00983907
-0.00200901
0.00964413
-0.00191859
0.00945715
-0.00180771
0.00927894
-0.00167671
0.00911017
-0.00152607
0.00895222
-0.00135612
0.00880808
-0.00116617
0.00868124
-0.000954764
0.00857267
-0.00072199
0.00847918
-0.000471776
0.00839616
-0.000211971
0.00832204
4.9951e-05
0.00826385
0.000308959
0.00823401
0.000565752
0.00824647
0.000824562
0.00831055
0.00108944
0.00842789
0.00136206
0.00859317
0.00164155
0.00879732
0.00192584
0.00903143
0.00221219
0.00928966
0.00249692
0.00957015
0.00277228
0.00987346
0.00302494
0.0101993
0.00323379
0.0105426
0.00337418
0.0108918
0.00342085
0.0112306
0.00335287
0.0115452
0.00314775
0.011829
0.00277837
0.0120781
0.00222054
0.0122804
0.00148177
0.012412
0.000625241
0.0124473
-0.000244642
0.012376
-0.00101683
0.0122084
-0.00162423
0.0119703
-0.0020414
0.0116924
-0.00229426
0.0114012
-0.00240908
0.0111154
-0.00243857
0.0108457
-0.00239343
0.0105967
-0.00232401
0.0103696
-0.00220364
0.0101625
-0.00209844
0.00997579
-0.00193165
0.00980424
-0.00182071
0.00965505
-0.00160558
0.0095131
-0.00150569
0.00939775
-0.0012314
0.00927751
-0.00116471
-0.000819115
0.0116113
0.000318992
0.0116955
0.000313258
0.0117912
0.000286198
0.0118921
0.000232741
0.0119902
0.00014959
0.0120774
3.56301e-05
0.0121458
-0.000106877
0.012189
-0.000274499
0.0122019
-0.000461293
0.0121817
-0.000660015
0.0121278
-0.000862641
0.0120416
-0.00106132
0.0119265
-0.0012491
0.0117864
-0.00142029
0.011626
-0.00157066
0.0114501
-0.00169739
0.0112629
-0.00179891
0.0110684
-0.00187467
0.01087
-0.00192485
0.0106704
-0.00195016
0.0104718
-0.00195158
0.0102761
-0.00193018
0.0100847
-0.00188702
0.00989878
-0.00182308
0.00971938
-0.00173919
0.00954759
-0.00163592
0.00938453
-0.00151365
0.00923122
-0.00137276
0.00908883
-0.00121373
0.00895939
-0.00103673
0.00884599
-0.000841371
0.00875134
-0.00062734
0.00867578
-0.000396208
0.00861615
-0.000152344
0.0085685
9.75972e-05
0.00853148
0.000345983
0.00850848
0.000588746
0.00850747
0.000825581
0.00853779
0.00105912
0.00860672
0.00129313
0.00871743
0.00153084
0.00886919
0.00177408
0.00905915
0.00202223
0.00928434
0.00227174
0.00954262
0.002514
0.00983201
0.00273554
0.0101486
0.00291723
0.0104842
0.00303851
0.010827
0.00307807
0.0111649
0.00301498
0.0114904
0.00282228
0.0117992
0.00246955
0.0120808
0.00193896
0.012311
0.00125154
0.0124571
0.000479187
0.0124938
-0.000281346
0.0124171
-0.000940203
0.012245
-0.00145205
0.0120071
-0.00180356
0.0117348
-0.00202196
0.011453
-0.0021273
0.0111783
-0.00216382
0.0109197
-0.00213488
0.010681
-0.00208523
0.0104633
-0.001986
0.0102645
-0.00189961
0.0100858
-0.00175294
0.00992097
-0.0016559
0.00977825
-0.00146286
0.00964334
-0.00137078
0.00953441
-0.00112247
0.00942479
-0.00105508
-0.000737358
0.0115984
0.000262731
0.0116666
0.000245087
0.0117427
0.000210044
0.0118216
0.000153823
0.0118972
7.39717e-05
0.011963
-3.00968e-05
0.012013
-0.000156944
0.0120421
-0.000303571
0.0120462
-0.000465413
0.012023
-0.00063679
0.0119718
-0.000811424
0.0118935
-0.00098307
0.0117905
-0.00114604
0.0116657
-0.00129552
0.0115228
-0.00142778
0.0113656
-0.00154013
0.0111976
-0.00163091
0.0110222
-0.00169928
0.0108424
-0.00174504
0.0106607
-0.00176849
0.0104793
-0.00177019
0.0103
-0.00175089
0.0101243
-0.00171135
0.0099536
-0.00165234
0.00978896
-0.00157455
0.00963158
-0.00147855
0.0094827
-0.00136477
0.00934355
-0.0012336
0.00921535
-0.00108553
0.00909969
-0.000921068
0.00899885
-0.000740531
0.00891559
-0.000544078
0.00885178
-0.000332393
0.00880729
-0.000107862
0.00877944
0.000125448
0.00876469
0.000360738
0.00876091
0.000592528
0.0087692
0.000817286
0.00879394
0.00103438
0.00884131
0.00124576
0.00891751
0.00145464
0.00902745
0.00166413
0.00917441
0.00187527
0.00936016
0.00208599
0.00958498
0.00228919
0.00984703
0.00247349
0.0101413
0.00262295
0.0104595
0.00272029
0.0107919
0.00274573
0.0111305
0.00267632
0.0114699
0.00248292
0.0118007
0.0021387
0.0121015
0.00163823
0.0123382
0.00101485
0.0124766
0.000340786
0.0124984
-0.000303235
0.0124092
-0.000850919
0.0122324
-0.00127532
0.0119994
-0.00157048
0.0117388
-0.00176141
0.0114725
-0.00186102
0.011214
-0.00190533
0.0109709
-0.00189176
0.0107457
-0.00185998
0.01054
-0.00178035
0.0103514
-0.00171098
0.010182
-0.0015836
0.0100254
-0.00149923
0.00988963
-0.00132713
0.00976212
-0.00124328
0.00965873
-0.00101908
0.00955861
-0.000954968
-0.00066136
0.011577
0.000216043
0.0116321
0.00018998
0.0116924
0.000149728
0.0117538
9.24241e-05
0.0118115
1.62894e-05
0.0118604
-7.90061e-05
0.0118958
-0.000192392
0.0119137
-0.000321416
0.0119107
-0.000462484
0.0118851
-0.000611115
0.011836
-0.000762339
0.0117641
-0.000911144
0.0116709
-0.00105286
0.0115588
-0.00118343
0.0114306
-0.00129958
0.0112893
-0.00139886
0.011138
-0.00147957
0.0109794
-0.00154074
0.0108163
-0.00158192
0.0106509
-0.00160311
0.0104853
-0.0016046
0.0103213
-0.00158684
0.0101603
-0.00155039
0.0100038
-0.00149585
0.00985306
-0.00142377
0.00970921
-0.0013347
0.00957356
-0.00122911
0.00944738
-0.00110743
0.00933201
-0.000970158
0.00922885
-0.000817915
0.00913966
-0.000651337
0.0090666
-0.000471016
0.00901191
-0.000277704
0.0089769
-7.2859e-05
0.00896114
0.000141207
0.00896226
0.000359623
0.00897707
0.000577714
0.00900323
0.00079113
0.00904049
0.000997123
0.00909116
0.00119509
0.00915972
0.00138608
0.00925188
0.00157198
0.00937355
0.0017536
0.00952981
0.00192973
0.00972385
0.00209514
0.00995595
0.00224139
0.010223
0.00235595
0.0105191
0.00242419
0.0108377
0.00242711
0.0111728
0.00234121
0.0115155
0.00214024
0.0118477
0.00180643
0.0121389
0.00134706
0.0123528
0.000800904
0.0124617
0.000231941
0.0124576
-0.000299193
0.0123541
-0.000747345
0.0121769
-0.00109811
0.0119547
-0.00134832
0.0117119
-0.0015186
0.011466
-0.00161517
0.0112276
-0.00166689
0.0110028
-0.00166699
0.0107934
-0.00165055
0.0106015
-0.0015884
0.0104244
-0.00153395
0.0102653
-0.00142453
0.0101179
-0.00135174
0.0099896
-0.00119887
0.00986987
-0.00112355
0.00977176
-0.000920964
0.00967964
-0.000862853
-0.000591548
0.0115499
0.00017734
0.0115943
0.00014555
0.0116419
0.000102182
0.0116893
4.50467e-05
0.0117327
-2.71291e-05
0.0117682
-0.000114513
0.011792
-0.000216241
0.011801
-0.000330341
0.0117924
-0.000453941
0.0117648
-0.000583473
0.0117174
-0.000714966
0.0116506
-0.000844364
0.0115656
-0.000967825
0.0114641
-0.00108193
0.0113483
-0.00118384
0.0112208
-0.00127131
0.011084
-0.00134274
0.0109403
-0.00139708
0.0107921
-0.00143373
0.0106415
-0.00145249
0.0104903
-0.00145344
0.0103403
-0.00143684
0.010193
-0.00140309
0.0100498
-0.00135261
0.00991193
-0.0012859
0.00978067
-0.00120344
0.00965726
-0.0011057
0.00954299
-0.000993158
0.00943919
-0.000866355
0.00934723
-0.000725952
0.00926852
-0.00057263
0.00920486
-0.000407352
0.00915807
-0.000230916
0.00912986
-4.46553e-05
0.00912112
0.000149954
0.0091312
0.00034954
0.00915815
0.00055076
0.00919942
0.000749866
0.00925295
0.000943592
0.00931824
0.0011298
0.00939689
0.00130743
0.00949255
0.00147632
0.00961027
0.00163588
0.00975543
0.00178457
0.00993234
0.00191824
0.0101431
0.00203062
0.0103871
0.00211192
0.0106617
0.00214966
0.0109624
0.00212642
0.011282
0.00202158
0.0116065
0.00181578
0.0119112
0.0015017
0.0121634
0.00109484
0.0123323
0.000631976
0.012401
0.00016325
0.0123706
-0.000268798
0.0122582
-0.000634919
0.0120877
-0.000927563
0.0118828
-0.00114343
0.0116624
-0.00129825
0.0114402
-0.00139298
0.0112241
-0.00145073
0.0110192
-0.00146216
0.0108269
-0.00145822
0.0106497
-0.00141114
0.0104851
-0.00136942
0.0103368
-0.0012762
0.0101991
-0.00121407
0.0100787
-0.00107846
0.00996703
-0.00101185
0.00987442
-0.000828355
0.00978899
-0.00077742
-0.000527661
0.011519
0.00014528
0.0115547
0.000109848
0.0115919
6.49299e-05
0.0116281
8.907e-06
0.0116601
-5.91903e-05
0.011685
-0.000139346
0.0116996
-0.000230881
0.0117015
-0.000332189
0.0116885
-0.000440953
0.0116593
-0.000554307
0.0116134
-0.000669048
0.0115509
-0.000781878
0.0114727
-0.000889618
0.0113802
-0.00098939
0.011275
-0.00107872
0.0111594
-0.00115563
0.0110352
-0.00121859
0.0109047
-0.00126656
0.0107698
-0.00129886
0.0106325
-0.00131518
0.0104945
-0.00131544
0.0103574
-0.00129975
0.0102227
-0.00126838
0.0100918
-0.00122166
0.00996585
-0.00115999
0.00984621
-0.0010838
0.00973407
-0.000993562
0.00963069
-0.000889779
0.00953735
-0.000773012
0.00945533
-0.000643933
0.00938599
-0.000503292
0.00933071
-0.00035207
0.00929102
-0.000191227
0.00926845
-2.20872e-05
0.00926429
0.000154119
0.00927895
0.000334879
0.00931189
0.00051782
0.00936169
0.000700063
0.00942661
0.000878672
0.00950536
0.00105105
0.00959779
0.001215
0.00970536
0.00136875
0.00983093
0.0015103
0.0099782
0.00163731
0.0101506
0.00174583
0.0103505
0.00183072
0.0105785
0.0018839
0.0108334
0.00189482
0.0111108
0.001849
0.0114013
0.00173107
0.0116874
0.00152967
0.0119435
0.0012456
0.0121417
0.000896594
0.0122608
0.0005129
0.0122932
0.000130886
0.0122452
-0.000220828
0.0121332
-0.000522958
0.0119767
-0.000771046
0.0117939
-0.000960565
0.0115986
-0.00110302
0.0114014
-0.00119577
0.0112082
-0.00125751
0.0110237
-0.00127763
0.0108489
-0.0012834
0.0106866
-0.00124887
0.010535
-0.00121784
0.0103976
-0.00113882
0.01027
-0.00108649
0.0101577
-0.000966164
0.0100541
-0.000908183
0.00996742
-0.000741703
0.00988785
-0.000697852
-0.000469155
0.0114856
0.000118742
0.0115141
8.12677e-05
0.0115431
3.60215e-05
0.0115703
-1.8291e-05
0.0115932
-8.21642e-05
0.0116096
-0.000155688
0.0116169
-0.000238221
0.0116132
-0.00032845
0.0115967
-0.000424493
0.0115664
-0.000524028
0.0115218
-0.000624452
0.011463
-0.000723062
0.0113906
-0.000817221
0.0113057
-0.000904496
0.0112098
-0.000982759
0.0111044
-0.00105024
0.0109913
-0.00110555
0.0108725
-0.00114767
0.0107495
-0.00117591
0.0106242
-0.00118987
0.0104981
-0.00118938
0.0103728
-0.00117444
0.0102497
-0.00114523
0.01013
-0.00110199
0.0100151
-0.00104506
0.00990612
-0.000974828
0.00980429
-0.000891741
0.00971082
-0.000796309
0.00962692
-0.000689106
0.00955378
-0.000570795
0.00949265
-0.000442162
0.00944477
-0.000304188
0.00941138
-0.000157836
0.00939375
-4.46242e-06
0.00939311
0.000154764
0.00941024
0.000317746
0.00944543
0.00048263
0.00949833
0.000647162
0.00956812
0.000808883
0.00965388
0.000965298
0.00975505
0.00111382
0.00987185
0.00125196
0.0100053
0.00137683
0.0101572
0.00148547
0.0103291
0.00157386
0.0105226
0.0016373
0.0107376
0.00166886
0.0109725
0.00165995
0.0112218
0.00159972
0.0114745
0.00147833
0.0117131
0.00129108
0.0119159
0.00104276
0.012063
0.000749552
0.0121416
0.000434275
0.0121502
0.000122293
0.0120964
-0.000167021
0.0119935
-0.000420048
0.011856
-0.000633536
0.0116972
-0.000801843
0.0115275
-0.000933285
0.0113548
-0.00102312
0.011184
-0.00108664
0.0110192
-0.00111286
0.0108616
-0.00112579
0.0107141
-0.00110139
0.0105755
-0.00107921
0.010449
-0.00101236
0.0103315
-0.000968935
0.0102274
-0.00086213
0.0101316
-0.000812332
0.0100513
-0.000661366
0.00997721
-0.000623813
-0.000415506
0.0114507
9.67868e-05
0.0114734
5.84866e-05
0.0114956
1.38256e-05
0.0115156
-3.82472e-05
0.0115313
-9.79188e-05
0.011541
-0.000165293
0.0115425
-0.000239795
0.0115344
-0.000320336
0.0115153
-0.000405373
0.0114843
-0.000493008
0.0114409
-0.000581111
0.0113853
-0.000667454
0.0113179
-0.000749838
0.0112396
-0.000826207
0.0111516
-0.000894727
0.0110552
-0.00095384
0.0109519
-0.00100229
0.0108434
-0.0010391
0.0107311
-0.0010636
0.0106166
-0.00107535
0.0105013
-0.00107412
0.0103867
-0.00105986
0.0102741
-0.00103264
0.0101648
-0.000992658
0.0100599
-0.000940198
0.0099607
-0.000875609
0.00986828
-0.000799316
0.00978378
-0.000711814
0.00970836
-0.000613677
0.00964314
-0.000505576
0.00958926
-0.000388291
0.00954779
-0.000262717
0.00951989
-0.000129931
0.00950649
8.93711e-06
0.00950877
0.000152484
0.00952746
0.000299054
0.00956314
0.00044695
0.00961603
0.000594272
0.00968601
0.000738905
0.00977272
0.000878585
0.00987578
0.00101077
0.00999496
0.00113277
0.0101303
0.00124149
0.0102821
0.0013337
0.0104505
0.00140542
0.0106355
0.00145229
0.010836
0.0014684
0.0110488
0.00144713
0.0112675
0.00138103
0.0114811
0.00126474
0.0116747
0.0010975
0.0118322
0.000885184
0.0119406
0.000641206
0.0119932
0.000381666
0.0119911
0.000124413
0.0119406
-0.000116508
0.0118517
-0.000331216
0.0117349
-0.000516712
0.0115999
-0.000666833
0.0114543
-0.000787652
0.0113045
-0.000873366
0.0111546
-0.000936685
0.0110084
-0.000966696
0.0108672
-0.000984615
0.010734
-0.000968154
0.010608
-0.000953189
0.0104922
-0.000896633
0.0103844
-0.000861126
0.0102886
-0.000766349
0.0102003
-0.000724001
0.0101264
-0.000587451
0.0100578
-0.000555239
-0.000366334
0.0114151
7.86554e-05
0.0114332
4.04647e-05
0.01145
-3.00684e-06
0.0114641
-5.23804e-05
0.0114741
-0.000107909
0.0114784
-0.000169559
0.0114754
-0.000236837
0.0114639
-0.000308829
0.0114428
-0.00038426
0.0114114
-0.000461568
0.0113693
-0.000538997
0.0113165
-0.000614701
0.0112535
-0.00068684
0.011181
-0.000753672
0.0110999
-0.00081362
0.0110113
-0.000865318
0.0109167
-0.000907635
0.0108173
-0.000939679
0.0107145
-0.000960793
0.0106096
-0.00097053
0.0105041
-0.000968629
0.0103993
-0.000954989
0.0102963
-0.000929643
0.0101963
-0.000892734
0.0101006
-0.000844498
0.0100103
-0.000785257
0.00992638
-0.000715406
0.00984999
-0.000635421
0.00978217
-0.000545861
0.00972398
-0.00044739
0.00967645
-0.000340753
0.00964059
-0.000226856
0.00961732
-0.000106662
0.00960756
1.86923e-05
0.0096122
0.000147847
0.00963192
0.000279329
0.00966732
0.000411558
0.00971877
0.000542817
0.00978647
0.000671207
0.00987039
0.000794666
0.00997033
0.000910822
0.010086
0.00101711
0.0102169
0.00111053
0.0103627
0.00118798
0.0105224
0.00124573
0.0106948
0.00127988
0.0108776
0.00128557
0.0110667
0.00125799
0.0112554
0.00119233
0.011434
0.00108616
0.011591
0.000940531
0.0117151
0.000761044
0.0117983
0.000558047
0.0118371
0.000342851
0.0118326
0.000128924
0.0117902
-7.41346e-05
0.0117168
-0.000257788
0.0116197
-0.000419639
0.0115063
-0.000553429
0.0113824
-0.000663697
0.0112532
-0.000744239
0.0111223
-0.000805753
0.0109933
-0.000837648
0.0108674
-0.000858776
0.0107476
-0.000848373
0.0106336
-0.000839196
0.0105283
-0.000791308
0.0104298
-0.000762651
0.0103422
-0.000678662
0.010261
-0.000642872
0.0101934
-0.000519818
0.0101303
-0.00049211
-0.000321401
0.0113798
6.36845e-05
0.0113939
2.63209e-05
0.0114063
-1.54141e-05
0.0114158
-6.18837e-05
0.0114212
-0.000113315
0.0114213
-0.000169612
0.0114148
-0.000230337
0.0114007
-0.000294719
0.0113781
-0.000361697
0.0113465
-0.000429975
0.0113056
-0.000498098
0.0112555
-0.000564525
0.0111963
-0.000627715
0.0111288
-0.000686189
0.0110538
-0.000738592
0.0109722
-0.00078373
0.0108852
-0.000820595
0.0107939
-0.000848376
0.0106995
-0.000866454
0.0106034
-0.000874392
0.0105067
-0.000871916
0.0104106
-0.000858898
0.0103163
-0.000835338
0.0102249
-0.00080134
0.0101375
-0.000757109
0.0100552
-0.000702932
0.00997896
-0.00063918
0.00990985
-0.000566305
0.00984883
-0.000484847
0.00979688
-0.000395438
0.00975493
-0.000298802
0.00972387
-0.000195796
0.00970457
-8.73613e-05
0.0096978
2.54628e-05
0.00970429
0.000141357
0.00972464
0.000258983
0.00975933
0.000376861
0.00980875
0.000493398
0.00987312
0.00060684
0.00995249
0.000715292
0.0100467
0.000816582
0.0101555
0.000908367
0.0102781
0.000987918
0.0104137
0.00105242
0.0105608
0.00109857
0.0107176
0.00112308
0.0108811
0.00112211
0.0110468
0.00109228
0.0112084
0.00103068
0.0113581
0.000936433
0.0114874
0.000811289
0.0115884
0.000660025
0.011656
0.000490437
0.011688
0.000310908
0.0116856
0.000131293
0.0116523
-4.08844e-05
0.0115932
-0.000198678
0.0115136
-0.000339973
0.0114189
-0.000458795
0.0113139
-0.000558633
0.0112029
-0.000633259
0.0110889
-0.000691807
0.0109754
-0.000724099
0.0108636
-0.000747021
0.0107564
-0.000741132
0.0106537
-0.000736478
0.0105583
-0.000695905
0.0104686
-0.000673028
0.0103888
-0.000598767
0.0103145
-0.000568625
0.0102529
-0.000458179
0.0101951
-0.00043433
-0.000280535
0.0113451
5.13397e-05
0.0113561
1.53621e-05
0.0113649
-2.42546e-05
0.0113707
-6.76725e-05
0.0113725
-0.000115079
0.0113692
-0.000166348
0.01136
-0.000221087
0.0113439
-0.000278643
0.0113203
-0.000338122
0.0112888
-0.000398446
0.0112491
-0.0004584
0.0112013
-0.000516697
0.0111456
-0.000572037
0.0110826
-0.000623166
0.0110129
-0.000668919
0.0109374
-0.000708257
0.0108571
-0.000740289
0.010773
-0.000764282
0.0106862
-0.000779666
0.0105979
-0.000786025
0.010509
-0.000783087
0.0104209
-0.00077071
0.0103344
-0.00074887
0.0102507
-0.000717648
0.0101708
-0.000677219
0.0100957
-0.000627841
0.0100264
-0.000569862
0.00996379
-0.000503703
0.00990882
-0.000429878
0.00986238
-0.000348997
0.00982531
-0.000261727
0.00979841
-0.000168899
0.00978244
-7.13945e-05
0.0097781
2.9806e-05
0.00978598
0.000133479
0.00980658
0.000238384
0.00984029
0.000343147
0.0098874
0.000446284
0.00994807
0.000546172
0.0100223
0.000641066
0.0101099
0.000728995
0.0102104
0.000807859
0.0103231
0.000875251
0.0104468
0.000928717
0.0105799
0.000965451
0.0107202
0.000982777
0.0108645
0.000977767
0.0110087
0.000948129
0.0111472
0.00089213
0.0112739
0.000809733
0.0113824
0.000702779
0.0114673
0.000575162
0.0115249
0.000432857
0.0115536
0.000282152
0.0115543
0.000130654
0.0115295
-1.60623e-05
0.0114826
-0.000151794
0.0114176
-0.000274973
0.0113388
-0.000380027
0.0112499
-0.000469725
0.0111547
-0.000538026
0.0110557
-0.000592831
0.010956
-0.000624431
0.010857
-0.000648036
0.0107613
-0.000645434
0.0106691
-0.0006442
0.010583
-0.000609829
0.0105017
-0.000591728
0.0104292
-0.000526255
0.0103615
-0.000500926
0.0103055
-0.000402182
0.0102528
-0.000381696
-0.000243568
0.0113117
4.1198e-05
0.0113201
6.98295e-06
0.011326
-3.02043e-05
0.0113288
-7.04826e-05
0.0113277
-0.000113954
0.0113218
-0.000160483
0.0113105
-0.000209721
0.0112929
-0.000261104
0.0112687
-0.000313881
0.0112374
-0.000367148
0.0111989
-0.000419887
0.0111532
-0.000471017
0.0111006
-0.000519442
0.0110415
-0.000564096
0.0109766
-0.000603978
0.0109065
-0.000638189
0.0108322
-0.000665942
0.0107545
-0.000686585
0.0106744
-0.000699599
0.010593
-0.000704596
0.0105112
-0.000701314
0.0104301
-0.000689609
0.0103507
-0.000669444
0.0102739
-0.00064088
0.0102007
-0.000604068
0.0101321
-0.000559244
0.010069
-0.000506726
0.0100122
-0.00044691
0.00996262
-0.000380276
0.00992102
-0.000307395
0.00988819
-0.000228898
0.00986487
-0.000145582
0.00985171
-5.82282e-05
0.0098493
3.22063e-05
0.00985817
0.000124613
0.00987871
0.000217846
0.00991122
0.000310634
0.0099559
0.00040161
0.0100128
0.00048928
0.0100818
0.000572052
0.0101626
0.000648153
0.0102548
0.000715724
0.0103574
0.000772675
0.0104692
0.000816918
0.0105885
0.00084613
0.0107131
0.000858196
0.0108399
0.000850926
0.0109652
0.000822801
0.0110845
0.000772806
0.0111929
0.000701342
0.0112856
0.000610093
0.0113586
0.000502199
0.0114091
0.000382349
0.0114359
0.000255321
0.0114395
0.000127073
0.0114216
1.81691e-06
0.0113847
-0.00011489
0.0113318
-0.000222036
0.0112662
-0.000314481
0.011191
-0.000394494
0.0111093
-0.000456343
0.0110234
-0.000506934
0.0109361
-0.000537082
0.0108486
-0.000560518
0.0107634
-0.000560252
0.0106807
-0.000561498
0.0106033
-0.000532406
0.0105297
-0.000518192
0.0104641
-0.000460645
0.0104026
-0.000439409
0.0103519
-0.000351462
0.0103041
-0.00033393
-0.000210308
0.0112798
3.28741e-05
0.011286
7.4938e-07
0.0112896
-3.38326e-05
0.0112901
-7.09112e-05
0.0112867
-0.000110545
0.0112788
-0.000152592
0.0112658
-0.000196739
0.0112472
-0.000242503
0.0112226
-0.000289246
0.0111916
-0.000336206
0.0111543
-0.000382529
0.0111105
-0.000427306
0.0110607
-0.000469611
0.0110052
-0.000508535
0.0109444
-0.000543224
0.0108791
-0.000572896
0.01081
-0.000596867
0.010738
-0.000614557
0.0106639
-0.0006255
0.0105887
-0.00062934
0.0105132
-0.000625834
0.0104384
-0.000614841
0.0103653
-0.000596316
0.0102947
-0.000570307
0.0102276
-0.000536946
0.0101648
-0.000496447
0.0101072
-0.000449099
0.0100555
-0.000395272
0.0100107
-0.000335411
0.0099733
-0.000270041
0.00994417
-0.000199771
0.00992389
-0.000125304
0.00991307
-4.74e-05
0.00991221
3.30673e-05
0.00992173
0.000115089
0.00994196
0.000197612
0.00997312
0.000279473
0.0100153
0.000359424
0.0100685
0.000436104
0.0101325
0.000508079
0.0102068
0.00057377
0.010291
0.000631547
0.0103841
0.000679618
0.0104848
0.000716231
0.0105914
0.000739493
0.0107018
0.000747765
0.0108133
0.000739414
0.0109227
0.000713461
0.0110261
0.000669351
0.0111198
0.000607638
0.0112001
0.000529839
0.0112638
0.000438511
0.0113089
0.000337272
0.0113342
0.000229962
0.0113401
0.000121196
0.0113277
1.42478e-05
0.0112988
-8.60078e-05
0.0112557
-0.000178937
0.0112011
-0.00025989
0.0111374
-0.000330782
0.0110673
-0.000386258
0.0109928
-0.000432393
0.0109163
-0.000460591
0.010839
-0.000483217
0.0107633
-0.000484554
0.0106893
-0.000487506
0.0106198
-0.000462916
0.0105534
-0.000451836
0.0104942
-0.000401423
0.0104385
-0.000383668
0.0103927
-0.000305653
0.0103494
-0.000290714
-0.000180534
0.0112497
2.60828e-05
0.0112542
-3.75695e-06
0.011256
-3.55766e-05
0.0112545
-6.94387e-05
0.0112493
-0.000105337
0.0112398
-0.000143131
0.0112256
-0.000182543
0.0112063
-0.000223153
0.0111815
-0.000264423
0.011151
-0.000305708
0.0111147
-0.000346289
0.0110728
-0.0003854
0.0110255
-0.000422258
0.010973
-0.000456093
0.010916
-0.000486172
0.0108549
-0.000511822
0.0107905
-0.000532448
0.0107235
-0.000547541
0.0106547
-0.000556686
0.0105849
-0.000559563
0.010515
-0.000555947
0.0104459
-0.000545707
0.0103783
-0.000528795
0.0103133
-0.000505251
0.0102515
-0.00047519
0.0101939
-0.000438804
0.0101411
-0.000396357
0.0100941
-0.000348189
0.0100534
-0.000294708
0.0100197
-0.000236399
0.00999377
-0.000173824
0.00997609
-0.000107627
0.0099672
-3.85103e-05
0.00996754
3.27264e-05
0.00997746
0.000105172
0.00999721
0.000177865
0.0100269
0.000249753
0.0100666
0.000319706
0.0101162
0.000386504
0.0101755
0.000448866
0.0102438
0.000505401
0.0103207
0.000554698
0.0104051
0.000595231
0.0104957
0.000625547
0.0105911
0.000644117
0.0106892
0.000649678
0.0107876
0.000641029
0.0108835
0.000617543
0.0109739
0.00057895
0.0110557
0.000525869
0.0111259
0.000459597
0.0111822
0.000382248
0.0112228
0.000296693
0.0112468
0.000205892
0.0112544
0.000113665
0.0112461
2.24657e-05
0.0112237
-6.35247e-05
0.0111886
-0.000143831
0.011143
-0.000214358
0.011089
-0.000276744
0.0110288
-0.000326063
0.0109641
-0.000367664
0.0108971
-0.000393604
0.0108288
-0.000414956
0.0107616
-0.000417336
0.0106955
-0.000421373
0.0106332
-0.000400625
0.0105734
-0.000392055
0.01052
-0.00034806
0.0104696
-0.000333267
0.0104284
-0.000264382
0.0103894
-0.000251711
-0.000154003
0.0112218
2.05521e-05
0.0112248
-6.82438e-06
0.0112251
-3.58128e-05
0.0112221
-6.64555e-05
0.0112155
-9.87181e-05
0.0112048
-0.000132464
0.0111897
-0.000167444
0.0111698
-0.000203298
0.011145
-0.000239567
0.011115
-0.000275707
0.0110798
-0.000311114
0.0110395
-0.00034514
0.0109944
-0.000377125
0.0109447
-0.000406416
0.010891
-0.000432388
0.0108336
-0.000454465
0.0107733
-0.000472132
0.0107107
-0.000484943
0.0106465
-0.000492535
0.0105816
-0.000494624
0.0105166
-0.000491006
0.0104525
-0.00048156
0.0103899
-0.000466242
0.0103298
-0.000445082
0.0102728
-0.000418183
0.0102197
-0.000385717
0.0101713
-0.000347923
0.0101282
-0.000305109
0.0100911
-0.000257647
0.0100607
-0.000205981
0.0100375
-0.000150622
0.010022
-9.21507e-05
0.0100147
-3.12166e-05
0.010016
3.14618e-05
0.0100261
9.50638e-05
0.0100452
0.000158725
0.0100735
0.000221499
0.0101108
0.000282379
0.010157
0.000340278
0.0102118
0.000394067
0.0102747
0.000442537
0.0103449
0.000484474
0.0104216
0.000518593
0.0105034
0.000543696
0.010589
0.000558557
0.0106764
0.000562206
0.0107637
0.00055376
0.0108484
0.000532833
0.010928
0.000499328
0.0110001
0.00045386
0.0110621
0.000397532
0.0111123
0.000332096
0.0111491
0.000259828
0.0111719
0.000183114
0.0111806
0.000104941
0.0111757
2.74232e-05
0.0111583
-4.61324e-05
0.0111297
-0.000115217
0.0110916
-0.000176307
0.0110457
-0.000230813
0.0109939
-0.000274272
0.0109376
-0.000311373
0.0108789
-0.000334886
0.0108186
-0.000354642
0.0107589
-0.000357634
0.0106998
-0.000362271
0.010644
-0.000344807
0.0105901
-0.000338235
0.0105421
-0.000300023
0.0104966
-0.000287747
0.0104595
-0.000227271
0.0104243
-0.000216575
-0.000130461
0.011196
1.60696e-05
0.0111979
-8.72487e-06
0.0111969
-3.48336e-05
0.0111927
-6.22744e-05
0.011185
-9.0999e-05
0.0111734
-0.000120877
0.0111577
-0.000151688
0.0111375
-0.000183122
0.0111127
-0.000214789
0.0110833
-0.000246232
0.0110491
-0.000276941
0.0110103
-0.000306373
0.0109672
-0.000333971
0.0109199
-0.000359184
0.010869
-0.000381481
0.0108149
-0.000400372
0.0107582
-0.000415413
0.0106995
-0.000426221
0.0106394
-0.000432478
0.0105787
-0.000433935
0.0105181
-0.000430413
0.0104584
-0.000421801
0.0104002
-0.000408059
0.0103443
-0.000389213
0.0102915
-0.000365353
0.0102424
-0.000336631
0.0101978
-0.000303263
0.0101582
-0.000265525
0.0101243
-0.000223752
0.0100966
-0.000178345
0.0100758
-0.000129762
0.0100622
-7.85317e-05
0.0100562
-2.52264e-05
0.0100581
2.94975e-05
0.0100683
8.49176e-05
0.0100868
0.000140261
0.0101136
0.00019469
0.0101486
0.000247313
0.0101917
0.000297178
0.0102425
0.000343301
0.0103004
0.000384639
0.0103647
0.000420161
0.0104345
0.000448792
0.0105087
0.000469552
0.0105857
0.000481461
0.0106642
0.00048378
0.0107421
0.000475856
0.0108174
0.000457464
0.0108882
0.000428613
0.0109521
0.000389875
0.0110075
0.000342194
0.0110526
0.000286992
0.0110863
0.000226119
0.0111079
0.000161479
0.0111174
9.54904e-05
0.011115
2.97763e-05
0.0111017
-3.27787e-05
0.0110783
-9.18785e-05
0.0110465
-0.000144431
0.0110073
-0.000191662
0.0109626
-0.000229592
0.0109136
-0.000262305
0.010862
-0.000283314
0.0108086
-0.000301264
0.0107555
-0.000304541
0.0107026
-0.000309402
0.0106526
-0.000294756
0.0106041
-0.000289764
0.0105609
-0.000256778
0.0105198
-0.000246643
0.0104864
-0.000193935
0.0104548
-0.000184955
-0.000109644
0.0111726
1.24538e-05
0.0111736
-9.67912e-06
0.0111716
-3.28799e-05
0.0111665
-5.71475e-05
0.0111579
-8.24267e-05
0.0111456
-0.000108596
0.0111294
-0.000135463
0.0111091
-0.000162762
0.0110844
-0.000190165
0.0110555
-0.000217285
0.0110222
-0.000243698
0.0109848
-0.000268948
0.0109434
-0.00029257
0.0108983
-0.000314099
0.0108499
-0.00033309
0.0107987
-0.000349126
0.0107451
-0.00036183
0.0106898
-0.000370876
0.0106333
-0.00037599
0.0105763
-0.000376954
0.0105195
-0.000373614
0.0104636
-0.000365873
0.0104092
-0.000353693
0.0103571
-0.000337098
0.0103079
-0.000316165
0.0102623
-0.000291031
0.0102209
-0.000261884
0.0101844
-0.000228971
0.0101532
-0.000192591
0.010128
-0.000153096
0.0101091
-0.0001109
0.010097
-6.64594e-05
0.0100921
-2.02982e-05
0.0100946
2.70144e-05
0.0101047
7.48402e-05
0.0101224
0.0001225
0.0101478
0.00016926
0.0101808
0.000214344
0.0102211
0.000256927
0.0102682
0.000296161
0.0103217
0.00033116
0.0103808
0.000361055
0.0104446
0.000384955
0.0105121
0.000402064
0.010582
0.000411604
0.0106527
0.00041301
0.0107228
0.000405803
0.0107904
0.000389866
0.0108537
0.000365256
0.0109111
0.000332502
0.0109609
0.000292387
0.0110018
0.000246084
0.0110329
0.000195078
0.0110535
0.000140895
0.0110635
8.5495e-05
0.011063
3.01976e-05
0.0110529
-2.26826e-05
0.0110339
-7.28297e-05
0.0110071
-0.000117641
0.0109736
-0.000158163
0.0109349
-0.000190903
0.010892
-0.000219382
0.0108465
-0.000237873
0.0107992
-0.000253888
0.0107518
-0.000257204
0.0107044
-0.000262007
0.0106595
-0.00024979
0.0106157
-0.000246037
0.0105768
-0.000217801
0.0105396
-0.000209485
0.0105097
-0.000163984
0.0104812
-0.000156495
-9.12812e-05
0.0111517
9.55037e-06
0.0111519
-9.86878e-06
0.0111491
-3.01496e-05
0.0111433
-5.12783e-05
0.011134
-7.31979e-05
0.0111212
-9.57988e-05
0.0111047
-0.000118914
0.0110842
-0.000142319
0.0110598
-0.000165738
0.0110314
-0.000188851
0.010999
-0.000211302
0.0109628
-0.000232717
0.0109229
-0.000252706
0.0108797
-0.000270884
0.0108335
-0.000286879
0.0107847
-0.000300343
0.0107338
-0.000310959
0.0106814
-0.00031845
0.010628
-0.000322584
0.0105742
-0.000323177
0.0105207
-0.000320095
0.0104681
-0.000313256
0.010417
-0.000302627
0.0103681
-0.000288226
0.0103221
-0.000270124
0.0102795
-0.000248436
0.0102409
-0.00022333
0.010207
-0.000195019
0.0101782
-0.000163765
0.0101549
-0.000129878
0.0101378
-9.3714e-05
0.010127
-5.5678e-05
0.0101229
-1.62231e-05
0.0101258
2.41539e-05
0.0101357
6.4902e-05
0.0101528
0.000105433
0.0101769
0.000145114
0.010208
0.00018328
0.0102457
0.000219225
0.0102896
0.000252233
0.0103392
0.000281557
0.0103938
0.000306476
0.0104525
0.000326259
0.0105143
0.000340266
0.010578
0.000347882
0.0106423
0.000348677
0.0107058
0.000342301
0.010767
0.000328703
0.0108243
0.000307969
0.0108762
0.000280563
0.0109215
0.000247132
0.0109589
0.000208642
0.0109877
0.000166266
0.0110074
0.000121268
0.0110177
7.5161e-05
0.0110188
2.90622e-05
0.0110113
-1.51655e-05
0.0109958
-5.72591e-05
0.0109731
-9.50236e-05
0.0109443
-0.00012935
0.0109106
-0.000157225
0.0108729
-0.000181645
0.0108327
-0.000197644
0.0107904
-0.000211657
0.0107481
-0.000214828
0.0107054
-0.000219359
0.0106649
-0.000209254
0.0106253
-0.000206467
0.0105901
-0.000182574
0.0105564
-0.000175811
0.0105295
-0.000137025
0.0105038
-0.000130841
-7.51029e-05
0.0111332
7.22755e-06
0.0111328
-9.44503e-06
0.0111295
-2.68048e-05
0.011123
-4.48309e-05
0.0111133
-6.34685e-05
0.0111001
-8.26213e-05
0.0110834
-0.000102147
0.0110629
-0.00012186
0.0110387
-0.00014153
0.0110107
-0.000160895
0.0109791
-0.000179664
0.0109439
-0.000197529
0.0109054
-0.000214172
0.0108638
-0.000229277
0.0108194
-0.000242538
0.0107728
-0.000253666
0.0107242
-0.000262401
0.0106743
-0.000268513
0.0106235
-0.000271809
0.0105724
-0.000272134
0.0105217
-0.000269376
0.0104719
-0.000263465
0.0104237
-0.000254375
0.0103776
-0.000242122
0.0103342
-0.000226764
0.0102942
-0.000208402
0.010258
-0.000187177
0.0102263
-0.000163273
0.0101994
-0.000136913
0.0101779
-0.000108364
0.0101621
-7.79288e-05
0.0101524
-4.59554e-05
0.010149
-1.2829e-05
0.0101521
2.10259e-05
0.0101619
5.51427e-05
0.0101783
8.90225e-05
0.0102013
0.00012213
0.0102307
0.000153906
0.0102661
0.00018376
0.0103073
0.000211096
0.0103535
0.000235296
0.0104042
0.000255772
0.0104586
0.000271933
0.0105156
0.000283268
0.0105741
0.000289298
0.0106331
0.000289698
0.0106912
0.000284213
0.0107471
0.000272832
0.0107994
0.000255651
0.0108469
0.000233064
0.0108884
0.000205601
0.010923
0.000174045
0.01095
0.000139322
0.0109688
0.000102444
0.0109793
6.4626e-05
0.0109816
2.67411e-05
0.0109762
-9.71137e-06
0.0109634
-4.44959e-05
0.0109442
-7.5809e-05
0.0109193
-0.000104391
0.0108897
-0.000127701
0.0108563
-0.00014824
0.0108205
-0.000161796
0.0107826
-0.000173778
0.0107444
-0.000176671
0.0107059
-0.000180772
0.0106691
-0.000172524
0.0106331
-0.000170482
0.0106012
-0.000150591
0.0105705
-0.000145161
0.0105462
-0.00011267
0.0105229
-0.000107634
-6.08351e-05
0.0111174
5.37163e-06
0.0111165
-8.53471e-06
0.0111127
-2.29794e-05
0.0111058
-3.79384e-05
0.0110957
-5.33622e-05
0.0110822
-6.9169e-05
0.0110653
-8.52415e-05
0.0110449
-0.000101427
0.0110209
-0.000117542
0.0109934
-0.000133373
0.0109624
-0.000148687
0.0109281
-0.000163238
0.0108907
-0.00017677
0.0108504
-0.000189029
0.0108077
-0.000199769
0.0107628
-0.000208758
0.0107161
-0.000215786
0.0106683
-0.000220665
0.0106197
-0.000223239
0.010571
-0.000223382
0.0105226
-0.000221003
0.0104752
-0.000216045
0.0104293
-0.000208485
0.0103855
-0.000198337
0.0103444
-0.000185651
0.0103065
-0.000170509
0.0102723
-0.000153029
0.0102424
-0.000133364
0.0102172
-0.000111701
0.0101971
-8.82588e-05
0.0101825
-6.32928e-05
0.0101736
-3.709e-05
0.0101708
-9.97077e-06
0.0101741
1.77132e-05
0.0101836
4.55768e-05
0.0101995
7.32083e-05
0.0102214
0.000100168
0.0102493
0.000125997
0.0102829
0.000150214
0.0103216
0.000172334
0.0103651
0.000191861
0.0104125
0.000208323
0.0104632
0.000221253
0.0105162
0.000230253
0.0105706
0.000234953
0.0106251
0.000235111
0.0106788
0.000230544
0.0107304
0.000221262
0.0107787
0.000207356
0.0108226
0.000189158
0.0108611
0.000167083
0.0108934
0.000141756
0.0109188
0.000113909
0.0109369
8.43221e-05
0.0109476
5.39595e-05
0.0109508
2.34937e-05
0.010947
-5.87983e-06
0.0109365
-3.39749e-05
0.01092
-5.93344e-05
0.0108982
-8.25625e-05
0.0108721
-0.00010157
0.0108422
-0.0001184
0.01081
-0.000129572
0.0107757
-0.00013952
0.0107411
-0.000142039
0.0107059
-0.000145593
0.0106724
-0.000138998
0.0106394
-0.000137529
0.0106102
-0.00012136
0.0105821
-0.000117083
0.01056
-9.05338e-05
0.0105389
-8.65186e-05
-4.82032e-05
0.0111041
3.88441e-06
0.0111028
-7.24555e-06
0.0110986
-1.87842e-05
0.0110914
-3.07087e-05
0.011081
-4.29768e-05
0.0110674
-5.5522e-05
0.0110504
-6.82512e-05
0.01103
-8.10445e-05
0.0110062
-9.37578e-05
0.0109791
-0.000106226
0.0109487
-0.000118269
0.0109151
-0.000129693
0.0108786
-0.000140302
0.0108395
-0.000149899
0.010798
-0.000158292
0.0107546
-0.0001653
0.0107096
-0.00017076
0.0106634
-0.000174526
0.0106167
-0.000176474
0.0105698
-0.000176506
0.0105233
-0.00017455
0.0104778
-0.000170562
0.0104339
-0.000164524
0.010392
-0.000156448
0.0103527
-0.000146372
0.0103166
-0.000134363
0.0102841
-0.000120515
0.0102556
-0.00010495
0.0102318
-8.78172e-05
0.0102128
-6.92923e-05
0.0101991
-4.95784e-05
0.0101909
-2.89046e-05
0.0101884
-7.52605e-06
0.0101919
1.4277e-05
0.0102013
3.6199e-05
0.0102166
5.79137e-05
0.0102376
7.90733e-05
0.0102643
9.93157e-05
0.0102963
0.000118263
0.0103331
0.000135536
0.0103742
0.000150749
0.010419
0.000163537
0.0104667
0.000173543
0.0105165
0.000180464
0.0105674
0.000184024
0.0106185
0.000184048
0.0106686
0.000180405
0.0107167
0.000173116
0.0107618
0.00016226
0.0108029
0.000148099
0.010839
0.000130957
0.0108695
0.00011131
0.0108937
8.97225e-05
0.0109112
6.67779e-05
0.010922
4.32119e-05
0.0109259
1.9548e-05
0.0109233
-3.31053e-06
0.0109146
-2.52138e-05
0.0109003
-4.5026e-05
0.0108809
-6.3224e-05
0.0108575
-7.81541e-05
0.0108305
-9.14254e-05
0.0108012
-0.000100273
0.0107699
-0.000108201
0.0107382
-0.000110278
0.0107058
-0.000113204
0.0106749
-0.000108103
0.0106444
-0.000107073
0.0106175
-9.4398e-05
0.0105915
-9.11353e-05
0.0105712
-7.02367e-05
0.0105518
-6.714e-05
-3.69328e-05
0.0110935
2.67821e-06
0.0110919
-5.67046e-06
0.0110874
-1.43134e-05
0.01108
-2.3231e-05
0.0110694
-3.23903e-05
0.0110556
-4.17411e-05
0.0110386
-5.12136e-05
0.0110182
-6.07192e-05
0.0109946
-7.01517e-05
0.0109678
-7.93902e-05
0.0109378
-8.8302e-05
0.0109049
-9.67466e-05
0.0108692
-0.000104579
0.0108309
-0.000111656
0.0107905
-0.000117836
0.0107481
-0.000122987
0.0107044
-0.000126989
0.0106596
-0.000129733
0.0106142
-0.00013113
0.0105688
-0.000131106
0.0105239
-0.00012961
0.0104799
-0.000126606
0.0104375
-0.000122084
0.0103971
-0.000116051
0.0103593
-0.000108537
0.0103245
-9.95907e-05
0.0102933
-8.9284e-05
0.010266
-7.77078e-05
0.0102432
-6.49736e-05
0.0102251
-5.12131e-05
0.0102121
-3.65784e-05
0.0102044
-2.12408e-05
0.0102023
-5.39124e-06
0.0102058
1.07612e-05
0.010215
2.69887e-05
0.0102299
4.30485e-05
0.0102503
5.86821e-05
0.010276
7.3621e-05
0.0103067
8.75861e-05
0.0103419
0.000100298
0.0103812
0.000111474
0.0104239
0.000120848
0.0104692
0.000128161
0.0105165
0.000133196
0.0105648
0.000135755
0.0106131
0.000135718
0.0106605
0.000132996
0.010706
0.00012761
0.0107487
0.000119624
0.0107875
0.000109231
0.0108218
9.66697e-05
0.0108508
8.22848e-05
0.0108741
6.64841e-05
0.0108912
4.96877e-05
0.0109019
3.2432e-05
0.0109064
1.50761e-05
0.0109048
-1.69241e-06
0.0108974
-1.77939e-05
0.0108847
-3.23772e-05
0.0108673
-4.58039e-05
0.010846
-5.68375e-05
0.0108212
-6.6679e-05
0.0107942
-7.3257e-05
0.0107652
-7.91843e-05
0.0107357
-8.07702e-05
0.0107055
-8.30134e-05
0.0106767
-7.92823e-05
0.0106482
-7.85947e-05
0.0106231
-6.92362e-05
0.0105988
-6.68801e-05
0.01058
-5.14039e-05
0.010562
-4.91458e-05
-2.67506e-05
0.0110855
1.6745e-06
0.0110837
-3.89139e-06
0.011079
-9.6476e-06
0.0110714
-1.55799e-05
0.0110607
-2.16661e-05
0.0110468
-2.78721e-05
0.0110297
-3.41519e-05
0.0110095
-4.04467e-05
0.010986
-4.66868e-05
0.0109594
-5.27927e-05
0.0109298
-5.86773e-05
0.0108973
-6.42487e-05
0.0108621
-6.94121e-05
0.0108245
-7.40728e-05
0.0107848
-7.81389e-05
0.0107434
-8.15234e-05
0.0107005
-8.41469e-05
0.0106567
-8.59389e-05
0.0106124
-8.68398e-05
0.0105681
-8.68018e-05
0.0105243
-8.57897e-05
0.0104815
-8.37817e-05
0.0104402
-8.07697e-05
0.0104009
-7.67593e-05
0.0103641
-7.177e-05
0.0103304
-6.58352e-05
0.0103001
-5.90018e-05
0.0102737
-5.13307e-05
0.0102516
-4.28959e-05
0.0102342
-3.37858e-05
0.0102217
-2.41011e-05
0.0102144
-1.39555e-05
0.0102125
-3.4769e-06
0.0102161
7.19661e-06
0.0102252
1.79136e-05
0.0102397
2.85129e-05
0.0102596
3.88236e-05
0.0102845
4.86682e-05
0.0103142
5.78626e-05
0.0103483
6.62231e-05
0.0103862
7.35642e-05
0.0104274
7.9712e-05
0.010471
8.44982e-05
0.0105164
8.77824e-05
0.0105628
8.94381e-05
0.0106091
8.93888e-05
0.0106545
8.75799e-05
0.0106981
8.40284e-05
0.0107389
7.87781e-05
0.0107762
7.19569e-05
0.0108091
6.37206e-05
0.0108371
5.42946e-05
0.0108597
4.39426e-05
0.0108764
3.29372e-05
0.0108872
2.16287e-05
0.0108921
1.02428e-05
0.0108911
-7.60299e-07
0.0108847
-1.13424e-05
0.0108732
-2.0932e-05
0.0108572
-2.97805e-05
0.0108374
-3.70545e-05
0.0108143
-4.35655e-05
0.010789
-4.79172e-05
0.0107617
-5.18642e-05
0.0107338
-5.29277e-05
0.0107053
-5.44516e-05
0.010678
-5.20013e-05
0.010651
-5.15889e-05
0.0106271
-4.5414e-05
0.0106042
-4.38888e-05
0.0105864
-3.36653e-05
0.0105695
-3.21863e-05
-1.73839e-05
0.0110802
8.03311e-07
0.0110782
-1.98011e-06
0.0110735
-4.85617e-06
0.0110657
-7.81827e-06
0.0110549
-1.0855e-05
0.011041
-1.39496e-05
0.0110239
-1.70788e-05
0.0110037
-2.02136e-05
0.0109803
-2.33191e-05
0.0109539
-2.63561e-05
0.0109245
-2.92815e-05
0.0108923
-3.20498e-05
0.0108575
-3.4614e-05
0.0108203
-3.69273e-05
0.0107811
-3.89442e-05
0.0107402
-4.06217e-05
0.010698
-4.19202e-05
0.0106549
-4.2805e-05
0.0106113
-4.32464e-05
0.0105677
-4.32207e-05
0.0105246
-4.27104e-05
0.0104825
-4.17047e-05
0.010442
-4.01996e-05
0.0104034
-3.81979e-05
0.0103673
-3.57093e-05
0.0103342
-3.27507e-05
0.0103046
-2.93453e-05
0.0102788
-2.55236e-05
0.0102572
-2.13227e-05
0.0102402
-1.67867e-05
0.0102281
-1.19658e-05
0.010221
-6.91689e-06
0.0102193
-1.70372e-06
0.0102229
3.60467e-06
0.0102318
8.93285e-06
0.0102461
1.42005e-05
0.0102657
1.93226e-05
0.0102901
2.42107e-05
0.0103192
2.87734e-05
0.0103525
3.29197e-05
0.0103895
3.65577e-05
0.0104296
3.96015e-05
0.0104721
4.19682e-05
0.0105163
4.35888e-05
0.0105614
4.44018e-05
0.0106064
4.43701e-05
0.0106505
4.34676e-05
0.0106928
4.17035e-05
0.0107325
3.91007e-05
0.0107687
3.57209e-05
0.0108008
3.16448e-05
0.0108281
2.69795e-05
0.0108502
2.18588e-05
0.0108667
1.6411e-05
0.0108776
1.08149e-05
0.0108826
5.17857e-06
0.0108821
-2.70688e-07
0.0108763
-5.51955e-06
0.0108657
-1.02693e-05
0.0108505
-1.46699e-05
0.0108318
-1.82731e-05
0.0108097
-2.15248e-05
0.0107855
-2.36762e-05
0.0107593
-2.56654e-05
0.0107325
-2.61779e-05
0.010705
-2.69725e-05
0.0106788
-2.57306e-05
0.0106528
-2.55687e-05
0.0106298
-2.24681e-05
0.0106077
-2.17514e-05
0.0105906
-1.66374e-05
0.0105744
-1.5927e-05
-8.55783e-06
0.0110775
0.0110755
0.0110707
0.0110628
0.011052
0.011038
0.011021
0.0110008
0.0109774
0.0109511
0.0109218
0.0108897
0.0108551
0.0108182
0.0107793
0.0107386
0.0106967
0.0106539
0.0106107
0.0105674
0.0105247
0.010483
0.0104428
0.0104046
0.0103689
0.0103362
0.0103068
0.0102813
0.01026
0.0102432
0.0102312
0.0102243
0.0102226
0.0102262
0.0102351
0.0102493
0.0102687
0.0102929
0.0103217
0.0103546
0.0103911
0.0104307
0.0104727
0.0105163
0.0105607
0.0106051
0.0106485
0.0106902
0.0107293
0.0107651
0.0107967
0.0108237
0.0108455
0.0108619
0.0108728
0.0108779
0.0108777
0.0108722
0.0108619
0.0108472
0.0108289
0.0108074
0.0107837
0.0107581
0.0107319
0.0107049
0.0106792
0.0106536
0.0106312
0.0106094
0.0105928
0.0105768
)
;

boundaryField
{
    inlet
    {
        type            calculated;
        value           nonuniform 0();
    }
    outlet
    {
        type            calculated;
        value           nonuniform List<scalar> 
50
(
0.00831597
0.00849958
0.0086809
0.00885811
0.0090291
0.00919142
0.00934303
0.00948262
0.00960983
0.0097251
0.00982934
0.00992356
0.0100086
0.0100853
0.0101542
0.0102159
0.0102709
0.0103197
0.0103628
0.0104008
0.010434
0.0104628
0.0104876
0.0105087
0.0105262
0.0105406
0.0105518
0.0105601
0.0105656
0.0105683
0.00357287
0.00359021
0.00361381
0.00364292
0.00367677
0.00371468
0.003756
0.00380014
0.0038466
0.00389492
0.00394471
0.00399567
0.00404753
0.00410008
0.00415318
0.0042067
0.00426056
0.00431469
0.00436906
0.00442357
)
;
    }
    cylinder
    {
        type            calculated;
        value           nonuniform 0();
    }
    top
    {
        type            symmetryPlane;
        value           uniform 0;
    }
    bottom
    {
        type            symmetryPlane;
        value           nonuniform 0();
    }
    defaultFaces
    {
        type            empty;
        value           nonuniform 0();
    }
    procBoundary3to1
    {
        type            processor;
        value           nonuniform List<scalar> 
77
(
-0.00298335
-0.00450225
-0.00573288
-0.00659994
-0.00710756
-0.00732054
-0.00734725
-0.00731533
-0.0072925
-0.00719476
-0.00680597
-0.00593229
-0.00454705
-0.00278468
-0.000841806
0.00108377
0.00281964
0.00422365
0.00522543
0.00583696
0.00613265
0.00621375
0.00617544
0.00608584
0.00598504
0.00590403
0.00587922
0.00593445
0.00603881
0.00608397
0.00591511
0.00540089
0.00449177
0.00323166
0.00173304
0.000144654
-0.00137877
-0.00270677
-0.00375614
-0.00450405
-0.00497899
-0.00524004
-0.00535439
-0.00538025
-0.0053596
-0.00532225
-0.00529477
-0.00530216
-0.00535532
-0.00543284
-0.00547478
-0.00539842
-0.00512846
-0.00462252
-0.00387925
-0.00293227
-0.00183955
-0.000675082
0.000480634
0.00155098
0.00247575
0.00321824
0.00377154
0.00414985
0.00438365
0.00450723
0.00455698
0.00456944
0.00457016
0.00458068
0.00457053
0.00454282
0.00435913
0.00416014
0.00354034
0.00323227
0.00188508
)
;
    }
    procBoundary3to2
    {
        type            processor;
        value           nonuniform List<scalar> 
54
(
-0.000739982
-0.000313652
7.9566e-05
0.000407121
0.000667971
0.00056771
0.000340428
0.00044621
0.000424832
0.000245038
-0.000105636
-0.000646965
-0.000154072
-0.00134144
-0.00196521
-0.0026126
-0.00321747
0.000596796
-0.00372494
-0.0041392
-0.00441888
-0.00457726
0.000849612
-0.004747
-0.0106984
-0.0110974
-0.0113096
-0.011428
-0.0114951
-0.0115302
-0.0115436
-0.0115421
-0.0115303
-0.0115112
-0.0114869
-0.011459
-0.0114287
-0.011397
-0.0113648
-0.0113328
-0.0113015
-0.0112715
-0.0112429
-0.0112162
-0.0111915
-0.011169
-0.0111488
-0.0111309
-0.0111155
-0.0111026
-0.0110923
-0.0110845
-0.0110793
-0.0110767
)
;
    }
}


// ************************************************************************* //
