/*--------------------------------*- C++ -*----------------------------------*\
  =========                 |
  \\      /  F ield         | OpenFOAM: The Open Source CFD Toolbox
   \\    /   O peration     | Website:  https://openfoam.org
    \\  /    A nd           | Version:  7
     \\/     M anipulation  |
\*---------------------------------------------------------------------------*/
FoamFile
{
    version     2.0;
    format      ascii;
    class       volScalarField;
    location    "55";
    object      p;
}
// * * * * * * * * * * * * * * * * * * * * * * * * * * * * * * * * * * * * * //

dimensions      [0 2 -2 0 0 0 0];

internalField   nonuniform List<scalar> 
6000
(
-0.241944
-0.244021
-0.244882
-0.245681
-0.246343
-0.24693
-0.247483
-0.248017
-0.248536
-0.249039
-0.249518
-0.249965
-0.250368
-0.250717
-0.251002
-0.251212
-0.251339
-0.251376
-0.251318
-0.251165
-0.242056
-0.244117
-0.244973
-0.245766
-0.246424
-0.247007
-0.247557
-0.248088
-0.248605
-0.249106
-0.249583
-0.250028
-0.250429
-0.250777
-0.25106
-0.251268
-0.251393
-0.251426
-0.251363
-0.251203
-0.242283
-0.244313
-0.245157
-0.245939
-0.246588
-0.247164
-0.247708
-0.248233
-0.248746
-0.249243
-0.249717
-0.250158
-0.250557
-0.250903
-0.251184
-0.251389
-0.25151
-0.251538
-0.251468
-0.251295
-0.242622
-0.244606
-0.245432
-0.246197
-0.246833
-0.247398
-0.247932
-0.24845
-0.248956
-0.249446
-0.249915
-0.250353
-0.250748
-0.251091
-0.251369
-0.251572
-0.251688
-0.25171
-0.251629
-0.251441
-0.251148
-0.24307
-0.244993
-0.245795
-0.246538
-0.247156
-0.247706
-0.248227
-0.248734
-0.24923
-0.249713
-0.250175
-0.250607
-0.250998
-0.251336
-0.251611
-0.25181
-0.251921
-0.251935
-0.251842
-0.251635
-0.251314
-0.243619
-0.24547
-0.246242
-0.246958
-0.247553
-0.248084
-0.248588
-0.249081
-0.249564
-0.250037
-0.25049
-0.250915
-0.251299
-0.251633
-0.251903
-0.252097
-0.252203
-0.252208
-0.252101
-0.251872
-0.251517
-0.244266
-0.24603
-0.246767
-0.247451
-0.248019
-0.248526
-0.24901
-0.249484
-0.249952
-0.250411
-0.250853
-0.251268
-0.251645
-0.251972
-0.252236
-0.252425
-0.252525
-0.25252
-0.252398
-0.252146
-0.251754
-0.245001
-0.24667
-0.247367
-0.248012
-0.248548
-0.249027
-0.249486
-0.249938
-0.250387
-0.250829
-0.251256
-0.251659
-0.252026
-0.252344
-0.252602
-0.252784
-0.252876
-0.252862
-0.252724
-0.252447
-0.252015
-0.245817
-0.247382
-0.248034
-0.248636
-0.249134
-0.24958
-0.250009
-0.250435
-0.25086
-0.251281
-0.25169
-0.252078
-0.252432
-0.252739
-0.252988
-0.253162
-0.253246
-0.253221
-0.253067
-0.252765
-0.252294
-0.246707
-0.24816
-0.248763
-0.249316
-0.249771
-0.250179
-0.250573
-0.250966
-0.251363
-0.251759
-0.252146
-0.252514
-0.252852
-0.253146
-0.253383
-0.253547
-0.25362
-0.253584
-0.253415
-0.253088
-0.252579
-0.247662
-0.248998
-0.249547
-0.250047
-0.250453
-0.250816
-0.251169
-0.251525
-0.251888
-0.252253
-0.252613
-0.252958
-0.253275
-0.253552
-0.253774
-0.253925
-0.253987
-0.253937
-0.253752
-0.253402
-0.252857
-0.248673
-0.249889
-0.25038
-0.250821
-0.251173
-0.251486
-0.251791
-0.252103
-0.252425
-0.252754
-0.253081
-0.253397
-0.25369
-0.253945
-0.254148
-0.254283
-0.254329
-0.254265
-0.254063
-0.253689
-0.25311
-0.25227
-0.249732
-0.250827
-0.251257
-0.251634
-0.251925
-0.25218
-0.25243
-0.252691
-0.252966
-0.253252
-0.253541
-0.253823
-0.254084
-0.254313
-0.254492
-0.254606
-0.254635
-0.254552
-0.25433
-0.253933
-0.253318
-0.252428
-0.250834
-0.251807
-0.252172
-0.252479
-0.252703
-0.252893
-0.253081
-0.253283
-0.253504
-0.25374
-0.253983
-0.254224
-0.254449
-0.254645
-0.254795
-0.254884
-0.254888
-0.254783
-0.254538
-0.254114
-0.253461
-0.252534
-0.251971
-0.252825
-0.253121
-0.253353
-0.253503
-0.25362
-0.253738
-0.253873
-0.25403
-0.254208
-0.254399
-0.254591
-0.254773
-0.25493
-0.255046
-0.255102
-0.255077
-0.254944
-0.25467
-0.254215
-0.253522
-0.252567
-0.253138
-0.253875
-0.2541
-0.254251
-0.25432
-0.254356
-0.254394
-0.254453
-0.254539
-0.254651
-0.254781
-0.254918
-0.25505
-0.255161
-0.255236
-0.255253
-0.255192
-0.255024
-0.254713
-0.254221
-0.253471
-0.252506
-0.250693
-0.254332
-0.254957
-0.255106
-0.255172
-0.255151
-0.255097
-0.255047
-0.25502
-0.255026
-0.255063
-0.255124
-0.255198
-0.255272
-0.255331
-0.255357
-0.25533
-0.255225
-0.255014
-0.254658
-0.254121
-0.253298
-0.252337
-0.250236
-0.255552
-0.256068
-0.256139
-0.256112
-0.255994
-0.255841
-0.255693
-0.255571
-0.255487
-0.25544
-0.255424
-0.255427
-0.255437
-0.255436
-0.255406
-0.255327
-0.255171
-0.254908
-0.254498
-0.253909
-0.252989
-0.252044
-0.249594
-0.256796
-0.25721
-0.257197
-0.257072
-0.256849
-0.256587
-0.256331
-0.256105
-0.255921
-0.255781
-0.255679
-0.255604
-0.255541
-0.255474
-0.255382
-0.255243
-0.255028
-0.254706
-0.254228
-0.253579
-0.252539
-0.251616
-0.248772
-0.249536
-0.258067
-0.258383
-0.258284
-0.258053
-0.257715
-0.257336
-0.256961
-0.25662
-0.256328
-0.256087
-0.255891
-0.25573
-0.255588
-0.255447
-0.255286
-0.25508
-0.254798
-0.254406
-0.253849
-0.253128
-0.251945
-0.251034
-0.247789
-0.2489
-0.259369
-0.25959
-0.2594
-0.259057
-0.258596
-0.258088
-0.257585
-0.257121
-0.25671
-0.256359
-0.256062
-0.255808
-0.25558
-0.255359
-0.255122
-0.25484
-0.254482
-0.254009
-0.253358
-0.252551
-0.251207
-0.250276
-0.246674
-0.247954
-0.260708
-0.260837
-0.26055
-0.260087
-0.259493
-0.258848
-0.258208
-0.257609
-0.257073
-0.256603
-0.256198
-0.255843
-0.255523
-0.255215
-0.254895
-0.25453
-0.254084
-0.253517
-0.252756
-0.25184
-0.250325
-0.249314
-0.245445
-0.246653
-0.23522
-0.262092
-0.262131
-0.261741
-0.261149
-0.260414
-0.259621
-0.258833
-0.258092
-0.257421
-0.256827
-0.256305
-0.255844
-0.255426
-0.255024
-0.254612
-0.254153
-0.253606
-0.252928
-0.252036
-0.250981
-0.24929
-0.24812
-0.244102
-0.244981
-0.234098
-0.26353
-0.263479
-0.262978
-0.262249
-0.261363
-0.260413
-0.259469
-0.258578
-0.257764
-0.257038
-0.256395
-0.255821
-0.255297
-0.254795
-0.254281
-0.253715
-0.25305
-0.252238
-0.251192
-0.24996
-0.248087
-0.246671
-0.242618
-0.242955
-0.232942
-0.265036
-0.264891
-0.26427
-0.263397
-0.262349
-0.261233
-0.260124
-0.259074
-0.258112
-0.257247
-0.256477
-0.255786
-0.255149
-0.254536
-0.253908
-0.253218
-0.252412
-0.251438
-0.250208
-0.248757
-0.246692
-0.244954
-0.240947
-0.240615
-0.231642
-0.266622
-0.266373
-0.265631
-0.2646
-0.263382
-0.26209
-0.260809
-0.259594
-0.258476
-0.257468
-0.256565
-0.255748
-0.254991
-0.254256
-0.253496
-0.25266
-0.251686
-0.250515
-0.249066
-0.247351
-0.245076
-0.242961
-0.239038
-0.238004
-0.230102
-0.268304
-0.267942
-0.267068
-0.265869
-0.26447
-0.262995
-0.261534
-0.260148
-0.25887
-0.257714
-0.256671
-0.255722
-0.254833
-0.253959
-0.253048
-0.252037
-0.250861
-0.249453
-0.247743
-0.245721
-0.243207
-0.240682
-0.236845
-0.235139
-0.228237
-0.2701
-0.269612
-0.268593
-0.267215
-0.265627
-0.263961
-0.262313
-0.26075
-0.259307
-0.257997
-0.256808
-0.255717
-0.254682
-0.25365
-0.252559
-0.251339
-0.24992
-0.248232
-0.246218
-0.243853
-0.241065
-0.238112
-0.234331
-0.231972
-0.225963
-0.272026
-0.271394
-0.27022
-0.268652
-0.266864
-0.264999
-0.263159
-0.261414
-0.259801
-0.258331
-0.256989
-0.255742
-0.254542
-0.253326
-0.252022
-0.250553
-0.248846
-0.246833
-0.244474
-0.241739
-0.23864
-0.235262
-0.231472
-0.22839
-0.223222
-0.274105
-0.273302
-0.271961
-0.270191
-0.268195
-0.266123
-0.264085
-0.262154
-0.260366
-0.258729
-0.257222
-0.255804
-0.254415
-0.252983
-0.251426
-0.249663
-0.247621
-0.245243
-0.242503
-0.23938
-0.235943
-0.232171
-0.228279
-0.22436
-0.220084
-0.276346
-0.275356
-0.273831
-0.271847
-0.269632
-0.267347
-0.265106
-0.262983
-0.261015
-0.259201
-0.257515
-0.255904
-0.254296
-0.252609
-0.250755
-0.24865
-0.24623
-0.243449
-0.240303
-0.236787
-0.232998
-0.228887
-0.224801
-0.220254
-0.216578
-0.278773
-0.277568
-0.275844
-0.273633
-0.27119
-0.268684
-0.266235
-0.263916
-0.261759
-0.259758
-0.257873
-0.256041
-0.254178
-0.252192
-0.249992
-0.247498
-0.24466
-0.24145
-0.237884
-0.233979
-0.229844
-0.22544
-0.22108
-0.216323
-0.212302
-0.281405
-0.279953
-0.278014
-0.275563
-0.272883
-0.27015
-0.267487
-0.264965
-0.26261
-0.260404
-0.258297
-0.25621
-0.254049
-0.251715
-0.249119
-0.246194
-0.242905
-0.239248
-0.235262
-0.230981
-0.226522
-0.22185
-0.217256
-0.21232
-0.208001
-0.284258
-0.282526
-0.280356
-0.277651
-0.274723
-0.271757
-0.268873
-0.266141
-0.263574
-0.261143
-0.258783
-0.256401
-0.253894
-0.25116
-0.248121
-0.244726
-0.240964
-0.236856
-0.232458
-0.227821
-0.223063
-0.218156
-0.213359
-0.208289
-0.203811
-0.28735
-0.2853
-0.282883
-0.27991
-0.276726
-0.273519
-0.270408
-0.267453
-0.264657
-0.261975
-0.259324
-0.2566
-0.253693
-0.250509
-0.246984
-0.24309
-0.238843
-0.234286
-0.229494
-0.224527
-0.219497
-0.214382
-0.209414
-0.204242
-0.19965
-0.290697
-0.288291
-0.28561
-0.282355
-0.278905
-0.275449
-0.272101
-0.26891
-0.265863
-0.262895
-0.259909
-0.256789
-0.253428
-0.249744
-0.245696
-0.241284
-0.236549
-0.231557
-0.226393
-0.221121
-0.215847
-0.210548
-0.205434
-0.200173
-0.195514
-0.294312
-0.291511
-0.28855
-0.284999
-0.281272
-0.277559
-0.273963
-0.270518
-0.267189
-0.263895
-0.260521
-0.256948
-0.253079
-0.248851
-0.244251
-0.239311
-0.234096
-0.228687
-0.223174
-0.217623
-0.212126
-0.206663
-0.20142
-0.196081
-0.191365
-0.298209
-0.294973
-0.291715
-0.287856
-0.283842
-0.279862
-0.276002
-0.272277
-0.268631
-0.26496
-0.261141
-0.257056
-0.252626
-0.247816
-0.242646
-0.237177
-0.231495
-0.22569
-0.219852
-0.214045
-0.208346
-0.202732
-0.197372
-0.191959
-0.187191
-0.3024
-0.298689
-0.295117
-0.290937
-0.286627
-0.282366
-0.278224
-0.274188
-0.270179
-0.266075
-0.261747
-0.25709
-0.252051
-0.24663
-0.240881
-0.234891
-0.228758
-0.22258
-0.216441
-0.210395
-0.204509
-0.198757
-0.193284
-0.187802
-0.182977
-0.306894
-0.302667
-0.298769
-0.294254
-0.289637
-0.285081
-0.280629
-0.276243
-0.271817
-0.267216
-0.262313
-0.257027
-0.251338
-0.245286
-0.238957
-0.232458
-0.225897
-0.219368
-0.212946
-0.206679
-0.200617
-0.194733
-0.189152
-0.1836
-0.178717
-0.311698
-0.306918
-0.30268
-0.297819
-0.292881
-0.288011
-0.283218
-0.278433
-0.273528
-0.268358
-0.262814
-0.256846
-0.250475
-0.243781
-0.236878
-0.229887
-0.222918
-0.216058
-0.209372
-0.202896
-0.196667
-0.190656
-0.184969
-0.179349
-0.174403
-0.316819
-0.311448
-0.306859
-0.301641
-0.296368
-0.291157
-0.285983
-0.280741
-0.275284
-0.269473
-0.263222
-0.256525
-0.249449
-0.242111
-0.234646
-0.227183
-0.219826
-0.212654
-0.205718
-0.199044
-0.192654
-0.186521
-0.180729
-0.175041
-0.170029
-0.322259
-0.316263
-0.311312
-0.305725
-0.3001
-0.294518
-0.288911
-0.283145
-0.277059
-0.270529
-0.26351
-0.256047
-0.248252
-0.240275
-0.232264
-0.224348
-0.216624
-0.209156
-0.201982
-0.195117
-0.188572
-0.18232
-0.176425
-0.17067
-0.165589
-0.328016
-0.321364
-0.316044
-0.310077
-0.304077
-0.298084
-0.291985
-0.285616
-0.278817
-0.271493
-0.263653
-0.255395
-0.246876
-0.23827
-0.229731
-0.221383
-0.213309
-0.205559
-0.198158
-0.19111
-0.184415
-0.178046
-0.17205
-0.166229
-0.161078
-0.334085
-0.32675
-0.321055
-0.314695
-0.308293
-0.301842
-0.295178
-0.28812
-0.280521
-0.272334
-0.263626
-0.254555
-0.245314
-0.236094
-0.227048
-0.218287
-0.209879
-0.20186
-0.19424
-0.187015
-0.180175
-0.173692
-0.167597
-0.161713
-0.15649
-0.340459
-0.332418
-0.326342
-0.319574
-0.312737
-0.305767
-0.298458
-0.290618
-0.282133
-0.273017
-0.263406
-0.253513
-0.243559
-0.233743
-0.224209
-0.215054
-0.206327
-0.19805
-0.190219
-0.182823
-0.175844
-0.169251
-0.163059
-0.157116
-0.151821
-0.347122
-0.338357
-0.331898
-0.324703
-0.317389
-0.309832
-0.301786
-0.293067
-0.283612
-0.273511
-0.262973
-0.252256
-0.241604
-0.231212
-0.221211
-0.211678
-0.202647
-0.194121
-0.186089
-0.178528
-0.171413
-0.164714
-0.15843
-0.152431
-0.147066
-0.354055
-0.344554
-0.337708
-0.330064
-0.322223
-0.313999
-0.305115
-0.295418
-0.284916
-0.273786
-0.262306
-0.250772
-0.23944
-0.228494
-0.218046
-0.208152
-0.198829
-0.190065
-0.181838
-0.174119
-0.166875
-0.160075
-0.153703
-0.147653
-0.142219
-0.361233
-0.350988
-0.343751
-0.335633
-0.327204
-0.318221
-0.308395
-0.297623
-0.286006
-0.273813
-0.261386
-0.24905
-0.237059
-0.22558
-0.214704
-0.204466
-0.194863
-0.185871
-0.177459
-0.169588
-0.162222
-0.155325
-0.148873
-0.142776
-0.137276
-0.368622
-0.357633
-0.350002
-0.341375
-0.332288
-0.322446
-0.311568
-0.299631
-0.286842
-0.273564
-0.260195
-0.247075
-0.234449
-0.222461
-0.211177
-0.200609
-0.190739
-0.18153
-0.17294
-0.164927
-0.157446
-0.150459
-0.143932
-0.137796
-0.132233
-0.376182
-0.364457
-0.356425
-0.347248
-0.337422
-0.326613
-0.314576
-0.30139
-0.287384
-0.273012
-0.258714
-0.244835
-0.231599
-0.219125
-0.207451
-0.196569
-0.186445
-0.17703
-0.168274
-0.160126
-0.152538
-0.14547
-0.138876
-0.132706
-0.127085
-0.383868
-0.371419
-0.362977
-0.353202
-0.342548
-0.330658
-0.317355
-0.30285
-0.287598
-0.272133
-0.256926
-0.242315
-0.228496
-0.215559
-0.203515
-0.192336
-0.181971
-0.172362
-0.163449
-0.155177
-0.147493
-0.14035
-0.133699
-0.127502
-0.121829
-0.391624
-0.37847
-0.369607
-0.359177
-0.347595
-0.33451
-0.319845
-0.303962
-0.287447
-0.270902
-0.254813
-0.239499
-0.225126
-0.211749
-0.199355
-0.187895
-0.177305
-0.167514
-0.158458
-0.150073
-0.142302
-0.135094
-0.128396
-0.122179
-0.116461
-0.399389
-0.385556
-0.376254
-0.365105
-0.35249
-0.338096
-0.321982
-0.30468
-0.286897
-0.269294
-0.252356
-0.236373
-0.221474
-0.207683
-0.194959
-0.183236
-0.172435
-0.162478
-0.15329
-0.144804
-0.136958
-0.129697
-0.122962
-0.116733
-0.110977
-0.407092
-0.392612
-0.382849
-0.37091
-0.357151
-0.34134
-0.323704
-0.304956
-0.285918
-0.267287
-0.249536
-0.232918
-0.217525
-0.203344
-0.190313
-0.178346
-0.167351
-0.157243
-0.147938
-0.139365
-0.131456
-0.124152
-0.117392
-0.11116
-0.105375
-0.414658
-0.399567
-0.389318
-0.376508
-0.361496
-0.344167
-0.324953
-0.304749
-0.284477
-0.264856
-0.246334
-0.229119
-0.213262
-0.19872
-0.185404
-0.173212
-0.162043
-0.151799
-0.142394
-0.133748
-0.12579
-0.118456
-0.111683
-0.105456
-0.099653
-0.422004
-0.406343
-0.395575
-0.381811
-0.365436
-0.346502
-0.325671
-0.304016
-0.282546
-0.261981
-0.24273
-0.224958
-0.208671
-0.193795
-0.180218
-0.167824
-0.156499
-0.146139
-0.13665
-0.127946
-0.119954
-0.112603
-0.105831
-0.0996186
-0.0938085
-0.429039
-0.412855
-0.401531
-0.386725
-0.368884
-0.348273
-0.325803
-0.302721
-0.280096
-0.258637
-0.238707
-0.220418
-0.203736
-0.188554
-0.174743
-0.16217
-0.150711
-0.140254
-0.130698
-0.121954
-0.113942
-0.10659
-0.099833
-0.0936454
-0.0878426
-0.435671
-0.419013
-0.40709
-0.391154
-0.371752
-0.349409
-0.325298
-0.300825
-0.277101
-0.254804
-0.234245
-0.215482
-0.19844
-0.182986
-0.168968
-0.15624
-0.14467
-0.134136
-0.124533
-0.115766
-0.107752
-0.100413
-0.0936861
-0.0875359
-0.0817586
-0.441802
-0.424721
-0.412153
-0.394998
-0.373953
-0.349844
-0.32411
-0.298296
-0.273534
-0.250461
-0.229325
-0.210133
-0.192771
-0.177076
-0.16288
-0.150025
-0.138366
-0.127778
-0.118148
-0.109377
-0.101377
-0.0940688
-0.0873877
-0.0812895
-0.0755602
-0.447329
-0.429879
-0.416617
-0.398162
-0.375407
-0.349516
-0.322194
-0.295102
-0.269373
-0.245587
-0.223931
-0.204357
-0.186713
-0.170813
-0.15647
-0.143514
-0.131794
-0.121174
-0.111539
-0.102783
-0.0948159
-0.0875548
-0.0809354
-0.0749051
-0.0692461
-0.45215
-0.434386
-0.420379
-0.400547
-0.376033
-0.348366
-0.319509
-0.291214
-0.264593
-0.240164
-0.218045
-0.198138
-0.180254
-0.164185
-0.149728
-0.136702
-0.124946
-0.114319
-0.1047
-0.0959794
-0.088064
-0.0808676
-0.0743265
-0.0683817
-0.0628141
-0.456162
-0.43814
-0.423336
-0.40206
-0.375758
-0.346344
-0.31602
-0.286605
-0.259175
-0.234174
-0.211652
-0.191462
-0.173384
-0.157184
-0.142647
-0.129581
-0.117817
-0.107208
-0.0976279
-0.0889638
-0.0811187
-0.0740038
-0.0675571
-0.061718
-0.0562633
-0.459263
-0.441037
-0.425386
-0.402615
-0.374515
-0.343401
-0.311694
-0.281253
-0.2531
-0.2276
-0.204738
-0.184319
-0.16609
-0.1498
-0.135219
-0.122145
-0.110402
-0.0998385
-0.0903206
-0.081734
-0.0739776
-0.0669599
-0.0606223
-0.0549075
-0.0495832
-0.461352
-0.442976
-0.426432
-0.402127
-0.372243
-0.339496
-0.306502
-0.275136
-0.246351
-0.220429
-0.197291
-0.176697
-0.158365
-0.142027
-0.127439
-0.114391
-0.1027
-0.0922071
-0.0827764
-0.0742888
-0.0666398
-0.0597345
-0.0535188
-0.0479375
-0.0427306
-0.462331
-0.443861
-0.426382
-0.40052
-0.368887
-0.334594
-0.300421
-0.268237
-0.238913
-0.212649
-0.189301
-0.168588
-0.150203
-0.133859
-0.119303
-0.106315
-0.0947064
-0.0843133
-0.0749947
-0.0666286
-0.0591059
-0.0523296
-0.0462517
-0.0408021
-0.0356287
-0.46211
-0.443596
-0.425149
-0.397728
-0.364401
-0.328663
-0.293431
-0.26054
-0.230774
-0.204249
-0.180759
-0.159985
-0.141596
-0.125292
-0.110808
-0.0979163
-0.0864219
-0.0761568
-0.0669761
-0.0587543
-0.0513778
-0.0447493
-0.0388305
-0.0335204
-0.0282679
-0.460602
-0.442095
-0.422656
-0.393689
-0.358745
-0.32168
-0.285515
-0.252035
-0.221926
-0.195221
-0.171658
-0.150883
-0.132544
-0.116325
-0.101953
-0.0891939
-0.0778466
-0.0677387
-0.058722
-0.050668
-0.0434594
-0.0369985
-0.0312571
-0.0260886
-0.0208896
-0.457727
-0.439278
-0.418831
-0.388353
-0.351888
-0.313626
-0.276663
-0.242713
-0.212361
-0.185561
-0.161996
-0.14128
-0.123043
-0.106956
-0.0927388
-0.080149
-0.068982
-0.0590616
-0.0502358
-0.0423729
-0.0353568
-0.0290879
-0.0235415
-0.0184816
-0.0134983
-0.453416
-0.435071
-0.413614
-0.381678
-0.343805
-0.304489
-0.266867
-0.232569
-0.202077
-0.175266
-0.151771
-0.131176
-0.113094
-0.0971869
-0.0831662
-0.0707846
-0.0598317
-0.0501301
-0.0415234
-0.0338766
-0.0270709
-0.0210176
-0.0156749
-0.0107537
-0.00602726
-0.447606
-0.429411
-0.406956
-0.373633
-0.334482
-0.294261
-0.256125
-0.221602
-0.191073
-0.164336
-0.140984
-0.120572
-0.102699
-0.0870202
-0.0732401
-0.0611067
-0.0504033
-0.0409486
-0.032587
-0.0251811
-0.0186094
-0.0127905
-0.00766605
-0.00291596
0.00154862
-0.440245
-0.422246
-0.398815
-0.364194
-0.323909
-0.282943
-0.244439
-0.209816
-0.179352
-0.152775
-0.129636
-0.109469
-0.0918657
-0.0764641
-0.0629704
-0.0511197
-0.0406987
-0.0315226
-0.0234336
-0.0162928
-0.00997806
-0.00441225
0.000476024
0.00503117
0.00923089
-0.431291
-0.413531
-0.389163
-0.35335
-0.312085
-0.270539
-0.231815
-0.197217
-0.166919
-0.140587
-0.117733
-0.0978714
-0.0806088
-0.0655281
-0.0523578
-0.0408302
-0.0307262
-0.0218593
-0.0140703
-0.00721899
-0.00118335
0.00410993
0.00874397
0.0130872
0.017014
-0.420712
-0.403235
-0.377981
-0.341095
-0.299017
-0.257059
-0.218264
-0.183814
-0.153784
-0.127782
-0.10529
-0.0858123
-0.0689158
-0.0542151
-0.0414134
-0.0302472
-0.0204944
-0.0119673
-0.00450547
0.00203224
0.00776703
0.0127683
0.017131
0.0212484
0.0248909
-0.408489
-0.391337
-0.365262
-0.327438
-0.284719
-0.24252
-0.203801
-0.16962
-0.13996
-0.114378
-0.0923222
-0.0732798
-0.0568112
-0.0425368
-0.0301478
-0.0193812
-0.0100136
-0.00185635
0.00525143
0.0114518
0.0168643
0.0215544
0.0256299
0.0295087
0.0328539
-0.394613
-0.377828
-0.351011
-0.312391
-0.26921
-0.226942
-0.188446
-0.154653
-0.125468
-0.100388
-0.0788356
-0.0602918
-0.0443083
-0.0305067
-0.0185733
-0.00824398
0.000704973
0.00846258
0.0151899
0.0210295
0.0260987
0.0304589
0.0342323
0.0378601
0.0408954
-0.379086
-0.362709
-0.335242
-0.29598
-0.252519
-0.210353
-0.172223
-0.138941
-0.110327
-0.085826
-0.0648493
-0.0468654
-0.0314219
-0.01814
-0.00670387
0.00315117
0.0116487
0.0189774
0.0252985
0.0307542
0.0354596
0.0394718
0.0429287
0.0462935
0.0490064
-0.361921
-0.345996
-0.317978
-0.278235
-0.234681
-0.192784
-0.15516
-0.122508
-0.0945549
-0.0707159
-0.0503837
-0.0330198
-0.0181693
-0.00545308
0.00544502
0.0147896
0.0228036
0.029675
0.0355644
0.0406138
0.0449351
0.0485819
0.0517085
0.0547983
0.0571768
-0.343144
-0.327716
-0.299249
-0.259197
-0.215741
-0.174269
-0.137292
-0.105378
-0.0781805
-0.0550818
-0.0354614
-0.018776
-0.00456991
0.00753574
0.0178562
0.0266553
0.0341546
0.040541
0.0459741
0.0505952
0.0545126
0.057777
0.06056
0.0633626
0.0653951
-0.32279
-0.307902
-0.279099
-0.238923
-0.195738
-0.154842
-0.118652
-0.087585
-0.0612336
-0.0389511
-0.0201075
-0.00415725
0.00935496
0.0208066
0.0305112
0.0387309
0.0456854
0.05156
0.0565129
0.0606843
0.0641786
0.0670441
0.0694704
0.0719732
0.0736489
-0.300904
-0.2866
-0.257588
-0.217493
-0.174665
-0.134565
-0.0992827
-0.0691666
-0.0437472
-0.0223537
-0.00434954
0.0108112
0.023582
0.0343379
0.04339
0.0509978
0.0573788
0.0627158
0.0671656
0.0708664
0.0739185
0.0763689
0.0784257
0.0806148
0.0819228
-0.277537
-0.263869
-0.234793
-0.194951
-0.152585
-0.113469
-0.0792288
-0.050163
-0.0257572
-0.0053223
0.0117827
0.026102
0.038086
0.0481065
0.0564711
0.0634363
0.0692164
0.0739914
0.077916
0.0811261
0.0837173
0.0857368
0.0874104
0.0892692
0.0901954
-0.252743
-0.239789
-0.210782
-0.171162
-0.129726
-0.0916263
-0.0585385
-0.0306173
-0.00730269
0.012108
0.0282572
0.0416858
0.0528403
0.0620878
0.0697321
0.0760255
0.0811788
0.0853688
0.0887474
0.0914473
0.0935595
0.0951323
0.096408
0.0979146
0.0984396
-0.226591
-0.214452
-0.185558
-0.146387
-0.106023
-0.0690939
-0.0372645
-0.0105755
0.0115752
0.0298999
0.0450399
0.0575318
0.0678164
0.0762559
0.083149
0.0887436
0.0932461
0.0968295
0.0996427
0.101814
0.103429
0.10454
0.105402
0.106529
0.106633
-0.199163
-0.187955
-0.159069
-0.120812
-0.0815542
-0.0459323
-0.015462
0.00991377
0.0308325
0.0480135
0.0620948
0.073607
0.0829845
0.0905834
0.096697
0.101568
0.105397
0.108354
0.110584
0.11221
0.113311
0.113945
0.114378
0.115098
0.114761
-0.170541
-0.160342
-0.131579
-0.0944084
-0.0563995
-0.0222058
0.00681178
0.0307991
0.0504233
0.0664074
0.0793842
0.0898771
0.0983133
0.105042
0.11035
0.114474
0.117611
0.119924
0.121555
0.122618
0.123188
0.123333
0.123329
0.123609
0.122775
-0.140814
-0.131634
-0.103314
-0.0672527
-0.0306373
0.00201777
0.029497
0.0520271
0.0702995
0.085038
0.0968687
0.106306
0.11377
0.119602
0.124081
0.127438
0.129864
0.131519
0.132536
0.133021
0.133046
0.132695
0.132248
0.132017
0.130523
-0.110127
-0.102005
-0.0742934
-0.0394374
-0.00434641
0.0266684
0.0525317
0.0735421
0.090411
0.10386
0.114507
0.122858
0.129321
0.134232
0.137862
0.140435
0.142135
0.143117
0.143509
0.143405
0.142875
0.142033
0.141117
0.140205
0.137824
-0.0786793
-0.0714741
-0.0445897
-0.0110579
0.0223913
0.051674
0.0758515
0.0952867
0.110706
0.122827
0.132258
0.139493
0.144932
0.148901
0.151664
0.153437
0.1544
0.1547
0.154456
0.153755
0.152676
0.151357
0.149928
0.1481
0.144713
-0.0464866
-0.0402166
-0.0142959
0.0177896
0.0494914
0.0769603
0.0993905
0.117202
0.131132
0.141891
0.150077
0.156172
0.160567
0.163576
0.165458
0.166419
0.166634
0.166243
0.165358
0.164059
0.162444
0.160669
0.158688
0.155877
0.15175
-0.0136549
-0.00836783
0.0164842
0.0470076
0.0768675
0.102451
0.123081
0.139227
0.151634
0.161003
0.16792
0.172856
0.176189
0.178225
0.179213
0.179353
0.178811
0.177723
0.176192
0.174298
0.172158
0.16992
0.167341
0.163636
0.160584
0.0196893
0.0239507
0.0476409
0.0764965
0.104431
0.128069
0.146854
0.161301
0.172156
0.180113
0.185743
0.189503
0.191761
0.192813
0.192899
0.192211
0.190907
0.189118
0.186938
0.18445
0.18178
0.179032
0.175857
0.171735
0.169324
0.0534196
0.0566177
0.0790612
0.106155
0.132094
0.153736
0.17064
0.18336
0.192644
0.199171
0.203498
0.206071
0.207246
0.207307
0.206484
0.204963
0.202896
0.200402
0.197574
0.194496
0.19129
0.188014
0.184302
0.179898
0.177529
0.0874086
0.089511
0.110631
0.135882
0.159766
0.179372
0.194369
0.205342
0.213039
0.218124
0.22114
0.222519
0.222605
0.221671
0.219938
0.217583
0.214749
0.211552
0.208078
0.20441
0.200662
0.19686
0.192669
0.188004
0.185424
0.121527
0.122507
0.142234
0.165575
0.187357
0.204898
0.217969
0.227184
0.233284
0.236922
0.238623
0.238805
0.2378
0.23587
0.233227
0.230039
0.226442
0.222544
0.218427
0.214171
0.209878
0.205559
0.200912
0.195951
0.193051
0.155646
0.155482
0.173756
0.195132
0.214777
0.230233
0.241369
0.248821
0.253323
0.255512
0.255899
0.254886
0.252793
0.249871
0.246321
0.242304
0.237947
0.233352
0.228597
0.223756
0.218923
0.214096
0.209003
0.203718
0.200451
0.189634
0.188312
0.205082
0.22445
0.241935
0.255299
0.264498
0.270189
0.273098
0.273844
0.272922
0.270721
0.267546
0.263638
0.259188
0.254348
0.249239
0.243953
0.238565
0.233146
0.227776
0.22245
0.216917
0.211292
0.207634
0.223362
0.220872
0.236098
0.25343
0.268743
0.280015
0.287286
0.291226
0.292552
0.291866
0.289646
0.286267
0.28202
0.277137
0.271797
0.266143
0.26029
0.254323
0.248311
0.242319
0.236421
0.230603
0.224635
0.218662
0.214603
0.256702
0.253041
0.266692
0.281969
0.295112
0.304305
0.309662
0.31187
0.311629
0.309527
0.306025
0.301482
0.296178
0.290332
0.284115
0.277661
0.271075
0.264438
0.257811
0.251256
0.244839
0.238537
0.232141
0.22582
0.221351
0.289526
0.284696
0.296752
0.309972
0.320956
0.32809
0.331559
0.332058
0.330274
0.326777
0.322013
0.316326
0.309984
0.303192
0.296114
0.288873
0.281568
0.274273
0.267045
0.259938
0.253011
0.246237
0.239422
0.232753
0.227873
0.321709
0.315718
0.326171
0.337341
0.34619
0.351296
0.352909
0.351729
0.348431
0.343568
0.337567
0.330759
0.323399
0.315683
0.307761
0.299752
0.291745
0.283808
0.275991
0.268345
0.26092
0.253685
0.246462
0.239451
0.234158
0.353128
0.34599
0.354843
0.363982
0.37073
0.373848
0.373645
0.370825
0.366048
0.35985
0.352643
0.344742
0.33639
0.327771
0.319029
0.310271
0.301581
0.293018
0.28463
0.276459
0.26855
0.260866
0.253248
0.245902
0.240198
0.383665
0.3754
0.382663
0.389804
0.394495
0.395674
0.393703
0.389287
0.383073
0.375577
0.367198
0.358235
0.34892
0.339427
0.329888
0.320405
0.311052
0.301883
0.292941
0.284262
0.275883
0.267767
0.259766
0.252094
0.245982
0.413203
0.403835
0.409533
0.414719
0.417408
0.416705
0.41302
0.40706
0.399454
0.390704
0.381191
0.371202
0.360957
0.350618
0.340311
0.330127
0.320134
0.310382
0.300905
0.291736
0.282905
0.274371
0.266005
0.258014
0.251501
0.44163
0.431191
0.435355
0.438641
0.439393
0.436874
0.431538
0.424089
0.415144
0.405187
0.394583
0.383607
0.372467
0.361317
0.350271
0.339414
0.328807
0.318494
0.308503
0.298864
0.289599
0.280666
0.27195
0.263652
0.256746
0.468839
0.457365
0.460039
0.461489
0.460377
0.456115
0.449197
0.440323
0.430096
0.418983
0.407335
0.395415
0.38342
0.371493
0.359741
0.348241
0.337048
0.326199
0.315719
0.305631
0.295951
0.286637
0.277589
0.268996
0.261706
0.494725
0.482259
0.483496
0.483184
0.480292
0.474368
0.465942
0.455712
0.444264
0.432051
0.419411
0.406594
0.393786
0.381121
0.368698
0.356587
0.344837
0.33348
0.322535
0.31202
0.301947
0.292273
0.28291
0.274036
0.266374
0.519193
0.50578
0.505642
0.503653
0.499071
0.491574
0.481721
0.470209
0.457607
0.444355
0.430777
0.417112
0.403536
0.390174
0.377118
0.364431
0.352155
0.340318
0.328934
0.318018
0.307573
0.29756
0.287903
0.27876
0.270742
0.542149
0.527842
0.526399
0.522826
0.516653
0.507677
0.496486
0.483769
0.470085
0.455858
0.4414
0.42694
0.412643
0.398628
0.384979
0.371752
0.358984
0.346697
0.334903
0.323609
0.312817
0.302487
0.292555
0.28316
0.274802
0.563507
0.548363
0.545694
0.540638
0.532981
0.522626
0.510188
0.49635
0.481659
0.466525
0.451249
0.436049
0.421083
0.406461
0.39226
0.378531
0.365306
0.352601
0.340426
0.328782
0.317668
0.307044
0.296857
0.287226
0.278547
0.583187
0.567266
0.563457
0.557028
0.547999
0.536373
0.522786
0.507915
0.492296
0.476326
0.460296
0.444415
0.428832
0.413651
0.398942
0.384751
0.371105
0.358016
0.34549
0.333525
0.322113
0.31122
0.3008
0.29095
0.28197
0.601114
0.584483
0.579628
0.571942
0.56166
0.548875
0.534239
0.518428
0.501962
0.485231
0.468515
0.452014
0.435869
0.420179
0.405008
0.390396
0.376367
0.362929
0.350083
0.337825
0.326144
0.315005
0.304374
0.294324
0.285067
0.617223
0.59995
0.594148
0.585327
0.573919
0.56009
0.544513
0.527855
0.51063
0.493214
0.475881
0.458823
0.442175
0.426028
0.410441
0.395452
0.381078
0.367327
0.354194
0.341674
0.32975
0.318392
0.307572
0.297342
0.287832
0.631452
0.613609
0.606966
0.59714
0.584734
0.569983
0.553574
0.536169
0.518272
0.500252
0.482374
0.464824
0.447731
0.43118
0.415227
0.399905
0.385228
0.371199
0.357814
0.345061
0.332924
0.321373
0.310386
0.299996
0.290261
0.643748
0.625412
0.618037
0.607341
0.594071
0.578523
0.561394
0.543343
0.524865
0.506324
0.487975
0.47
0.452522
0.435623
0.419353
0.403743
0.388804
0.374536
0.360933
0.34798
0.335658
0.32394
0.31281
0.302281
0.29235
0.654065
0.635313
0.627323
0.615894
0.601898
0.585681
0.567948
0.549355
0.530391
0.511411
0.492668
0.474336
0.456535
0.439343
0.422809
0.406957
0.391798
0.37733
0.363543
0.350423
0.337946
0.326089
0.314839
0.304193
0.294095
0.662366
0.643278
0.634791
0.622771
0.608191
0.591435
0.573216
0.554187
0.534831
0.515499
0.496438
0.47782
0.459759
0.442332
0.425584
0.409538
0.394202
0.379573
0.365639
0.352384
0.339783
0.327814
0.316467
0.305727
0.295495
0.668618
0.649277
0.640415
0.627949
0.612929
0.595767
0.577182
0.557824
0.538173
0.518576
0.499275
0.480441
0.462185
0.444581
0.427672
0.41148
0.396011
0.38126
0.367216
0.353858
0.341164
0.32911
0.317692
0.306881
0.296546
0.672798
0.653288
0.644174
0.63141
0.616095
0.598662
0.579832
0.560255
0.540407
0.520632
0.501171
0.482192
0.463805
0.446083
0.429067
0.412777
0.397219
0.382387
0.368269
0.354843
0.342086
0.329976
0.318509
0.307651
0.297248
0.674892
0.655297
0.646057
0.633143
0.617681
0.600111
0.581159
0.561471
0.541524
0.521661
0.50212
0.483069
0.464617
0.446835
0.429765
0.413426
0.397823
0.382951
0.368795
0.355336
0.342548
0.33041
0.318918
0.308036
0.297599
-0.241087
-0.237513
-0.233768
-0.22996
-0.226197
-0.228072
-0.222617
-0.224441
-0.216469
-0.219154
-0.203883
-0.20806
-0.192229
-0.197126
-0.18131
-0.186557
-0.171007
-0.176495
-0.161424
-0.167044
-0.152564
-0.158234
-0.1444
-0.150066
-0.136903
-0.142523
-0.130034
-0.13558
-0.123751
-0.129202
-0.118011
-0.123357
-0.112777
-0.118008
-0.10801
-0.113125
-0.103677
-0.108675
-0.0997483
-0.10463
-0.096194
-0.100964
-0.0929888
-0.097652
-0.0901098
-0.0946725
-0.0875362
-0.0920054
-0.0852498
-0.0896331
-0.0832343
-0.0875398
-0.0814758
-0.0857116
-0.0799619
-0.0841365
-0.0786821
-0.0828043
-0.0776277
-0.0817062
-0.0767917
-0.0808352
-0.0761669
-0.0801853
-0.0757542
-0.0797546
-0.0755366
-0.0795344
-0.210766
-0.197292
-0.185282
-0.174607
-0.164487
-0.155158
-0.146589
-0.138716
-0.131504
-0.124904
-0.11887
-0.113363
-0.108344
-0.103776
-0.0996265
-0.0958649
-0.0924633
-0.0893967
-0.0866426
-0.084181
-0.0819941
-0.0800663
-0.0783839
-0.0769351
-0.0757099
-0.0746994
-0.0738977
-0.0732954
-0.0728998
-0.0726769
-0.205833
-0.192913
-0.18107
-0.170697
-0.160784
-0.151644
-0.143268
-0.135569
-0.12852
-0.122074
-0.116184
-0.11081
-0.105913
-0.101457
-0.0974096
-0.0937398
-0.0904209
-0.0874281
-0.0847396
-0.0823357
-0.0801991
-0.0783146
-0.0766689
-0.0752503
-0.0740491
-0.0730567
-0.0722673
-0.0716711
-0.0712772
-0.0710455
-0.201708
-0.189094
-0.177194
-0.16696
-0.157216
-0.148218
-0.140006
-0.132466
-0.125568
-0.119266
-0.11351
-0.108262
-0.103481
-0.0991311
-0.0951807
-0.0915994
-0.0883605
-0.0854396
-0.0828151
-0.0804679
-0.078381
-0.0765393
-0.07493
-0.0735416
-0.0723646
-0.0713905
-0.0706136
-0.0700244
-0.0696322
-0.0693937
-0.197512
-0.185114
-0.173303
-0.163218
-0.153665
-0.144816
-0.136762
-0.129377
-0.122623
-0.116459
-0.110835
-0.105707
-0.101039
-0.0967934
-0.0929381
-0.0894434
-0.0862828
-0.0834324
-0.0808709
-0.0785794
-0.0765413
-0.074742
-0.0731687
-0.0718103
-0.0706574
-0.0697018
-0.0689376
-0.0683559
-0.0679657
-0.0677222
-0.193426
-0.181192
-0.169466
-0.159479
-0.150098
-0.141398
-0.133495
-0.126264
-0.119655
-0.113629
-0.108134
-0.103128
-0.0985719
-0.0944299
-0.0906694
-0.0872611
-0.0841787
-0.0813987
-0.0789002
-0.0766646
-0.0746757
-0.072919
-0.071382
-0.0700541
-0.0689257
-0.0679891
-0.0672384
-0.0666648
-0.0662774
-0.0660302
-0.189282
-0.177172
-0.165577
-0.155705
-0.146498
-0.137957
-0.130206
-0.12313
-0.116666
-0.110777
-0.105411
-0.100526
-0.0960819
-0.0920429
-0.0883768
-0.0850545
-0.0820501
-0.0793403
-0.0769047
-0.0747251
-0.0727853
-0.0710713
-0.069571
-0.0682737
-0.0671703
-0.0662532
-0.0655165
-0.0649518
-0.0645677
-0.0643183
-0.185104
-0.173127
-0.161672
-0.151912
-0.142868
-0.134491
-0.126891
-0.119968
-0.113651
-0.107899
-0.102663
-0.0978986
-0.0935662
-0.0896302
-0.0860584
-0.0828221
-0.0798957
-0.0772563
-0.0748837
-0.07276
-0.0708697
-0.0691988
-0.0677354
-0.0664693
-0.0653914
-0.0644943
-0.0637721
-0.063217
-0.0628371
-0.0625866
-0.180867
-0.169021
-0.157721
-0.148084
-0.139203
-0.130994
-0.12355
-0.116781
-0.11061
-0.104996
-0.0998902
-0.0952464
-0.0910256
-0.0871925
-0.083715
-0.0805646
-0.0777161
-0.0751471
-0.0728376
-0.0707702
-0.0689294
-0.0673019
-0.0658758
-0.0646412
-0.0635892
-0.0627127
-0.0620056
-0.0614609
-0.0610858
-0.0608353
-0.176575
-0.164869
-0.153735
-0.144227
-0.135506
-0.127467
-0.120181
-0.113565
-0.107543
-0.102068
-0.0970916
-0.0925687
-0.0884598
-0.0847295
-0.0813463
-0.0782819
-0.0755115
-0.0730129
-0.0707667
-0.0687557
-0.0669648
-0.0653809
-0.0639925
-0.0627898
-0.0617642
-0.0609088
-0.0602176
-0.0596839
-0.0593143
-0.059065
-0.172224
-0.160661
-0.149704
-0.140334
-0.131775
-0.123909
-0.116783
-0.110323
-0.104449
-0.0991134
-0.0942675
-0.0898658
-0.0858688
-0.0822416
-0.0789527
-0.0759743
-0.073282
-0.070854
-0.0686713
-0.0667169
-0.0649761
-0.0634362
-0.0620859
-0.0609156
-0.0599169
-0.0590831
-0.0584083
-0.0578864
-0.0575231
-0.0572759
-0.167815
-0.156401
-0.14563
-0.136405
-0.12801
-0.120319
-0.113357
-0.107053
-0.101329
-0.096133
-0.0914178
-0.0871375
-0.0832527
-0.0797287
-0.0765342
-0.0736421
-0.0710281
-0.0686708
-0.0665517
-0.0646542
-0.0629639
-0.0614683
-0.0601564
-0.0590189
-0.0580476
-0.0572361
-0.0565783
-0.0560688
-0.0557125
-0.0554684
-0.163344
-0.152085
-0.141509
-0.132438
-0.12421
-0.116696
-0.1099
-0.103754
-0.0981809
-0.0931264
-0.0885425
-0.0843841
-0.0806118
-0.0771911
-0.0740913
-0.0712855
-0.0687499
-0.0664637
-0.0644085
-0.0625681
-0.0609286
-0.0594776
-0.0582046
-0.0571003
-0.056157
-0.0553682
-0.0547281
-0.0542317
-0.053883
-0.0536431
-0.158809
-0.147713
-0.13734
-0.128432
-0.120375
-0.11304
-0.106414
-0.100427
-0.0950059
-0.0900935
-0.0856416
-0.0816055
-0.077946
-0.074629
-0.0716242
-0.068905
-0.0664481
-0.0642331
-0.062242
-0.060459
-0.0588706
-0.0574647
-0.0562309
-0.0551604
-0.0542454
-0.0534799
-0.0528581
-0.0523755
-0.052035
-0.0518003
-0.154208
-0.143283
-0.133121
-0.124384
-0.116503
-0.10935
-0.102896
-0.0970721
-0.0918035
-0.0870343
-0.0827152
-0.078802
-0.0752558
-0.0720428
-0.0691332
-0.0665008
-0.0641229
-0.0619794
-0.0600527
-0.0583276
-0.0567905
-0.05543
-0.0542359
-0.0531996
-0.0523135
-0.0515719
-0.0509689
-0.0505007
-0.0501692
-0.0499405
-0.149538
-0.138795
-0.12885
-0.120294
-0.112594
-0.105626
-0.0993474
-0.0936878
-0.0885737
-0.0839488
-0.0797634
-0.0759738
-0.0725414
-0.0694328
-0.0666187
-0.0640736
-0.061775
-0.0597032
-0.0578413
-0.0561742
-0.054689
-0.0533742
-0.0522202
-0.0512185
-0.0503619
-0.0496446
-0.0490611
-0.0486079
-0.048286
-0.0480642
-0.144796
-0.134247
-0.124528
-0.11616
-0.108647
-0.101868
-0.0957672
-0.0902744
-0.0853165
-0.0808371
-0.0767864
-0.0731211
-0.0698031
-0.0667994
-0.0640813
-0.0616238
-0.0594047
-0.0574051
-0.0556083
-0.0539997
-0.0525666
-0.051298
-0.0501844
-0.0492178
-0.0483911
-0.0476987
-0.0471352
-0.0466976
-0.0463859
-0.0461719
-0.139978
-0.129637
-0.120151
-0.111982
-0.104662
-0.0980755
-0.0921553
-0.0868318
-0.0820319
-0.0776994
-0.0737845
-0.0702443
-0.0670413
-0.0641431
-0.0615215
-0.0591519
-0.0570128
-0.0550857
-0.0533543
-0.0518045
-0.0504239
-0.0492019
-0.0481293
-0.0471982
-0.0464018
-0.0457349
-0.0451919
-0.0447705
-0.0444696
-0.0442642
-0.135082
-0.124964
-0.115719
-0.107758
-0.100637
-0.0942475
-0.0885114
-0.08336
-0.07872
-0.0745359
-0.0707578
-0.0673437
-0.0642565
-0.0614644
-0.0589397
-0.0566585
-0.0545998
-0.0527456
-0.0510801
-0.0495894
-0.0482618
-0.0470867
-0.0460555
-0.0451603
-0.0443948
-0.0437538
-0.0432318
-0.0428272
-0.0425376
-0.0423417
-0.130106
-0.120226
-0.111231
-0.103487
-0.0965727
-0.090384
-0.0848354
-0.079859
-0.0753809
-0.0713468
-0.0677069
-0.0644198
-0.0614492
-0.0587638
-0.0563366
-0.0541443
-0.0521665
-0.0503856
-0.0487863
-0.0473552
-0.0460808
-0.0449532
-0.0439637
-0.0431049
-0.0423706
-0.041756
-0.0412556
-0.0408683
-0.0405905
-0.0404048
-0.125045
-0.115423
-0.106686
-0.0991681
-0.0924675
-0.0864849
-0.0811274
-0.0763287
-0.0720148
-0.0681323
-0.064632
-0.061473
-0.0586198
-0.0560419
-0.0537129
-0.0516101
-0.0497136
-0.0480064
-0.0464737
-0.0451026
-0.0438819
-0.0428021
-0.0418547
-0.0410328
-0.0403302
-0.0397424
-0.0392641
-0.0388946
-0.0386291
-0.0384542
-0.119898
-0.110551
-0.102083
-0.0948014
-0.0883212
-0.0825499
-0.0773871
-0.0727693
-0.0686219
-0.064893
-0.0615336
-0.058504
-0.0557692
-0.0532995
-0.0510693
-0.0490564
-0.0472417
-0.0456088
-0.0441432
-0.0428324
-0.0416659
-0.0406342
-0.0397294
-0.0389447
-0.0382742
-0.0377137
-0.0372579
-0.0369066
-0.036654
-0.0364905
-0.114662
-0.105611
-0.0974213
-0.090386
-0.0841334
-0.0785787
-0.0736146
-0.069181
-0.0652025
-0.0616291
-0.0584122
-0.0555131
-0.0528978
-0.0505372
-0.0484065
-0.0464842
-0.0447519
-0.0431936
-0.0417955
-0.0405456
-0.0394335
-0.0384504
-0.0375885
-0.0368414
-0.0362035
-0.0356706
-0.0352378
-0.0349051
-0.0346658
-0.0345144
-0.109336
-0.1006
-0.0926995
-0.0859211
-0.0799035
-0.0745714
-0.0698099
-0.0655639
-0.061757
-0.0583411
-0.0552684
-0.0525012
-0.0500063
-0.0477557
-0.0457253
-0.0438943
-0.0422448
-0.0407617
-0.0394316
-0.0382429
-0.0371858
-0.0362516
-0.035433
-0.0347239
-0.0341189
-0.0336141
-0.0332046
-0.0328909
-0.0326654
-0.0325264
-0.103917
-0.0955177
-0.0879172
-0.0814064
-0.0756314
-0.0705277
-0.0659731
-0.0619182
-0.0582856
-0.0550295
-0.0521027
-0.0494688
-0.0470956
-0.0449559
-0.0430266
-0.0412875
-0.0397215
-0.0383141
-0.0370524
-0.0359254
-0.0349235
-0.0340387
-0.0332638
-0.0325931
-0.0320213
-0.0315448
-0.0311591
-0.0308647
-0.0306533
-0.0305273
-0.0984039
-0.0903618
-0.0830738
-0.0768413
-0.0713164
-0.0664476
-0.0621044
-0.0582442
-0.0547889
-0.0516948
-0.0489157
-0.0464167
-0.0441664
-0.0421387
-0.0403113
-0.0386648
-0.0371828
-0.0358516
-0.0346589
-0.0335939
-0.0326478
-0.0318126
-0.0310818
-0.0304498
-0.0299116
-0.0294638
-0.0291021
-0.0288274
-0.0286305
-0.0285178
-0.0927953
-0.0851312
-0.0781688
-0.0722258
-0.0669586
-0.062331
-0.0582038
-0.0545423
-0.0512672
-0.0483376
-0.0457082
-0.0433456
-0.0412195
-0.0393048
-0.0375802
-0.036027
-0.0346297
-0.0333754
-0.032252
-0.0312496
-0.0303595
-0.0295745
-0.028888
-0.028295
-0.0277907
-0.0273719
-0.0270345
-0.0267797
-0.0265976
-0.0264986
-0.0870905
-0.0798233
-0.0732014
-0.0675595
-0.0625575
-0.0581779
-0.0542716
-0.0508128
-0.047721
-0.0449585
-0.0424809
-0.0402564
-0.0382558
-0.0364553
-0.0348344
-0.0333753
-0.0320634
-0.0308863
-0.0298329
-0.0288934
-0.0280599
-0.0273252
-0.0266834
-0.0261297
-0.0256595
-0.0252701
-0.0249572
-0.0247225
-0.0245556
-0.0244704
-0.0812914
-0.0744352
-0.0681706
-0.062842
-0.0581132
-0.0539882
-0.050308
-0.0470561
-0.044151
-0.0415582
-0.0392345
-0.0371498
-0.0352762
-0.033591
-0.0320748
-0.0307107
-0.0294847
-0.0283856
-0.0274026
-0.0265265
-0.0257498
-0.0250659
-0.0244691
-0.0239549
-0.0235192
-0.0231593
-0.0228711
-0.0226567
-0.0225053
-0.0224337
-0.0754042
-0.0689642
-0.0630743
-0.0580719
-0.0536251
-0.0497611
-0.0463129
-0.0432722
-0.0405573
-0.038137
-0.0359696
-0.0340266
-0.0322814
-0.0307128
-0.0293024
-0.028034
-0.0268947
-0.0258741
-0.0249621
-0.0241498
-0.0234303
-0.0227974
-0.022246
-0.0217716
-0.0213705
-0.0210403
-0.0207771
-0.0205831
-0.0204475
-0.0203891
-0.0694353
-0.0634128
-0.0579102
-0.053248
-0.049092
-0.0454962
-0.0422857
-0.039461
-0.03694
-0.0346953
-0.0326865
-0.0308872
-0.0292721
-0.0278214
-0.0265178
-0.025346
-0.0242941
-0.0233526
-0.0225121
-0.0217641
-0.0211023
-0.0205208
-0.0200149
-0.0195806
-0.0192143
-0.018914
-0.0186759
-0.0185024
-0.018383
-0.0183369
-0.063382
-0.0577926
-0.0526743
-0.0483711
-0.0445125
-0.0411939
-0.0382254
-0.035622
-0.0332989
-0.0312331
-0.0293856
-0.0277322
-0.0262492
-0.0249179
-0.0237224
-0.0226478
-0.0216833
-0.0208217
-0.0200534
-0.0193703
-0.0187666
-0.0182369
-0.0177769
-0.0173829
-0.0170517
-0.0167814
-0.0165685
-0.0164157
-0.0163122
-0.0162779
-0.057238
-0.052108
-0.0473648
-0.0434425
-0.0398866
-0.0368555
-0.0341312
-0.0317552
-0.0296342
-0.0277514
-0.0260681
-0.024563
-0.0232138
-0.0220037
-0.0209177
-0.0199407
-0.0190638
-0.0182827
-0.0175876
-0.01697
-0.0164248
-0.0159473
-0.0155334
-0.0151799
-0.0148839
-0.0146439
-0.014456
-0.0143245
-0.0142359
-0.0142146
-0.0509994
-0.0463543
-0.0419802
-0.0384621
-0.0352144
-0.032482
-0.0300036
-0.0278618
-0.0259477
-0.0242519
-0.0227357
-0.0213812
-0.0201678
-0.0190804
-0.018105
-0.017227
-0.0164392
-0.0157392
-0.0151177
-0.0145658
-0.0140795
-0.0136542
-0.0132866
-0.0129737
-0.0127129
-0.0125032
-0.0123403
-0.0122306
-0.0121556
-0.0121496
-0.0446499
-0.0405261
-0.0365133
-0.0334315
-0.0304923
-0.0280763
-0.0258489
-0.0239488
-0.0222445
-0.0207391
-0.019392
-0.01819
-0.0171134
-0.0161496
-0.0152854
-0.0145092
-0.0138159
-0.0131962
-0.0126478
-0.0121613
-0.0117334
-0.0113603
-0.0110388
-0.0107664
-0.0105407
-0.0103613
-0.0102229
-0.0101355
-0.0100728
-0.0100849
-0.0381472
-0.0346334
-0.0309612
-0.0283605
-0.0257164
-0.0236459
-0.0216838
-0.0200295
-0.0185344
-0.0172204
-0.016043
-0.014994
-0.0140549
-0.0132148
-0.0124614
-0.0117898
-0.0111967
-0.010656
-0.0101795
-0.00975783
-0.00938807
-0.00906672
-0.00879105
-0.0085589
-0.00836808
-0.00821861
-0.00810475
-0.00803884
-0.00798898
-0.00801864
-0.031448
-0.0287122
-0.0253469
-0.0232643
-0.0209017
-0.0191991
-0.0175215
-0.0161109
-0.014824
-0.0137007
-0.0126935
-0.0117979
-0.0109969
-0.0102812
-0.00964036
-0.00907034
-0.00856742
-0.00811008
-0.00770696
-0.00735126
-0.0070403
-0.00677121
-0.00654171
-0.00634995
-0.00619419
-0.00607443
-0.00598567
-0.00593989
-0.00590478
-0.00594918
-0.024594
-0.0227704
-0.0197244
-0.0181407
-0.0160993
-0.0147277
-0.0133219
-0.0121621
-0.0110942
-0.0101654
-0.00933265
-0.00859313
-0.00793252
-0.00734293
-0.00681608
-0.00634813
-0.005935
-0.00556187
-0.0052329
-0.00494373
-0.004692
-0.00447547
-0.00429231
-0.00414104
-0.00402035
-0.00393018
-0.00386662
-0.00384025
-0.00382072
-0.00387794
-0.0177188
-0.0166636
-0.0140646
-0.0129421
-0.0112688
-0.0102182
-0.00909598
-0.00818916
-0.00734694
-0.00661636
-0.00596167
-0.00538081
-0.00486269
-0.00440094
-0.00398927
-0.00362428
-0.0033021
-0.00301333
-0.00275915
-0.00253691
-0.00234472
-0.00218095
-0.00204424
-0.0019335
-0.00184783
-0.00178717
-0.00174863
-0.00174132
-0.00173745
-0.00180627
-0.0107885
-0.0104406
-0.00835329
-0.00768115
-0.00640093
-0.00567425
-0.00484601
-0.00419572
-0.00358426
-0.00305576
-0.00258216
-0.00216253
-0.00178889
-0.00145661
-0.00116127
-0.000900277
-0.000670519
-0.000466223
-0.000287343
-0.000132336
6.57791e-08
0.000110934
0.000201138
0.000271372
0.000322123
0.00035339
0.000367211
0.000355682
0.000344194
0.00026462
-0.00379456
-0.00413106
-0.00258277
-0.00236806
-0.00149312
-0.00109977
-0.000573793
-0.000184702
0.000191868
0.000514512
0.000804132
0.00106007
0.00128729
0.00148854
0.00166638
0.00182235
0.00195848
0.00207799
0.00218115
0.00226862
0.00234104
0.0023989
0.00244258
0.00247236
0.00248834
0.00249038
0.00247981
0.00244969
0.00242328
0.0023337
0.00327003
0.00224709
0.00324774
0.00299043
0.00345296
0.00350278
0.00371954
0.00384218
0.00397986
0.00409293
0.00419572
0.00428555
0.00436444
0.0044331
0.00449225
0.00454218
0.00458362
0.00461793
0.00464497
0.00466465
0.00467692
0.0046817
0.00467887
0.00466827
0.00464967
0.00462269
0.00458809
0.00453969
0.00449883
0.0044
0.010408
0.00868589
0.00913592
0.00839123
0.00843492
0.00813174
0.00803259
0.00788341
0.00777818
0.00767803
0.00759114
0.00751248
0.00744114
0.00737567
0.00731494
0.00725781
0.00720365
0.00715228
0.00710284
0.00705447
0.00700645
0.0069581
0.0069088
0.00685796
0.00680496
0.00674923
0.00669098
0.00662468
0.00656985
0.00646258
0.0176197
0.0151811
0.0150782
0.0138326
0.0134501
0.0127857
0.0123639
0.0119376
0.0115853
0.0112684
0.010989
0.0107395
0.010516
0.0103149
0.0101331
0.0099679
0.00981732
0.00967976
0.00955347
0.00943683
0.0093284
0.0092269
0.0091312
0.00904027
0.00895312
0.00886893
0.00878743
0.00870365
0.00863536
0.00852052
0.0249034
0.0217308
0.0210711
0.0193134
0.0184957
0.0174628
0.0167118
0.016003
0.0153997
0.0148624
0.0143877
0.0139651
0.0135877
0.0132494
0.0129453
0.0126712
0.0124234
0.0121991
0.0119956
0.0118105
0.0116416
0.0114869
0.0113449
0.0112141
0.011093
0.0109807
0.0108764
0.0107756
0.0106944
0.0105729
0.0322568
0.0283328
0.0271104
0.0248323
0.0235691
0.0221614
0.0210745
0.0200784
0.01922
0.018459
0.0177863
0.0171882
0.0166549
0.0161781
0.0157505
0.0153664
0.0150206
0.0147091
0.0144281
0.0141743
0.0139448
0.013737
0.0135488
0.0133783
0.0132237
0.0130836
0.0129569
0.0128396
0.012746
0.0126189
0.0396767
0.0349835
0.0331911
0.0303869
0.0286677
0.02688
0.0254513
0.0241631
0.0230455
0.0220574
0.0211838
0.0204079
0.0197168
0.0190997
0.0185475
0.0180524
0.017608
0.0172087
0.0168498
0.0165271
0.0162369
0.0159761
0.0157419
0.0155318
0.0153439
0.0151764
0.0150278
0.0148947
0.0147892
0.0146575
0.0471573
0.0416779
0.0393074
0.0359758
0.033791
0.0316191
0.0298426
0.0282571
0.0268761
0.0256571
0.0245794
0.0236232
0.0227723
0.0220133
0.0213351
0.0207281
0.0201842
0.0196966
0.0192595
0.0188677
0.0185168
0.018203
0.0179229
0.0176736
0.0174527
0.0172583
0.0170883
0.0169398
0.0168231
0.0166879
0.0546902
0.0484128
0.0454552
0.0415995
0.0389395
0.0363783
0.0342478
0.0323593
0.0307102
0.0292562
0.0279714
0.0268322
0.0258194
0.0249171
0.0241117
0.0233918
0.0227478
0.0221715
0.0216559
0.0211949
0.0207833
0.0204166
0.0200908
0.0198026
0.0195491
0.0193281
0.0191374
0.0189742
0.0188467
0.0187092
0.0622699
0.055189
0.0516321
0.0472571
0.0441095
0.0411523
0.0386609
0.0364637
0.0345424
0.0328502
0.0313557
0.0300316
0.0288555
0.0278086
0.0268751
0.0260417
0.0252971
0.0246318
0.0240376
0.0235074
0.0230351
0.0226156
0.0222444
0.0219176
0.0216321
0.021385
0.021174
0.0209967
0.0208593
0.0207205
0.0698925
0.0620067
0.057828
0.0529359
0.0492867
0.0459271
0.0430707
0.0405616
0.0383662
0.0364342
0.0347287
0.0332187
0.0318784
0.0306861
0.0296239
0.0286765
0.027831
0.0270765
0.0264035
0.025804
0.0252713
0.0247992
0.0243829
0.0240179
0.0237006
0.023428
0.0231973
0.0230065
0.0228599
0.022721
0.0775496
0.068854
0.0640186
0.0586135
0.0544564
0.0506944
0.047474
0.044653
0.0421832
0.0400105
0.0380929
0.0363958
0.0348899
0.0335513
0.0323594
0.0312971
0.03035
0.0295057
0.0287536
0.0280848
0.0274914
0.0269669
0.0265055
0.0261026
0.0257539
0.0254563
0.0252065
0.0250028
0.0248476
0.0247099
0.08522
0.0757123
0.0701925
0.0642956
0.059639
0.0554791
0.0518962
0.0487608
0.046013
0.0435952
0.0414613
0.039573
0.0378982
0.03641
0.0350859
0.0339068
0.0328565
0.0319211
0.031089
0.0303501
0.0296957
0.0291185
0.0286121
0.0281714
0.0277916
0.0274693
0.027201
0.0269849
0.0268219
0.0266863
0.0928868
0.0826052
0.0764052
0.0700504
0.0649018
0.0603363
0.0563796
0.0529162
0.0498777
0.0472039
0.0448443
0.0427572
0.0409072
0.0392647
0.0378046
0.0365057
0.0353499
0.0343219
0.0334086
0.0325989
0.031883
0.0312529
0.0307016
0.0302232
0.0298127
0.0294661
0.0291798
0.028952
0.0287819
0.0286495
0.100572
0.0896191
0.0827343
0.0759225
0.0702585
0.0652567
0.060902
0.057091
0.053748
0.0508078
0.0482155
0.0459246
0.0438962
0.0420973
0.0405
0.0390808
0.0378195
0.0366991
0.0357051
0.0348251
0.0340484
0.0333662
0.0327707
0.0322554
0.031815
0.031445
0.0311416
0.0309028
0.0307267
0.0305985
0.108286
0.0967271
0.0890489
0.081721
0.0755077
0.0700513
0.065297
0.0611437
0.0575052
0.0543092
0.0514945
0.0490099
0.0468123
0.0448652
0.0431379
0.0416046
0.0402432
0.0390351
0.0379644
0.0370176
0.0361832
0.0354514
0.034814
0.0342639
0.0337953
0.0334034
0.0330843
0.0328358
0.0326548
0.0325319
0.11584
0.103581
0.0949468
0.0870743
0.080354
0.0744955
0.0693967
0.0649493
0.0610569
0.05764
0.0546319
0.0519772
0.0496296
0.0475499
0.0457052
0.044068
0.0426146
0.0413253
0.0401832
0.0391739
0.0382853
0.0375069
0.03683
0.0362472
0.0357522
0.0353401
0.0350066
0.0347495
0.0345651
0.0344486
0.122985
0.110042
0.100506
0.0921873
0.0850708
0.0788797
0.0734795
0.0687628
0.0646301
0.0609986
0.0577988
0.0549728
0.0524719
0.0502553
0.0482886
0.0465426
0.0449926
0.0436178
0.0424004
0.0413252
0.0403792
0.0395516
0.0388331
0.0382158
0.0376932
0.0372598
0.0369116
0.0366456
0.0364582
0.0363484
0.130255
0.117323
0.107164
0.0984302
0.0908701
0.0842441
0.0784253
0.0733223
0.0688409
0.0648974
0.0614198
0.0583472
0.0556283
0.0532191
0.0510827
0.0491874
0.0475065
0.0460171
0.0446999
0.0435382
0.0425179
0.0416269
0.0408551
0.0401939
0.039636
0.0391757
0.0388083
0.0385305
0.0383387
0.0382343
0.138573
0.126676
0.115981
0.106592
0.0983256
0.0910177
0.084564
0.0788859
0.0738928
0.0694979
0.065624
0.0622045
0.0591825
0.0565091
0.0541426
0.0520474
0.050193
0.0485535
0.0471067
0.0458338
0.0447184
0.0437471
0.042908
0.0421915
0.0415894
0.041095
0.0407031
0.0404099
0.0402116
0.0401099
0.145271
0.134315
0.1232
0.11319
0.104329
0.0964979
0.0895808
0.0834881
0.0781259
0.0734041
0.0692415
0.0655675
0.0623212
0.0594506
0.056911
0.054664
0.0526771
0.050922
0.049375
0.0480154
0.046826
0.0457917
0.0449001
0.0441406
0.0435044
0.0429843
0.0425745
0.0422708
0.0420694
0.0419705
0.156274
0.14522
0.13383
0.123319
0.114067
0.10598
0.0988502
0.0925406
0.0869523
0.0819997
0.0776058
0.0737038
0.070236
0.0671529
0.0644115
0.061975
0.0598113
0.0578929
0.0561962
0.0547007
0.0533889
0.0522458
0.0512587
0.0504168
0.0497112
0.0491343
0.0486802
0.048344
0.048122
0.0480115
0.169748
0.157078
0.146006
0.136033
0.12708
0.119084
0.111937
0.105534
0.099792
0.0946413
0.0900213
0.0858773
0.0821606
0.0788284
0.0758425
0.0731698
0.0707811
0.0686507
0.0667563
0.0650785
0.0636004
0.0623074
0.061187
0.0602286
0.059423
0.0587629
0.0582422
0.0578562
0.0576014
0.0574763
0.173747
0.163394
0.153771
0.144842
0.136629
0.12912
0.122278
0.116055
0.110401
0.10527
0.100617
0.096401
0.092585
0.0891347
0.086019
0.0832104
0.080684
0.0784178
0.076392
0.0745893
0.0729945
0.0715941
0.0703765
0.0693318
0.0684514
0.0677283
0.0671566
0.0667318
0.0664505
0.0663098
0.175181
0.16628
0.157844
0.149926
0.142564
0.135749
0.129456
0.123657
0.118325
0.11343
0.108943
0.104838
0.101088
0.0976702
0.0945607
0.0917386
0.0891843
0.0868802
0.08481
0.0829595
0.0813155
0.0798667
0.078603
0.0775157
0.0765973
0.0758414
0.075243
0.0747978
0.0745029
0.0743566
0.173292
0.166177
0.159262
0.15261
0.146283
0.140306
0.134689
0.129431
0.124531
0.119978
0.11576
0.111864
0.108274
0.104974
0.10195
0.0991871
0.0966706
0.0943878
0.0923263
0.0904749
0.0888235
0.0873627
0.0860844
0.0849813
0.0840473
0.0832768
0.0826657
0.0822103
0.0819081
0.0817568
0.171193
0.165272
0.159429
0.153736
0.14826
0.143033
0.138069
0.133377
0.12896
0.124818
0.120945
0.117337
0.113986
0.110883
0.108019
0.105386
0.102974
0.100774
0.0987783
0.0969778
0.0953653
0.093934
0.0926776
0.0915905
0.0906678
0.0899053
0.0892995
0.0888477
0.0885477
0.0883985
0.168018
0.163227
0.158445
0.153728
0.149121
0.144657
0.140359
0.136245
0.132327
0.128614
0.12511
0.121816
0.118733
0.115857
0.113186
0.110714
0.108437
0.106349
0.104446
0.102721
0.101171
0.0997907
0.0985749
0.0975202
0.0966228
0.0958798
0.0952885
0.0948468
0.0945532
0.0944061
0.165251
0.161269
0.15725
0.153245
0.149303
0.145452
0.141717
0.138114
0.134657
0.131357
0.128221
0.125252
0.122454
0.119829
0.117375
0.115092
0.112978
0.11103
0.109247
0.107626
0.106163
0.104855
0.103701
0.102697
0.10184
0.10113
0.100564
0.100141
0.0998597
0.0997195
0.162218
0.158957
0.155637
0.152307
0.148995
0.145728
0.142525
0.139406
0.136387
0.13348
0.130695
0.128041
0.125522
0.123143
0.120907
0.118816
0.11687
0.115069
0.113413
0.111902
0.110533
0.109306
0.10822
0.107273
0.106464
0.105791
0.105255
0.104853
0.104586
0.104452
0.15971
0.156977
0.154174
0.151338
0.148502
0.145687
0.142913
0.140197
0.137552
0.134992
0.132527
0.130163
0.127909
0.12577
0.123749
0.12185
0.120076
0.118427
0.116906
0.115512
0.114246
0.113108
0.112098
0.111216
0.11046
0.109831
0.109329
0.108952
0.108702
0.108576
0.157235
0.154961
0.152615
0.150231
0.14783
0.145431
0.143049
0.1407
0.138397
0.136153
0.133978
0.131881
0.12987
0.127951
0.12613
0.124412
0.122799
0.121295
0.119902
0.118622
0.117456
0.116405
0.11547
0.114651
0.113949
0.113363
0.112895
0.112543
0.112309
0.112192
0.155238
0.153304
0.151301
0.149251
0.147178
0.145097
0.143023
0.140969
0.138948
0.13697
0.135045
0.133182
0.131388
0.129669
0.128032
0.126482
0.125021
0.123655
0.122385
0.121216
0.120147
0.119182
0.118321
0.117566
0.116917
0.116376
0.115942
0.115617
0.115399
0.115291
0.153371
0.15173
0.150023
0.148272
0.146493
0.144698
0.142899
0.141108
0.139336
0.137593
0.135889
0.134231
0.132629
0.131087
0.129613
0.128211
0.126887
0.125644
0.124486
0.123416
0.122436
0.121549
0.120757
0.12006
0.119461
0.11896
0.118559
0.118257
0.118055
0.117954
0.1519
0.150477
0.148993
0.147463
0.145903
0.144323
0.142736
0.141151
0.139578
0.138027
0.136505
0.13502
0.133581
0.132192
0.130859
0.129589
0.128386
0.127254
0.126196
0.125216
0.124318
0.123503
0.122773
0.122131
0.121578
0.121115
0.120743
0.120464
0.120278
0.120184
0.150586
0.149347
0.148052
0.146714
0.145345
0.143954
0.14255
0.141144
0.139742
0.138354
0.136987
0.13565
0.134348
0.133088
0.131876
0.130718
0.129617
0.128579
0.127607
0.126705
0.125876
0.125123
0.124448
0.123852
0.123339
0.122909
0.122564
0.122304
0.12213
0.122043
0.149594
0.148489
0.147332
0.146133
0.144902
0.143649
0.142381
0.141108
0.139837
0.138576
0.137332
0.136111
0.134921
0.133767
0.132654
0.131588
0.130573
0.129614
0.128715
0.127879
0.127109
0.126409
0.12578
0.125226
0.124747
0.124345
0.124023
0.12378
0.123618
0.123536
0.14876
0.147763
0.146717
0.145632
0.144517
0.143378
0.142224
0.141061
0.139897
0.138739
0.137594
0.136467
0.135366
0.134295
0.133261
0.132268
0.131321
0.130425
0.129583
0.128799
0.128076
0.127418
0.126826
0.126304
0.125852
0.125473
0.125169
0.124939
0.124786
0.124709
0.14819
0.147263
0.146292
0.145284
0.144245
0.143183
0.142106
0.141019
0.139929
0.138844
0.137769
0.13671
0.135673
0.134663
0.133687
0.132749
0.131852
0.131003
0.130204
0.129459
0.128772
0.128146
0.127582
0.127084
0.126653
0.126292
0.126001
0.125782
0.125635
0.125562
0.14778
0.146903
0.145986
0.145033
0.14405
0.143044
0.142021
0.140987
0.139949
0.138913
0.137885
0.136871
0.135877
0.134909
0.13397
0.133067
0.132204
0.131385
0.130614
0.129895
0.129231
0.128625
0.128079
0.127597
0.12718
0.126829
0.126548
0.126335
0.126193
0.126122
0.147624
0.146773
0.145878
0.144945
0.143982
0.142995
0.141991
0.140977
0.139958
0.138942
0.137933
0.136938
0.135963
0.135013
0.134092
0.133206
0.132359
0.131555
0.130798
0.130092
0.12944
0.128844
0.128308
0.127834
0.127424
0.12708
0.126802
0.126594
0.126454
0.126384
0.169748
0.181314
0.181541
0.181833
0.178237
0.175367
0.171201
0.167943
0.164329
0.161517
0.15869
0.156503
0.154418
0.152828
0.151379
0.150315
0.1494
0.148797
0.148344
0.148172
0.176578
0.18644
0.185099
0.184503
0.180155
0.17686
0.172354
0.168885
0.165095
0.162171
0.159245
0.156994
0.154849
0.153221
0.151733
0.150646
0.149709
0.149096
0.148629
0.148454
0.183006
0.190992
0.188285
0.186871
0.181895
0.178213
0.173406
0.169744
0.165799
0.162771
0.159758
0.157448
0.155251
0.153588
0.152068
0.150961
0.150007
0.149375
0.148907
0.14873
0.189193
0.195432
0.191408
0.189222
0.183625
0.179573
0.174463
0.170613
0.166507
0.163376
0.160273
0.157903
0.155652
0.153953
0.1524
0.151276
0.150291
0.149655
0.149177
0.148998
0.195241
0.19974
0.194451
0.191505
0.185303
0.180894
0.175489
0.171456
0.167195
0.163965
0.160774
0.158347
0.156043
0.154309
0.152725
0.151565
0.150571
0.149928
0.149441
0.14926
0.201129
0.20389
0.197398
0.193707
0.186925
0.18217
0.17648
0.172273
0.16786
0.164536
0.161259
0.158777
0.156422
0.154654
0.153048
0.151858
0.150845
0.150192
0.149698
0.149514
0.206848
0.207884
0.20025
0.195831
0.188494
0.183405
0.177438
0.173063
0.168504
0.165088
0.161729
0.159195
0.156792
0.155014
0.153322
0.152139
0.15111
0.150449
0.149946
0.149761
0.212392
0.211723
0.203007
0.197875
0.190008
0.184595
0.178363
0.173827
0.169126
0.165623
0.162184
0.1596
0.157151
0.155287
0.153619
0.152413
0.151367
0.150697
0.150187
0.149999
0.217752
0.215405
0.205666
0.199838
0.191466
0.185741
0.179255
0.174563
0.169725
0.166139
0.162623
0.159991
0.157497
0.155621
0.1539
0.152678
0.151616
0.150938
0.150419
0.15023
0.222919
0.21893
0.208226
0.201718
0.192869
0.186842
0.180112
0.17527
0.170301
0.166635
0.163045
0.160366
0.157821
0.155915
0.154171
0.152934
0.151856
0.151169
0.150643
0.150452
0.227885
0.222297
0.210684
0.203513
0.194215
0.187895
0.180933
0.175949
0.170854
0.167112
0.163453
0.160748
0.158115
0.156198
0.154432
0.15318
0.152086
0.151392
0.150857
0.150665
0.232644
0.225506
0.213037
0.205223
0.195504
0.1889
0.18172
0.176598
0.171383
0.167568
0.163844
0.161053
0.158418
0.156472
0.154682
0.153415
0.152307
0.151605
0.151063
0.150869
0.237186
0.228555
0.215282
0.206848
0.196734
0.189857
0.18247
0.177216
0.171887
0.168004
0.164216
0.161395
0.158701
0.156735
0.15492
0.153641
0.152518
0.151809
0.151259
0.151064
0.241507
0.231443
0.217418
0.208385
0.197904
0.190764
0.183184
0.177804
0.172367
0.168418
0.164566
0.161703
0.158972
0.156985
0.155148
0.153855
0.152718
0.152003
0.151446
0.15125
0.2456
0.23417
0.219442
0.209836
0.199013
0.191621
0.18386
0.17836
0.172822
0.168811
0.164893
0.161996
0.159229
0.157223
0.155363
0.154059
0.152909
0.152187
0.151623
0.151425
0.249459
0.236735
0.221351
0.211199
0.20006
0.192427
0.184499
0.178883
0.173252
0.169182
0.165212
0.162271
0.159472
0.157447
0.155567
0.154252
0.153088
0.152361
0.15179
0.151591
0.253079
0.239136
0.223143
0.212474
0.201044
0.193182
0.185099
0.179374
0.173656
0.169532
0.165482
0.162526
0.1597
0.157658
0.155758
0.154432
0.153257
0.152524
0.151947
0.151747
0.256457
0.241373
0.224816
0.21366
0.201964
0.193885
0.185659
0.179832
0.174033
0.169854
0.165754
0.162766
0.159913
0.157855
0.155937
0.154601
0.153415
0.152677
0.152093
0.151892
0.259587
0.243443
0.226367
0.214758
0.202817
0.194535
0.18618
0.180256
0.174386
0.170163
0.166004
0.162991
0.160111
0.158038
0.156103
0.154758
0.153561
0.152819
0.152229
0.152027
0.262467
0.245346
0.227796
0.215766
0.203604
0.195132
0.18666
0.180646
0.17471
0.170408
0.16623
0.163197
0.160293
0.158207
0.156255
0.154903
0.153696
0.152949
0.152354
0.152152
0.265094
0.24708
0.2291
0.216685
0.204324
0.195677
0.187098
0.181001
0.175005
0.170674
0.166441
0.163387
0.16046
0.158361
0.156395
0.155035
0.153819
0.153068
0.152468
0.152265
0.267463
0.248645
0.230277
0.217513
0.204974
0.196167
0.187495
0.181322
0.175268
0.170893
0.166631
0.163558
0.160611
0.1585
0.156521
0.155155
0.15393
0.153176
0.152572
0.152368
0.269575
0.250039
0.231328
0.21825
0.205555
0.196604
0.18785
0.181607
0.175504
0.171094
0.166801
0.163711
0.160745
0.158625
0.156634
0.155261
0.15403
0.153272
0.152664
0.152459
0.271426
0.251261
0.232249
0.218897
0.206065
0.196987
0.188161
0.181857
0.17571
0.171269
0.166951
0.163845
0.160863
0.158734
0.156733
0.155355
0.154117
0.153357
0.152745
0.152539
0.273014
0.252311
0.233041
0.219452
0.206503
0.197316
0.188429
0.182072
0.175886
0.171419
0.16708
0.163961
0.160965
0.158828
0.156818
0.155436
0.154192
0.153429
0.152814
0.152608
0.27434
0.253188
0.233702
0.219915
0.206869
0.19759
0.188653
0.182251
0.176034
0.171544
0.167188
0.164057
0.16105
0.158906
0.156889
0.155503
0.154254
0.15349
0.152872
0.152666
0.275401
0.25389
0.234231
0.220286
0.207163
0.197809
0.188832
0.182394
0.176152
0.171644
0.167274
0.164135
0.161118
0.158969
0.156946
0.155557
0.154305
0.153539
0.152919
0.152712
0.276197
0.254417
0.234628
0.220565
0.207383
0.197974
0.188967
0.182502
0.17624
0.171719
0.167339
0.164193
0.161169
0.159016
0.156988
0.155597
0.154342
0.153575
0.152953
0.152747
0.276728
0.254769
0.234894
0.22075
0.20753
0.198084
0.189057
0.182573
0.176299
0.17177
0.167382
0.164231
0.161203
0.159048
0.157017
0.155624
0.154367
0.153599
0.152977
0.15277
0.276993
0.254945
0.235026
0.220843
0.207604
0.198138
0.189102
0.182609
0.176328
0.171795
0.167404
0.164251
0.16122
0.159064
0.157031
0.155638
0.15438
0.153612
0.152988
0.152781
)
;

boundaryField
{
    inlet
    {
        type            zeroGradient;
    }
    outlet
    {
        type            fixedValue;
        value           nonuniform 0();
    }
    cylinder
    {
        type            zeroGradient;
    }
    top
    {
        type            symmetryPlane;
    }
    bottom
    {
        type            symmetryPlane;
    }
    defaultFaces
    {
        type            empty;
    }
    procBoundary2to0
    {
        type            processor;
        value           nonuniform List<scalar> 
65
(
-0.241949
-0.244024
-0.244886
-0.245684
-0.246346
-0.246933
-0.247486
-0.24802
-0.24854
-0.249044
-0.249523
-0.24997
-0.250374
-0.250724
-0.25101
-0.251222
-0.251351
-0.25139
-0.251335
-0.251184
0.67489
0.655295
0.646055
0.633142
0.61768
0.60011
0.581158
0.56147
0.541524
0.52166
0.502119
0.483068
0.464616
0.446834
0.429764
0.413425
0.397823
0.382951
0.368795
0.355336
0.342547
0.330409
0.318918
0.308035
0.297598
0.276993
0.254944
0.235026
0.220843
0.207604
0.198138
0.189101
0.182609
0.176328
0.171794
0.167404
0.16425
0.161219
0.159064
0.157031
0.155638
0.15438
0.153612
0.152988
0.152781
)
;
    }
    procBoundary2to3
    {
        type            processor;
        value           nonuniform List<scalar> 
67
(
-0.250922
-0.250949
-0.251025
-0.251025
-0.250764
-0.250891
-0.251047
-0.251227
-0.251425
-0.251635
-0.251851
-0.252066
-0.252066
-0.25107
-0.251138
-0.251117
-0.250978
-0.250978
-0.250229
-0.250136
-0.249926
-0.249926
-0.239011
-0.237663
-0.236395
-0.236395
-0.249698
-0.247255
-0.244369
-0.244369
-0.241134
-0.238154
-0.234906
-0.231534
-0.231534
-0.228808
-0.225176
-0.219861
-0.209063
-0.198637
-0.188622
-0.179054
-0.170009
-0.161526
-0.153615
-0.146269
-0.139471
-0.133197
-0.127421
-0.122115
-0.117253
-0.112809
-0.108757
-0.105076
-0.101742
-0.0987373
-0.0960424
-0.0936414
-0.0915198
-0.0896646
-0.0880647
-0.0867103
-0.0855933
-0.084707
-0.0840459
-0.0836079
-0.083386
)
;
    }
}


// ************************************************************************* //
