/*--------------------------------*- C++ -*----------------------------------*\
  =========                 |
  \\      /  F ield         | OpenFOAM: The Open Source CFD Toolbox
   \\    /   O peration     | Website:  https://openfoam.org
    \\  /    A nd           | Version:  7
     \\/     M anipulation  |
\*---------------------------------------------------------------------------*/
FoamFile
{
    version     2.0;
    format      ascii;
    class       volVectorField;
    location    "30";
    object      U;
}
// * * * * * * * * * * * * * * * * * * * * * * * * * * * * * * * * * * * * * //

dimensions      [0 1 -1 0 0 0 0];

internalField   nonuniform List<vector> 
1360
(
(0.508146 -0.00437402 -1.66971e-21)
(0.51251 -0.00430086 -3.33026e-22)
(0.516805 -0.00422909 1.5388e-21)
(0.521033 -0.00415871 4.83222e-22)
(0.525194 -0.00408969 -1.29407e-21)
(0.529291 -0.00402203 -2.00148e-21)
(0.533323 -0.0039557 2.69513e-21)
(0.537293 -0.00389068 -2.34019e-22)
(0.541202 -0.00382697 -1.4451e-21)
(0.54505 -0.00376453 7.11981e-22)
(0.54884 -0.00370336 -1.00495e-21)
(0.552571 -0.00364342 1.79332e-21)
(0.556246 -0.0035847 2.21434e-22)
(0.559865 -0.00352719 -1.46428e-21)
(0.563429 -0.00347085 -3.78391e-22)
(0.56694 -0.00341567 5.20241e-22)
(0.570399 -0.00336163 3.81858e-22)
(0.573807 -0.0033087 -5.14978e-22)
(0.577164 -0.00325687 2.15534e-22)
(0.580471 -0.00320611 2.03542e-22)
(0.583731 -0.0031564 -4.37769e-22)
(0.586943 -0.00310772 4.53626e-22)
(0.590109 -0.00306005 -2.61206e-22)
(0.593229 -0.00301337 1.89082e-22)
(0.596305 -0.00296764 1.56498e-22)
(0.599337 -0.00292286 -2.68858e-22)
(0.602327 -0.002879 -2.906e-22)
(0.605274 -0.00283604 2.02008e-22)
(0.608181 -0.00279394 1.50391e-22)
(0.611047 -0.00275269 -1.99683e-22)
(0.613874 -0.00271225 -7.08437e-23)
(0.616662 -0.00267261 1.48298e-22)
(0.619412 -0.00263372 -6.03455e-23)
(0.622124 -0.00259556 2.92035e-22)
(0.6248 -0.0025581 -2.62859e-22)
(0.62744 -0.00252129 3.53006e-23)
(0.630045 -0.00248508 7.42252e-23)
(0.632615 -0.00244944 1.96073e-23)
(0.63515 -0.0024143 -2.90468e-23)
(0.637652 -0.0023796 -3.80666e-23)
(0.64012 -0.00234526 5.10536e-23)
(0.642554 -0.00231119 -3.67952e-23)
(0.644956 -0.00227727 2.11619e-23)
(0.647324 -0.00224339 1.9076e-24)
(0.649659 -0.00220939 -5.74144e-24)
(0.651962 -0.00217507 6.34314e-25)
(0.654231 -0.00214028 -1.45276e-25)
(0.656456 -0.00210486 1.69729e-24)
(0.658623 -0.00206851 1.51097e-24)
(0.66094 -0.00203156 1.41838e-25)
(0.663811 -0.00200305 1.54145e-24)
(0.524339 -0.0128959 -6.22301e-21)
(0.528466 -0.0126809 -4.55336e-21)
(0.532528 -0.01247 9.38469e-21)
(0.536526 -0.0122631 -3.35113e-21)
(0.540463 -0.0120603 3.71231e-21)
(0.544338 -0.0118614 -1.04028e-20)
(0.548154 -0.0116664 1.27985e-20)
(0.551911 -0.0114754 2.19511e-22)
(0.555611 -0.0112881 -3.71114e-21)
(0.559254 -0.0111046 -1.93006e-21)
(0.562842 -0.0109248 6.07645e-23)
(0.566376 -0.0107486 -9.90714e-22)
(0.569856 -0.010576 2.58196e-21)
(0.573284 -0.010407 -1.39579e-21)
(0.576662 -0.0102414 7.51092e-22)
(0.579989 -0.0100792 -4.62789e-22)
(0.583267 -0.00992035 1.97035e-22)
(0.586497 -0.00976478 -2.05446e-22)
(0.589679 -0.00961242 -1.73273e-21)
(0.592816 -0.00946321 1.34474e-22)
(0.595907 -0.0093171 1.07775e-21)
(0.598954 -0.00917401 -1.84021e-21)
(0.601958 -0.00903389 1.77129e-21)
(0.604919 -0.00889667 -1.10055e-21)
(0.607838 -0.00876228 6.80941e-22)
(0.610716 -0.00863065 4.15854e-22)
(0.613554 -0.00850173 4.4317e-22)
(0.616353 -0.00837544 -3.11568e-22)
(0.619113 -0.00825171 -1.54732e-21)
(0.621836 -0.00813047 1.49109e-21)
(0.624522 -0.00801163 -6.56417e-22)
(0.627171 -0.00789512 -9.78875e-23)
(0.629785 -0.00778085 8.65717e-23)
(0.632364 -0.00766873 1.48447e-22)
(0.634908 -0.00755865 -1.71349e-22)
(0.637419 -0.0074505 -8.77208e-23)
(0.639897 -0.00734416 5.01808e-22)
(0.642342 -0.00723948 -1.82472e-22)
(0.644755 -0.0071363 -1.48121e-23)
(0.647136 -0.00703443 -1.69374e-22)
(0.649486 -0.00693365 1.38069e-22)
(0.651805 -0.00683371 3.18118e-23)
(0.654093 -0.00673429 -1.44461e-23)
(0.65635 -0.00663502 -6.69265e-24)
(0.658577 -0.00653547 1.19383e-23)
(0.660773 -0.00643512 -1.53745e-24)
(0.662938 -0.00633347 -2.01582e-24)
(0.665063 -0.00623013 2.6611e-24)
(0.667135 -0.00612421 -4.83339e-24)
(0.669348 -0.00601659 1.77146e-24)
(0.672099 -0.00593325 -8.78298e-24)
(0.55918 -0.0204176 9.4716e-21)
(0.562799 -0.0200802 -7.96106e-21)
(0.566363 -0.0197492 -4.05213e-21)
(0.569873 -0.0194247 2.83607e-21)
(0.57333 -0.0191066 -2.15377e-21)
(0.576735 -0.0187947 -2.71582e-21)
(0.580088 -0.018489 3.49615e-21)
(0.583391 -0.0181893 -5.66961e-21)
(0.586645 -0.0178957 3.05473e-22)
(0.589851 -0.017608 4.7665e-21)
(0.59301 -0.0173261 -8.16641e-22)
(0.596122 -0.0170499 -5.2519e-22)
(0.599188 -0.0167794 -5.88985e-21)
(0.60221 -0.0165144 3.94828e-21)
(0.605188 -0.0162548 1.12906e-21)
(0.608123 -0.0160006 2.79473e-22)
(0.611017 -0.0157517 -2.21572e-21)
(0.613869 -0.0155078 1.98723e-21)
(0.61668 -0.015269 -4.66086e-22)
(0.619452 -0.0150352 2.23043e-21)
(0.622186 -0.0148062 -6.96481e-22)
(0.624881 -0.014582 -2.01655e-21)
(0.627539 -0.0143624 1.55484e-21)
(0.630161 -0.0141473 -7.43693e-22)
(0.632747 -0.0139367 -2.17719e-21)
(0.635298 -0.0137304 1.0994e-21)
(0.637814 -0.0135283 -2.44996e-22)
(0.640297 -0.0133303 7.57475e-22)
(0.642747 -0.0131363 -1.48539e-21)
(0.645165 -0.0129462 1.73546e-21)
(0.647551 -0.0127598 -3.87761e-22)
(0.649906 -0.0125771 -3.60268e-22)
(0.652231 -0.0123978 5.3238e-22)
(0.654525 -0.0122218 -1.05353e-21)
(0.656791 -0.0120489 1.13587e-21)
(0.659027 -0.0118789 -7.55717e-22)
(0.661235 -0.0117117 1.2224e-22)
(0.663416 -0.0115469 4.09564e-23)
(0.665569 -0.0113844 -1.50284e-22)
(0.667694 -0.0112236 7.47543e-23)
(0.669793 -0.0110644 -6.2358e-23)
(0.671865 -0.0109061 1.06836e-22)
(0.673911 -0.0107483 4.59911e-23)
(0.675931 -0.0105903 -6.60825e-23)
(0.677925 -0.0104313 1.18984e-23)
(0.679894 -0.0102706 2.42291e-24)
(0.681828 -0.0101077 -9.56407e-25)
(0.683716 -0.00994113 -3.80029e-24)
(0.685732 -0.0097721 -7.56874e-24)
(0.688253 -0.00964029 1.57624e-23)
(0.602399 -0.0271525 -1.15478e-20)
(0.605411 -0.0267081 1.35376e-21)
(0.608379 -0.0262722 -1.29638e-21)
(0.611304 -0.0258447 5.8941e-21)
(0.614186 -0.0254256 -5.49039e-22)
(0.617027 -0.0250147 1.77315e-20)
(0.619827 -0.0246119 -1.892e-20)
(0.622587 -0.0242171 -5.39478e-21)
(0.625307 -0.0238302 1.31044e-20)
(0.627989 -0.023451 -6.89996e-21)
(0.630632 -0.0230795 6.19563e-21)
(0.633239 -0.0227156 3.54269e-21)
(0.635809 -0.022359 -6.61524e-21)
(0.638343 -0.0220098 -2.78329e-21)
(0.640842 -0.0216677 2.77412e-21)
(0.643307 -0.0213326 7.35065e-21)
(0.645738 -0.0210044 -4.56808e-21)
(0.648136 -0.020683 -7.79505e-22)
(0.650502 -0.0203683 9.9922e-22)
(0.652836 -0.0200601 -1.27788e-21)
(0.655138 -0.0197582 4.4908e-22)
(0.657411 -0.0194627 -4.06066e-22)
(0.659653 -0.0191732 2.70476e-22)
(0.661866 -0.0188898 -1.73508e-22)
(0.664051 -0.0186122 1.83624e-21)
(0.666207 -0.0183403 -1.66224e-21)
(0.668336 -0.018074 1.0433e-21)
(0.670438 -0.0178132 -7.1466e-22)
(0.672513 -0.0175576 -1.08603e-22)
(0.674563 -0.0173072 1.79824e-22)
(0.676587 -0.0170617 9.51861e-22)
(0.678586 -0.016821 -4.58748e-22)
(0.680561 -0.016585 -6.75165e-22)
(0.682513 -0.0163534 -5.37426e-22)
(0.68444 -0.0161259 3.87617e-23)
(0.686345 -0.0159025 7.25157e-24)
(0.688227 -0.0156827 1.72313e-22)
(0.690087 -0.0154662 3.51065e-22)
(0.691926 -0.0152529 1.41648e-22)
(0.693743 -0.0150421 1.15356e-22)
(0.695539 -0.0148336 -2.4249e-22)
(0.697314 -0.0146266 2.94216e-23)
(0.699069 -0.0144207 -3.23321e-23)
(0.700803 -0.014215 -4.5178e-23)
(0.702519 -0.0140086 1.93693e-23)
(0.704215 -0.0138008 -4.80594e-24)
(0.705885 -0.0135908 1.61268e-24)
(0.707519 -0.013377 4.74202e-24)
(0.709264 -0.0131606 -5.35476e-24)
(0.711465 -0.0129902 8.17282e-24)
(0.655078 -0.0326245 1.63736e-21)
(0.657377 -0.0320972 -5.68754e-21)
(0.659645 -0.0315799 1.08906e-20)
(0.661883 -0.0310726 -1.91579e-20)
(0.664092 -0.0305751 1.69489e-20)
(0.66627 -0.0300872 -6.87228e-21)
(0.66842 -0.029609 -9.17844e-21)
(0.670542 -0.0291402 1.22952e-20)
(0.672635 -0.0286807 -5.5191e-21)
(0.674702 -0.0282305 -8.44681e-22)
(0.676741 -0.0277892 -4.04237e-21)
(0.678754 -0.0273569 1.27639e-20)
(0.680741 -0.0269334 -2.93816e-21)
(0.682702 -0.0265185 -3.86659e-21)
(0.684639 -0.0261122 2.33004e-21)
(0.686551 -0.0257141 -5.44463e-21)
(0.688439 -0.0253243 2.701e-22)
(0.690304 -0.0249424 4.74416e-21)
(0.692145 -0.0245685 3.45693e-21)
(0.693964 -0.0242024 -3.03379e-21)
(0.695761 -0.0238438 -2.23423e-21)
(0.697536 -0.0234927 1.77255e-21)
(0.699289 -0.0231489 -2.19648e-21)
(0.701022 -0.0228123 3.84324e-21)
(0.702734 -0.0224826 -5.10576e-22)
(0.704427 -0.0221598 -2.43219e-21)
(0.706099 -0.0218436 3.71904e-21)
(0.707753 -0.021534 -2.42321e-21)
(0.709388 -0.0212306 -1.00732e-21)
(0.711004 -0.0209335 2.752e-21)
(0.712602 -0.0206423 -9.26289e-22)
(0.714183 -0.0203569 -1.72303e-21)
(0.715746 -0.020077 1.58416e-21)
(0.717293 -0.0198025 -1.43968e-21)
(0.718823 -0.0195332 1.42979e-21)
(0.720337 -0.0192686 -2.87546e-22)
(0.721835 -0.0190087 5.69915e-22)
(0.723318 -0.0187529 -3.75977e-22)
(0.724785 -0.018501 -3.54009e-22)
(0.726238 -0.0182526 4.98608e-22)
(0.727677 -0.0180071 -1.28423e-22)
(0.729102 -0.017764 -1.90376e-22)
(0.730513 -0.0175227 2.41691e-22)
(0.731911 -0.0172824 -4.44864e-23)
(0.733296 -0.0170423 -2.65159e-23)
(0.73467 -0.0168015 4.82717e-24)
(0.736028 -0.0165594 7.4032e-24)
(0.73736 -0.0163145 -1.47212e-23)
(0.738783 -0.0160675 2.89547e-24)
(0.7406 -0.0158708 -7.88344e-24)
(0.713723 -0.0366807 2.42202e-20)
(0.715269 -0.036097 6.86421e-21)
(0.716797 -0.0355243 -1.57087e-20)
(0.718309 -0.0349624 1.21506e-20)
(0.719805 -0.0344112 7.37638e-21)
(0.721284 -0.0338707 -2.10905e-20)
(0.722746 -0.0333407 -1.45335e-21)
(0.724193 -0.0328211 -3.66704e-21)
(0.725624 -0.0323117 2.38201e-20)
(0.72704 -0.0318125 -1.04039e-20)
(0.72844 -0.0313233 2.44076e-21)
(0.729825 -0.0308439 -1.7599e-21)
(0.731195 -0.0303742 -7.09578e-21)
(0.732551 -0.0299141 8.29801e-21)
(0.733893 -0.0294634 -2.27571e-21)
(0.73522 -0.0290219 1.57577e-21)
(0.736534 -0.0285894 4.41941e-21)
(0.737834 -0.028166 -3.5479e-22)
(0.739121 -0.0277512 -8.8987e-21)
(0.740394 -0.0273451 3.8255e-22)
(0.741655 -0.0269475 4.13001e-21)
(0.742904 -0.0265581 4.74954e-21)
(0.74414 -0.0261769 -1.57816e-21)
(0.745364 -0.0258037 -8.67417e-21)
(0.746576 -0.0254382 -3.14533e-23)
(0.747777 -0.0250804 5.87494e-21)
(0.748966 -0.02473 1.54335e-21)
(0.750144 -0.024387 -3.32513e-21)
(0.751312 -0.024051 1.36996e-21)
(0.752469 -0.023722 2.2963e-22)
(0.753616 -0.0233997 1.85147e-21)
(0.754753 -0.023084 -4.84994e-22)
(0.75588 -0.0227745 -1.68747e-21)
(0.756997 -0.0224712 5.02515e-22)
(0.758105 -0.0221737 -2.58374e-22)
(0.759205 -0.0218818 -4.70199e-22)
(0.760295 -0.0215951 7.97792e-22)
(0.761378 -0.0213135 -2.83958e-22)
(0.762452 -0.0210365 2.20512e-22)
(0.763518 -0.0207637 1.58466e-22)
(0.764577 -0.0204948 3.54158e-22)
(0.765629 -0.0202291 -4.14675e-22)
(0.766675 -0.0199661 9.35961e-23)
(0.767715 -0.0197052 8.63373e-23)
(0.768749 -0.0194457 -3.96973e-23)
(0.769779 -0.0191869 5.88492e-24)
(0.770802 -0.0189283 -1.25839e-23)
(0.771811 -0.0186688 -2.98165e-25)
(0.772889 -0.0184087 7.95585e-25)
(0.77429 -0.0181991 -1.72607e-25)
(0.775584 -0.038694 1.03752e-20)
(0.776394 -0.0380906 9.17152e-22)
(0.777201 -0.0374984 -2.06162e-20)
(0.778004 -0.0369174 1.24281e-20)
(0.778803 -0.0363474 -4.43758e-21)
(0.779598 -0.0357883 -2.58907e-20)
(0.780389 -0.0352401 1.45244e-20)
(0.781176 -0.0347026 1.76578e-20)
(0.781959 -0.0341757 -1.78798e-20)
(0.782738 -0.0336593 1.73066e-20)
(0.783513 -0.0331532 -7.43368e-21)
(0.784284 -0.0326573 -1.25664e-20)
(0.785051 -0.0321715 1.4622e-22)
(0.785814 -0.0316955 9.95004e-21)
(0.786573 -0.0312293 -1.05701e-20)
(0.787329 -0.0307727 3.9582e-21)
(0.78808 -0.0303255 4.88542e-21)
(0.788827 -0.0298876 4.91393e-22)
(0.789571 -0.0294589 3.93968e-21)
(0.79031 -0.0290391 -3.06995e-21)
(0.791047 -0.0286282 -7.55056e-22)
(0.791779 -0.0282259 -2.12767e-21)
(0.792508 -0.0278321 5.60048e-22)
(0.793234 -0.0274466 -5.39439e-21)
(0.793956 -0.0270692 4.82874e-21)
(0.794675 -0.0266999 3.41993e-21)
(0.795391 -0.0263383 -8.23807e-21)
(0.796104 -0.0259845 4.08353e-21)
(0.796814 -0.025638 4.68357e-22)
(0.797522 -0.0252989 -1.33303e-22)
(0.798226 -0.0249668 -1.82199e-22)
(0.798928 -0.0246415 4.54886e-22)
(0.799628 -0.024323 3.11051e-23)
(0.800326 -0.0240108 5.69906e-22)
(0.801021 -0.0237049 -1.53252e-21)
(0.801715 -0.0234048 8.39322e-22)
(0.802407 -0.0231104 1.19772e-21)
(0.803098 -0.0228213 -5.57622e-22)
(0.803787 -0.0225373 -2.38673e-22)
(0.804477 -0.0222578 3.59102e-22)
(0.805165 -0.0219825 -2.87461e-22)
(0.805854 -0.021711 7.01729e-23)
(0.806543 -0.0214428 1.10126e-22)
(0.807234 -0.0211774 -2.22124e-22)
(0.807927 -0.0209143 2.35323e-23)
(0.808621 -0.0206534 1.70599e-23)
(0.809312 -0.020394 -1.5324e-24)
(0.810053 -0.0201363 -1.80778e-24)
(0.811036 -0.0199261 4.10017e-24)
(0.835098 -0.0400679 2.42665e-20)
(0.835261 -0.0394508 -4.19352e-20)
(0.835433 -0.038845 2.68682e-20)
(0.835612 -0.0382505 -2.94404e-20)
(0.835799 -0.0376672 4.40037e-20)
(0.835993 -0.037095 -1.16971e-20)
(0.836194 -0.0365339 -3.13921e-20)
(0.836402 -0.0359837 4.05823e-20)
(0.836616 -0.0354444 -9.52401e-21)
(0.836836 -0.0349158 7.63667e-21)
(0.837062 -0.0343978 9.99861e-22)
(0.837293 -0.0338903 -1.19398e-20)
(0.83753 -0.0333931 -3.89195e-21)
(0.837773 -0.0329061 7.1303e-21)
(0.83802 -0.0324292 5.07379e-21)
(0.838273 -0.0319621 -1.07117e-20)
(0.83853 -0.0315049 4.82163e-21)
(0.838792 -0.0310573 -3.5161e-21)
(0.839058 -0.0306192 2.33905e-21)
(0.839329 -0.0301903 -1.83608e-21)
(0.839605 -0.0297707 1.79798e-21)
(0.839884 -0.02936 1.54124e-21)
(0.840168 -0.0289582 4.45789e-21)
(0.840456 -0.0285651 -6.82059e-21)
(0.840748 -0.0281805 2.74894e-21)
(0.841044 -0.0278042 -1.40496e-21)
(0.841344 -0.0274362 -6.00764e-22)
(0.841648 -0.0270762 5.1453e-21)
(0.841956 -0.026724 -4.95368e-21)
(0.842268 -0.0263796 3.28974e-22)
(0.842585 -0.0260426 -1.26483e-21)
(0.842905 -0.0257129 -1.47797e-22)
(0.843229 -0.0253904 1.88967e-21)
(0.843557 -0.0250748 5.78721e-22)
(0.84389 -0.0247658 -1.17147e-21)
(0.844227 -0.0244634 -6.34886e-22)
(0.844568 -0.0241672 5.11574e-22)
(0.844915 -0.0238769 -2.03467e-22)
(0.845266 -0.0235924 -1.17991e-22)
(0.845622 -0.0233133 1.61224e-23)
(0.845984 -0.0230394 -6.44391e-23)
(0.846352 -0.0227702 1.29846e-22)
(0.846726 -0.0225056 1.35813e-22)
(0.847107 -0.0222451 -2.20344e-22)
(0.847496 -0.0219886 6.79511e-23)
(0.847893 -0.0217361 3.01066e-24)
(0.848294 -0.0214874 -2.52424e-23)
(0.84873 -0.0212424 2.71174e-25)
(0.849323 -0.0210398 -1.8999e-26)
(0.894515 -0.0392323 0)
(0.894152 -0.0386527 0)
(0.893806 -0.0380832 0)
(0.893474 -0.0375238 4.58838e-28)
(0.893157 -0.0369746 -2.12081e-28)
(0.892854 -0.0364355 2.03973e-28)
(0.892565 -0.0359064 -4.08189e-28)
(0.89229 -0.0353874 0)
(0.892027 -0.0348783 0)
(0.891777 -0.0343791 0)
(0.89154 -0.0338897 -4.01459e-12)
(0.891314 -0.0334101 -3.84895e-12)
(0.8911 -0.0329401 0)
(0.890897 -0.0324797 0)
(0.890705 -0.0320287 0)
(0.890524 -0.031587 0)
(0.890353 -0.0311545 0)
(0.890193 -0.0307311 0)
(0.890043 -0.0303167 0)
(0.889903 -0.0299111 0)
(0.889772 -0.0295142 2.19171e-28)
(0.889651 -0.0291259 -9.996e-29)
(0.88954 -0.0287461 0)
(0.889437 -0.0283747 0)
(0.889344 -0.0280114 0)
(0.88926 -0.0276561 0)
(0.889185 -0.0273088 0)
(0.889118 -0.0269693 1.46923e-28)
(0.889061 -0.0266374 -6.60869e-29)
(0.889012 -0.026313 1.2844e-28)
(0.888971 -0.0259959 -5.74227e-29)
(0.88894 -0.025686 0)
(0.888917 -0.0253831 0)
(0.888903 -0.0250871 0)
(0.888897 -0.0247977 0)
(0.888901 -0.0245149 0)
(0.888913 -0.0242384 0)
(0.888935 -0.0239681 6.32096e-29)
(0.888966 -0.0237037 -2.69129e-29)
(0.889007 -0.0234451 0)
(0.889058 -0.0231921 0)
(0.889119 -0.0229444 3.58173e-29)
(0.889192 -0.0227021 -1.41991e-29)
(0.889276 -0.0224649 0)
(0.889371 -0.0222329 1.78106e-29)
(0.889478 -0.022006 -5.93217e-30)
(0.889607 -0.0217837 7.16816e-30)
(0.889797 -0.0215975 -1.13652e-30)
(0.953892 -0.0379455 0)
(0.953053 -0.0374047 0)
(0.952236 -0.0368728 0)
(0.95144 -0.0363499 -4.5946e-28)
(0.950664 -0.0358361 2.12367e-28)
(0.949907 -0.0353314 -7.24967e-28)
(0.94917 -0.0348358 9.29455e-28)
(0.948452 -0.0343494 0)
(0.947752 -0.033872 0)
(0.947069 -0.0334038 0)
(0.946404 -0.0329446 4.01988e-12)
(0.945756 -0.0324944 3.854e-12)
(0.945124 -0.0320532 0)
(0.944507 -0.0316208 0)
(0.943907 -0.0311973 0)
(0.943322 -0.0307825 0)
(0.942752 -0.0303763 0)
(0.942196 -0.0299787 -3.30595e-28)
(0.941655 -0.0295896 3.30595e-28)
(0.941128 -0.0292088 0)
(0.940614 -0.0288363 -2.19445e-28)
(0.940115 -0.0284721 1.00084e-28)
(0.939628 -0.0281158 0)
(0.939155 -0.0277676 0)
(0.938695 -0.0274273 0)
(0.938248 -0.0270947 0)
(0.937813 -0.0267697 0)
(0.937391 -0.0264524 -1.47098e-28)
(0.936981 -0.0261424 6.6165e-29)
(0.936583 -0.0258398 -1.2859e-28)
(0.936197 -0.0255445 5.74893e-29)
(0.935824 -0.0252562 0)
(0.935463 -0.024975 0)
(0.935114 -0.0247006 0)
(0.934777 -0.0244331 0)
(0.934452 -0.0241722 0)
(0.93414 -0.0239179 0)
(0.933839 -0.0236702 -6.32783e-29)
(0.933552 -0.0234288 2.69418e-29)
(0.933277 -0.0231938 0)
(0.933016 -0.022965 0)
(0.932768 -0.0227425 -3.58545e-29)
(0.932534 -0.0225261 1.42137e-29)
(0.932314 -0.022316 0)
(0.932109 -0.0221122 -1.78284e-29)
(0.931921 -0.0219147 5.93804e-30)
(0.931743 -0.0217233 -7.17517e-30)
(0.931529 -0.0215615 1.13498e-30)
(1.00692 -0.0358641 0)
(1.00574 -0.0353712 0)
(1.00457 -0.0348858 -1.34494e-29)
(1.00344 -0.034408 0)
(1.00232 -0.0339381 1.24885e-29)
(1.00123 -0.033476 -5.84325e-28)
(1.00016 -0.0330218 5.72298e-28)
(0.999118 -0.0325757 1.11403e-29)
(0.998093 -0.0321376 0)
(0.997088 -0.0317076 0)
(0.996104 -0.0312857 4.96085e-29)
(0.995139 -0.0308719 0)
(0.994194 -0.0304662 -1.43327e-28)
(0.993267 -0.0300685 -1.02348e-28)
(0.992359 -0.0296789 0)
(0.991469 -0.0292972 -4.01978e-29)
(0.990596 -0.0289236 0)
(0.989741 -0.0285578 0)
(0.988902 -0.0281999 0)
(0.98808 -0.0278498 -6.67377e-30)
(0.987275 -0.0275074 0)
(0.986485 -0.0271727 0)
(0.985711 -0.0268456 0)
(0.984953 -0.0265261 0)
(0.98421 -0.026214 5.16574e-30)
(0.983482 -0.0259092 0)
(0.982769 -0.0256119 0)
(0.982071 -0.0253217 2.17743e-29)
(0.981387 -0.0250388 1.79251e-12)
(0.980717 -0.024763 1.68029e-12)
(0.980062 -0.0244942 0)
(0.979421 -0.0242325 3.33258e-30)
(0.978794 -0.0239776 0)
(0.978182 -0.0237297 0)
(0.977583 -0.0234886 0)
(0.976998 -0.0232543 -2.41669e-30)
(0.976428 -0.0230268 0)
(0.975872 -0.0228061 8.75531e-13)
(0.97533 -0.0225921 7.86394e-13)
(0.974803 -0.0223849 0)
(0.974291 -0.0221846 1.40234e-30)
(0.973793 -0.0219912 0)
(0.973311 -0.0218048 0)
(0.972845 -0.0216255 -8.66742e-31)
(0.972396 -0.0214537 0)
(0.971967 -0.0212895 0)
(0.97154 -0.0211331 0)
(0.970987 -0.0210007 0)
(1.05242 -0.033217 0)
(1.05101 -0.0327765 0)
(1.04963 -0.0323421 1.34494e-29)
(1.04828 -0.0319139 0)
(1.04695 -0.0314921 -1.24885e-29)
(1.04564 -0.0310769 1.20271e-29)
(1.04436 -0.0306684 0)
(1.0431 -0.0302668 -1.11403e-29)
(1.04186 -0.0298721 0)
(1.04065 -0.0294844 0)
(1.03945 -0.0291038 -4.96085e-29)
(1.03828 -0.0287303 0)
(1.03713 -0.028364 1.43327e-28)
(1.03599 -0.0280049 1.02348e-28)
(1.03488 -0.027653 0)
(1.03378 -0.0273082 4.01978e-29)
(1.03271 -0.0269707 0)
(1.03165 -0.0266404 0)
(1.03061 -0.0263172 0)
(1.02959 -0.0260012 6.67377e-30)
(1.02858 -0.0256924 0)
(1.02759 -0.0253906 0)
(1.02662 -0.0250959 0)
(1.02567 -0.0248082 0)
(1.02473 -0.0245276 -5.16574e-30)
(1.0238 -0.0242539 0)
(1.0229 -0.0239871 0)
(1.022 -0.0237273 -2.17743e-29)
(1.02113 -0.0234743 -1.79251e-12)
(1.02027 -0.0232282 -1.68029e-12)
(1.01942 -0.0229889 0)
(1.01859 -0.0227564 -3.33258e-30)
(1.01777 -0.0225308 0)
(1.01697 -0.0223119 0)
(1.01618 -0.0220999 0)
(1.01541 -0.0218947 2.41669e-30)
(1.01465 -0.0216964 0)
(1.01391 -0.021505 -8.75531e-13)
(1.01318 -0.0213207 -7.86394e-13)
(1.01247 -0.0211435 0)
(1.01177 -0.0209736 -1.40234e-30)
(1.01109 -0.0208111 0)
(1.01042 -0.0206563 0)
(1.00977 -0.0205094 8.66742e-31)
(1.00914 -0.0203708 0)
(1.00852 -0.020241 0)
(1.00791 -0.0201203 0)
(1.0071 -0.0200191 0)
(1.0899 -0.0302623 0)
(1.08839 -0.029874 0)
(1.08691 -0.0294902 0)
(1.08545 -0.0291114 0)
(1.08402 -0.0287377 0)
(1.0826 -0.0283694 0)
(1.08122 -0.0280067 0)
(1.07985 -0.0276497 0)
(1.0785 -0.0272986 0)
(1.07718 -0.0269534 0)
(1.07588 -0.0266144 0)
(1.07459 -0.0262815 0)
(1.07333 -0.0259549 0)
(1.07208 -0.0256346 0)
(1.07086 -0.0253208 0)
(1.06965 -0.0250133 0)
(1.06846 -0.0247123 0)
(1.06729 -0.0244178 3.77687e-28)
(1.06614 -0.0241298 -3.77687e-28)
(1.065 -0.0238484 0)
(1.06388 -0.0235734 0)
(1.06278 -0.023305 0)
(1.0617 -0.0230431 0)
(1.06063 -0.0227877 0)
(1.05957 -0.0225389 0)
(1.05853 -0.0222966 0)
(1.05751 -0.0220609 0)
(1.0565 -0.0218316 0)
(1.05551 -0.021609 0)
(1.05453 -0.0213928 0)
(1.05357 -0.0211833 0)
(1.05262 -0.0209804 0)
(1.05168 -0.0207841 0)
(1.05076 -0.0205945 0)
(1.04986 -0.0204116 0)
(1.04897 -0.0202356 0)
(1.04809 -0.0200665 0)
(1.04723 -0.0199044 0)
(1.04638 -0.0197495 0)
(1.04555 -0.019602 0)
(1.04473 -0.0194621 0)
(1.04392 -0.0193299 0)
(1.04313 -0.0192059 0)
(1.04236 -0.0190903 0)
(1.0416 -0.0189837 0)
(1.04086 -0.0188865 0)
(1.04012 -0.0187995 0)
(1.03912 -0.0187286 0)
(1.11954 -0.0272135 0)
(1.11803 -0.0268734 0)
(1.11653 -0.0265367 0)
(1.11506 -0.0262039 0)
(1.11361 -0.0258751 0)
(1.11219 -0.0255506 -5.9857e-28)
(1.11078 -0.0252307 5.9857e-28)
(1.10939 -0.0249155 0)
(1.10802 -0.0246053 0)
(1.10667 -0.0243001 0)
(1.10534 -0.0240002 0)
(1.10403 -0.0237056 0)
(1.10274 -0.0234165 0)
(1.10147 -0.0231329 0)
(1.10021 -0.022855 0)
(1.09897 -0.0225828 0)
(1.09775 -0.0223163 0)
(1.09654 -0.0220558 3.71228e-28)
(1.09535 -0.0218011 -3.71228e-28)
(1.09417 -0.0215523 0)
(1.09302 -0.0213095 0)
(1.09187 -0.0210727 0)
(1.09074 -0.0208419 0)
(1.08963 -0.0206172 0)
(1.08853 -0.0203985 0)
(1.08745 -0.020186 0)
(1.08638 -0.0199796 0)
(1.08532 -0.0197795 0)
(1.08428 -0.0195855 0)
(1.08325 -0.0193978 0)
(1.08223 -0.0192164 0)
(1.08123 -0.0190414 0)
(1.08024 -0.0188728 0)
(1.07927 -0.0187108 0)
(1.07831 -0.0185554 0)
(1.07736 -0.0184068 0)
(1.07642 -0.018265 0)
(1.0755 -0.0181304 0)
(1.07459 -0.0180029 0)
(1.0737 -0.0178829 0)
(1.07281 -0.0177706 0)
(1.07194 -0.0176664 0)
(1.07109 -0.0175705 0)
(1.07024 -0.0174834 0)
(1.06941 -0.0174055 0)
(1.0686 -0.0173374 0)
(1.06779 -0.0172803 0)
(1.06667 -0.0172364 0)
(1.142 -0.024233 0)
(1.14054 -0.0239353 0)
(1.1391 -0.0236403 0)
(1.13769 -0.0233481 0)
(1.13629 -0.0230591 2.86927e-28)
(1.13491 -0.0227736 2.60614e-28)
(1.13355 -0.0224918 -1.6858e-28)
(1.1322 -0.0222139 -2.57987e-28)
(1.13088 -0.0219401 0)
(1.12957 -0.0216707 0)
(1.12828 -0.0214058 0)
(1.127 -0.0211455 0)
(1.12574 -0.02089 0)
(1.1245 -0.0206394 0)
(1.12327 -0.0203939 0)
(1.12205 -0.0201534 0)
(1.12086 -0.0199181 0)
(1.11967 -0.019688 0)
(1.1185 -0.0194634 0)
(1.11735 -0.0192441 0)
(1.1162 -0.0190303 0)
(1.11508 -0.018822 0)
(1.11396 -0.0186192 3.02069e-12)
(1.11286 -0.0184222 2.87669e-12)
(1.11177 -0.0182307 2.73568e-12)
(1.1107 -0.0180451 2.59758e-12)
(1.10963 -0.0178652 -1.13426e-28)
(1.10858 -0.0176911 0)
(1.10754 -0.017523 0)
(1.10652 -0.0173609 0)
(1.1055 -0.0172048 0)
(1.1045 -0.0170548 0)
(1.10351 -0.0169111 0)
(1.10253 -0.0167738 0)
(1.10156 -0.0166429 0)
(1.10061 -0.0165187 0)
(1.09966 -0.0164012 0)
(1.09873 -0.0162907 0)
(1.09781 -0.0161875 0)
(1.0969 -0.0160916 0)
(1.096 -0.0160035 3.83548e-29)
(1.09511 -0.0159235 0)
(1.09423 -0.0158519 0)
(1.09337 -0.0157891 -2.48706e-29)
(1.09251 -0.0157356 2.83678e-29)
(1.09167 -0.0156921 -1.63134e-29)
(1.09083 -0.0156596 0)
(1.08967 -0.0156386 0)
(1.15823 -0.0214275 0)
(1.15687 -0.0211661 0)
(1.15553 -0.0209066 0)
(1.15421 -0.0206493 0)
(1.15291 -0.0203944 -2.86927e-28)
(1.15162 -0.0201424 2.77059e-28)
(1.15034 -0.0198934 -3.69093e-28)
(1.14908 -0.0196477 2.57987e-28)
(1.14784 -0.0194055 0)
(1.14661 -0.019167 0)
(1.14539 -0.0189325 0)
(1.14419 -0.018702 0)
(1.14301 -0.0184757 0)
(1.14183 -0.0182537 0)
(1.14067 -0.0180362 0)
(1.13953 -0.0178233 0)
(1.13839 -0.0176151 0)
(1.13727 -0.0174117 3.72658e-28)
(1.13616 -0.0172131 -3.72658e-28)
(1.13506 -0.0170195 0)
(1.13398 -0.0168309 0)
(1.13291 -0.0166475 0)
(1.13184 -0.0164692 -3.02069e-12)
(1.13079 -0.0162961 -2.87669e-12)
(1.12975 -0.0161284 -2.73568e-12)
(1.12873 -0.015966 -2.59758e-12)
(1.12771 -0.0158091 1.13426e-28)
(1.1267 -0.0156577 0)
(1.12571 -0.0155119 0)
(1.12472 -0.0153719 0)
(1.12375 -0.0152376 0)
(1.12278 -0.0151092 0)
(1.12182 -0.0149869 0)
(1.12088 -0.0148707 0)
(1.11994 -0.0147607 0)
(1.11902 -0.0146573 0)
(1.1181 -0.0145604 0)
(1.11719 -0.0144704 0)
(1.1163 -0.0143874 0)
(1.11541 -0.0143118 0)
(1.11453 -0.0142438 -3.83548e-29)
(1.11366 -0.0141837 0)
(1.1128 -0.0141319 0)
(1.11194 -0.0140888 2.48706e-29)
(1.1111 -0.0140548 -2.83678e-29)
(1.11027 -0.0140306 1.63134e-29)
(1.10943 -0.0140172 0)
(1.10827 -0.014014 0)
(1.16935 -0.0188521 0)
(1.16811 -0.0186213 7.23172e-12)
(1.16689 -0.0183917 1.39991e-11)
(1.16568 -0.0181639 6.77225e-12)
(1.16449 -0.017938 0)
(1.1633 -0.0177144 -2.62836e-28)
(1.16214 -0.0174934 0)
(1.16098 -0.0172751 0)
(1.15984 -0.0170599 -5.70479e-12)
(1.15871 -0.0168478 -5.50443e-12)
(1.15759 -0.0166392 0)
(1.15649 -0.0164342 -5.11605e-12)
(1.1554 -0.0162328 -4.92784e-12)
(1.15432 -0.0160354 0)
(1.15325 -0.015842 -4.56291e-12)
(1.15219 -0.0156527 -4.38599e-12)
(1.15114 -0.0154677 0)
(1.1501 -0.015287 -3.49342e-28)
(1.14908 -0.0151108 0)
(1.14806 -0.0149392 1.54141e-28)
(1.14706 -0.0147721 -3.07048e-28)
(1.14606 -0.0146099 1.40997e-28)
(1.14508 -0.0144524 3.24294e-12)
(1.1441 -0.0142998 3.09224e-12)
(1.14313 -0.0141522 -1.22227e-28)
(1.14218 -0.0140096 2.79947e-12)
(1.14123 -0.0138721 2.65725e-12)
(1.14029 -0.0137399 2.17555e-28)
(1.13936 -0.013613 2.38073e-12)
(1.13844 -0.0134915 2.2463e-12)
(1.13753 -0.0133756 -8.77672e-29)
(1.13662 -0.0132652 1.98472e-12)
(1.13573 -0.0131606 8.02504e-29)
(1.13484 -0.0130619 -1.73237e-12)
(1.13396 -0.0129693 1.60949e-12)
(1.13309 -0.0128829 1.48871e-12)
(1.13222 -0.0128029 0)
(1.13137 -0.0127294 -1.25317e-12)
(1.13052 -0.0126628 -2.27653e-12)
(1.12967 -0.0126033 -1.02517e-12)
(1.12884 -0.0125512 -9.13812e-13)
(1.12801 -0.0125067 -8.04104e-13)
(1.12719 -0.0124702 -2.889e-29)
(1.12638 -0.0124421 0)
(1.12557 -0.0124228 4.18182e-29)
(1.12477 -0.0124129 -1.57608e-29)
(1.12397 -0.0124132 0)
(1.12285 -0.0124226 7.95474e-30)
(1.17647 -0.0165204 0)
(1.17535 -0.0163156 -7.23172e-12)
(1.17425 -0.0161117 -1.39991e-11)
(1.17316 -0.0159091 -6.77225e-12)
(1.17207 -0.0157081 0)
(1.171 -0.0155089 2.62836e-28)
(1.16995 -0.0153118 0)
(1.1689 -0.0151172 0)
(1.16786 -0.0149251 5.70479e-12)
(1.16684 -0.0147358 5.50443e-12)
(1.16583 -0.0145495 0)
(1.16482 -0.0143663 5.11605e-12)
(1.16383 -0.0141865 4.92784e-12)
(1.16285 -0.0140102 0)
(1.16188 -0.0138375 4.56291e-12)
(1.16091 -0.0136685 4.38599e-12)
(1.15996 -0.0135034 0)
(1.15902 -0.0133423 7.20211e-28)
(1.15808 -0.0131853 -3.70869e-28)
(1.15716 -0.0130324 -1.54141e-28)
(1.15624 -0.0128838 3.07048e-28)
(1.15533 -0.0127396 -1.40997e-28)
(1.15443 -0.0125998 -3.24294e-12)
(1.15354 -0.0124646 -3.09224e-12)
(1.15266 -0.012334 1.22227e-28)
(1.15178 -0.0122082 -2.79947e-12)
(1.15091 -0.0120871 -2.65725e-12)
(1.15005 -0.0119709 -2.17555e-28)
(1.1492 -0.0118598 -2.38073e-12)
(1.14836 -0.0117538 -2.2463e-12)
(1.14752 -0.0116529 8.77672e-29)
(1.14669 -0.0115574 -1.98472e-12)
(1.14586 -0.0114674 -8.02504e-29)
(1.14504 -0.011383 1.73237e-12)
(1.14423 -0.0113043 -1.60949e-12)
(1.14343 -0.0112316 -1.48871e-12)
(1.14263 -0.0111649 0)
(1.14184 -0.0111045 1.25317e-12)
(1.14105 -0.0110507 2.27653e-12)
(1.14027 -0.0110035 1.02517e-12)
(1.13949 -0.0109634 9.13812e-13)
(1.13872 -0.0109306 8.04104e-13)
(1.13796 -0.0109053 2.889e-29)
(1.13719 -0.010888 0)
(1.13644 -0.0108789 -4.18182e-29)
(1.13569 -0.0108786 1.57608e-29)
(1.13493 -0.0108879 0)
(1.13387 -0.0109052 -7.94989e-30)
(1.18062 -0.0144177 3.21366e-28)
(1.17961 -0.0142358 -6.48413e-28)
(1.17861 -0.0140545 3.01805e-28)
(1.17762 -0.0138741 0)
(1.17665 -0.013695 0)
(1.17568 -0.0135173 0)
(1.17472 -0.0133415 0)
(1.17378 -0.0131676 0)
(1.17284 -0.012996 -5.15067e-28)
(1.17192 -0.0128268 0)
(1.171 -0.0126603 4.80166e-28)
(1.17009 -0.0124965 -2.22525e-28)
(1.16919 -0.0123357 0)
(1.16831 -0.012178 0)
(1.16743 -0.0120236 0)
(1.16656 -0.0118725 3.98584e-28)
(1.16569 -0.0117249 -1.84079e-28)
(1.16484 -0.0115809 4.07242e-28)
(1.16399 -0.0114407 -2.37545e-28)
(1.16316 -0.0113042 -1.62706e-28)
(1.16233 -0.0111717 3.24411e-28)
(1.1615 -0.0110432 0)
(1.16069 -0.0109188 0)
(1.15988 -0.0107985 0)
(1.15908 -0.0106826 0)
(1.15829 -0.010571 0)
(1.1575 -0.010464 0)
(1.15672 -0.0103614 -2.31365e-28)
(1.15595 -0.0102636 1.05197e-28)
(1.15518 -0.0101705 -2.06805e-28)
(1.15442 -0.0100823 0)
(1.15366 -0.00999904 0)
(1.15291 -0.00992094 0)
(1.15217 -0.00984809 7.68725e-29)
(1.15143 -0.00978064 0)
(1.1507 -0.00971875 -6.61417e-29)
(1.14997 -0.00966257 6.08904e-29)
(1.14924 -0.00961229 0)
(1.14852 -0.00956811 0)
(1.1478 -0.00953025 0)
(1.14709 -0.00949892 0)
(1.14638 -0.00947437 0)
(1.14568 -0.00945688 0)
(1.14498 -0.00944672 0)
(1.14428 -0.00944419 0)
(1.14359 -0.00944963 -1.63057e-29)
(1.14289 -0.00946384 2.43348e-29)
(1.1419 -0.0094852 -7.43589e-30)
(1.18267 -0.0125135 -3.21366e-28)
(1.18175 -0.0123524 6.48413e-28)
(1.18084 -0.0121917 -3.01805e-28)
(1.17994 -0.0120317 0)
(1.17905 -0.0118726 0)
(1.17817 -0.0117147 0)
(1.1773 -0.0115583 0)
(1.17644 -0.0114036 0)
(1.17559 -0.0112508 5.15067e-28)
(1.17475 -0.0111001 0)
(1.17392 -0.0109517 -4.80166e-28)
(1.1731 -0.0108057 2.22525e-28)
(1.17228 -0.0106623 0)
(1.17148 -0.0105217 0)
(1.17068 -0.0103839 0)
(1.16989 -0.0102492 -3.98584e-28)
(1.16911 -0.0101176 1.84079e-28)
(1.16834 -0.00998921 3.89702e-28)
(1.16757 -0.00986419 -5.59398e-28)
(1.16681 -0.00974262 1.62706e-28)
(1.16606 -0.00962459 -3.24411e-28)
(1.16532 -0.0095102 0)
(1.16458 -0.00939955 0)
(1.16385 -0.00929273 0)
(1.16312 -0.00918982 0)
(1.16241 -0.00909091 0)
(1.16169 -0.0089961 0)
(1.16099 -0.00890548 2.31365e-28)
(1.16029 -0.00881916 -1.05197e-28)
(1.15959 -0.00873722 2.06805e-28)
(1.1589 -0.00865977 0)
(1.15822 -0.00858694 0)
(1.15754 -0.00851883 0)
(1.15686 -0.00845556 -7.68725e-29)
(1.15619 -0.00839728 0)
(1.15553 -0.00834412 6.61417e-29)
(1.15486 -0.00829624 -6.08904e-29)
(1.15421 -0.0082538 0)
(1.15355 -0.00821696 0)
(1.1529 -0.00818593 0)
(1.15225 -0.00816088 0)
(1.1516 -0.00814203 0)
(1.15096 -0.0081296 0)
(1.15031 -0.00812383 0)
(1.14967 -0.00812495 0)
(1.14904 -0.00813322 1.63057e-29)
(1.14839 -0.00814928 -2.43348e-29)
(1.14748 -0.00817164 7.43359e-30)
(1.18331 -0.0107707 0)
(1.18246 -0.0106294 0)
(1.18163 -0.0104883 0)
(1.1808 -0.0103476 6.2671e-28)
(1.17998 -0.0102076 0)
(1.17917 -0.0100685 0)
(1.17837 -0.00993068 -5.6924e-28)
(1.17759 -0.00979423 0)
(1.17681 -0.00965938 0)
(1.17603 -0.0095263 0)
(1.17527 -0.00939518 0)
(1.17452 -0.00926616 2.30615e-28)
(1.17377 -0.00913939 3.83698e-29)
(1.17304 -0.00901502 0)
(1.17231 -0.00889317 -3.56453e-29)
(1.17158 -0.00877397 0)
(1.17087 -0.00865753 0)
(1.17017 -0.00854395 4.21845e-29)
(1.16947 -0.00843334 -4.25282e-28)
(1.16878 -0.0083258 0)
(1.16809 -0.00822142 0)
(1.16741 -0.0081203 1.55625e-28)
(1.16674 -0.00802251 0)
(1.16608 -0.00792816 -1.42136e-28)
(1.16542 -0.00783733 1.3556e-28)
(1.16477 -0.00775009 -2.6872e-28)
(1.16412 -0.00766655 1.22726e-28)
(1.16348 -0.00758679 -2.42431e-28)
(1.16284 -0.00751091 0)
(1.16221 -0.00743899 0)
(1.16158 -0.00737114 0)
(1.16096 -0.00730746 9.23432e-29)
(1.16034 -0.00724806 0)
(1.15973 -0.00719304 0)
(1.15912 -0.00714254 -1.56406e-28)
(1.15851 -0.00709667 0)
(1.15791 -0.00705557 0)
(1.15731 -0.00701938 1.2192e-28)
(1.15671 -0.00698824 -5.31695e-29)
(1.15612 -0.00696232 0)
(1.15553 -0.00694178 0)
(1.15494 -0.00692678 -1.63269e-12)
(1.15435 -0.0069175 1.63269e-12)
(1.15376 -0.00691413 0)
(1.15317 -0.00691685 0)
(1.15259 -0.00692586 -1.65859e-29)
(1.152 -0.00694164 0)
(1.15116 -0.00696286 0)
(1.18309 -0.00915323 0)
(1.18229 -0.00903112 0)
(1.18151 -0.00890902 0)
(1.18074 -0.00878719 -6.2671e-28)
(1.17998 -0.00866586 0)
(1.17922 -0.00854527 0)
(1.17848 -0.00842561 5.6924e-28)
(1.17775 -0.00830708 0)
(1.17702 -0.00818987 0)
(1.1763 -0.00807413 0)
(1.17559 -0.00796002 0)
(1.17489 -0.00784769 -2.30615e-28)
(1.1742 -0.00773728 -3.83698e-29)
(1.17352 -0.00762891 0)
(1.17285 -0.00752271 3.56453e-29)
(1.17218 -0.00741878 0)
(1.17152 -0.00731724 0)
(1.17087 -0.00721818 5.14082e-28)
(1.17022 -0.0071217 -1.30984e-28)
(1.16958 -0.00702789 0)
(1.16895 -0.00693684 0)
(1.16833 -0.00684864 -1.55625e-28)
(1.16771 -0.00676336 0)
(1.1671 -0.00668109 1.42136e-28)
(1.16649 -0.00660192 -1.3556e-28)
(1.16589 -0.00652591 2.6872e-28)
(1.1653 -0.00645316 -1.22726e-28)
(1.16471 -0.00638375 2.42431e-28)
(1.16413 -0.00631776 0)
(1.16355 -0.00625527 0)
(1.16297 -0.00619638 0)
(1.1624 -0.00614118 -9.23432e-29)
(1.16184 -0.00608976 0)
(1.16128 -0.00604222 0)
(1.16072 -0.00599867 1.56406e-28)
(1.16016 -0.00595921 0)
(1.15961 -0.00592397 0)
(1.15906 -0.00589305 -1.2192e-28)
(1.15851 -0.00586658 5.31695e-29)
(1.15797 -0.00584469 0)
(1.15743 -0.00582751 0)
(1.15688 -0.00581518 -1.66249e-12)
(1.15634 -0.00580782 1.66249e-12)
(1.1558 -0.00580559 0)
(1.15526 -0.00580861 0)
(1.15473 -0.00581702 1.65859e-29)
(1.15418 -0.00583119 0)
(1.15341 -0.00584998 0)
(1.18239 -0.00762893 -8.10772e-12)
(1.18164 -0.00752579 7.87042e-12)
(1.1809 -0.00742256 1.52738e-11)
(1.18017 -0.00731946 1.48142e-11)
(1.17945 -0.0072167 7.18102e-12)
(1.17873 -0.00711448 -2.8886e-28)
(1.17803 -0.00701297 -6.73993e-12)
(1.17733 -0.00691235 -1.35426e-28)
(1.17665 -0.00681278 2.7277e-28)
(1.17597 -0.0067144 -6.10539e-12)
(1.1753 -0.00661735 -5.09902e-28)
(1.17465 -0.00652177 2.36609e-28)
(1.17399 -0.00642778 3.93882e-29)
(1.17335 -0.00633549 2.56538e-28)
(1.17272 -0.006245 0)
(1.17209 -0.00615642 -4.25932e-28)
(1.17147 -0.00606985 -4.74452e-12)
(1.17086 -0.00598537 -4.56294e-12)
(1.17026 -0.00590307 3.78857e-28)
(1.16966 -0.00582304 0)
(1.16907 -0.00574534 -3.48755e-28)
(1.16849 -0.00567007 0)
(1.16791 -0.0055973 0)
(1.16734 -0.00552709 1.46712e-28)
(1.16678 -0.00545953 0)
(1.16622 -0.00539468 -2.77617e-28)
(1.16567 -0.00533262 1.26844e-28)
(1.16512 -0.00527342 -2.50667e-28)
(1.16458 -0.00521716 1.14086e-28)
(1.16404 -0.0051639 2.59794e-12)
(1.16351 -0.00511374 4.89922e-12)
(1.16298 -0.00506674 2.30325e-12)
(1.16246 -0.005023 0)
(1.16193 -0.00498259 8.36885e-29)
(1.16142 -0.0049456 0)
(1.1609 -0.00491213 -7.20464e-29)
(1.16039 -0.00488227 6.63196e-29)
(1.15988 -0.00485611 -1.2625e-28)
(1.15938 -0.00483376 5.50321e-29)
(1.15887 -0.00481532 1.19155e-12)
(1.15837 -0.00480088 1.0584e-12)
(1.15787 -0.00479055 9.26151e-13)
(1.15736 -0.00478444 7.94687e-13)
(1.15686 -0.00478265 2.7558e-29)
(1.15636 -0.00478526 -5.33545e-13)
(1.15586 -0.00479237 -8.0694e-13)
(1.15536 -0.00480425 -2.75886e-13)
(1.15464 -0.00481995 6.42735e-30)
(1.18151 -0.00617163 8.10772e-12)
(1.18079 -0.00608738 -7.87042e-12)
(1.18007 -0.00600297 -1.52738e-11)
(1.17937 -0.00591859 -1.48142e-11)
(1.17868 -0.00583443 -7.18102e-12)
(1.17799 -0.00575063 2.8886e-28)
(1.17732 -0.00566737 6.73993e-12)
(1.17665 -0.00558478 1.35426e-28)
(1.176 -0.005503 -2.7277e-28)
(1.17535 -0.00542216 6.10539e-12)
(1.17471 -0.00534236 5.09902e-28)
(1.17408 -0.00526374 -2.36609e-28)
(1.17346 -0.00518638 -3.93882e-29)
(1.17285 -0.00511038 -2.56538e-28)
(1.17224 -0.00503585 0)
(1.17164 -0.00496285 4.25932e-28)
(1.17106 -0.00489149 4.74452e-12)
(1.17047 -0.00482183 4.56294e-12)
(1.1699 -0.00475394 -2.44375e-28)
(1.16933 -0.00468791 0)
(1.16878 -0.0046238 3.48755e-28)
(1.16822 -0.00456167 0)
(1.16768 -0.00450159 0)
(1.16714 -0.00444363 -1.46712e-28)
(1.16661 -0.00438784 0)
(1.16608 -0.00433429 2.77617e-28)
(1.16556 -0.00428304 -1.26844e-28)
(1.16504 -0.00423416 2.50667e-28)
(1.16453 -0.0041877 -1.14086e-28)
(1.16402 -0.00414373 -2.59794e-12)
(1.16352 -0.00410231 -4.89922e-12)
(1.16302 -0.00406352 -2.30325e-12)
(1.16253 -0.00402741 0)
(1.16204 -0.00399407 -8.36885e-29)
(1.16156 -0.00396355 0)
(1.16107 -0.00393594 7.20464e-29)
(1.16059 -0.00391131 -6.63196e-29)
(1.16012 -0.00388973 1.2625e-28)
(1.15964 -0.00387128 -5.50321e-29)
(1.15917 -0.00385605 -1.19155e-12)
(1.1587 -0.0038441 -1.0584e-12)
(1.15822 -0.00383552 -9.26151e-13)
(1.15775 -0.00383037 -7.94687e-13)
(1.15728 -0.00382873 -2.7558e-29)
(1.15681 -0.00383066 5.33545e-13)
(1.15635 -0.00383622 8.0694e-13)
(1.15587 -0.00384559 2.75886e-13)
(1.1552 -0.00385801 -6.42716e-30)
(1.18063 -0.00476096 0)
(1.17992 -0.00469552 6.88747e-28)
(1.17923 -0.00462992 0)
(1.17855 -0.00456429 -6.48742e-28)
(1.17787 -0.00449877 0)
(1.17721 -0.00443351 -2.97316e-29)
(1.17655 -0.00436862 3.55768e-28)
(1.17591 -0.00430422 0)
(1.17527 -0.00424041 0)
(1.17464 -0.0041773 2.57479e-28)
(1.17403 -0.00411498 0)
(1.17342 -0.00405354 -2.40552e-28)
(1.17282 -0.00399307 0)
(1.17222 -0.00393364 2.60997e-28)
(1.17164 -0.00387533 3.72793e-29)
(1.17106 -0.00381821 0)
(1.1705 -0.00376234 0)
(1.16994 -0.00370779 0)
(1.16938 -0.00365461 0)
(1.16884 -0.00360287 0)
(1.1683 -0.00355263 0)
(1.16777 -0.00350392 1.63697e-28)
(1.16725 -0.00345681 0)
(1.16673 -0.00341136 -1.49736e-28)
(1.16622 -0.0033676 0)
(1.16571 -0.00332559 2.83496e-28)
(1.16521 -0.00328538 -1.29563e-28)
(1.16472 -0.00324702 2.56103e-28)
(1.16423 -0.00321055 -1.16587e-28)
(1.16375 -0.00317604 2.29458e-28)
(1.16327 -0.00314353 0)
(1.16279 -0.00311307 -9.77593e-29)
(1.16232 -0.00308473 0)
(1.16186 -0.00305854 8.5587e-29)
(1.16139 -0.00303457 -1.91763e-12)
(1.16093 -0.00301287 -3.68401e-29)
(1.16048 -0.0029935 1.63369e-12)
(1.16002 -0.00297652 0)
(1.15957 -0.00296198 5.62422e-29)
(1.15912 -0.00294995 -1.05172e-28)
(1.15867 -0.00294047 0)
(1.15822 -0.0029336 -1.72362e-12)
(1.15778 -0.00292939 9.14586e-13)
(1.15733 -0.00292789 -1.39958e-29)
(1.15688 -0.00292914 5.40035e-13)
(1.15644 -0.00293317 0)
(1.15599 -0.0029401 2.36864e-29)
(1.15535 -0.00294937 -6.15385e-30)
(1.17988 -0.00338151 0)
(1.17919 -0.00333483 -6.88747e-28)
(1.17851 -0.00328801 0)
(1.17784 -0.00324114 6.48742e-28)
(1.17717 -0.00319432 0)
(1.17652 -0.00314766 -1.29778e-27)
(1.17588 -0.00310125 9.71745e-28)
(1.17525 -0.00305516 0)
(1.17462 -0.00300948 0)
(1.17401 -0.00296428 -2.57479e-28)
(1.1734 -0.00291963 0)
(1.17281 -0.00287559 2.40552e-28)
(1.17222 -0.00283223 0)
(1.17164 -0.00278961 -2.60997e-28)
(1.17107 -0.00274777 -3.72793e-29)
(1.17051 -0.00270677 0)
(1.16996 -0.00266666 0)
(1.16941 -0.00262749 1.36688e-28)
(1.16887 -0.00258929 -1.36688e-28)
(1.16834 -0.00255212 0)
(1.16782 -0.00251601 0)
(1.1673 -0.002481 -1.63697e-28)
(1.16679 -0.00244714 0)
(1.16629 -0.00241445 1.49736e-28)
(1.16579 -0.00238298 0)
(1.1653 -0.00235276 -2.83496e-28)
(1.16482 -0.00232383 1.29563e-28)
(1.16434 -0.00229622 -2.56103e-28)
(1.16387 -0.00226998 1.16587e-28)
(1.1634 -0.00224514 -2.29458e-28)
(1.16293 -0.00222173 0)
(1.16248 -0.0021998 9.77593e-29)
(1.16202 -0.00217938 0)
(1.16157 -0.00216051 -8.5587e-29)
(1.16112 -0.00214323 1.91763e-12)
(1.16068 -0.00212759 3.68401e-29)
(1.16024 -0.00211361 -1.63369e-12)
(1.1598 -0.00210133 0)
(1.15936 -0.00209081 -5.62422e-29)
(1.15893 -0.00208207 1.05172e-28)
(1.1585 -0.00207516 0)
(1.15807 -0.0020701 -1.73549e-12)
(1.15763 -0.00206694 2.54452e-12)
(1.1572 -0.00206569 1.39958e-29)
(1.15677 -0.00206639 -5.40035e-13)
(1.15635 -0.00206906 0)
(1.15591 -0.00207376 -2.36864e-29)
(1.15529 -0.00208019 6.15387e-30)
(1.17934 -0.00202176 3.80323e-28)
(1.17865 -0.00199378 0)
(1.17798 -0.00196571 0)
(1.17732 -0.00193759 -4.80483e-28)
(1.17667 -0.0019095 0)
(1.17602 -0.00188149 0)
(1.17539 -0.00185362 4.37987e-28)
(1.17476 -0.00182594 0)
(1.17415 -0.00179849 0)
(1.17354 -0.00177132 0)
(1.17294 -0.00174448 0)
(1.17235 -0.00171799 0)
(1.17178 -0.00169191 -4.50815e-29)
(1.1712 -0.00166627 0)
(1.17064 -0.00164109 0)
(1.17009 -0.00161641 0)
(1.16954 -0.00159226 2.24573e-28)
(1.16901 -0.00156867 4.53594e-28)
(1.16848 -0.00154567 -6.61322e-28)
(1.16795 -0.00152327 1.995e-28)
(1.16744 -0.00150152 0)
(1.16693 -0.00148042 0)
(1.16643 -0.00146001 -2.42324e-28)
(1.16594 -0.00144031 0)
(1.16545 -0.00142133 1.60202e-28)
(1.16497 -0.00140311 0)
(1.16449 -0.00138567 0)
(1.16402 -0.00136902 -1.90422e-28)
(1.16356 -0.00135319 1.30753e-28)
(1.1631 -0.0013382 -5.13774e-12)
(1.16265 -0.00132407 5.13774e-12)
(1.1622 -0.00131084 -1.09664e-28)
(1.16175 -0.00129851 0)
(1.16131 -0.00128711 0)
(1.16087 -0.00127667 1.2326e-28)
(1.16044 -0.00126721 0)
(1.16001 -0.00125876 -7.60739e-29)
(1.15958 -0.00125133 0)
(1.15915 -0.00124495 6.30729e-29)
(1.15873 -0.00123963 0)
(1.15831 -0.00123541 0)
(1.15789 -0.0012323 -6.06074e-29)
(1.15747 -0.00123031 3.7593e-29)
(1.15705 -0.00122947 0)
(1.15663 -0.00122976 0)
(1.15621 -0.00123119 0)
(1.15578 -0.00123379 -1.73882e-29)
(1.15518 -0.00123802 6.66945e-30)
(1.17906 -0.000672788 -3.8273e-28)
(1.17838 -0.000663469 0)
(1.17771 -0.000654114 0)
(1.17705 -0.000644745 4.83525e-28)
(1.1764 -0.000635381 0)
(1.17576 -0.000626043 0)
(1.17513 -0.000616749 -4.4076e-28)
(1.17451 -0.000607516 0)
(1.1739 -0.00059836 0)
(1.17329 -0.000589296 0)
(1.1727 -0.000580339 0)
(1.17211 -0.000571501 0)
(1.17154 -0.000562797 4.53669e-29)
(1.17097 -0.000554236 0)
(1.17041 -0.000545831 0)
(1.16986 -0.000537591 0)
(1.16932 -0.000529528 -2.25995e-28)
(1.16879 -0.00052165 4.27764e-28)
(1.16826 -0.000513967 -2.18722e-28)
(1.16774 -0.000506488 -2.00763e-28)
(1.16723 -0.00049922 0)
(1.16673 -0.000492173 0)
(1.16623 -0.000485353 2.43858e-28)
(1.16574 -0.000478769 0)
(1.16526 -0.000472429 -1.61216e-28)
(1.16478 -0.00046634 0)
(1.16431 -0.000460509 0)
(1.16385 -0.000454944 1.91628e-28)
(1.16339 -0.000449652 -1.3158e-28)
(1.16293 -0.000444641 -5.18401e-12)
(1.16248 -0.000439919 5.18401e-12)
(1.16204 -0.000435492 1.10359e-28)
(1.1616 -0.000431369 0)
(1.16116 -0.000427557 0)
(1.16073 -0.000424065 -1.24041e-28)
(1.1603 -0.000420899 0)
(1.15987 -0.000418067 7.65556e-29)
(1.15945 -0.000415578 0)
(1.15903 -0.000413438 -6.34723e-29)
(1.15861 -0.000411653 0)
(1.15819 -0.000410232 0)
(1.15778 -0.000409178 6.09911e-29)
(1.15736 -0.000408496 -3.7831e-29)
(1.15695 -0.000408187 0)
(1.15653 -0.000408249 0)
(1.15612 -0.000408657 0)
(1.1557 -0.000409435 1.74983e-29)
(1.1551 -0.000411103 -6.71214e-30)
)
;

boundaryField
{
    inlet
    {
        type            uniformFixedValue;
        uniformValue    constant (1 0 0);
        value           nonuniform 0();
    }
    outlet
    {
        type            pressureInletOutletVelocity;
        value           nonuniform List<vector> 
28
(
(0.889797 -0.0215975 -1.13652e-30)
(0.931529 -0.0215615 1.13498e-30)
(0.970987 -0.0210007 0)
(1.0071 -0.0200191 0)
(1.03912 -0.0187286 0)
(1.06667 -0.0172364 0)
(1.08967 -0.0156386 0)
(1.10827 -0.014014 0)
(1.12285 -0.0124226 7.95474e-30)
(1.13387 -0.0109052 -7.94989e-30)
(1.1419 -0.0094852 -7.43589e-30)
(1.14748 -0.00817164 7.43359e-30)
(1.15116 -0.00696286 0)
(1.15341 -0.00584998 0)
(1.15464 -0.00481995 6.42735e-30)
(1.1552 -0.00385801 -6.42716e-30)
(1.15535 -0.00294937 -6.15385e-30)
(1.15529 -0.00208019 6.15387e-30)
(1.15518 -0.00123802 6.66945e-30)
(1.1551 -0.000411103 -6.71214e-30)
(0.663811 -0.00200305 1.54145e-24)
(0.672099 -0.00593325 -8.78298e-24)
(0.688253 -0.00964029 1.57624e-23)
(0.711465 -0.0129902 8.17282e-24)
(0.7406 -0.0158708 -7.88344e-24)
(0.77429 -0.0181991 -1.72607e-25)
(0.811036 -0.0199261 4.10017e-24)
(0.849323 -0.0210398 -1.8999e-26)
)
;
    }
    cylinder
    {
        type            fixedValue;
        value           nonuniform 0();
    }
    top
    {
        type            symmetryPlane;
    }
    bottom
    {
        type            symmetryPlane;
    }
    defaultFaces
    {
        type            empty;
    }
    procBoundary7to3
    {
        type            processor;
        value           nonuniform List<vector> 
51
(
(0.508146 0.00437402 1.62263e-21)
(0.51251 0.00430086 3.19253e-22)
(0.516805 0.00422909 -1.55689e-21)
(0.521033 0.00415871 -4.25975e-22)
(0.525194 0.0040897 1.2773e-21)
(0.529291 0.00402203 1.98535e-21)
(0.533323 0.0039557 -2.64977e-21)
(0.537293 0.00389069 3.04094e-22)
(0.541202 0.00382698 1.43077e-21)
(0.54505 0.00376454 -7.25736e-22)
(0.54884 0.00370337 1.06699e-21)
(0.552571 0.00364343 -1.73381e-21)
(0.556246 0.00358472 1.06264e-21)
(0.559865 0.0035272 1.38972e-22)
(0.563429 0.00347086 3.67266e-22)
(0.56694 0.00341569 -5.63418e-22)
(0.570399 0.00336164 6.77074e-22)
(0.573807 0.00330872 -5.79062e-22)
(0.577164 0.00325688 -2.22313e-22)
(0.580471 0.00320612 -1.62151e-22)
(0.583731 0.00315642 4.17551e-22)
(0.586943 0.00310774 -4.61581e-22)
(0.590109 0.00306007 2.42998e-22)
(0.593229 0.00301338 -2.33111e-22)
(0.596305 0.00296766 -1.49035e-22)
(0.599337 0.00292288 2.53499e-22)
(0.602327 0.00287902 2.93077e-22)
(0.605274 0.00283606 -2.14071e-22)
(0.608181 0.00279396 -1.33109e-22)
(0.611047 0.00275271 2.01713e-22)
(0.613874 0.00271227 5.98333e-23)
(0.616662 0.00267263 -1.58493e-22)
(0.619412 0.00263374 5.85336e-23)
(0.622124 0.00259558 -2.82553e-22)
(0.6248 0.00255812 2.55016e-22)
(0.62744 0.0025213 -5.34117e-23)
(0.630045 0.0024851 -6.55785e-23)
(0.632615 0.00244946 -2.52335e-23)
(0.63515 0.00241432 2.98892e-23)
(0.637652 0.00237961 3.3853e-23)
(0.64012 0.00234527 -5.17333e-23)
(0.642554 0.0023112 3.39488e-23)
(0.644956 0.00227728 -1.87641e-23)
(0.647324 0.0022434 -1.64752e-24)
(0.649659 0.00220939 4.56337e-24)
(0.651962 0.00217508 -8.48606e-25)
(0.654231 0.00214028 7.16442e-26)
(0.656456 0.00210486 -6.44306e-25)
(0.658623 0.00206851 -3.83411e-24)
(0.66094 0.00203155 6.98344e-24)
(0.663811 0.00200304 2.21455e-24)
)
;
    }
    procBoundary7to6
    {
        type            processor;
        value           nonuniform List<vector> 
31
(
(0.503712 -0.00444859 -2.2161e-21)
(0.520148 -0.013115 -8.26569e-21)
(0.555504 -0.0207615 -1.56887e-20)
(0.555504 -0.0207615 -1.56887e-20)
(0.599342 -0.0276054 -3.9429e-21)
(0.652747 -0.0331619 -8.91761e-21)
(0.71216 -0.0372755 2.5045e-21)
(0.77477 -0.0393088 1.3028e-20)
(0.77477 -0.0393088 1.3028e-20)
(0.834943 -0.0406964 -2.39311e-20)
(0.894894 -0.0398219 0)
(0.894894 -0.0398219 0)
(0.954753 -0.0384953 0)
(1.00814 -0.0363643 1.49929e-29)
(1.05385 -0.0336632 -1.49929e-29)
(1.09144 -0.0306551 0)
(1.12108 -0.0275567 0)
(1.14347 -0.0245328 0)
(1.1596 -0.0216904 0)
(1.1706 -0.0190839 0)
(1.1776 -0.0167257 0)
(1.18164 -0.0145999 0)
(1.1836 -0.0126746 0)
(1.18417 -0.0109119 -3.40211e-28)
(1.18389 -0.00927509 3.40211e-28)
(1.18315 -0.00773173 -1.66976e-11)
(1.18224 -0.00625553 1.66976e-11)
(1.18134 -0.00482606 0)
(1.18057 -0.00342791 0)
(1.18003 -0.00204955 0)
(1.17974 -0.000682045 0)
)
;
    }
}


// ************************************************************************* //
