/*--------------------------------*- C++ -*----------------------------------*\
  =========                 |
  \\      /  F ield         | OpenFOAM: The Open Source CFD Toolbox
   \\    /   O peration     | Website:  https://openfoam.org
    \\  /    A nd           | Version:  7
     \\/     M anipulation  |
\*---------------------------------------------------------------------------*/
FoamFile
{
    version     2.0;
    format      ascii;
    class       surfaceScalarField;
    location    "5.001";
    object      phi;
}
// * * * * * * * * * * * * * * * * * * * * * * * * * * * * * * * * * * * * * //

dimensions      [0 3 -1 0 0 0 0];

internalField   nonuniform List<scalar> 
7248
(
-6.00576e-05
6.00576e-05
-0.000182566
0.000122508
-0.000345641
0.000163075
-0.000538071
0.00019243
-0.000755498
0.000217427
-0.00099616
0.000240662
-0.00125823
0.000262072
-0.00153845
0.000280214
-0.00183152
0.000293076
-0.0021299
0.000298374
-0.00242352
0.000293625
-0.00269987
0.000276348
-0.00294446
0.000244586
-0.00313952
0.000195063
0.000124732
-0.00326425
-5.7417e-05
0.000117475
-0.000175457
0.000240548
-0.000333031
0.000320649
-0.000518875
0.000378274
-0.000728193
0.000426745
-0.0009587
0.000471169
-0.00120806
0.000511427
-0.00147249
0.000544644
-0.00174619
0.000566785
-0.00202108
0.000573256
-0.00228653
0.000559083
-0.00252929
0.000519104
-0.00273398
0.000449275
-0.00288448
0.000345562
0.000192881
-0.00295263
-5.23213e-05
0.000169796
-0.000161666
0.000349893
-0.000308494
0.000467477
-0.000481484
0.000551264
-0.000675028
0.00062029
-0.000885857
0.000681998
-0.00111067
0.000736243
-0.0013448
0.000778773
-0.00158158
0.000803559
-0.00181206
0.00080374
-0.00202496
0.000771984
-0.0022063
0.000700447
-0.00233886
0.000581833
-0.0024113
0.000418002
0.000162759
-0.00238118
-4.51269e-05
0.000214923
-0.000142019
0.000446785
-0.000273361
0.000598819
-0.000427841
0.000705744
-0.000598791
0.00079124
-0.000781609
0.000864817
-0.000971732
0.000926366
-0.00116335
0.000970392
-0.00134881
0.000989016
-0.00151837
0.000973306
-0.00166029
0.000913897
-0.00176112
0.000801283
-0.00180076
0.000621466
-0.00177683
0.00039408
1.64929e-05
-0.00163057
-3.6332e-05
0.000251255
-0.000117689
0.000528142
-0.00022953
0.000710661
-0.000360715
0.000836929
-0.000503416
0.00093394
-0.000651517
0.00101292
-0.000799034
0.00107388
-0.000938969
0.00111033
-0.00106277
0.00111282
-0.00116022
0.00107076
-0.00121934
0.000973015
-0.00122933
0.000811276
-0.00116634
0.000558477
-0.00103785
0.000265594
-0.000238539
-0.000782822
-2.6537e-05
0.000277792
-9.01234e-05
0.000591729
-0.000179366
0.000799903
-0.00028354
0.000941103
-0.000393737
0.00104414
-0.000502321
0.0011215
-0.000601904
0.00117347
-0.000684425
0.00119285
-0.000740681
0.00116907
-0.00076052
0.00109059
-0.000731838
0.000944333
-0.000647975
0.000727413
-0.000484368
0.00039487
-0.00024568
2.69066e-05
-0.000577982
9.37621e-05
-1.63955e-05
0.000294187
-6.09462e-05
0.000636279
-0.000125563
0.000864521
-0.000200232
0.00101577
-0.000275205
0.00111911
-0.000341504
0.0011878
-0.000390523
0.00122248
-0.000413421
0.00121575
-0.000400707
0.00115636
-0.000342992
0.00103288
-0.000228986
0.000830328
-4.9268e-05
0.000547695
0.000200368
0.000145234
0.000534131
-0.000306857
-0.0010242
0.000980351
-6.56188e-06
0.000300749
-3.18494e-05
0.000661567
-7.09959e-05
0.000903667
-0.000114982
0.00105976
-0.000153599
0.00115773
-0.000176859
0.00121106
-0.000175284
0.00122091
-0.000139663
0.00118012
-6.08428e-05
0.00107754
7.01432e-05
0.000901893
0.000261979
0.000638492
0.000521657
0.000288017
0.000861249
-0.000194358
0.00127079
-0.000716396
-0.00156602
0.0018126
2.38665e-06
0.000298362
-4.42817e-06
0.000668382
-1.85434e-05
0.000917782
-3.20406e-05
0.00107326
-3.47491e-05
0.00116043
-1.61773e-05
0.00119249
3.37317e-05
0.001171
0.000124186
0.00108967
0.000263725
0.000938
0.000459607
0.000706011
0.000718969
0.00037913
0.00104922
-4.22331e-05
0.00146054
-0.000605679
0.00194464
-0.0012005
-0.0021968
0.00257543
9.89144e-06
0.000288471
1.96482e-05
0.000658625
2.90906e-05
0.00090834
4.45566e-05
0.00105779
7.58662e-05
0.00112912
0.000133591
0.00113477
0.000227667
0.00107692
0.000366885
0.000950452
0.000558969
0.000745917
0.00081053
0.00045445
0.00112608
6.35761e-05
0.00151799
-0.000434138
0.00199295
-0.00108065
0.00255434
-0.00176189
-0.00291061
0.00326814
1.5639e-05
0.000272832
3.94274e-05
0.000634837
6.96103e-05
0.000878157
0.000111224
0.00101617
0.000173277
0.00106707
0.000265885
0.00104216
0.000398585
0.000944225
0.000579599
0.000769437
0.000815882
0.000509634
0.00111443
0.0001559
0.00147979
-0.00030178
0.00192933
-0.000883684
0.00246875
-0.00162006
0.00311736
-0.00241049
-0.00369513
0.00390188
1.94074e-05
0.000253425
5.39969e-05
0.000600247
0.000101293
0.000830862
0.000165183
0.000952285
0.000253651
0.000978604
0.000376042
0.000919766
0.000541309
0.000778957
0.000757369
0.000553377
0.00103125
0.000235749
0.00137219
-0.000185038
0.00178763
-0.000717222
0.00229957
-0.00139562
0.00291199
-0.00223248
0.00365362
-0.00315212
-0.00452433
0.00448282
2.11542e-05
0.00023227
6.30045e-05
0.000558397
0.000123196
0.00077067
0.000204798
0.000870683
0.000314773
0.000868628
0.000461667
0.000772873
0.000654104
0.00058652
0.000900541
0.000306941
0.00120991
-7.36231e-05
0.00159503
-0.00057015
0.00206948
-0.00119167
0.00265423
-0.00198038
0.00334755
-0.00292579
0.00416784
-0.00397241
-0.00535635
0.00499986
2.10009e-05
0.00021127
6.6591e-05
0.000512807
0.000135316
0.000701945
0.000229912
0.000776086
0.000356626
0.000741915
0.000523613
0.000605886
0.000740037
0.000370096
0.00101634
3.06416e-05
0.0013656
-0.000422884
0.0018043
-0.00100886
0.00235127
-0.00173864
0.003016
-0.00264511
0.00378326
-0.00369305
0.00464012
-0.00482926
-0.00614317
0.00542694
1.92195e-05
0.00019205
6.5394e-05
0.000466632
0.000138667
0.000628672
0.00024209
0.000672663
0.000381865
0.00060214
0.000566714
0.000421037
0.000807733
0.000129077
0.00111925
-0.000280879
0.00151901
-0.00082264
0.00202511
-0.00151496
0.00265346
-0.00236699
0.00339022
-0.00338188
0.00420041
-0.00450324
0.00503399
-0.00566285
-0.00684638
0.0057372
1.62114e-05
0.000175839
6.05126e-05
0.000422331
0.000135275
0.00055391
0.000244683
0.000563255
0.000395967
0.000450857
0.000599834
0.000217169
0.000871001
-0.00014209
0.00122818
-0.00063806
0.0016921
-0.00128656
0.0022754
-0.00209826
0.00297859
-0.00307018
0.00375802
-0.00416131
0.00456156
-0.00530678
0.00531663
-0.00641792
-0.00744815
0.0059184
1.24793e-05
0.000163359
5.34232e-05
0.000381387
0.000128027
0.000479306
0.000242597
0.000448684
0.000406765
0.000286689
0.000634783
-1.08489e-05
0.000945854
-0.000453161
0.00136153
-0.00105373
0.0018991
-0.00182413
0.00255608
-0.00275524
0.00330715
-0.00382125
0.00408417
-0.00493832
0.0048307
-0.00605331
0.00547503
-0.00706225
-0.00795149
0.00597838
8.5867e-06
0.000154773
4.58391e-05
0.000344135
0.00012037
0.000404776
0.000241701
0.000327353
0.000423278
0.000105111
0.000683955
-0.000271525
0.00104643
-0.000815635
0.00153018
-0.00153748
0.00213949
-0.00243345
0.00284877
-0.00346451
0.00360596
-0.00457844
0.00433502
-0.00566738
0.00498995
-0.00670825
0.00551788
-0.00759018
-0.00837238
0.00593876
5.10526e-06
0.000149667
3.95215e-05
0.000309719
0.000115861
0.000328436
0.000247922
0.000195292
0.00045402
-0.000100987
0.000757313
-0.000574818
0.00118042
-0.00123874
0.00173284
-0.00208991
0.00239702
-0.00309762
0.00312335
-0.00419085
0.00384371
-0.0052988
0.00449325
-0.00631692
0.0050428
-0.00725779
0.00546592
-0.0080133
-0.00873079
0.00582433
2.55037e-06
0.000147117
3.60481e-05
0.000276221
0.000117653
0.000246831
0.000266236
4.67092e-05
0.000505194
-0.000339945
0.000859811
-0.000929435
0.00134635
-0.00172528
0.00195594
-0.0026995
0.0026459
-0.00378758
0.00335069
-0.00489564
0.00400277
-0.00595087
0.00456052
-0.00687468
0.00500839
-0.00770565
0.0053394
-0.00834432
-0.00905092
0.00565953
1.29578e-06
0.000145821
3.66082e-05
0.000240908
0.000128036
0.000155403
0.000299843
-0.000125098
0.0005795
-0.000619602
0.000990102
-0.00134004
0.00153389
-0.00226906
0.00217832
-0.00334394
0.00286056
-0.00446981
0.00351249
-0.00554757
0.00408108
-0.00651946
0.00454945
-0.00734306
0.00491451
-0.00807071
0.00519569
-0.0086255
-0.00926053
0.0054053
1.48362e-06
0.000144338
4.18774e-05
0.000200515
0.000148194
4.90867e-05
0.000349799
-0.000326702
0.000675794
-0.000945597
0.00114099
-0.00180524
0.00172693
-0.002855
0.00237829
-0.0039953
0.00302333
-0.00511485
0.00360385
-0.0061281
0.00408762
-0.00700323
0.00447626
-0.0077317
0.00477528
-0.00836972
0.00502862
-0.00887885
-0.00945214
0.00522023
3.152e-06
0.000141186
5.20131e-05
0.000151653
0.000178199
-7.70993e-05
0.00041512
-0.000563623
0.000789564
-0.00132004
0.00130129
-0.00231696
0.00190817
-0.00346188
0.00253942
-0.00462656
0.003127
-0.00570242
0.00362992
-0.00663102
0.00403588
-0.00740919
0.00435813
-0.00805394
0.00461294
-0.00862453
0.00483139
-0.0090973
-0.00963129
0.00501054
6.25253e-06
0.000134933
6.67444e-05
9.11615e-05
0.000217235
-0.00022759
0.000493218
-0.000839605
0.000913907
-0.00174073
0.00145832
-0.00286137
0.00206313
-0.00406669
0.00265303
-0.00521646
0.003173
-0.00622239
0.00360088
-0.0070589
0.00393976
-0.00774807
0.00421027
-0.00832445
0.00442968
-0.00884394
0.00462743
-0.00929505
-0.00980713
0.00480327
1.05994e-05
0.000124334
8.55153e-05
1.62456e-05
0.000263911
-0.000405986
0.000580414
-0.00115611
0.00104069
-0.00220101
0.00160041
-0.00342109
0.00218245
-0.00464872
0.0027175
-0.00575152
0.00316794
-0.00667283
0.00352815
-0.00741911
0.00381178
-0.00803169
0.00404178
-0.00855445
0.00423573
-0.0090379
0.00441676
-0.00947608
-0.00997172
0.00458135
1.59665e-05
0.000108367
0.000107659
-7.54463e-05
0.000316533
-0.00061486
0.000672363
-0.00151194
0.00116172
-0.00269036
0.00171867
-0.00397804
0.00226214
-0.0051922
0.00273611
-0.00622549
0.00312052
-0.00705723
0.00342249
-0.00772109
0.00366153
-0.00827073
0.00386038
-0.0087533
0.00403412
-0.00921164
0.00420107
-0.00964302
-0.0101284
0.00435775
2.21525e-05
8.62146e-05
0.000132524
-0.000185818
0.00037326
-0.000855597
0.000764396
-0.00190307
0.00126973
-0.0031957
0.00180769
-0.004516
0.00230252
-0.00568703
0.00271475
-0.00663772
0.00303961
-0.0073821
0.00329286
-0.00797434
0.00349635
-0.00847422
0.00367058
-0.00892753
0.00382798
-0.00936904
0.00398257
-0.00979761
-0.0102751
0.00412927
2.90071e-05
5.72075e-05
0.000159524
-0.000316334
0.000432127
-0.0011282
0.000851845
-0.00232279
0.00135921
-0.00370306
0.00186542
-0.00502221
0.0023067
-0.00612831
0.00266024
-0.00699126
0.00293321
-0.00765507
0.00314636
-0.00818748
0.00332134
-0.00864921
0.00347562
-0.00908181
0.00361883
-0.00951225
0.00376138
-0.00994015
-0.0104122
0.00389845
3.64315e-05
2.0776e-05
0.00018811
-0.000468013
0.000491015
-0.0014311
0.000930422
-0.0027622
0.00142667
-0.00419931
0.00189243
-0.00548796
0.00227928
-0.00651517
0.00257928
-0.00729125
0.00280802
-0.00788382
0.0029883
-0.00836776
0.00314005
-0.00880096
0.00327741
-0.00921917
0.00340761
-0.00964245
0.0035384
-0.0100709
-0.0105387
0.00366496
4.43616e-05
-2.35856e-05
0.000217712
-0.000641363
0.000547677
-0.00176107
0.000996597
-0.00321112
0.00147068
-0.0046734
0.00189104
-0.00590833
0.0022254
-0.00684952
0.00247787
-0.00754372
0.00266935
-0.00807529
0.00282255
-0.00852096
0.0029548
-0.00893321
0.00307716
-0.00934153
0.00319492
-0.00976021
0.00331372
-0.0101898
-0.0106543
0.0034293
5.27438e-05
-7.63293e-05
0.000247661
-0.00083628
0.000599838
-0.00211325
0.00104788
-0.00365917
0.00149146
-0.00511697
0.00186459
-0.00628146
0.00215006
-0.00713499
0.00236112
-0.00775478
0.0025213
-0.00823547
0.00265182
-0.00865148
0.00276714
-0.00904853
0.00287561
-0.00945
0.00298107
-0.00986566
0.00308766
-0.0102963
-0.0107583
0.00319163
6.15114e-05
-0.000137841
0.00027716
-0.00105193
0.000645384
-0.00248147
0.00108295
-0.00409673
0.00149041
-0.00552443
0.00181677
-0.00660782
0.00205782
-0.00737604
0.00223315
-0.00793011
0.0023669
-0.00836923
0.00247798
-0.00876256
0.00257803
-0.00914858
0.00267322
-0.00954519
0.00276632
-0.00995877
0.00286037
-0.0103904
-0.0108501
0.00295218
7.05668e-05
-0.000208408
0.000305298
-0.00128666
0.000682561
-0.00285874
0.00110151
-0.00451568
0.0014697
-0.00589262
0.00175127
-0.00688938
0.00195263
-0.0075774
0.00209723
-0.00807472
0.00220839
-0.00848039
0.00230232
-0.00885649
0.00238814
-0.00923439
0.0024703
-0.00962735
0.00255087
-0.0100393
0.00263203
-0.0104716
-0.0109292
0.00271119
7.97698e-05
-0.000288177
0.000331114
-0.001538
0.00071013
-0.00323775
0.00110416
-0.00490971
0.00143186
-0.00622033
0.00167155
-0.00712907
0.00183778
-0.00774363
0.00195587
-0.00819281
0.00204735
-0.00857187
0.0021257
-0.00893484
0.00219788
-0.00930657
0.00226709
-0.00969656
0.00233488
-0.0101071
0.00240284
-0.0105395
-0.0109953
0.00246887
8.89339e-05
-0.000377111
0.000353684
-0.00180275
0.000727438
-0.0036115
0.00109203
-0.00527431
0.00137951
-0.0065078
0.00158067
-0.00733023
0.00171595
-0.00787891
0.00181098
-0.00828784
0.00188493
-0.00864581
0.00194872
-0.00899863
0.00200758
-0.00936543
0.00206378
-0.00975276
0.00211854
-0.0101619
0.00217299
-0.010594
-0.0110478
0.0022255
9.78311e-05
-0.000474942
0.000372196
-0.00207712
0.000734383
-0.00397369
0.00106667
-0.00560659
0.00131517
-0.0067563
0.00148128
-0.00749634
0.00158928
-0.00798691
0.00166396
-0.00836252
0.00172192
-0.00870377
0.0017718
-0.00904852
0.00181747
-0.00941109
0.00186055
-0.00979584
0.00190204
-0.0102034
0.00194269
-0.0106346
-0.0110864
0.00198133
0.000106206
-0.000581148
0.000386017
-0.00235693
0.00073132
-0.004319
0.00102975
-0.00590502
0.00124118
-0.00696773
0.00137559
-0.00763075
0.00145944
-0.00807076
0.00151586
-0.00841894
0.00155891
-0.00874681
0.00159527
-0.00908488
0.00162777
-0.0094436
0.0016576
-0.00982568
0.00168558
-0.0102314
0.0017122
-0.0106612
-0.0111109
0.00173667
0.000113793
-0.000694941
0.000394729
-0.00263786
0.000718926
-0.00464319
0.000983003
-0.0061691
0.00115961
-0.00714434
0.00126543
-0.00773657
0.00132771
-0.00813305
0.00136747
-0.00845871
0.00139633
-0.00877567
0.00141938
-0.00910794
0.00143868
-0.0094629
0.00145513
-0.00984212
0.0014694
-0.0102456
0.00148177
-0.0106736
-0.011121
0.00149183
0.000120339
-0.00081528
0.000398138
-0.00291566
0.000698087
-0.00494314
0.000928089
-0.0063991
0.00107229
-0.00728854
0.00115229
-0.00781657
0.0011951
-0.00817586
0.00121937
-0.00848297
0.00123451
-0.0087908
0.00124435
-0.00911779
0.00125039
-0.00946894
0.00125332
-0.00984505
0.00125371
-0.010246
0.00125171
-0.0106716
-0.0111165
0.00124721
0.000125614
-0.000940894
0.00039626
-0.00318631
0.000669792
-0.00521667
0.000866555
-0.00659587
0.00098074
-0.00740272
0.00103736
-0.0078732
0.00106238
-0.00820087
0.00107199
-0.00849259
0.00107372
-0.00879252
0.00107039
-0.00911446
0.00106309
-0.00946164
0.00105236
-0.00983433
0.00103872
-0.0102324
0.00102232
-0.0106552
-0.0110974
0.00100328
0.000129427
-0.00107032
0.00038929
-0.00344617
0.000635061
-0.00546244
0.000799799
-0.0067606
0.000886265
-0.00748919
0.000921588
-0.00790852
0.000930109
-0.00820939
0.000925681
-0.00848816
0.000914185
-0.00878103
0.000897689
-0.00909796
0.000876976
-0.00944093
0.000852466
-0.00980982
0.000824621
-0.0102045
0.00079373
-0.0106243
-0.0110637
0.000760006
0.000131632
-0.00120195
0.000377555
-0.0036921
0.000594896
-0.00567979
0.000729055
-0.00689476
0.00078994
-0.00755007
0.000805713
-0.00792429
0.000798758
-0.00820243
0.000780713
-0.00847012
0.000756115
-0.00875643
0.000726443
-0.00906829
0.000692264
-0.00940675
0.000653884
-0.00977144
0.000611678
-0.0101623
0.000565974
-0.0105786
-0.0110149
0.000517131
0.000132133
-0.00133409
0.000361468
-0.00392143
0.000550248
-0.00586856
0.000655402
-0.00699992
0.00069265
-0.00758732
0.000690329
-0.00792197
0.000668676
-0.00818078
0.000637318
-0.00843876
0.000599695
-0.00871881
0.000556849
-0.00902545
0.00050917
-0.00935907
0.000456901
-0.00971917
0.000400326
-0.0101057
0.000339269
-0.0105176
-0.0109503
0.000274679
0.000130898
-0.00146498
0.000341581
-0.00413211
0.00050201
-0.00602899
0.000579765
-0.00707767
0.000595114
-0.00760267
0.000575901
-0.00790276
0.000540144
-0.00814503
0.000495696
-0.00839431
0.000445108
-0.00866822
0.000389103
-0.00896944
0.000327905
-0.00929787
0.000261731
-0.00965299
0.000190943
-0.0100349
0.000115086
-0.0104417
-0.0108659
3.07535e-05
0.000127953
-0.00159294
0.00031846
-0.00432262
0.000451001
-0.00616154
0.000502931
-0.0071296
0.000497918
-0.00759765
0.000462793
-0.00786763
0.000413389
-0.00809562
0.00035602
-0.00833694
0.000292536
-0.00860473
0.000223384
-0.00890029
0.000148672
-0.00922316
6.84141e-05
-0.00957274
-1.71581e-05
-0.00994937
-0.000106833
-0.010352
-0.0107681
-0.00020468
0.000123371
-0.00171631
0.000292608
-0.00449186
0.000397949
-0.00626688
0.000425564
-0.00715722
0.000401531
-0.00757362
0.000351298
-0.0078174
0.000288606
-0.00803293
0.000218426
-0.00826676
0.00014214
-0.00852845
5.9715e-05
-0.00881787
-2.84218e-05
-0.00913502
-0.000122112
-0.00947905
-0.000221227
-0.00985026
-0.000327374
-0.0102459
-0.0106568
-0.00043864
0.000117266
-0.00183357
0.000264514
-0.00463911
0.000343492
-0.00634585
0.000348219
-0.00716194
0.00030633
-0.00753173
0.000241656
-0.00775273
0.000165954
-0.00795723
8.29634e-05
-0.00818377
-6.54216e-06
-0.00843894
-0.000101271
-0.00872314
-0.000202485
-0.00903381
-0.000309951
-0.00937158
-0.000423582
-0.00973663
-0.000544253
-0.0101252
-0.0105308
-0.000670322
0.000109783
-0.00194336
0.000234639
-0.00476396
0.000288189
-0.0063994
0.000271356
-0.00714511
0.000212617
-0.00747299
0.00013404
-0.00767415
4.53557e-05
-0.00786854
-4.99739e-05
-0.00808844
-0.000151358
-0.00833756
-0.000259501
-0.00861499
-0.000374014
-0.00891929
-0.000495099
-0.00925049
-0.000622986
-0.00960874
-0.000757932
-0.00999026
-0.0103897
-0.000898943
0.000101088
-0.00204444
0.000203414
-0.00486629
0.000232525
-0.00642851
0.00019535
-0.00710794
0.000120629
-0.00739827
2.83053e-05
-0.00758182
-7.24237e-05
-0.00776781
-0.000179991
-0.00798088
-0.000294123
-0.00822342
-0.000415
-0.00849412
-0.000542622
-0.00879167
-0.000677192
-0.00911592
-0.000819055
-0.00946688
-0.000968236
-0.00984108
-0.0102339
-0.00112403
9.13583e-05
-0.0021358
0.000171244
-0.00494617
0.000176918
-0.00643419
0.000120505
-0.00705153
3.03525e-05
-0.00730812
-7.44212e-05
-0.00747705
-0.000187557
-0.00765468
-0.000307491
-0.00786094
-0.00043408
-0.00809684
-0.00056754
-0.00836066
-0.000708068
-0.00865114
-0.000855939
-0.00896805
-0.00101155
-0.00931127
-0.00117486
-0.00967777
-0.0100636
-0.00134518
8.07734e-05
-0.00221658
0.000138507
-0.00500391
0.000121718
-0.0064174
4.7161e-05
-0.00697697
-5.7292e-05
-0.00720366
-0.00017479
-0.00735955
-0.000300142
-0.00752933
-0.000432208
-0.00772888
-0.000571044
-0.007958
-0.000716928
-0.00821477
-0.000870154
-0.00849792
-0.00103109
-0.00880712
-0.0012002
-0.00914215
-0.00137745
-0.00950052
-0.00987903
-0.00156204
6.95137e-05
-0.00228609
0.000105545
-0.00503994
6.72519e-05
-0.00637911
-2.44701e-05
-0.00688525
-0.000142662
-0.00708547
-0.000272684
-0.00722953
-0.000409993
-0.00739202
-0.00055399
-0.00758488
-0.000704877
-0.00780711
-0.000862985
-0.00805666
-0.00102868
-0.00833223
-0.00120241
-0.00863338
-0.00138477
-0.00895979
-0.00157572
-0.00930958
-0.00968048
-0.00177427
5.77772e-05
-0.00234387
7.26704e-05
-0.00505483
1.4122e-05
-0.00632056
-9.42576e-05
-0.00677687
-0.000225846
-0.00695388
-0.000367948
-0.00708743
-0.000516991
-0.00724297
-0.000672715
-0.00742915
-0.000835439
-0.00764439
-0.00100555
-0.00788655
-0.00118346
-0.00815431
-0.00136971
-0.00844713
-0.00156502
-0.00876449
-0.00176935
-0.00910524
-0.00946841
-0.00198142
4.57815e-05
-0.00238965
4.03378e-05
-0.00504939
-3.86917e-05
-0.00624153
-0.000162233
-0.00665333
-0.000306632
-0.00680949
-0.00046049
-0.00693357
-0.000621034
-0.00708243
-0.000788265
-0.00726192
-0.000962598
-0.00747006
-0.00114447
-0.00770468
-0.00133433
-0.00796445
-0.0015328
-0.00824867
-0.00174071
-0.00855657
-0.00195805
-0.0088879
-0.00924351
-0.00218295
3.36175e-05
-0.00242327
9.93347e-06
-0.0050257
-8.94635e-05
-0.00614213
-0.000228212
-0.00651458
-0.000384943
-0.00665275
-0.000550234
-0.00676828
-0.00072203
-0.00691063
-0.00090053
-0.00708342
-0.00108623
-0.00728436
-0.0012796
-0.00751131
-0.00148113
-0.00776292
-0.0016915
-0.0080383
-0.00191166
-0.00833641
-0.0021415
-0.00865807
-0.00900647
-0.00237854
2.10737e-05
-0.00244434
-2.36715e-05
-0.00498096
-0.0001391
-0.0060267
-0.000292047
-0.00636163
-0.0004607
-0.0064841
-0.000637109
-0.00659187
-0.00081989
-0.00672785
-0.0010094
-0.00689391
-0.0012062
-0.00708756
-0.0014108
-0.00730671
-0.0016237
-0.00755002
-0.00184565
-0.00781635
-0.00207768
-0.00810438
-0.00231961
-0.00841614
-0.0087574
-0.00256867
8.47395e-06
-0.00245281
-5.67357e-05
-0.00491575
-0.000187547
-0.00589589
-0.000353665
-0.00619551
-0.000533809
-0.00630396
-0.00072104
-0.00640464
-0.000914529
-0.00653436
-0.00111478
-0.00669365
-0.00132241
-0.00687993
-0.00153796
-0.00709117
-0.00176194
-0.00732604
-0.00199514
-0.00758315
-0.00223867
-0.00786084
-0.00249257
-0.00816224
-0.00849651
-0.00275347
-4.06955e-06
-0.00244874
-8.80078e-05
-0.00483181
-0.000234384
-0.00574951
-0.000413023
-0.00601687
-0.000604211
-0.00611277
-0.000801958
-0.00620689
-0.00100587
-0.00633046
-0.00121657
-0.00648295
-0.00143474
-0.00666176
-0.00166095
-0.00686496
-0.00189577
-0.00709121
-0.00214
-0.00733893
-0.00239458
-0.00760626
-0.00265959
-0.00789723
-0.00822531
-0.00293079
-1.70386e-05
-0.00243171
-0.000118058
-0.00473079
-0.000279421
-0.00558815
-0.000470051
-0.00582624
-0.000671857
-0.00591096
-0.000879795
-0.00599896
-0.00109382
-0.00611644
-0.00131467
-0.00626209
-0.00154306
-0.00643337
-0.00177965
-0.00662837
-0.00202512
-0.00684575
-0.00228031
-0.00708373
-0.00254561
-0.00734096
-0.00281897
-0.00762388
-0.00794314
-0.00310114
-2.94251e-05
-0.00240228
-0.000146966
-0.00461325
-0.000322582
-0.00541254
-0.000524684
-0.00562414
-0.0007367
-0.00569895
-0.000954493
-0.00578116
-0.0011783
-0.00589263
-0.00140897
-0.00603143
-0.00164726
-0.00619507
-0.00189392
-0.00638172
-0.00214978
-0.00658989
-0.00241574
-0.00681777
-0.00269217
-0.00706453
-0.00297987
-0.00733618
-0.00766809
-0.00325492
-4.13975e-05
-0.00236088
-0.000174718
-0.00447993
-0.000363831
-0.00522342
-0.000576875
-0.0054111
-0.000798699
-0.00547712
-0.00102599
-0.00555387
-0.00125925
-0.00565938
-0.00149938
-0.0057913
-0.00174722
-0.00594723
-0.0020036
-0.00612534
-0.00226945
-0.00632404
-0.00254553
-0.00654168
-0.00283089
-0.00677917
-0.00312333
-0.00704373
-0.00733063
-0.0034608
-5.29465e-05
-0.00230794
-0.000201277
-0.0043316
-0.000403136
-0.00502156
-0.000626589
-0.00518764
-0.000857813
-0.0052459
-0.00109424
-0.00531744
-0.00133658
-0.00541704
-0.00158581
-0.00554206
-0.00184285
-0.00569018
-0.0021086
-0.0058596
-0.00238392
-0.00604871
-0.00266907
-0.00625654
-0.00296332
-0.00648492
-0.00327082
-0.00673623
-0.00699663
-0.00360482
-6.40383e-05
-0.0022439
-0.000226601
-0.00416904
-0.000440472
-0.00480769
-0.000673798
-0.00495432
-0.000914007
-0.00500569
-0.00115919
-0.00507226
-0.00141022
-0.005166
-0.00166818
-0.0052841
-0.00193404
-0.00542433
-0.00220876
-0.00558488
-0.00249321
-0.00576427
-0.00278779
-0.00596196
-0.00309329
-0.00617942
-0.00341394
-0.00641558
-0.00665955
-0.00375102
-7.46302e-05
-0.00216927
-0.000250652
-0.00399302
-0.000475817
-0.00458253
-0.000718481
-0.00471165
-0.000967247
-0.00475693
-0.00122078
-0.00481873
-0.00148013
-0.00490666
-0.00174641
-0.00501782
-0.00202067
-0.00515007
-0.0023039
-0.00530165
-0.00259691
-0.00547125
-0.00290032
-0.00565855
-0.0032155
-0.00586424
-0.00354539
-0.00608569
-0.00631564
-0.0038893
-8.47233e-05
-0.00208454
-0.000273399
-0.00380434
-0.00050915
-0.00434678
-0.000760618
-0.00446018
-0.0010175
-0.00450004
-0.00127898
-0.00455725
-0.00154622
-0.00463942
-0.00182041
-0.00474362
-0.00210265
-0.00486783
-0.00239396
-0.00501034
-0.00269522
-0.00517
-0.00300725
-0.00534652
-0.00333154
-0.00553995
-0.00366988
-0.00574735
-0.00596409
-0.00402143
-9.43109e-05
-0.00199023
-0.000294818
-0.00360383
-0.000540457
-0.00410114
-0.000800194
-0.00420045
-0.00106475
-0.00423548
-0.00133374
-0.00428827
-0.00160844
-0.00436471
-0.00189011
-0.00446195
-0.00217989
-0.00457805
-0.00247882
-0.00471141
-0.00278783
-0.00486099
-0.00310789
-0.00502645
-0.00344041
-0.00520743
-0.00378662
-0.00540113
-0.00560464
-0.00414607
-0.000103356
-0.00188688
-0.000314888
-0.0033923
-0.000569722
-0.0038463
-0.000837193
-0.00393298
-0.00110896
-0.00396372
-0.00138501
-0.00401221
-0.00166675
-0.00408298
-0.00195545
-0.00417325
-0.00225231
-0.00428119
-0.0025584
-0.00440532
-0.00287472
-0.00454467
-0.0032023
-0.00469887
-0.00354242
-0.00486731
-0.00389611
-0.00504745
-0.00523757
-0.00426317
-0.000111832
-0.00177505
-0.000333587
-0.00317055
-0.000596935
-0.00358296
-0.000871601
-0.00365831
-0.00115011
-0.00368522
-0.00143278
-0.00372954
-0.00172108
-0.00379467
-0.00201636
-0.00387797
-0.00231983
-0.00397772
-0.00263261
-0.00409254
-0.00295574
-0.00422155
-0.00329029
-0.00436432
-0.00363745
-0.00452015
-0.00399815
-0.00468675
-0.00486327
-0.00437245
-0.000119717
-0.00165533
-0.000350899
-0.00293936
-0.000622086
-0.00331177
-0.000903408
-0.00337699
-0.00118817
-0.00340045
-0.00147699
-0.00344072
-0.0017714
-0.00350026
-0.00207279
-0.00357658
-0.0023824
-0.00366811
-0.00270139
-0.00377355
-0.00303083
-0.00389211
-0.0033718
-0.00402334
-0.00372547
-0.00416649
-0.00409272
-0.00431949
-0.0044822
-0.00447379
-0.000126993
-0.00152834
-0.000366808
-0.00269955
-0.000645165
-0.00303341
-0.000932601
-0.00308955
-0.00122313
-0.00310992
-0.00151762
-0.00314623
-0.00181767
-0.00320022
-0.00212468
-0.00326957
-0.00243995
-0.00335284
-0.00276465
-0.00344885
-0.00309989
-0.00355687
-0.00344677
-0.00367646
-0.00380641
-0.00380685
-0.00417971
-0.00394619
-0.00409487
-0.00456705
-0.000133647
-0.00139469
-0.000381302
-0.00245189
-0.000666165
-0.00274855
-0.000959171
-0.00279655
-0.00125497
-0.00281412
-0.00155465
-0.00284656
-0.00185984
-0.00289502
-0.00217199
-0.00295741
-0.00249243
-0.00303241
-0.00282234
-0.00311894
-0.00316287
-0.00321634
-0.00351513
-0.00332421
-0.00388021
-0.00344176
-0.00425904
-0.00356736
-0.0037018
-0.00465211
-0.000139665
-0.00125502
-0.000394371
-0.00219719
-0.000685081
-0.00245784
-0.000983108
-0.00249852
-0.00128368
-0.00251355
-0.00158804
-0.00254219
-0.00189788
-0.00258518
-0.00221469
-0.00264061
-0.00253979
-0.00270731
-0.00287441
-0.00278431
-0.00321971
-0.00287104
-0.00357681
-0.00296711
-0.00394682
-0.00307176
-0.00433063
-0.00318355
-0.00330354
-0.00472889
-0.000145038
-0.00110999
-0.000406006
-0.00193622
-0.000701907
-0.00216194
-0.00100441
-0.00219602
-0.00130923
-0.00220873
-0.00161778
-0.00223365
-0.00193177
-0.00227118
-0.00225272
-0.00231966
-0.00258198
-0.00237805
-0.0029208
-0.00244549
-0.00327035
-0.00252149
-0.00363177
-0.00260569
-0.00400616
-0.00269737
-0.00439441
-0.00279529
-0.00290067
-0.00479729
-0.000149757
-0.00096023
-0.000416201
-0.00166978
-0.000716638
-0.0018615
-0.00102306
-0.0018896
-0.00133161
-0.00190017
-0.00164384
-0.00192142
-0.00196148
-0.00195354
-0.00228607
-0.00199507
-0.00261898
-0.00204513
-0.00296148
-0.00210299
-0.00331476
-0.00216822
-0.00367996
-0.00224049
-0.00405818
-0.00231915
-0.00445032
-0.00240314
-0.00249375
-0.00485724
-0.000153814
-0.000806416
-0.000424949
-0.00139864
-0.000729271
-0.00155718
-0.00103905
-0.00157982
-0.00135082
-0.0015884
-0.00166621
-0.00160604
-0.00198699
-0.00163276
-0.0023147
-0.00166736
-0.00265075
-0.00170909
-0.00299641
-0.00175734
-0.00335289
-0.00181174
-0.00372133
-0.00187204
-0.00410284
-0.00193765
-0.00449831
-0.00200767
-0.00208338
-0.00490869
-0.000157203
-0.000649212
-0.000432246
-0.0011236
-0.000739803
-0.00124962
-0.00105239
-0.00126723
-0.00136684
-0.00127395
-0.00168487
-0.00128801
-0.00200827
-0.00130936
-0.0023386
-0.00133703
-0.00267727
-0.00137042
-0.00302556
-0.00140904
-0.00338471
-0.0014526
-0.00375586
-0.00150088
-0.00414011
-0.0015534
-0.00453834
-0.00160944
-0.00167013
-0.0049516
-0.000159921
-0.000489292
-0.000438088
-0.000845431
-0.000748231
-0.000939479
-0.00106307
-0.000952391
-0.00137967
-0.000957349
-0.00169982
-0.000967863
-0.00202532
-0.000983859
-0.00235774
-0.00100461
-0.0026985
-0.00102965
-0.00304891
-0.00105863
-0.00341019
-0.00109132
-0.00378351
-0.00112756
-0.00416995
-0.00116696
-0.00457039
-0.001209
-0.00125458
-0.00498593
-0.000161962
-0.00032733
-0.000442471
-0.000564922
-0.000754554
-0.000627396
-0.00107108
-0.000635866
-0.0013893
-0.000639132
-0.00171103
-0.000646127
-0.00203811
-0.000656783
-0.0023721
-0.000670611
-0.00271444
-0.000687311
-0.00306644
-0.000706635
-0.00342932
-0.000728438
-0.00380427
-0.000752608
-0.00419235
-0.000778885
-0.00459444
-0.000806913
-0.000837333
-0.00501169
-0.000163324
-0.000164006
-0.000445395
-0.000282851
-0.00075877
-0.000314021
-0.00107642
-0.000318214
-0.00139572
-0.000319836
-0.00171851
-0.000323329
-0.00204664
-0.000328655
-0.00238169
-0.000335568
-0.00272508
-0.000343918
-0.00307813
-0.000353582
-0.00344208
-0.000364486
-0.00381812
-0.000376575
-0.00420729
-0.000389716
-0.00461047
-0.00040373
-0.000418949
-0.00502885
-0.000164006
-0.000446857
-0.000760878
-0.00107909
-0.00139893
-0.00172226
-0.00205091
-0.00238648
-0.0027304
-0.00308398
-0.00344847
-0.00382504
-0.00421476
-0.00461849
-0.00503744
-0.00311111
-0.00015314
-0.00282413
-0.000286986
-0.000366712
-0.00280224
-0.000303524
-0.00252773
-0.000561501
-0.00072513
-0.00223358
-0.000451124
-0.00198257
-0.000812514
-0.00106406
-0.00148407
-0.000597622
-0.00126298
-0.0010336
-0.00137156
-0.000635134
-0.00074531
-0.000444623
-0.00122411
-0.00164134
0.000239819
-0.000891366
0.000398222
-0.00138252
0.000617088
-0.00186021
-0.00225263
0.00107981
-0.000990824
0.00121884
-0.00152155
0.00139513
-0.00203649
-0.00246943
0.00188351
-0.00106173
0.00199794
-0.00163598
0.00213532
-0.00217387
-0.00263633
0.00263748
-0.00112377
0.00272407
-0.00172257
0.00282249
-0.0022723
-0.00275362
0.00332585
-0.00118148
0.00338909
-0.00178581
0.00345064
-0.00233384
-0.00281987
0.00394872
-0.00122832
0.00398571
-0.0018228
0.00401052
-0.00235866
-0.00283708
0.00450717
-0.00125267
0.00451002
-0.00182565
0.00449244
-0.00234107
0.00446075
-0.00280539
-0.00317705
0.00499008
-0.00124289
0.00495145
-0.00178702
0.00488799
-0.00227761
0.00480747
-0.00272487
-0.00308603
0.00537799
-0.00119395
0.00529607
-0.0017051
0.00518857
-0.00217011
0.00506399
-0.00260029
-0.0029518
0.00565344
-0.00111019
0.00553402
-0.00158568
0.00539025
-0.00202635
0.00523082
-0.00244085
-0.00278432
0.00581097
-0.00100276
0.00566538
-0.00144008
0.00549702
-0.00185799
0.00531424
-0.00225807
0.0051249
-0.00259498
-0.00284703
0.00585995
-0.000884326
0.00570096
-0.0012811
0.00552022
-0.00167725
0.00532544
-0.00206329
0.00512489
-0.00239443
-0.00265068
0.00581948
-0.00076504
0.00565774
-0.00111936
0.00547436
-0.00149386
0.00527652
-0.00186545
0.00507304
-0.00219095
-0.0024512
0.00571127
-0.000651976
0.00555566
-0.00096376
0.00537654
-0.00131474
0.00518171
-0.00167062
0.00498123
-0.00199046
-0.00225445
0.00555755
-0.00054999
0.00541689
-0.000823105
0.0052515
-0.00114935
0.00506829
-0.00148741
0.00487897
-0.00180114
0.0046932
-0.00206868
-0.00227914
0.0131829
-0.000415052
-0.0133178
0.0130914
-0.000731607
0.0129687
-0.00102661
0.0127988
-0.00131754
0.0125884
-0.00159071
0.0123483
-0.00182863
-0.00202032
0.0129914
-0.000330534
-0.0130759
0.0128956
-0.000635814
0.0127822
-0.000913184
0.0126349
-0.00117028
0.0124524
-0.00140823
0.0122426
-0.00161874
-0.00179271
0.0127916
-0.000278468
-0.0128437
0.0127092
-0.000553426
0.0126036
-0.000807612
0.0124717
-0.00103835
0.0123123
-0.00124877
0.0121294
-0.00143584
-0.00159325
0.0126036
-0.000237411
-0.0126447
0.0125305
-0.000480308
0.0124341
-0.000711154
0.0123159
-0.000920146
0.0121756
-0.00110852
0.0120156
-0.00127579
-0.0014184
0.0124246
-0.000200931
-0.012461
0.0123621
-0.000417844
0.0122768
-0.000625855
0.0121717
-0.00081503
0.012048
-0.000984873
0.0119078
-0.00113553
-0.00126511
0.012261
-0.00017067
-0.0122913
0.0122077
-0.000364552
0.0121331
-0.000551236
0.0120402
-0.000722108
0.0119311
-0.000875768
0.0118077
-0.0010122
-0.00113032
0.0121145
-0.000144983
-0.0121402
0.0120682
-0.000318276
0.0120029
-0.000485933
0.0119211
-0.00064022
0.0118247
-0.000779437
0.0117159
-0.000903383
-0.00101134
0.0119833
-0.000122595
-0.0120057
0.011943
-0.000277987
0.0118858
-0.000428746
0.0118137
-0.000568064
0.0117285
-0.000694275
0.0116322
-0.000807088
-0.000905943
0.011866
-0.000103273
-0.0118853
0.0118309
-0.000242873
0.0117807
-0.00037853
0.011717
-0.000504367
0.0116416
-0.000618843
0.0115561
-0.000721636
-0.000812265
0.011761
-8.66032e-05
-0.0117777
0.0117303
-0.000212108
0.011686
-0.000334286
0.0116297
-0.000448014
0.0115627
-0.000551896
0.0114867
-0.000645612
-0.000728739
0.0116666
-7.21451e-05
-0.0116811
0.0116396
-0.000185084
0.0116005
-0.000295217
0.0115506
-0.000398057
0.011491
-0.00049235
0.0114232
-0.000577803
-0.000654037
0.0115815
-5.96407e-05
-0.011594
0.0115577
-0.000161343
0.0115232
-0.000260662
0.0114788
-0.000353675
0.0114257
-0.000439265
0.011365
-0.000517164
-0.000587032
0.0115045
-4.88789e-05
-0.0115153
0.0114837
-0.000140474
0.011453
-0.000230044
0.0114135
-0.000314159
0.0113661
-0.000391821
0.0113117
-0.000462787
-0.000526751
0.011435
-3.96506e-05
-0.0114442
0.0114167
-0.000122116
0.0113895
-0.000202866
0.0113542
-0.000278893
0.0113117
-0.000349307
0.0112628
-0.000413885
-0.000472354
0.0113722
-3.17761e-05
-0.0113801
0.0113561
-0.000105965
0.0113319
-0.0001787
0.0113004
-0.000247344
0.0112622
-0.000311102
0.0112181
-0.000369774
-0.000423111
0.0113156
-2.51019e-05
-0.0113223
0.0113014
-9.1751e-05
0.0112798
-0.000157168
0.0112515
-0.000219043
0.0112171
-0.000276665
0.0111772
-0.000329853
-0.000378383
0.0112645
-1.949e-05
-0.0112702
0.011252
-7.92374e-05
0.0112328
-0.000137943
0.0112073
-0.000193581
0.0111762
-0.000245522
0.0111399
-0.000293598
-0.000337611
0.0112187
-1.48164e-05
-0.0112234
0.0112077
-6.82149e-05
0.0111904
-0.000120733
0.0111675
-0.000170601
0.0111392
-0.000217257
0.0111062
-0.00026055
-0.000300301
0.0111776
-1.09705e-05
-0.0111814
0.0111679
-5.84984e-05
0.0111524
-0.000105285
0.0111316
-0.000149785
0.0111059
-0.000191503
0.0110756
-0.0002303
-0.000266017
0.0111409
-7.85288e-06
-0.0111441
0.0111324
-4.9923e-05
0.0111185
-9.13714e-05
0.0110995
-0.000130854
0.011076
-0.000167934
0.0110481
-0.000202487
-0.000234373
0.0111084
-5.37327e-06
-0.0111109
0.0111009
-4.23408e-05
0.0110883
-7.87896e-05
0.011071
-0.000113557
0.0110493
-0.00014626
0.0110236
-0.000176789
-0.000205019
0.0110798
-3.44931e-06
-0.0110818
0.0110731
-3.56183e-05
0.0110617
-6.7358e-05
0.0110458
-9.76695e-05
0.0110258
-0.000126221
0.0110019
-0.000152916
-0.000177645
0.0110549
-2.00537e-06
-0.0110564
0.0110489
-2.96342e-05
0.0110385
-5.69119e-05
0.0110238
-8.29887e-05
0.0110052
-0.000107581
0.0109828
-0.000130605
-0.000151966
0.0110335
-9.7162e-07
-0.0110345
0.0110281
-2.42775e-05
0.0110185
-4.73009e-05
0.0110048
-6.93295e-05
0.0109874
-9.01246e-05
0.0109664
-0.000109616
-0.000127724
0.0110154
-2.83309e-07
-0.011016
0.0110105
-1.94454e-05
0.0110016
-3.83868e-05
0.0109888
-5.65214e-05
0.0109723
-7.36544e-05
0.0109524
-8.97279e-05
-0.000104677
0.0110004
1.2048e-07
-0.0110009
0.010996
-1.50419e-05
0.0109877
-3.00408e-05
0.0109756
-4.44062e-05
0.0109599
-5.79862e-05
0.0109409
-7.0736e-05
-8.26047e-05
0.0109886
3.06746e-07
-0.0109888
0.0109846
-1.09812e-05
0.0109767
-2.21428e-05
0.0109651
-3.28352e-05
0.0109501
-4.29475e-05
0.0109318
-5.24472e-05
-6.12964e-05
0.0109798
3.06742e-07
-0.0109798
0.010976
-7.1714e-06
0.0109684
-1.45783e-05
0.0109573
-2.16679e-05
0.0109427
-2.83753e-05
0.0109249
-3.4679e-05
-4.05539e-05
0.0109739
2.26059e-07
-0.0109738
0.0109703
-3.55613e-06
0.010963
-7.23773e-06
0.0109521
-1.07706e-05
0.0109378
-1.4113e-05
0.0109204
-1.72553e-05
-2.01854e-05
0.010971
-0.0109708
0.0109675
0.0109603
0.0109495
0.0109354
0.0109181
0.00516465
-0.0130772
0.00492317
-0.0128345
0.00468133
-0.0126018
0.00445125
-0.0124146
0.00423074
-0.0122405
0.00401822
-0.0120788
0.00381355
-0.0119355
0.00361605
-0.0118082
0.00342468
-0.011694
0.00323858
-0.0115916
0.00305701
-0.0114995
0.00287935
-0.0114163
0.00270512
-0.0113411
0.0025339
-0.011273
0.00236531
-0.0112115
0.00219906
-0.011156
0.00203484
-0.0111059
0.00187243
-0.0110609
0.00171159
-0.0110206
0.00155212
-0.0109846
0.00139385
-0.0109527
0.00123661
-0.0109245
0.00108026
-0.0109
0.000924655
-0.0108789
0.000769667
-0.0108611
0.000615181
-0.0108464
0.000461077
-0.0108347
0.000307259
-0.010826
0.000153602
-0.0108202
-0.0108172
0.00496387
-0.0128208
0.00472741
-0.012598
0.00449748
-0.0123719
0.0042759
-0.012193
0.00406542
-0.01203
0.00386264
-0.011876
0.0036668
-0.0117397
0.00347782
-0.0116192
0.00329458
-0.0115107
0.00311609
-0.0114131
0.00294179
-0.0113252
0.00277116
-0.0112457
0.00260372
-0.0111736
0.0024391
-0.0111084
0.00227697
-0.0110494
0.00211703
-0.0109961
0.00195904
-0.0109479
0.00180274
-0.0109046
0.00164795
-0.0108658
0.00149446
-0.0108311
0.00134211
-0.0108003
0.00119074
-0.0107732
0.00104022
-0.0107495
0.000890408
-0.0107291
0.000741183
-0.0107118
0.000592431
-0.0106976
0.000444041
-0.0106863
0.000295913
-0.0106779
0.000147927
-0.0106722
-0.0106693
0.00476231
-0.0125726
0.00453496
-0.0123706
0.00431802
-0.012155
0.00410564
-0.0119807
0.00390309
-0.0118275
0.00370899
-0.0116819
0.00352122
-0.0115519
0.00333974
-0.0114377
0.00316384
-0.0113348
0.00299247
-0.0112417
0.00282506
-0.0111578
0.00266117
-0.0110818
0.00250035
-0.0110128
0.00234224
-0.0109503
0.00218653
-0.0108937
0.00203293
-0.0108425
0.00188119
-0.0107962
0.0017311
-0.0107545
0.00158245
-0.0107171
0.00143506
-0.0106837
0.00128876
-0.010654
0.00114342
-0.0106278
0.00099888
-0.0106049
0.000855028
-0.0105852
0.00071174
-0.0105685
0.000568905
-0.0105548
0.000426416
-0.0105438
0.000284171
-0.0105356
0.000142063
-0.0105301
-0.0105272
0.00456615
-0.0123355
0.00434397
-0.0121485
0.00413523
-0.0119462
0.00393195
-0.0117774
0.00373693
-0.0116325
0.00355095
-0.0114959
0.0033714
-0.0113724
0.00319754
-0.0112639
0.00302902
-0.0111663
0.0028649
-0.0110776
0.00270452
-0.0109974
0.00254751
-0.0109248
0.00239346
-0.0108588
0.00224202
-0.0107989
0.00209289
-0.0107445
0.0019458
-0.0106954
0.00180051
-0.0106509
0.0016568
-0.0106108
0.00151449
-0.0105748
0.0013734
-0.0105426
0.00123337
-0.010514
0.00109425
-0.0104887
0.000955923
-0.0104666
0.000818251
-0.0104476
0.000681125
-0.0104314
0.000544434
-0.0104181
0.000408076
-0.0104075
0.000271949
-0.0103995
0.000135955
-0.0103941
-0.0103913
0.00435414
-0.0121083
0.00414173
-0.0119361
0.00394318
-0.0117477
0.00375073
-0.0115849
0.00356472
-0.0114465
0.00338717
-0.0113183
0.00321619
-0.0112014
0.00305038
-0.0110981
0.00288948
-0.0110054
0.00273283
-0.010921
0.00257977
-0.0108444
0.00242989
-0.0107749
0.00228285
-0.0107117
0.00213833
-0.0106543
0.00199601
-0.0106022
0.00185565
-0.010555
0.00171703
-0.0105123
0.00157993
-0.0104737
0.00144418
-0.0104391
0.0013096
-0.010408
0.00117604
-0.0103804
0.00104337
-0.010356
0.00091145
-0.0103347
0.000780172
-0.0103163
0.000649418
-0.0103007
0.000519086
-0.0102878
0.000389074
-0.0102775
0.000259286
-0.0102697
0.000129625
-0.0102644
-0.0102616
0.00414397
-0.0118945
0.0039411
-0.0117332
0.00375053
-0.0115571
0.0035672
-0.0114016
0.00338995
-0.0112692
0.00322049
-0.0111489
0.00305771
-0.0110386
0.00289992
-0.0109403
0.00274665
-0.0108521
0.00259748
-0.0107718
0.00245178
-0.0106987
0.00230913
-0.0106322
0.00216921
-0.0105718
0.0020317
-0.0105168
0.00189634
-0.0104669
0.00176286
-0.0104215
0.00163105
-0.0103805
0.00150073
-0.0103434
0.0013717
-0.01031
0.0012438
-0.0102802
0.0011169
-0.0102535
0.000990859
-0.01023
0.000865548
-0.0102094
0.000740855
-0.0101916
0.000616674
-0.0101765
0.000492901
-0.010164
0.00036944
-0.010154
0.000246197
-0.0101465
0.000123081
-0.0101413
-0.0101386
0.00392657
-0.0116918
0.00373341
-0.01154
0.00355184
-0.0113755
0.00337815
-0.0112279
0.00321042
-0.0111015
0.00304955
-0.010988
0.00289507
-0.0108841
0.00274547
-0.0107907
0.00260005
-0.0107067
0.0024585
-0.0106303
0.00232032
-0.0105605
0.00218507
-0.010497
0.00205243
-0.0104392
0.00192212
-0.0103865
0.00179387
-0.0103386
0.00166745
-0.0102951
0.00154264
-0.0102557
0.00141926
-0.01022
0.00129713
-0.0101879
0.00117611
-0.0101591
0.00105604
-0.0101335
0.000936811
-0.0101108
0.000818292
-0.0100909
0.000700373
-0.0100737
0.000582952
-0.0100591
0.000465929
-0.010047
0.000349213
-0.0100373
0.000232712
-0.01003
0.000116337
-0.0100249
-0.0100222
0.00370776
-0.0115011
0.00352473
-0.011357
0.00335181
-0.0112026
0.00318692
-0.011063
0.00302821
-0.0109428
0.00287581
-0.0108356
0.00272945
-0.0107378
0.00258791
-0.0106492
0.00245038
-0.0105692
0.00231652
-0.0104964
0.00218591
-0.0104299
0.00205814
-0.0103692
0.00193289
-0.0103139
0.0018099
-0.0102635
0.0016889
-0.0102176
0.00156966
-0.0101759
0.00145199
-0.010138
0.00133571
-0.0101037
0.00122064
-0.0100729
0.00110664
-0.0100451
0.000993582
-0.0100204
0.000881329
-0.0099985
0.000769771
-0.0099793
0.000658799
-0.0099627
0.000548315
-0.00994858
0.000438222
-0.00993687
0.00032843
-0.00992749
0.000218854
-0.00992039
0.000109406
-0.0099155
-0.00991283
0.00348494
-0.0113211
0.00331151
-0.0111836
0.00314749
-0.0110386
0.00299164
-0.0109072
0.00284214
-0.0107933
0.0026985
-0.010692
0.00256043
-0.0105997
0.00242703
-0.0105158
0.00229751
-0.0104396
0.00217146
-0.0103703
0.00204855
-0.010307
0.00192839
-0.010249
0.00181067
-0.0101962
0.00169513
-0.010148
0.00158151
-0.010104
0.00146961
-0.010064
0.00135923
-0.0100276
0.00125019
-0.00999471
0.00114233
-0.009965
0.00103552
-0.00993832
0.000929617
-0.00991449
0.000824503
-0.00989339
0.000720068
-0.00987487
0.000616207
-0.00985884
0.000512824
-0.0098452
0.000409828
-0.00983387
0.000307131
-0.00982479
0.000204649
-0.0098179
0.0001023
-0.00981315
-0.00981052
0.00325986
-0.0111516
0.00309621
-0.0110199
0.0029412
-0.0108836
0.00279417
-0.0107601
0.00265354
-0.0106527
0.00251852
-0.0105569
0.00238871
-0.0104699
0.00226341
-0.0103905
0.0021419
-0.0103181
0.00202374
-0.0102522
0.00190859
-0.0101918
0.00179613
-0.0101366
0.00168604
-0.0100861
0.00157805
-0.01004
0.00147194
-0.00999789
0.00136749
-0.00995953
0.00126452
-0.00992466
0.00116286
-0.00989305
0.00106236
-0.0098645
0.000962869
-0.00983883
0.000864268
-0.00981589
0.000766439
-0.00979556
0.000669275
-0.0097777
0.000572676
-0.00976224
0.000476547
-0.00974907
0.000380801
-0.00973813
0.000285354
-0.00972935
0.000190126
-0.00972268
9.50347e-05
-0.00971806
-0.00971549
0.00303208
-0.0109921
0.00287781
-0.0108657
0.00273181
-0.0107376
0.00259367
-0.010622
0.00246194
-0.0105209
0.00233562
-0.0104306
0.00221418
-0.0103485
0.00209705
-0.0102733
0.00198362
-0.0102047
0.00187344
-0.010142
0.00176617
-0.0100846
0.0016615
-0.0100319
0.00155913
-0.00998374
0.00145882
-0.00993967
0.00136033
-0.0098994
0.00126346
-0.00986267
0.00116803
-0.00982923
0.00107387
-0.0097989
0.000980844
-0.00977147
0.000888809
-0.00974679
0.000797644
-0.00972473
0.000707236
-0.00970515
0.000617482
-0.00968795
0.000528283
-0.00967304
0.000439549
-0.00966034
0.000351196
-0.00964977
0.000263142
-0.00964129
0.00017531
-0.00963484
8.76227e-05
-0.00963037
-0.00962787
0.00280221
-0.0108421
0.00265732
-0.0107208
0.00252041
-0.0106007
0.00239114
-0.0104927
0.00226815
-0.0103979
0.00215039
-0.0103129
0.00203731
-0.0102354
0.00192837
-0.0101644
0.00182304
-0.0100994
0.00172088
-0.0100398
0.00162155
-0.00998522
0.00152476
-0.00993512
0.00143021
-0.00988919
0.00133765
-0.00984711
0.00124688
-0.00980863
0.00115769
-0.00977348
0.00106991
-0.00974145
0.00098337
-0.00971236
0.000897936
-0.00968604
0.000813475
-0.00966233
0.000729867
-0.00964112
0.000647003
-0.00962228
0.000564781
-0.00960573
0.000483109
-0.00959137
0.000401898
-0.00957912
0.000321067
-0.00956894
0.000240536
-0.00956076
0.000160231
-0.00955454
8.00783e-05
-0.00955022
-0.00954779
0.00257038
-0.0107013
0.00243464
-0.010585
0.00230678
-0.0104728
0.00218635
-0.0103723
0.00207206
-0.0102836
0.00196288
-0.0102037
0.00185819
-0.0101307
0.0017575
-0.0100637
0.00166033
-0.0100022
0.00156625
-0.00994576
0.00147494
-0.00989391
0.00138609
-0.00984627
0.00129944
-0.00980253
0.00121474
-0.00976241
0.00113178
-0.00972566
0.00105036
-0.00969206
0.000970326
-0.00966141
0.00089151
-0.00963354
0.000813776
-0.0096083
0.000736996
-0.00958555
0.000661054
-0.00956518
0.000585845
-0.00954708
0.000511269
-0.00953115
0.000437237
-0.00951733
0.000363664
-0.00950555
0.000290469
-0.00949575
0.000217577
-0.00948787
0.000144917
-0.00948188
7.24162e-05
-0.00947772
-0.00947537
0.00233697
-0.0105694
0.00221031
-0.0104584
0.00209149
-0.010354
0.00197986
-0.0102607
0.0018742
-0.010178
0.00177352
-0.010103
0.00167721
-0.0100344
0.00158478
-0.00997126
0.00149579
-0.00991322
0.00140984
-0.00985981
0.00132659
-0.00981066
0.00124575
-0.00976544
0.00116706
-0.00972385
0.00109029
-0.00968564
0.00101522
-0.00965059
0.000941662
-0.00961851
0.000869459
-0.00958921
0.000798454
-0.00956254
0.000728511
-0.00953836
0.000659507
-0.00951655
0.000591328
-0.009497
0.000523872
-0.00947962
0.000457042
-0.00946432
0.000390751
-0.00945104
0.000324916
-0.00943972
0.00025946
-0.00943029
0.00019431
-0.00942272
0.000129397
-0.00941696
6.4651e-05
-0.00941297
-0.00941072
0.00210226
-0.0104461
0.00198453
-0.0103406
0.00187466
-0.0102441
0.00177177
-0.0101578
0.00167469
-0.0100809
0.00158249
-0.0100108
0.00149456
-0.00994646
0.00141042
-0.00988712
0.00132964
-0.00983245
0.00125186
-0.00978202
0.00117672
-0.00973552
0.00110395
-0.00969267
0.00103328
-0.00965318
0.0009645
-0.00961685
0.000897389
-0.00958348
0.000831768
-0.00955289
0.000767474
-0.00952491
0.000704359
-0.00949942
0.000642289
-0.00947629
0.000581144
-0.0094554
0.000520812
-0.00943667
0.000461194
-0.00942
0.000402197
-0.00940533
0.000343734
-0.00939258
0.000285725
-0.00938171
0.000228097
-0.00937266
0.000170777
-0.0093654
0.000113699
-0.00935989
5.67974e-05
-0.00935607
-0.00935392
0.00186658
-0.0103314
0.00175769
-0.0102318
0.00165672
-0.0101431
0.00156249
-0.0100636
0.00147393
-0.00999234
0.00139015
-0.00992702
0.00131058
-0.00986689
0.00123473
-0.00981126
0.00116218
-0.00975991
0.00109258
-0.00971242
0.00102559
-0.00966853
0.000960925
-0.009628
0.000898335
-0.00959059
0.000837593
-0.00955611
0.000778498
-0.00952439
0.000720871
-0.00949526
0.00066455
-0.00946859
0.00060939
-0.00944426
0.000555261
-0.00942216
0.000502044
-0.00940219
0.000449632
-0.00938426
0.000397925
-0.00936829
0.000346833
-0.00935423
0.000296272
-0.00934202
0.000246165
-0.0093316
0.000196438
-0.00932294
0.000147023
-0.00931599
9.78545e-05
-0.00931072
4.88703e-05
-0.00930709
-0.00930505
0.00163027
-0.010225
0.0015301
-0.0101316
0.0014379
-0.0100509
0.00135224
-0.0099779
0.00127214
-0.00991224
0.00119676
-0.00985163
0.00112553
-0.00979567
0.00105796
-0.00974369
0.000993663
-0.00969561
0.000932263
-0.00965102
0.000873441
-0.00960971
0.000816914
-0.00957147
0.000762433
-0.00953611
0.000709776
-0.00950346
0.000658743
-0.00947335
0.000609158
-0.00944568
0.000560862
-0.0094203
0.000513712
-0.00939711
0.000467579
-0.00937603
0.000422348
-0.00935695
0.000377913
-0.00933982
0.000334176
-0.00932456
0.000291049
-0.00931111
0.000248451
-0.00929942
0.000206305
-0.00928945
0.000164541
-0.00928117
0.000123091
-0.00927454
8.18918e-05
-0.00926952
4.08847e-05
-0.00926608
-0.00926417
0.00139367
-0.0101268
0.0013021
-0.01004
0.00121857
-0.00996741
0.0011414
-0.00990073
0.00106969
-0.00984053
0.00100265
-0.00978458
0.000939732
-0.00973276
0.000880433
-0.00968439
0.000824365
-0.00963954
0.000771172
-0.00959783
0.00072053
-0.00955907
0.000672159
-0.0095231
0.000625812
-0.00948976
0.000581267
-0.00945891
0.000538329
-0.00943042
0.000496822
-0.00940417
0.00045659
-0.00938006
0.00041749
-0.00935801
0.000379397
-0.00933793
0.000342196
-0.00931975
0.000305782
-0.00930341
0.000270062
-0.00928884
0.000234947
-0.00927599
0.000200358
-0.00926483
0.00016622
-0.00925532
0.000132464
-0.00924741
9.90251e-05
-0.0092411
6.58414e-05
-0.00923634
3.2855e-05
-0.00923309
-0.00923131
0.00115716
-0.0100368
0.00107408
-0.00995693
0.000999074
-0.0098924
0.000930283
-0.00983194
0.000866898
-0.00977714
0.00080814
-0.00972582
0.000753476
-0.00967809
0.000702426
-0.00963334
0.000654574
-0.00959169
0.000609579
-0.00955283
0.000567116
-0.00951661
0.000526907
-0.00948289
0.000488704
-0.00945156
0.000452289
-0.0094225
0.000417465
-0.00939559
0.00038406
-0.00937076
0.000351916
-0.00934792
0.000320894
-0.00932699
0.00029087
-0.00930791
0.000261729
-0.00929061
0.00023337
-0.00927505
0.000205698
-0.00926116
0.000178627
-0.00924892
0.00015208
-0.00923828
0.000125983
-0.00922922
0.000100268
-0.0092217
7.48714e-05
-0.0092157
4.97343e-05
-0.0092112
2.47975e-05
-0.00920816
-0.00920652
0.000921472
-0.00995497
0.000846566
-0.00988202
0.000779894
-0.00982573
0.000719335
-0.00977138
0.000664178
-0.00972199
0.000613633
-0.00967528
0.000567142
-0.0096316
0.000524304
-0.00959051
0.000484623
-0.00955201
0.000447788
-0.009516
0.000413484
-0.0094823
0.000381424
-0.00945083
0.000351362
-0.0094215
0.000323077
-0.00939421
0.000296372
-0.00936889
0.000271076
-0.00934547
0.000247032
-0.00932388
0.000224102
-0.00930406
0.000202161
-0.00928597
0.000181097
-0.00926955
0.000160808
-0.00925476
0.000141203
-0.00924156
0.000122195
-0.00922991
0.000103708
-0.0092198
8.56695e-05
-0.00921118
6.80129e-05
-0.00920404
5.06759e-05
-0.00919836
3.36014e-05
-0.00919412
1.67349e-05
-0.00919129
-0.00918978
0.0006865
-0.00988147
0.000620072
-0.00981559
0.000561544
-0.0097672
0.00050899
-0.00971882
0.000461914
-0.00967491
0.000419483
-0.00963285
0.000381128
-0.00959325
0.00034639
-0.00955577
0.000314812
-0.00952043
0.000286089
-0.00948727
0.000259907
-0.00945612
0.000235974
-0.0094269
0.000214033
-0.00939956
0.000193863
-0.00937404
0.000175268
-0.00935029
0.000158074
-0.00932827
0.000142126
-0.00930793
0.000127286
-0.00928922
0.000113429
-0.00927211
0.000100444
-0.00925656
8.82297e-05
-0.00924254
7.66939e-05
-0.00923002
6.57527e-05
-0.00921897
5.53296e-05
-0.00920937
4.53534e-05
-0.0092012
3.57585e-05
-0.00919445
2.64845e-05
-0.00918909
1.74688e-05
-0.00918511
8.67538e-06
-0.0091825
-0.00918111
0.000451555
-0.00981589
0.000393317
-0.00975735
0.000342802
-0.00971668
0.000298286
-0.00967431
0.000259275
-0.0096359
0.000224947
-0.00959852
0.000194865
-0.00956316
0.000168144
-0.00952905
0.000144668
-0.00949695
0.000124087
-0.00946669
0.000106051
-0.00943808
9.02597e-05
-0.00941111
7.64558e-05
-0.00938575
6.44162e-05
-0.009362
5.39447e-05
-0.00933982
4.48671e-05
-0.00931919
3.7029e-05
-0.00930009
3.02918e-05
-0.00928248
2.45317e-05
-0.00926635
1.96375e-05
-0.00925167
1.55086e-05
-0.00923841
1.20538e-05
-0.00922657
9.19031e-06
-0.00921611
6.84175e-06
-0.00920703
4.93875e-06
-0.0091993
3.41549e-06
-0.00919292
2.21103e-06
-0.00918788
1.28336e-06
-0.00918418
5.23206e-07
-0.00918174
-0.00918058
0.000216309
-0.00975752
0.00016585
-0.0097069
0.000122959
-0.00967379
8.65903e-05
-0.00963794
5.53615e-05
-0.00960467
2.89956e-05
-0.00957215
6.49432e-06
-0.00954066
-1.1468e-05
-0.00951109
-2.61994e-05
-0.00948222
-3.82421e-05
-0.00945465
-4.78736e-05
-0.00942845
-5.53458e-05
-0.00940364
-6.08891e-05
-0.00938021
-6.47116e-05
-0.00935818
-6.70001e-05
-0.00933753
-6.79216e-05
-0.00931827
-6.76266e-05
-0.00930039
-6.62493e-05
-0.00928386
-6.3911e-05
-0.00926869
-6.07208e-05
-0.00925486
-5.67775e-05
-0.00924236
-5.21708e-05
-0.00923117
-4.69821e-05
-0.0092213
-4.12866e-05
-0.00921272
-3.51532e-05
-0.00920544
-2.86462e-05
-0.00919943
-2.18225e-05
-0.00919471
-1.47458e-05
-0.00919126
-7.45515e-06
-0.00918903
-0.00918804
-2.20855e-05
-0.00970468
-6.11622e-05
-0.00966782
-9.51236e-05
-0.00963983
-0.000122499
-0.00961056
-0.000144909
-0.00958226
-0.000162696
-0.00955437
-0.000176327
-0.00952703
-0.000186639
-0.00950077
-0.000193729
-0.00947513
-0.000197983
-0.00945039
-0.000199738
-0.0094267
-0.000199278
-0.0094041
-0.000196855
-0.00938263
-0.000192691
-0.00936234
-0.00018698
-0.00934325
-0.000179894
-0.00932536
-0.000171588
-0.00930869
-0.000162198
-0.00929325
-0.000151848
-0.00927904
-0.000140648
-0.00926606
-0.000128697
-0.00925431
-0.000116086
-0.00924379
-0.000102897
-0.00923449
-8.92037e-05
-0.00922641
-7.50765e-05
-0.00921956
-6.05783e-05
-0.00921393
-4.57685e-05
-0.00920952
-3.07064e-05
-0.00920632
-1.54297e-05
-0.0092043
-0.00920347
-0.000247788
-0.00966157
-0.000281834
-0.00963377
-0.000308003
-0.00961366
-0.000328285
-0.00959028
-0.000343069
-0.00956748
-0.000353194
-0.00954424
-0.000359108
-0.00952112
-0.000361542
-0.00949834
-0.000360744
-0.00947593
-0.000357086
-0.00945405
-0.000350907
-0.00943288
-0.000342498
-0.00941251
-0.000332115
-0.00939302
-0.000319982
-0.00937448
-0.000306297
-0.00935693
-0.000291235
-0.00934042
-0.000274953
-0.00932497
-0.000257588
-0.00931062
-0.000239265
-0.00929736
-0.000220095
-0.00928523
-0.000200179
-0.00927423
-0.000179606
-0.00926436
-0.00015846
-0.00925563
-0.000136815
-0.00924806
-0.000114741
-0.00924164
-9.23007e-05
-0.00923637
-6.95541e-05
-0.00923227
-4.65576e-05
-0.00922932
-2.33548e-05
-0.00922751
-0.00922682
-0.000474181
-0.00962603
-0.000500951
-0.009607
-0.000519755
-0.00959486
-0.000532523
-0.00957751
-0.000539746
-0.00956026
-0.000542201
-0.00954179
-0.000540448
-0.00952287
-0.000535064
-0.00950372
-0.000526434
-0.00948456
-0.000514929
-0.00946556
-0.000500884
-0.00944692
-0.000484593
-0.0094288
-0.000466314
-0.0094113
-0.000446276
-0.00939451
-0.000424679
-0.00937853
-0.000401702
-0.0093634
-0.000377503
-0.00934917
-0.000352222
-0.0093359
-0.000325985
-0.0093236
-0.000298904
-0.00931231
-0.000271081
-0.00930205
-0.000242607
-0.00929283
-0.000213565
-0.00928468
-0.00018403
-0.00927759
-0.000154071
-0.0092716
-0.000123752
-0.00926669
-9.31334e-05
-0.00926288
-6.22702e-05
-0.00926018
-3.12095e-05
-0.00925857
-0.00925803
-0.000698489
-0.00959787
-0.000717732
-0.00958776
-0.000729314
-0.00958327
-0.00073462
-0.00957221
-0.000734375
-0.0095605
-0.000729261
-0.0095469
-0.000719905
-0.00953223
-0.000706835
-0.00951679
-0.000690485
-0.00950091
-0.000671228
-0.00948481
-0.000649404
-0.00946875
-0.000625314
-0.00945289
-0.000599219
-0.00943739
-0.000571353
-0.00942238
-0.00054192
-0.00940796
-0.000511102
-0.00939422
-0.00047906
-0.00938122
-0.000445936
-0.00936902
-0.000411858
-0.00935768
-0.00037694
-0.00934723
-0.000341284
-0.0093377
-0.000304982
-0.00932913
-0.000268117
-0.00932154
-0.000230766
-0.00931495
-0.000192998
-0.00930936
-0.000154878
-0.00930481
-0.000116465
-0.0093013
-7.78165e-05
-0.00929883
-3.89794e-05
-0.0092974
-0.00929701
-0.000919892
-0.00957692
-0.00093175
-0.0095759
-0.000936221
-0.0095788
-0.000934183
-0.00957424
-0.000926586
-0.0095681
-0.000914046
-0.00955944
-0.00089721
-0.00954906
-0.000876586
-0.00953742
-0.000852629
-0.00952486
-0.000825726
-0.00951172
-0.000796224
-0.00949825
-0.000764429
-0.00948468
-0.00073061
-0.00947121
-0.000695006
-0.00945798
-0.000657826
-0.00944514
-0.000619255
-0.00943279
-0.000579456
-0.00942101
-0.000538576
-0.0094099
-0.000496742
-0.00939951
-0.000454072
-0.0093899
-0.000410668
-0.00938111
-0.000366624
-0.00937318
-0.000322024
-0.00936614
-0.000276945
-0.00936002
-0.000231457
-0.00935485
-0.000185625
-0.00935064
-0.000139511
-0.00934741
-9.31697e-05
-0.00934517
-4.66509e-05
-0.00934392
-0.00934366
-0.00113797
-0.00956299
-0.00114259
-0.00957127
-0.00114008
-0.00958132
-0.00113088
-0.00958344
-0.0011161
-0.00958288
-0.0010963
-0.00957924
-0.00107212
-0.00957324
-0.00104407
-0.00956546
-0.00101263
-0.00955631
-0.000978185
-0.00954616
-0.000941109
-0.00953532
-0.000901712
-0.00952408
-0.000860272
-0.00951265
-0.000817032
-0.00950122
-0.000772206
-0.00948997
-0.000725981
-0.00947901
-0.000678526
-0.00946847
-0.000629987
-0.00945844
-0.000580497
-0.009449
-0.000530173
-0.00944022
-0.00047912
-0.00943216
-0.000427433
-0.00942487
-0.000375197
-0.00941838
-0.00032249
-0.00941273
-0.000269384
-0.00940796
-0.000215944
-0.00940408
-0.000162231
-0.00940112
-0.000108304
-0.0093991
-5.42114e-05
-0.00939801
-0.00939787
-0.00135231
-0.00955586
-0.00134991
-0.00957367
-0.00134062
-0.00959061
-0.00132449
-0.00959957
-0.0013027
-0.00960467
-0.00127578
-0.00960616
-0.00124437
-0.00960466
-0.00120901
-0.00960082
-0.00117019
-0.00959513
-0.00112833
-0.00958802
-0.0010838
-0.00957985
-0.00103692
-0.00957096
-0.000987981
-0.00956159
-0.000937223
-0.00955198
-0.000884867
-0.00954232
-0.000831104
-0.00953277
-0.000776105
-0.00952347
-0.000720021
-0.00951452
-0.000662986
-0.00950604
-0.000605119
-0.00949809
-0.000546529
-0.00949075
-0.00048731
-0.00948408
-0.00042755
-0.00947814
-0.000367329
-0.00947295
-0.000306717
-0.00946857
-0.000245784
-0.00946501
-0.00018459
-0.00946232
-0.000123195
-0.00946049
-6.16484e-05
-0.00945956
-0.00945952
-0.00156262
-0.00955529
-0.00155344
-0.00958285
-0.00153761
-0.00960644
-0.00151474
-0.00962244
-0.00148605
-0.00963336
-0.00145209
-0.00964012
-0.00141356
-0.00964319
-0.00137101
-0.00964336
-0.00132497
-0.00964118
-0.00127584
-0.00963714
-0.00122401
-0.00963168
-0.00116981
-0.00962516
-0.00111351
-0.00961789
-0.00105538
-0.00961012
-0.000995625
-0.00960207
-0.000934454
-0.00959394
-0.000872039
-0.00958588
-0.000808535
-0.00957803
-0.000744078
-0.00957049
-0.000678792
-0.00956338
-0.000612786
-0.00955676
-0.000546159
-0.00955071
-0.000478999
-0.0095453
-0.000411387
-0.00954056
-0.000343397
-0.00953656
-0.000275097
-0.00953331
-0.00020655
-0.00953086
-0.000137817
-0.00952923
-6.89498e-05
-0.00952843
-0.00952847
-0.00176863
-0.00956092
-0.00175291
-0.00959858
-0.00173061
-0.00962873
-0.00170103
-0.00965202
-0.00166549
-0.00966889
-0.00162465
-0.00968096
-0.00157919
-0.00968865
-0.00152969
-0.00969286
-0.00147665
-0.00969423
-0.00142047
-0.00969332
-0.00136153
-0.00969062
-0.00130018
-0.00968652
-0.00123668
-0.00968138
-0.00117132
-0.00967548
-0.00110432
-0.00966908
-0.00103588
-0.00966238
-0.000966187
-0.00965558
-0.000895396
-0.00964882
-0.000823651
-0.00964224
-0.000751078
-0.00963595
-0.00067779
-0.00963005
-0.000603888
-0.00962461
-0.000529463
-0.00961972
-0.000454597
-0.00961543
-0.000379365
-0.00961179
-0.000303837
-0.00960884
-0.000228078
-0.00960662
-0.000152149
-0.00960515
-7.61041e-05
-0.00960447
-0.00960458
-0.0019699
-0.00957245
-0.00194768
-0.0096208
-0.0019188
-0.00965761
-0.00188263
-0.0096882
-0.00184053
-0.00971099
-0.00179316
-0.00972833
-0.00174114
-0.00974067
-0.001685
-0.009749
-0.0016252
-0.00975403
-0.00156217
-0.00975635
-0.00149631
-0.00975648
-0.00142795
-0.00975488
-0.00135741
-0.00975192
-0.00128496
-0.00974793
-0.00121084
-0.0097432
-0.00113527
-0.00973796
-0.00105843
-0.00973242
-0.000980489
-0.00972676
-0.000901593
-0.00972113
-0.000821874
-0.00971567
-0.000741446
-0.00971047
-0.000660413
-0.00970565
-0.000578867
-0.00970127
-0.000496893
-0.0096974
-0.000414568
-0.00969412
-0.000331961
-0.00969145
-0.000249141
-0.00968944
-0.000166168
-0.00968813
-8.31007e-05
-0.00968754
-0.00968768
-0.00216569
-0.0095897
-0.00213708
-0.00964942
-0.00210188
-0.00969281
-0.00205976
-0.00973032
-0.0020117
-0.00975905
-0.00195828
-0.00978175
-0.00189999
-0.00979896
-0.00183737
-0.00981162
-0.00177093
-0.00982046
-0.00170114
-0.00982614
-0.00162842
-0.0098292
-0.00155315
-0.00983015
-0.00147565
-0.00982942
-0.00139621
-0.00982737
-0.00131509
-0.00982432
-0.00123251
-0.00982054
-0.00114866
-0.00981627
-0.0010637
-0.00981171
-0.0009778
-0.00980704
-0.000891081
-0.00980239
-0.000803662
-0.00979789
-0.000715649
-0.00979366
-0.000627138
-0.00978978
-0.000538212
-0.00978633
-0.000448951
-0.00978338
-0.000359426
-0.00978097
-0.000269706
-0.00977916
-0.000179854
-0.00977798
-8.99291e-05
-0.00977747
-0.00977761
-0.00235586
-0.00961238
-0.00232186
-0.00968342
-0.0022814
-0.00973327
-0.00223414
-0.00977759
-0.00218048
-0.00981271
-0.00212101
-0.00984123
-0.00205632
-0.00986365
-0.00198709
-0.00988086
-0.0019139
-0.00989365
-0.0018373
-0.00990274
-0.00175773
-0.00990877
-0.00167559
-0.00991229
-0.00159121
-0.00991379
-0.00150489
-0.00991368
-0.00141689
-0.00991231
-0.00132744
-0.00991
-0.00123672
-0.00990699
-0.0011449
-0.00990353
-0.00105215
-0.00989979
-0.000958588
-0.00989595
-0.000864341
-0.00989214
-0.000769514
-0.00988849
-0.000674201
-0.00988509
-0.000578491
-0.00988204
-0.000482463
-0.00987941
-0.000386191
-0.00987725
-0.000289744
-0.00987561
-0.000193186
-0.00987454
-9.65802e-05
-0.00987407
-0.00987419
-0.00254166
-0.00963939
-0.00250393
-0.00972114
-0.00245868
-0.00977852
-0.0024059
-0.00983037
-0.00234602
-0.00987258
-0.00227999
-0.00990725
-0.00220863
-0.00993501
-0.0021327
-0.00995679
-0.00205283
-0.00997352
-0.00196955
-0.00998602
-0.00188332
-0.009995
-0.00179452
-0.0100011
-0.00170349
-0.0100048
-0.00161052
-0.0100067
-0.00151586
-0.010007
-0.00141974
-0.0100061
-0.00132236
-0.0100044
-0.00122389
-0.010002
-0.00112447
-0.0099992
-0.00102426
-0.00999616
-0.00092337
-0.00999303
-0.000821909
-0.00998995
-0.000719977
-0.00998702
-0.000617664
-0.00998435
-0.000515051
-0.00998202
-0.000412213
-0.00998008
-0.000309222
-0.0099786
-0.000206143
-0.00997762
-0.000103044
-0.00997717
-0.00997723
-0.00272266
-0.0096702
-0.00268035
-0.00976346
-0.00262852
-0.00983034
-0.00256895
-0.00988995
-0.00250252
-0.00993901
-0.00243026
-0.00997952
-0.00235287
-0.0100124
-0.002271
-0.0100387
-0.00218521
-0.0100593
-0.00209598
-0.0100753
-0.00200373
-0.0100873
-0.00190884
-0.010096
-0.00181164
-0.010102
-0.00171244
-0.0101059
-0.0016115
-0.0101079
-0.00150905
-0.0101086
-0.00140529
-0.0101081
-0.00130042
-0.0101069
-0.00119459
-0.010105
-0.00108795
-0.0101028
-0.000980621
-0.0101004
-0.000872731
-0.0100978
-0.000764379
-0.0100954
-0.000655659
-0.0100931
-0.000546655
-0.010091
-0.000437447
-0.0100893
-0.000328107
-0.0100879
-0.000218703
-0.010087
-0.000109309
-0.0100866
-0.0100865
-0.00289222
-0.00970876
-0.00284173
-0.00981395
-0.00278248
-0.00988959
-0.00271706
-0.00995536
-0.00264579
-0.0100103
-0.00256908
-0.0100562
-0.0024873
-0.0100942
-0.0024009
-0.0101251
-0.00231034
-0.0101499
-0.00221611
-0.0101695
-0.00211863
-0.0101847
-0.00201831
-0.0101963
-0.0019155
-0.0102048
-0.00181053
-0.0102108
-0.00170369
-0.0102148
-0.00159524
-0.010217
-0.00148541
-0.010218
-0.0013744
-0.0102179
-0.00126239
-0.010217
-0.00114955
-0.0102156
-0.00103601
-0.0102139
-0.000921903
-0.0102119
-0.000807338
-0.0102099
-0.000692416
-0.010208
-0.000577227
-0.0102062
-0.000461853
-0.0102047
-0.00034637
-0.0102034
-0.000230849
-0.0102025
-0.000115367
-0.010202
-0.0102019
-0.0030489
-0.00976099
-0.0029917
-0.00987116
-0.00292818
-0.00995311
-0.00285938
-0.0100242
-0.00278489
-0.0100848
-0.00270472
-0.0101364
-0.00261905
-0.0101798
-0.00252831
-0.0102158
-0.00243304
-0.0102451
-0.00233378
-0.0102687
-0.00223103
-0.0102875
-0.00212522
-0.0103021
-0.00201677
-0.0103133
-0.00190603
-0.0103216
-0.00179333
-0.0103275
-0.00167894
-0.0103314
-0.00156312
-0.0103338
-0.00144609
-0.0103349
-0.00132805
-0.0103351
-0.00120916
-0.0103345
-0.00108958
-0.0103335
-0.000969438
-0.0103321
-0.000848851
-0.0103305
-0.000727923
-0.0103289
-0.000606751
-0.0103274
-0.000485417
-0.010326
-0.000364001
-0.0103248
-0.000242573
-0.010324
-0.000121213
-0.0103234
-0.0103231
-0.00318166
-0.00983426
-0.0031253
-0.00992751
-0.003061
-0.0100174
-0.00298916
-0.010096
-0.0029105
-0.0101634
-0.00282553
-0.0102214
-0.0027347
-0.0102707
-0.00263864
-0.0103119
-0.00253803
-0.0103457
-0.00243345
-0.0103733
-0.00232543
-0.0103955
-0.00221443
-0.0104131
-0.00210083
-0.0104269
-0.001985
-0.0104374
-0.00186725
-0.0104452
-0.00174785
-0.0104508
-0.00162704
-0.0104546
-0.00150505
-0.0104569
-0.00138205
-0.0104581
-0.00125822
-0.0104584
-0.0011337
-0.010458
-0.00100862
-0.0104572
-0.000883104
-0.010456
-0.000757252
-0.0104548
-0.000631161
-0.0104535
-0.000504918
-0.0104522
-0.000378604
-0.0104512
-0.00025229
-0.0104503
-0.000126049
-0.0104496
-0.0104492
0.00326631
-0.00962451
-0.00347606
0.00306228
-0.00972348
0.00286612
-0.00982125
0.00268286
-0.00991275
0.00251273
-0.00999331
0.00235276
-0.0100614
0.00220019
-0.0101181
0.00205398
-0.0101656
0.00191391
-0.0102057
0.00177993
-0.0102393
0.00165194
-0.0102675
0.00152979
-0.010291
0.00141328
-0.0103104
0.00130217
-0.0103263
0.00119619
-0.0103392
0.00109503
-0.0103497
0.000998381
-0.0103579
0.000905896
-0.0103644
0.00081724
-0.0103694
0.000732069
-0.0103732
0.000650044
-0.010376
0.00057083
-0.0103779
0.000494094
-0.0103793
0.000419514
-0.0103802
0.000346772
-0.0103807
0.000275557
-0.010381
0.000205564
-0.0103812
0.000136485
-0.0103812
6.80466e-05
-0.0103812
-0.0103811
0.00227766
-0.00953254
-0.00236963
0.00220906
-0.00965488
0.00214145
-0.00975364
0.00206372
-0.00983502
0.00197621
-0.00990579
0.00188262
-0.00996781
0.00178638
-0.0100219
0.00168946
-0.0100687
0.00159298
-0.0101092
0.00149772
-0.0101441
0.00140419
-0.010174
0.00131271
-0.0101995
0.00122349
-0.0102211
0.00113662
-0.0102394
0.00105213
-0.0102547
0.000969998
-0.0102675
0.000890177
-0.0102781
0.000812576
-0.0102868
0.000737081
-0.0102939
0.000663557
-0.0102997
0.000591857
-0.0103043
0.00052182
-0.0103079
0.000453275
-0.0103108
0.000386045
-0.010313
0.00031995
-0.0103146
0.000254801
-0.0103159
0.000190408
-0.0103168
0.000126579
-0.0103174
6.31128e-05
-0.0103177
-0.010318
0.0021705
-0.00954292
-0.00216012
0.00213196
-0.00961633
0.00206911
-0.00969079
0.00199454
-0.00976045
0.00191311
-0.00982437
0.00182752
-0.00988222
0.00173957
-0.00993391
0.0016505
-0.00997964
0.00156115
-0.0100199
0.00147214
-0.0100551
0.00138394
-0.0100858
0.00129695
-0.0101125
0.00121145
-0.0101356
0.00112764
-0.0101556
0.00104566
-0.0101728
0.00096556
-0.0101874
0.000887361
-0.0101999
0.000811032
-0.0102105
0.000736509
-0.0102194
0.000663705
-0.0102269
0.000592508
-0.0102331
0.00052279
-0.0102382
0.000454414
-0.0102424
0.000387229
-0.0102458
0.000321079
-0.0102485
0.000255803
-0.0102506
0.000191237
-0.0102522
0.000127215
-0.0102534
6.35723e-05
-0.0102541
-0.0102544
0.00154909
-0.00954006
-0.00155195
0.00154095
-0.00960819
0.0015251
-0.00967494
0.00150142
-0.00973677
0.00146968
-0.00979262
0.00143019
-0.00984274
0.00138404
-0.00988776
0.00133256
-0.00992816
0.00127701
-0.0099643
0.00121847
-0.00999652
0.00115781
-0.0100251
0.00109571
-0.0100504
0.00103273
-0.0100727
0.000969266
-0.0100921
0.000905651
-0.0101091
0.000842127
-0.0101239
0.000778875
-0.0101367
0.000716026
-0.0101476
0.000653671
-0.010157
0.000591864
-0.0101651
0.000530629
-0.0101718
0.000469967
-0.0101775
0.000409856
-0.0101823
0.000350261
-0.0101862
0.000291128
-0.0101894
0.000232395
-0.0101919
0.000173988
-0.0101938
0.000115829
-0.0101952
5.78277e-05
-0.0101961
-0.0101966
0.00143997
-0.00957515
-0.00140488
0.00145443
-0.00962265
0.00144993
-0.00967044
0.00143044
-0.00971729
0.00139998
-0.00976217
0.00136162
-0.00980438
0.00131742
-0.00984356
0.00126878
-0.00987952
0.00121674
-0.00991226
0.00116207
-0.00994186
0.00110542
-0.00996847
0.00104731
-0.0099923
0.00098819
-0.0100135
0.000928427
-0.0100324
0.00086833
-0.010049
0.000808143
-0.0100637
0.000748056
-0.0100766
0.000688211
-0.0100878
0.000628708
-0.0100975
0.000569612
-0.010106
0.000510962
-0.0101132
0.000452769
-0.0101193
0.000395027
-0.0101245
0.000337712
-0.0101289
0.000280787
-0.0101324
0.000224205
-0.0101353
0.000167911
-0.0101375
0.000111841
-0.0101391
5.59302e-05
-0.0101402
-0.0101407
0.00105318
-0.00959418
-0.00103415
0.00106541
-0.00963488
0.00107149
-0.00967652
0.00107129
-0.00971708
0.00106457
-0.00975545
0.00105139
-0.0097912
0.00103208
-0.00982425
0.00100724
-0.00985468
0.000977586
-0.0098826
0.00094384
-0.00990811
0.000906688
-0.00993132
0.000866735
-0.00995234
0.000824505
-0.0099713
0.000780441
-0.00998832
0.000734917
-0.0100035
0.000688248
-0.010017
0.000640696
-0.010029
0.000592476
-0.0100396
0.000543767
-0.0100488
0.000494712
-0.0100569
0.000445424
-0.0100639
0.000395991
-0.0100699
0.000346479
-0.010075
0.000296934
-0.0100793
0.000247389
-0.0100829
0.000197859
-0.0100858
0.000148352
-0.010088
9.88687e-05
-0.0100896
4.93978e-05
-0.0100907
-0.0100913
0.000965704
-0.00962925
-0.000930639
0.000989982
-0.00965915
0.00100296
-0.00968949
0.00100536
-0.00971948
0.000998706
-0.0097488
0.000984622
-0.00977711
0.000964511
-0.00980414
0.000939492
-0.00982966
0.000910435
-0.00985354
0.000878033
-0.00987571
0.000842849
-0.00989614
0.000805354
-0.00991485
0.000765945
-0.00993189
0.000724966
-0.00994734
0.000682714
-0.00996127
0.000639443
-0.00997378
0.000595372
-0.00998495
0.000550683
-0.00999489
0.000505529
-0.0100037
0.000460035
-0.0100114
0.000414301
-0.0100182
0.000368407
-0.010024
0.000322413
-0.010029
0.000276365
-0.0100333
0.000230295
-0.0100368
0.000184223
-0.0100397
0.000138163
-0.0100419
9.21175e-05
-0.0100436
4.60898e-05
-0.0100447
-0.0100452
0.000717135
-0.00965097
-0.000695415
0.000733558
-0.00967558
0.000745375
-0.00970131
0.000752861
-0.00972697
0.000755912
-0.00975185
0.000754399
-0.0097756
0.000748328
-0.00979807
0.000737855
-0.00981919
0.000723263
-0.00983895
0.000704913
-0.00985736
0.000683205
-0.00987443
0.000658543
-0.00989019
0.000631311
-0.00990466
0.000601862
-0.00991789
0.000570514
-0.00992992
0.000537549
-0.00994081
0.000503213
-0.00995062
0.000467723
-0.0099594
0.000431268
-0.00996723
0.00039401
-0.00997416
0.000356089
-0.00998024
0.000317626
-0.00998555
0.000278722
-0.00999013
0.000239466
-0.00999402
0.000199929
-0.00999728
0.000160175
-0.00999993
0.000120257
-0.010002
8.02209e-05
-0.0100036
4.01058e-05
-0.0100046
-0.0100051
0.000656702
-0.00967971
-0.000627961
0.000679192
-0.00969807
0.000694837
-0.00971695
0.000703681
-0.00973581
0.000706286
-0.00975446
0.000703406
-0.00977272
0.000695778
-0.00979044
0.00068405
-0.00980746
0.000668767
-0.00982367
0.000650379
-0.00983897
0.00062927
-0.00985332
0.000605773
-0.00986669
0.000580182
-0.00987907
0.000552763
-0.00989047
0.000523754
-0.00990091
0.000493371
-0.00991043
0.000461808
-0.00991905
0.000429235
-0.00992683
0.000395805
-0.0099338
0.000361652
-0.00994
0.000326894
-0.00994549
0.000291633
-0.00995029
0.000255958
-0.00995445
0.000219947
-0.00995801
0.000183666
-0.009961
0.000147174
-0.00996344
0.000110523
-0.00996537
7.37567e-05
-0.00996679
3.69197e-05
-0.00996774
-0.00996817
0.000497887
-0.00969935
-0.000478251
0.0005138
-0.00971398
0.000526333
-0.00972949
0.000535672
-0.00974515
0.000541796
-0.00976058
0.000544629
-0.00977556
0.000544144
-0.00978995
0.000540385
-0.0098037
0.000533469
-0.00981675
0.000523572
-0.00982908
0.000510907
-0.00984066
0.000495701
-0.00985148
0.000478188
-0.00986156
0.000458598
-0.00987088
0.000437151
-0.00987946
0.000414053
-0.00988733
0.000389497
-0.0098945
0.000363658
-0.00990099
0.000336699
-0.00990684
0.000308768
-0.00991207
0.000279997
-0.00991671
0.000250508
-0.0099208
0.000220409
-0.00992435
0.0001898
-0.0099274
0.000158771
-0.00992997
0.000127401
-0.00993207
9.5768e-05
-0.00993373
6.39411e-05
-0.00993497
3.1985e-05
-0.00993578
-0.00993618
0.000451828
-0.00972171
-0.000429465
0.000470398
-0.00973255
0.00048468
-0.00974377
0.00049456
-0.00975503
0.000500208
-0.00976623
0.000501946
-0.00977729
0.000500139
-0.00978815
0.000495147
-0.00979871
0.000487301
-0.00980891
0.000476893
-0.00981867
0.00046418
-0.00982794
0.000449391
-0.00983669
0.000432731
-0.0098449
0.000414388
-0.00985254
0.000394535
-0.00985961
0.000373331
-0.00986613
0.000350925
-0.00987209
0.000327454
-0.00987752
0.000303044
-0.00988243
0.000277812
-0.00988684
0.000251864
-0.00989077
0.000225299
-0.00989423
0.000198206
-0.00989726
0.000170669
-0.00989986
0.000142764
-0.00990206
0.000114561
-0.00990387
8.61253e-05
-0.0099053
5.75189e-05
-0.00990636
2.88022e-05
-0.00990706
-0.00990738
0.00034102
-0.00973706
-0.000325673
0.000353896
-0.00974543
0.000364483
-0.00975435
0.00037291
-0.00976346
0.00037919
-0.00977251
0.000383267
-0.00978137
0.00038508
-0.00978996
0.000384594
-0.00979822
0.000381815
-0.00980613
0.000376798
-0.00981365
0.000369638
-0.00982078
0.000360457
-0.00982751
0.000349394
-0.00983383
0.000336599
-0.00983974
0.00032222
-0.00984523
0.000306405
-0.00985031
0.000289293
-0.00985498
0.00027102
-0.00985925
0.000251711
-0.00986312
0.000231486
-0.00986661
0.000210455
-0.00986974
0.000188721
-0.0098725
0.000166381
-0.00987492
0.000143524
-0.00987701
0.000120237
-0.00987877
9.65966e-05
-0.00988023
7.26797e-05
-0.00988138
4.85582e-05
-0.00988224
2.43001e-05
-0.00988281
-0.00988308
0.000305882
-0.00975336
-0.000289576
0.000319798
-0.00975934
0.000330949
-0.00976551
0.000339204
-0.00977171
0.000344615
-0.00977792
0.000347336
-0.00978409
0.000347572
-0.0097902
0.000345542
-0.00979619
0.000341452
-0.00980204
0.000335488
-0.00980769
0.00032781
-0.00981311
0.000318562
-0.00981826
0.000307872
-0.00982314
0.000295857
-0.00982773
0.000282628
-0.009832
0.00026829
-0.00983597
0.000252946
-0.00983964
0.000236691
-0.00984299
0.000219617
-0.00984605
0.000201813
-0.00984881
0.000183362
-0.00985128
0.000164343
-0.00985348
0.000144831
-0.00985541
0.000124898
-0.00985707
0.000104609
-0.00985849
8.40312e-05
-0.00985965
6.32245e-05
-0.00986057
4.22483e-05
-0.00986126
2.11613e-05
-0.00986172
-0.00986192
0.000227721
-0.0097645
-0.000216587
0.000237273
-0.00976889
0.000245337
-0.00977357
0.000251964
-0.00977834
0.000257148
-0.0097831
0.000260849
-0.00978779
0.000263021
-0.00979237
0.000263629
-0.0097968
0.000262663
-0.00980107
0.000260139
-0.00980516
0.000256097
-0.00980906
0.000250601
-0.00981277
0.000243727
-0.00981627
0.00023556
-0.00981956
0.000226192
-0.00982264
0.000215718
-0.0098255
0.000204229
-0.00982815
0.000191817
-0.00983058
0.000178571
-0.0098328
0.000164578
-0.00983482
0.000149919
-0.00983663
0.000134673
-0.00983824
0.000118915
-0.00983965
0.000102718
-0.00984088
8.61489e-05
-0.00984192
6.92753e-05
-0.00984278
5.21605e-05
-0.00984346
3.48668e-05
-0.00984397
1.74536e-05
-0.00984431
-0.00984446
0.000200026
-0.0097755
-0.000189019
0.000209571
-0.00977844
0.00021745
-0.00978145
0.000223585
-0.00978448
0.000227982
-0.0097875
0.000230689
-0.0097905
0.000231779
-0.00979346
0.000231343
-0.00979636
0.000229477
-0.00979921
0.000226282
-0.00980197
0.000221851
-0.00980463
0.000216274
-0.00980719
0.000209637
-0.00980963
0.000202017
-0.00981194
0.000193489
-0.00981411
0.000184126
-0.00981614
0.000173995
-0.00981802
0.000163164
-0.00981975
0.000151696
-0.00982133
0.000139653
-0.00982277
0.000127097
-0.00982407
0.000114085
-0.00982522
0.000100674
-0.00982624
8.69189e-05
-0.00982712
7.28716e-05
-0.00982787
5.85838e-05
-0.00982849
4.41055e-05
-0.00982898
2.94851e-05
-0.00982935
1.47712e-05
-0.00982959
-0.00982969
0.000144608
-0.0097832
-0.000136912
0.000151216
-0.00978505
0.000156793
-0.00978702
0.00016137
-0.00978905
0.000164962
-0.00979109
0.000167574
-0.00979311
0.000169209
-0.00979509
0.000169864
-0.00979702
0.00016954
-0.00979888
0.00016824
-0.00980067
0.000165977
-0.00980237
0.000162775
-0.00980399
0.000158668
-0.00980552
0.000153696
-0.00980697
0.000147908
-0.00980832
0.000141356
-0.00980958
0.000134096
-0.00981076
0.000126184
-0.00981184
0.000117676
-0.00981283
0.000108629
-0.00981373
9.90986e-05
-0.00981454
8.91379e-05
-0.00981526
7.87997e-05
-0.0098159
6.8135e-05
-0.00981646
5.71935e-05
-0.00981693
4.60233e-05
-0.00981732
3.46716e-05
-0.00981763
2.31847e-05
-0.00981786
1.16076e-05
-0.00981802
-0.00981809
0.000117833
-0.00979
-0.000111031
0.000123805
-0.00979102
0.000128808
-0.00979203
0.000132798
-0.00979304
0.000135764
-0.00979406
0.000137718
-0.00979506
0.000138687
-0.00979606
0.000138717
-0.00979705
0.000137861
-0.00979803
0.000136178
-0.00979898
0.000133725
-0.00979992
0.000130559
-0.00980082
0.000126729
-0.00980169
0.000122285
-0.00980252
0.000117272
-0.00980331
0.000111732
-0.00980404
0.000105706
-0.00980473
9.92335e-05
-0.00980536
9.23533e-05
-0.00980595
8.5103e-05
-0.00980648
7.75196e-05
-0.00980696
6.96391e-05
-0.00980738
6.14969e-05
-0.00980776
5.31277e-05
-0.00980809
4.45654e-05
-0.00980837
3.58435e-05
-0.0098086
2.69945e-05
-0.00980878
1.80505e-05
-0.00980892
9.04368e-06
-0.00980901
-0.00980904
7.42415e-05
-0.00979387
-7.03707e-05
7.7618e-05
-0.0097944
8.05293e-05
-0.00979494
8.2981e-05
-0.0097955
8.49765e-05
-0.00979605
8.65107e-05
-0.0097966
8.75719e-05
-0.00979712
8.81447e-05
-0.00979762
8.82145e-05
-0.00979809
8.7772e-05
-0.00979854
8.6815e-05
-0.00979896
8.53491e-05
-0.00979936
8.33871e-05
-0.00979973
8.09478e-05
-0.00980008
7.80546e-05
-0.00980041
7.47342e-05
-0.00980072
7.10153e-05
-0.00980101
6.69279e-05
-0.00980128
6.25028e-05
-0.00980152
5.77704e-05
-0.00980174
5.27614e-05
-0.00980195
4.75057e-05
-0.00980213
4.20327e-05
-0.00980229
3.63713e-05
-0.00980243
3.05497e-05
-0.00980254
2.45956e-05
-0.00980264
1.85361e-05
-0.00980272
1.2398e-05
-0.00980278
6.20764e-06
-0.00980282
-0.00980283
5.06794e-05
-0.0097971
-4.74479e-05
5.3484e-05
-0.0097972
5.5788e-05
-0.00979724
5.75592e-05
-0.00979727
5.88011e-05
-0.0097973
5.95414e-05
-0.00979734
5.98193e-05
-0.0097974
5.96778e-05
-0.00979748
5.91583e-05
-0.00979758
5.82973e-05
-0.00979768
5.71261e-05
-0.00979779
5.56707e-05
-0.0097979
5.39535e-05
-0.00979801
5.19937e-05
-0.00979812
4.98089e-05
-0.00979823
4.7415e-05
-0.00979833
4.48273e-05
-0.00979842
4.20603e-05
-0.00979851
3.91285e-05
-0.00979859
3.6046e-05
-0.00979866
3.28271e-05
-0.00979873
2.94856e-05
-0.00979879
2.60357e-05
-0.00979884
2.24912e-05
-0.00979888
1.88658e-05
-0.00979892
1.51733e-05
-0.00979895
1.14273e-05
-0.00979897
7.64114e-06
-0.00979899
3.82837e-06
-0.00979901
-0.00979901
1.19522e-05
-1.12569e-05
1.25502e-05
1.31062e-05
1.36386e-05
1.41425e-05
1.46027e-05
1.50006e-05
1.53188e-05
1.55427e-05
1.56623e-05
1.56716e-05
1.55684e-05
1.5353e-05
1.50281e-05
1.4598e-05
1.4068e-05
1.34444e-05
1.2734e-05
1.19439e-05
1.10814e-05
1.01535e-05
9.16752e-06
8.13043e-06
7.04906e-06
5.93009e-06
4.78003e-06
3.60521e-06
2.41185e-06
1.20592e-06
-0.00366832
-0.00326853
-0.00382525
-0.00221271
-0.00397161
-0.00201377
-0.00410368
-0.00141987
-0.00422279
-0.00128577
-0.00433111
-0.000925835
-0.00442979
-0.000831959
-0.00451984
-0.000605364
-0.00460343
-0.000544369
-0.00468163
-0.000400052
-0.00475581
-0.000355286
-0.0048259
-0.000255584
-0.00489319
-0.000222283
-0.00495742
-0.000152357
-0.00501958
-0.00012686
-0.00507977
-7.67217e-05
-0.00513813
-5.2671e-05
-0.00519469
-1.38149e-05
-0.00524987
7.73675e-06
4.21729e-05
-0.00380746
-0.00306589
-0.00395929
-0.00206088
-0.00410257
-0.00187049
-0.00422633
-0.00129611
-0.00433869
-0.00117341
-0.00443894
-0.00082559
-0.00453007
-0.000740831
-0.00461236
-0.000523072
-0.00468841
-0.000468322
-0.004759
-0.000329461
-0.00482552
-0.000288762
-0.00488796
-0.000193142
-0.00494754
-0.000162709
-0.00500407
-9.5824e-05
-0.0050585
-7.24322e-05
-0.00511094
-2.42808e-05
-0.00516146
-2.15071e-06
-0.0052103
3.50268e-05
-0.00525769
5.51245e-05
8.77841e-05
-0.00394705
-0.00286986
-0.00409273
-0.0019152
-0.00423161
-0.0017316
-0.0043473
-0.00118042
-0.00445297
-0.00106773
-0.00454508
-0.000733489
-0.00462871
-0.000657201
-0.00470303
-0.000448746
-0.00477157
-0.000399782
-0.00483441
-0.000266623
-0.00489339
-0.000229784
-0.00494818
-0.000138351
-0.00500023
-0.000110658
-0.00504918
-4.68778e-05
-0.00509606
-2.55482e-05
-0.00514092
2.05779e-05
-0.00518408
4.10068e-05
-0.00522532
7.62672e-05
-0.00526519
9.50029e-05
0.00012589
-0.0040816
-0.00267756
-0.00422113
-0.00177567
-0.00435522
-0.00159751
-0.004463
-0.00107264
-0.0045622
-0.00096853
-0.00464637
-0.000649316
-0.00472289
-0.000580688
-0.00478956
-0.00038207
-0.00485097
-0.000338374
-0.00490638
-0.000211215
-0.00495817
-0.000177994
-0.00500565
-9.08723e-05
-0.00505054
-6.57648e-05
-0.0050921
-5.31855e-06
-0.00513192
1.42731e-05
-0.00516963
5.8283e-05
-0.00520556
7.69423e-05
-0.00523964
0.000110345
-0.00527235
0.000127718
0.000156836
-0.00420932
-0.00248967
-0.00434341
-0.00164158
-0.00447256
-0.00146836
-0.0045729
-0.000972304
-0.00466593
-0.000875497
-0.00474255
-0.000572701
-0.00481233
-0.000510903
-0.00487173
-0.000322669
-0.00492639
-0.000283715
-0.00497473
-0.000162877
-0.0050197
-0.000133021
-0.00506025
-5.03213e-05
-0.00509814
-2.78772e-05
-0.00513303
2.95737e-05
-0.00516609
4.73292e-05
-0.00519685
8.90393e-05
-0.00522598
0.000106073
-0.00525323
0.0001376
-0.00527915
0.000153642
0.000180983
-0.00433002
-0.00230572
-0.00445923
-0.00151237
-0.00458339
-0.00134421
-0.00467683
-0.000878865
-0.00476397
-0.000788348
-0.00483345
-0.000503224
-0.00489691
-0.000447448
-0.00494943
-0.000270149
-0.00499773
-0.000235414
-0.00503938
-0.000121229
-0.00507793
-9.44704e-05
-0.00511185
-1.64002e-05
-0.00514325
3.52665e-06
-0.00517167
5.79914e-05
-0.00519834
7.40012e-05
-0.00522259
0.000113291
-0.00524529
0.000128765
-0.00526608
0.000158395
-0.00528558
0.000173143
0.000198702
-0.00444342
-0.00212547
-0.00456827
-0.00138752
-0.00468745
-0.00122503
-0.00477456
-0.000791754
-0.00485611
-0.000706806
-0.00491891
-0.000440416
-0.00497643
-0.000389928
-0.00502249
-0.000224088
-0.00506483
-0.000193078
-0.00510018
-8.58813e-05
-0.00513261
-6.20367e-05
-0.00516021
1.11977e-05
-0.00518595
2.92712e-05
-0.00520805
8.00923e-05
-0.00522866
9.46058e-05
-0.00524681
0.000131438
-0.00526345
0.000145409
-0.00527817
0.000173114
-0.00529163
0.000186603
0.000210375
-0.00454931
-0.00194861
-0.00467024
-0.00126659
-0.00478458
-0.0011107
-0.00486594
-0.000710392
-0.00494215
-0.000630589
-0.00499879
-0.000383778
-0.00505077
-0.000337952
-0.00509082
-0.000184038
-0.00512759
-0.000156309
-0.00515703
-5.64402e-05
-0.00518369
-3.53704e-05
-0.00520575
3.3251e-05
-0.0052257
4.92193e-05
-0.00524211
9.65073e-05
-0.00525704
0.000109536
-0.00526945
0.000143848
-0.00528044
0.000156399
-0.00528947
0.000182147
-0.00529728
0.000194411
0.000216393
-0.00464754
-0.00177487
-0.00476494
-0.00114919
-0.00487462
-0.00100102
-0.00495079
-0.000634213
-0.00502198
-0.000559403
-0.00507297
-0.000332789
-0.00511979
-0.000291132
-0.00515429
-0.000149535
-0.0051859
-0.000124704
-0.00520984
-3.24936e-05
-0.00523132
-1.38922e-05
-0.00524792
4.9847e-05
-0.00526268
6.39825e-05
-0.00527373
0.000107558
-0.00528342
0.000119223
-0.0052905
0.000150928
-0.00529623
0.000162136
-0.00529998
0.000185893
-0.00530254
0.000196968
0.000217155
-0.00473794
-0.00160397
-0.00485216
-0.00103498
-0.00495746
-0.000895715
-0.00502899
-0.000562676
-0.00509547
-0.000492928
-0.00514134
-0.000286922
-0.00518339
-0.000249083
-0.00521282
-0.000120101
-0.00523967
-9.78532e-05
-0.00525862
-1.35426e-05
-0.0052752
2.68909e-06
-0.00528689
6.15374e-05
-0.00529678
7.38721e-05
-0.00530291
0.000113681
-0.00530775
0.000124062
-0.00530991
0.00015309
-0.0053108
0.000163029
-0.00530967
0.000184761
-0.00530739
0.000194683
0.000213071
-0.0048204
-0.00143568
-0.00493176
-0.000923623
-0.005033
-0.00079447
-0.00510041
-0.000495266
-0.00516253
-0.000430816
-0.0052038
-0.000245649
-0.00524147
-0.000211409
-0.00526632
-9.5253e-05
-0.00528888
-7.52949e-05
-0.00530285
4.31381e-07
-0.00531557
1.54088e-05
-0.00532255
6.85116e-05
-0.00532795
7.92787e-05
-0.00532958
0.00011531
-0.00532999
0.000124468
-0.00532765
0.000150756
-0.00532412
0.000159496
-0.00531853
0.000179167
-0.00531182
0.000187974
0.000204555
-0.0048948
-0.00126977
-0.00500361
-0.000814813
-0.00510117
-0.000696911
-0.00516494
-0.000431495
-0.00522306
-0.000372692
-0.00526025
-0.000208457
-0.00529395
-0.000177719
-0.0053147
-7.44983e-05
-0.00533298
-5.70198e-05
-0.0053435
1.09551e-05
-0.00535191
2.38184e-05
-0.00535478
7.13799e-05
-0.00535616
8.06651e-05
-0.00535371
0.000112861
-0.00535011
0.000120863
-0.0053437
0.000144352
-0.00533617
0.00015196
-0.00532654
0.000169535
-0.00531583
0.000177263
0.00019203
-0.00496105
-0.001106
-0.00506762
-0.000708243
-0.00516188
-0.000602646
-0.00522248
-0.000370897
-0.00527702
-0.000318154
-0.00531064
-0.000174836
-0.00534076
-0.000147595
-0.00535787
-5.73935e-05
-0.00537274
-4.21505e-05
-0.00537937
1.75874e-05
-0.0053844
2.88502e-05
-0.00538354
7.05223e-05
-0.00538135
7.84745e-05
-0.00537526
0.000106772
-0.00536807
0.000113672
-0.00535804
0.000134315
-0.00534693
0.000140849
-0.00533369
0.000156298
-0.00531941
0.00016298
0.000175924
-0.00501907
-0.000944176
-0.0051237
-0.000603608
-0.00521509
-0.000511262
-0.00527296
-0.000313027
-0.00532433
-0.000266781
-0.00535487
-0.000144295
-0.00538186
-0.00012061
-0.0053958
-4.34475e-05
-0.00540756
-3.03972e-05
-0.00541106
2.10868e-05
-0.00541289
3.06859e-05
-0.00540882
6.64449e-05
-0.00540348
7.3143e-05
-0.0053942
9.74872e-05
-0.00538386
0.000103331
-0.00537063
0.000121087
-0.00535638
0.000126599
-0.00533997
0.000139892
-0.00532255
0.000145559
0.000156673
-0.00506881
-0.000784051
-0.00517182
-0.000500606
-0.00526074
-0.000422337
-0.00531631
-0.000257453
-0.00536496
-0.000218134
-0.0053929
-0.000116357
-0.00541717
-9.63332e-05
-0.00542845
-3.21769e-05
-0.00543756
-2.12803e-05
-0.00543828
2.1809e-05
-0.0054374
2.98031e-05
-0.00543055
5.95955e-05
-0.00542252
6.51093e-05
-0.00541048
8.54536e-05
-0.00539743
9.0278e-05
-0.00538146
0.000105116
-0.00536451
0.000109647
-0.00534538
0.000120761
-0.00532526
0.00012544
0.000134716
-0.00511025
-0.000625393
-0.00521192
-0.000398941
-0.00529881
-0.00033545
-0.0053525
-0.000203764
-0.00539887
-0.000171764
-0.00542466
-9.0562e-05
-0.00544667
-7.43239e-05
-0.00545573
-2.31202e-05
-0.00546264
-1.43675e-05
-0.00546106
2.02258e-05
-0.00545788
2.66227e-05
-0.00544872
5.04412e-05
-0.00543843
5.48149e-05
-0.0054241
7.11245e-05
-0.00540878
7.49568e-05
-0.00539051
8.68512e-05
-0.0053713
9.04372e-05
-0.00534989
9.93517e-05
-0.00532752
0.000103067
0.000110497
-0.00514338
-0.000467946
-0.005244
-0.000298325
-0.00532927
-0.000250178
-0.00538147
-0.000151558
-0.00542602
-0.000127218
-0.00545012
-6.64618e-05
-0.00547031
-5.41362e-05
-0.00547761
-1.58185e-05
-0.00548275
-9.22319e-06
-0.00547932
1.67917e-05
-0.00547429
2.15947e-05
-0.00546329
3.94431e-05
-0.00545118
4.27055e-05
-0.00543501
5.49558e-05
-0.00541787
5.78154e-05
-0.00539777
6.67494e-05
-0.00537675
6.94167e-05
-0.00535352
7.61158e-05
-0.00532933
7.88857e-05
8.44637e-05
-0.0051682
-0.000311434
-0.00526804
-0.00019848
-0.00535211
-0.000166107
-0.00540323
-0.000100446
-0.0054464
-8.40419e-05
-0.00546925
-4.36176e-05
-0.00548806
-3.5323e-05
-0.00549405
-9.82397e-06
-0.00549787
-5.40832e-06
-0.00549304
1.19674e-05
-0.00548662
1.51736e-05
-0.00547424
2.70629e-05
-0.00546077
2.92308e-05
-0.00544322
3.74054e-05
-0.00542471
3.93054e-05
-0.00540323
4.52673e-05
-0.00538084
4.70351e-05
-0.00535624
5.15074e-05
-0.0053307
5.33462e-05
5.70675e-05
-0.00518473
-0.000155556
-0.00528409
-9.9124e-05
-0.00536735
-8.28467e-05
-0.00541775
-5.0047e-05
-0.00546
-4.17888e-05
-0.00548201
-2.16027e-05
-0.00549991
-1.74305e-05
-0.00550503
-4.69605e-06
-0.00550796
-2.48184e-06
-0.00550221
6.21568e-06
-0.00549486
7.82032e-06
-0.00548155
1.37616e-05
-0.00546717
1.48438e-05
-0.0054487
1.89333e-05
-0.00542927
1.98814e-05
-0.00540687
2.2864e-05
-0.00538358
2.37449e-05
-0.00535805
2.59829e-05
-0.00533161
2.69e-05
2.87614e-05
-0.00519299
-0.00529212
-0.00537496
-0.00542501
-0.0054668
-0.0054884
-0.00550583
-0.00551053
-0.00551301
-0.00550679
-0.00549897
-0.00548521
-0.00547037
-0.00545144
-0.00543155
-0.00540869
-0.00538495
-0.00535896
-0.00533206
)
;

boundaryField
{
    inlet
    {
        type            calculated;
        value           nonuniform List<scalar> 
50
(
-0.0097978
-0.0097978
-0.0097978
-0.0097978
-0.0097978
-0.0097978
-0.0097978
-0.0097978
-0.0097978
-0.0097978
-0.0097978
-0.0097978
-0.0097978
-0.0097978
-0.0097978
-0.0097978
-0.0097978
-0.0097978
-0.0097978
-0.0097978
-0.0097978
-0.0097978
-0.0097978
-0.0097978
-0.0097978
-0.0097978
-0.0097978
-0.0097978
-0.0097978
-0.0097978
-0.0053033
-0.0053033
-0.0053033
-0.0053033
-0.0053033
-0.0053033
-0.0053033
-0.0053033
-0.0053033
-0.0053033
-0.0053033
-0.0053033
-0.0053033
-0.0053033
-0.0053033
-0.0053033
-0.0053033
-0.0053033
-0.0053033
-0.0053033
)
;
    }
    outlet
    {
        type            calculated;
        value           nonuniform 0();
    }
    cylinder
    {
        type            calculated;
        value           uniform 0;
    }
    top
    {
        type            symmetryPlane;
        value           uniform 0;
    }
    bottom
    {
        type            symmetryPlane;
        value           nonuniform 0();
    }
    defaultFaces
    {
        type            empty;
        value           nonuniform 0();
    }
    procBoundary2to0
    {
        type            processor;
        value           nonuniform List<scalar> 
53
(
-3.60916e-11
-6.29288e-11
-6.26541e-11
-4.92709e-11
-2.92861e-11
-2.6134e-12
3.04187e-11
6.96516e-11
1.13568e-10
1.62774e-10
2.16128e-10
2.69408e-10
3.20505e-10
3.67865e-10
4.02803e-10
-6.68364e-12
-9.55383e-12
-9.68867e-12
-9.36759e-12
-8.75703e-12
-8.3547e-12
-8.11691e-12
-7.71909e-12
-7.17328e-12
-6.67654e-12
-6.19543e-12
-5.76853e-12
-5.37301e-12
-5.03604e-12
-4.71172e-12
4.42478e-10
4.02583e-10
3.2959e-10
-7.94345e-12
-6.88003e-12
-8.03826e-12
-7.61086e-12
-6.09984e-12
-8.13246e-12
-8.30874e-12
-7.76908e-12
-9.16266e-12
-8.45274e-12
-9.31951e-12
-8.45909e-12
-8.62326e-12
-7.99737e-12
-6.75714e-12
-5.09259e-12
-5.4822e-12
-4.04267e-12
-2.24658e-12
-1.08533e-12
)
;
    }
    procBoundary2to3
    {
        type            processor;
        value           nonuniform List<scalar> 
54
(
-0.00245742
-0.00216931
-0.00164364
-0.000955478
-0.000174842
0.00198589
0.000883826
0.00161193
0.00230222
0.00293979
0.00351689
0.00402773
0.003218
0.00441979
0.00471646
0.00492975
0.00506335
0.00303263
0.0049393
0.00492854
0.00487355
0.00478448
0.0024531
0.00451924
0.0120895
0.0120149
0.0119299
0.0118407
0.0117545
0.0116729
0.0115969
0.0115268
0.0114624
0.0114032
0.0113485
0.011298
0.0112514
0.0112084
0.0111688
0.0111324
0.0110992
0.0110688
0.0110413
0.0110165
0.0109943
0.0109745
0.0109572
0.0109422
0.0109294
0.0109189
0.0109105
0.0109042
0.0109
0.0108979
)
;
    }
}


// ************************************************************************* //
