/*--------------------------------*- C++ -*----------------------------------*\
  =========                 |
  \\      /  F ield         | OpenFOAM: The Open Source CFD Toolbox
   \\    /   O peration     | Website:  https://openfoam.org
    \\  /    A nd           | Version:  7
     \\/     M anipulation  |
\*---------------------------------------------------------------------------*/
FoamFile
{
    version     2.0;
    format      ascii;
    class       surfaceScalarField;
    location    "30";
    object      phi;
}
// * * * * * * * * * * * * * * * * * * * * * * * * * * * * * * * * * * * * * //

dimensions      [0 3 -1 0 0 0 0];

internalField   nonuniform List<scalar> 
7273
(
0.00053147
0.0122124
-0.00046755
0.000562947
0.0125974
0.000572406
0.012724
0.000570227
0.0127326
0.000562116
0.0126949
0.00055049
0.0126403
0.000536367
0.0125803
0.000520303
0.0125199
0.00050268
0.0124617
0.000483772
0.0124066
0.000463771
0.0123547
0.00044282
0.0123058
0.000421043
0.0122596
0.000398552
0.012216
0.000375453
0.0121748
0.000351843
0.0121361
0.000327812
0.0120999
0.000303435
0.0120662
0.00027878
0.012035
0.000253902
0.0120064
0.00022885
0.0119804
0.000203661
0.011957
0.000178369
0.0119361
0.000152998
0.0119179
0.000127569
0.0119022
0.000102098
0.0118892
7.65971e-05
0.0118787
5.10732e-05
0.0118709
2.55353e-05
0.0118657
0.0118632
0.000445787
0.0121489
-0.000382335
0.000479897
0.0125633
0.000492976
0.012711
0.000494363
0.0127312
0.000489686
0.0126996
0.000481482
0.0126485
0.000470813
0.012591
0.000458212
0.0125326
0.000444032
0.0124759
0.000428527
0.0124221
0.000411877
0.0123714
0.00039422
0.0123235
0.000375673
0.0122782
0.000356345
0.0122353
0.000336338
0.0121948
0.000315747
0.0121567
0.000294659
0.012121
0.000273153
0.0120877
0.000251296
0.0120569
0.00022915
0.0120286
0.000206764
0.0120028
0.000184184
0.0119795
0.000161446
0.0119589
0.000138582
0.0119407
0.000115619
0.0119252
9.25797e-05
0.0119122
6.9482e-05
0.0119018
4.63409e-05
0.011894
2.31726e-05
0.0118889
0.0118863
0.000363992
0.0120865
-0.000301605
0.000400261
0.0125271
0.000416641
0.0126946
0.000421374
0.0127265
0.00041992
0.012701
0.000414909
0.0126535
0.000407449
0.0125984
0.000398071
0.0125419
0.00038711
0.0124869
0.000374801
0.0124344
0.000361317
0.0123848
0.000346786
0.012338
0.000331318
0.0122936
0.000315015
0.0122516
0.000297975
0.0122119
0.000280291
0.0121744
0.000262049
0.0121392
0.000243327
0.0121064
0.000224194
0.012076
0.000204713
0.0120481
0.000184939
0.0120226
0.000164918
0.0119996
0.000144694
0.0119791
0.000124302
0.0119611
0.000103775
0.0119457
8.31407e-05
0.0119329
6.2424e-05
0.0119226
4.16458e-05
0.0119148
2.08285e-05
0.0119097
0.0119072
0.000285808
0.0120258
-0.000225055
0.000323895
0.012489
0.000343267
0.0126752
0.000351093
0.0127187
0.00035269
0.0126994
0.000350709
0.0126555
0.000346275
0.0126029
0.000339922
0.0125483
0.00033198
0.0124948
0.000322679
0.0124437
0.000312184
0.0123953
0.000300614
0.0123496
0.000288074
0.0123062
0.000274659
0.012265
0.000260463
0.0122261
0.000245574
0.0121893
0.000230077
0.0121547
0.000214048
0.0121225
0.000197559
0.0120925
0.000180673
0.0120649
0.000163447
0.0120398
0.000145931
0.0120171
0.000128171
0.0119968
0.000110208
0.0119791
9.20789e-05
0.0119638
7.38161e-05
0.0119511
5.54493e-05
0.0119409
3.70052e-05
0.0119333
1.85115e-05
0.0119282
0.0119257
0.000211268
0.0119671
-0.000152567
0.000250864
0.0124494
0.000272734
0.0126533
0.000283355
0.012708
0.00028788
0.0126949
0.000288798
0.0126546
0.000287228
0.0126044
0.000283728
0.0125518
0.000278636
0.0124999
0.000272178
0.0124502
0.000264512
0.012403
0.000255753
0.0123583
0.000245998
0.0123159
0.00023534
0.0122757
0.000223866
0.0122375
0.000211661
0.0122015
0.000198808
0.0121676
0.000185383
0.0121359
0.000171455
0.0121064
0.000157089
0.0120793
0.000142344
0.0120545
0.000127273
0.0120321
0.000111924
0.0120122
9.63414e-05
0.0119947
8.05655e-05
0.0119796
6.46332e-05
0.011967
4.85785e-05
0.011957
3.24327e-05
0.0119494
1.62282e-05
0.0119444
0.0119419
0.000140299
0.01191
-8.32415e-05
0.000181108
0.0124086
0.000204861
0.0126296
0.000218162
0.0126947
0.000225483
0.0126876
0.000229125
0.0126509
0.000230247
0.0126033
0.000229443
0.0125526
0.000227051
0.0125023
0.000223289
0.0124539
0.000218308
0.012408
0.00021222
0.0123644
0.00020512
0.012323
0.000197094
0.0122837
0.000188226
0.0122464
0.000178599
0.0122111
0.000168291
0.0121779
0.000157378
0.0121468
0.000145929
0.0121179
0.000134008
0.0120912
0.000121675
0.0120669
0.000108985
0.0120448
9.59892e-05
0.0120252
8.27335e-05
0.0120079
6.92618e-05
0.0119931
5.56142e-05
0.0119807
4.18283e-05
0.0119708
2.79395e-05
0.0119633
1.3984e-05
0.0119583
0.0119559
7.36755e-05
0.0118542
-1.78669e-05
0.000114421
0.0123678
0.000139575
0.0126044
0.000155577
0.0126787
0.000165496
0.0126777
0.000171652
0.0126448
0.000175296
0.0125997
0.000177039
0.0125508
0.000177207
0.0125021
0.000176003
0.0124551
0.000173573
0.0124104
0.000170028
0.012368
0.000165459
0.0123276
0.000159948
0.0122892
0.000153576
0.0122528
0.000146423
0.0122183
0.000138564
0.0121857
0.000130073
0.0121553
0.000121019
0.0121269
0.000111466
0.0121008
0.000101475
0.0120769
9.11012e-05
0.0120552
8.03971e-05
0.0120359
6.94118e-05
0.0120189
5.8191e-05
0.0120043
4.67779e-05
0.0119921
3.5213e-05
0.0119823
2.35352e-05
0.011975
1.1784e-05
0.0119701
0.0119677
1.23536e-05
0.0118006
4.13132e-05
5.04757e-05
0.0123297
7.75475e-05
0.0125774
9.57492e-05
0.0126605
0.000107873
0.0126655
0.000116329
0.0126363
0.000122351
0.0125936
0.000126507
0.0125467
0.000129096
0.0124995
0.000130316
0.0124539
0.00013031
0.0124104
0.000129185
0.0123691
0.00012703
0.0123298
0.000123923
0.0122923
0.000119941
0.0122568
0.000115162
0.012223
0.000109658
0.0121913
0.000103501
0.0121614
9.67596e-05
0.0121337
8.94976e-05
0.012108
8.17753e-05
0.0120846
7.36496e-05
0.0120633
6.51741e-05
0.0120444
5.63993e-05
0.0120277
4.73731e-05
0.0120133
3.81407e-05
0.0120013
2.87452e-05
0.0119917
1.92283e-05
0.0119845
9.6322e-06
0.0119797
0.0119773
-4.95647e-05
0.0117517
9.8467e-05
-1.08397e-05
0.012291
1.87619e-05
0.0125478
3.84359e-05
0.0126409
5.24949e-05
0.0126515
6.31279e-05
0.0126257
7.14033e-05
0.0125854
7.78324e-05
0.0125403
8.27081e-05
0.0124947
8.62248e-05
0.0124504
8.8521e-05
0.0124081
8.97001e-05
0.0123679
8.98463e-05
0.0123296
8.90357e-05
0.0122931
8.73421e-05
0.0122585
8.48387e-05
0.0122255
8.15973e-05
0.0121945
7.76877e-05
0.0121653
7.31767e-05
0.0121382
6.81277e-05
0.0121131
6.26013e-05
0.0120901
5.66548e-05
0.0120693
5.03424e-05
0.0120507
4.3716e-05
0.0120343
3.68249e-05
0.0120202
2.97163e-05
0.0120085
2.24353e-05
0.011999
1.50258e-05
0.0119919
7.53243e-06
0.0119872
0.0119848
-0.000107587
0.0117054
0.000153792
-6.79224e-05
0.0122513
-3.84652e-05
0.0125183
-1.69095e-05
0.0126193
-7.25171e-07
0.0126353
1.20279e-05
0.0126129
2.24185e-05
0.012575
3.09871e-05
0.0125317
3.80254e-05
0.0124876
4.37206e-05
0.0124447
4.82039e-05
0.0124036
5.15756e-05
0.0123645
5.39162e-05
0.0123273
5.52985e-05
0.0122918
5.57936e-05
0.012258
5.5472e-05
0.0122259
5.44028e-05
0.0121956
5.2654e-05
0.0121671
5.02915e-05
0.0121406
4.7378e-05
0.012116
4.39738e-05
0.0120935
4.01361e-05
0.0120731
3.59199e-05
0.0120549
3.13779e-05
0.0120389
2.65606e-05
0.012025
2.15164e-05
0.0120135
1.62922e-05
0.0120042
1.09339e-05
0.0119973
5.48766e-06
0.0119926
0.0119903
-0.000162567
0.0116616
0.0002064
-0.000123657
0.0122124
-9.32081e-05
0.0124879
-6.9985e-05
0.0125961
-5.18714e-05
0.0126172
-3.71068e-05
0.0125982
-2.46832e-05
0.0125626
-1.40721e-05
0.0125211
-4.97833e-06
0.0124785
2.78504e-06
0.0124369
9.34941e-06
0.0123971
1.48086e-05
0.0123591
1.92409e-05
0.0123228
2.27167e-05
0.0122883
2.53046e-05
0.0122554
2.70729e-05
0.0122241
2.80872e-05
0.0121945
2.84147e-05
0.0121668
2.81199e-05
0.0121409
2.72646e-05
0.0121169
2.59085e-05
0.0120949
2.41088e-05
0.0120749
2.19209e-05
0.0120571
1.93978e-05
0.0120414
1.6591e-05
0.0120279
1.35501e-05
0.0120165
1.0323e-05
0.0120075
6.95718e-06
0.0120006
3.50028e-06
0.0119961
0.0119938
-0.000215096
0.0116203
0.000256424
-0.000176813
0.0121741
-0.00014545
0.0124565
-0.000120766
0.0125714
-0.000100893
0.0125973
-8.42621e-05
0.0125815
-6.99263e-05
0.0125482
-5.7377e-05
0.0125085
-4.63272e-05
0.0124675
-3.65945e-05
0.0124272
-2.80531e-05
0.0123885
-2.06077e-05
0.0123516
-1.41823e-05
0.0123164
-8.70902e-06
0.0122828
-4.12234e-06
0.0122508
-3.57174e-07
0.0122203
2.65558e-06
0.0121915
4.978e-06
0.0121644
6.67179e-06
0.0121392
7.79822e-06
0.0121157
8.41652e-06
0.0120942
8.58388e-06
0.0120748
8.35562e-06
0.0120573
7.78525e-06
0.0120419
6.92466e-06
0.0120287
5.82423e-06
0.0120176
4.53299e-06
0.0120087
3.09938e-06
0.0120021
1.57217e-06
0.0119976
0.0119954
-0.000265143
0.0115814
0.000304077
-0.000227377
0.0121363
-0.000195394
0.0124245
-0.000169365
0.0125454
-0.000147852
0.0125758
-0.000129469
0.0125632
-0.000113332
0.0125321
-9.89505e-05
0.0124941
-8.60472e-05
0.0124546
-7.44456e-05
0.0124156
-6.40225e-05
0.0123781
-5.46857e-05
0.0123423
-4.63605e-05
0.0123081
-3.89804e-05
0.0122754
-3.24816e-05
0.0122443
-2.68005e-05
0.0122147
-2.18754e-05
0.0121866
-1.7643e-05
0.0121602
-1.40412e-05
0.0121356
-1.10102e-05
0.0121127
-8.49166e-06
0.0120917
-6.42895e-06
0.0120727
-4.76692e-06
0.0120556
-3.45195e-06
0.0120406
-2.43184e-06
0.0120277
-1.6557e-06
0.0120169
-1.07379e-06
0.0120082
-6.36805e-07
0.0120016
-2.95226e-07
0.0119973
0.0119951
-0.000312733
0.0115446
0.00034947
-0.000275571
0.0120992
-0.000243077
0.012392
-0.000215835
0.0125181
-0.000192797
0.0125528
-0.000172768
0.0125431
-0.000154931
0.0125142
-0.000138818
0.012478
-0.000124159
0.0124399
-0.000110785
0.0124022
-9.85746e-05
0.0123659
-8.74387e-05
0.0123312
-7.73043e-05
0.012298
-6.81066e-05
0.0122662
-5.97838e-05
0.012236
-5.22748e-05
0.0122071
-4.55182e-05
0.0121799
-3.94532e-05
0.0121542
-3.40197e-05
0.0121301
-2.91585e-05
0.0121078
-2.48122e-05
0.0120874
-2.09246e-05
0.0120688
-1.74409e-05
0.0120522
-1.43076e-05
0.0120375
-1.14724e-05
0.0120249
-8.88417e-06
0.0120143
-6.49271e-06
0.0120058
-4.24821e-06
0.0119994
-2.10056e-06
0.0119951
0.011993
-0.000357981
0.0115099
0.000392688
-0.000321487
0.0120627
-0.000288556
0.0123591
-0.000260219
0.0124898
-0.00023577
0.0125283
-0.000214197
0.0125216
-0.000194758
0.0124948
-0.000177008
0.0124603
-0.000160688
0.0124236
-0.000145633
0.0123872
-0.000131727
0.012352
-0.000118882
0.0123183
-0.000107026
0.0122861
-9.60961e-05
0.0122553
-8.60334e-05
0.0122259
-7.6778e-05
0.0121979
-6.82706e-05
0.0121713
-6.04515e-05
0.0121463
-5.32623e-05
0.0121229
-4.66452e-05
0.0121012
-4.05435e-05
0.0120813
-3.49015e-05
0.0120632
-2.96651e-05
0.0120469
-2.47808e-05
0.0120326
-2.01965e-05
0.0120203
-1.5861e-05
0.0120099
-1.17238e-05
0.0120016
-7.73478e-06
0.0119954
-3.84349e-06
0.0119912
0.0119892
-0.000400999
0.0114771
0.000433817
-0.000365184
0.0120269
-0.000331894
0.0123258
-0.000302568
0.0124605
-0.000276815
0.0125026
-0.000253797
0.0124985
-0.000232848
0.0124739
-0.000213552
0.012441
-0.000195661
0.0124057
-0.000179014
0.0123705
-0.0001635
0.0123365
-0.000149031
0.0123038
-0.000135538
0.0122726
-0.00012296
0.0122427
-0.000111239
0.0122142
-0.000100317
0.012187
-9.0137e-05
0.0121612
-8.06405e-05
0.0121368
-7.17705e-05
0.0121141
-6.34705e-05
0.0120929
-5.56847e-05
0.0120735
-4.83583e-05
0.0120558
-4.14375e-05
0.01204
-3.48693e-05
0.012026
-2.86019e-05
0.012014
-2.25841e-05
0.0120039
-1.67653e-05
0.0119958
-1.10953e-05
0.0119897
-5.52353e-06
0.0119857
0.0119836
-0.000441873
0.011446
0.000472941
-0.000406727
0.0119917
-0.000373148
0.0122922
-0.000342931
0.0124303
-0.000315973
0.0124756
-0.000291605
0.0124742
-0.000269237
0.0124515
-0.000248482
0.0124202
-0.000229106
0.0123863
-0.000210954
0.0123524
-0.000193915
0.0123194
-0.000177905
0.0122878
-0.000162858
0.0122576
-0.000148712
0.0122286
-0.000135412
0.0122009
-0.000122901
0.0121745
-0.000111124
0.0121494
-0.000100025
0.0121257
-8.95479e-05
0.0121036
-7.96368e-05
0.012083
-7.02374e-05
0.0120641
-6.12956e-05
0.0120469
-5.27583e-05
0.0120315
-4.4573e-05
0.0120179
-3.66882e-05
0.0120061
-2.90529e-05
0.0119963
-2.16167e-05
0.0119884
-1.43294e-05
0.0119824
-7.14048e-06
0.0119785
0.0119765
-0.000480679
0.0114166
0.000510139
-0.000446182
0.0119572
-0.000412375
0.0122584
-0.000381358
0.0123992
-0.000353289
0.0124475
-0.000327661
0.0124485
-0.00030396
0.0124278
-0.000281832
0.0123981
-0.000261054
0.0123655
-0.000241478
0.0123328
-0.000222996
0.012301
-0.000205526
0.0122704
-0.000189002
0.012241
-0.000173366
0.0122129
-0.000158564
0.0121861
-0.00014454
0.0121604
-0.000131242
0.0121361
-0.000118613
0.0121131
-0.0001066
0.0120916
-9.51486e-05
0.0120716
-8.42049e-05
0.0120532
-7.37159e-05
0.0120364
-6.36292e-05
0.0120214
-5.3893e-05
0.0120081
-4.44561e-05
0.0119967
-3.52679e-05
0.0119871
-2.62783e-05
0.0119794
-1.74372e-05
0.0119736
-8.69437e-06
0.0119697
0.0119678
-0.000517487
0.0113886
0.00054548
-0.000483615
0.0119234
-0.000449631
0.0122244
-0.000417896
0.0123675
-0.000388804
0.0124184
-0.000362003
0.0124217
-0.000337053
0.0124028
-0.000313634
0.0123747
-0.000291535
0.0123434
-0.000270613
0.0123119
-0.000250766
0.0122811
-0.000231913
0.0122515
-0.00021399
0.0122231
-0.00019694
0.0121959
-0.00018071
0.0121698
-0.000165247
0.012145
-0.000150499
0.0121213
-0.000136412
0.012099
-0.000122934
0.0120781
-0.000110012
0.0120586
-9.7592e-05
0.0120407
-8.56231e-05
0.0120244
-7.40534e-05
0.0120098
-6.28317e-05
0.0119969
-5.19074e-05
0.0119858
-4.12304e-05
0.0119764
-3.0751e-05
0.0119689
-2.04193e-05
0.0119633
-1.01855e-05
0.0119595
0.0119576
-0.000552369
0.0113619
0.00057903
-0.00051909
0.0118901
-0.000484972
0.0121903
-0.000452593
0.0123351
-0.000422563
0.0123884
-0.000394671
0.0123939
-0.000368553
0.0123767
-0.000343921
0.0123501
-0.000320578
0.0123201
-0.000298389
0.0122897
-0.000277252
0.01226
-0.000257091
0.0122313
-0.000237843
0.0122039
-0.000219452
0.0121775
-0.000201867
0.0121523
-0.000185036
0.0121281
-0.000168909
0.0121052
-0.000153434
0.0120835
-0.000138559
0.0120632
-0.000124233
0.0120443
-0.000110405
0.0120269
-9.70221e-05
0.0120111
-8.40347e-05
0.0119968
-7.13922e-05
0.0119843
-5.90446e-05
0.0119734
-4.69424e-05
0.0119643
-3.50362e-05
0.011957
-2.32766e-05
0.0119515
-1.16142e-05
0.0119478
0.011946
-0.000585391
0.0113365
0.000610849
-0.000552672
0.0118574
-0.000518455
0.0121561
-0.000485501
0.0123022
-0.00045461
0.0123575
-0.000425705
0.0123649
-0.000398497
0.0123495
-0.000372728
0.0123243
-0.000348216
0.0122956
-0.000324832
0.0122663
-0.00030248
0.0122376
-0.000281083
0.01221
-0.000260581
0.0121834
-0.00024092
0.0121578
-0.00022205
0.0121334
-0.000203921
0.01211
-0.000186484
0.0120878
-0.000169688
0.0120668
-0.000153485
0.012047
-0.000137822
0.0120287
-0.00012265
0.0120117
-0.000107919
0.0119963
-9.35782e-05
0.0119825
-7.95786e-05
0.0119703
-6.58709e-05
0.0119597
-5.24062e-05
0.0119509
-3.91355e-05
0.0119437
-2.60102e-05
0.0119384
-1.29812e-05
0.0119348
0.011933
-0.000616618
0.0113121
0.000640995
-0.000584422
0.0118252
-0.000550136
0.0121218
-0.000516668
0.0122687
-0.00048499
0.0123258
-0.000455149
0.0123351
-0.000426923
0.0123213
-0.00040009
0.0122975
-0.000374482
0.01227
-0.000349974
0.0122418
-0.000326476
0.0122141
-0.000303913
0.0121874
-0.000282227
0.0121617
-0.000261364
0.012137
-0.000241277
0.0121133
-0.000221918
0.0120907
-0.000203238
0.0120691
-0.000185188
0.0120487
-0.000167721
0.0120296
-0.000150787
0.0120117
-0.000134336
0.0119953
-0.00011832
0.0119803
-0.000102689
0.0119669
-8.73956e-05
0.011955
-7.23901e-05
0.0119447
-5.76247e-05
0.0119361
-4.30513e-05
0.0119292
-2.86215e-05
0.0119239
-1.42871e-05
0.0119205
0.0119187
-0.000646114
0.0112887
0.000669526
-0.000614405
0.0117935
-0.000580072
0.0120875
-0.000546146
0.0122348
-0.000513749
0.0122934
-0.000483042
0.0123044
-0.000453871
0.0122921
-0.000426044
0.0122696
-0.000399407
0.0122433
-0.000373845
0.0122162
-0.000349268
0.0121896
-0.000325607
0.0121637
-0.000302803
0.0121389
-0.000280806
0.012115
-0.000259568
0.0120921
-0.000239043
0.0120701
-0.000219186
0.0120492
-0.000199947
0.0120295
-0.000181281
0.0120109
-0.000163138
0.0119936
-0.000145472
0.0119776
-0.000128233
0.0119631
-0.000111375
0.01195
-9.48483e-05
0.0119384
-7.86064e-05
0.0119285
-6.26014e-05
0.0119201
-4.67859e-05
0.0119133
-3.11122e-05
0.0119083
-1.55327e-05
0.0119049
0.0119032
-0.000673942
0.0112661
0.000696499
-0.000642681
0.0117622
-0.000608321
0.0120531
-0.000573987
0.0122004
-0.000540934
0.0122604
-0.000509429
0.0122729
-0.000479379
0.0122621
-0.000450624
0.0122409
-0.000423026
0.0122158
-0.000396474
0.0121897
-0.000370885
0.012164
-0.00034619
0.012139
-0.000322333
0.012115
-0.000299266
0.0120919
-0.000276941
0.0120697
-0.000255315
0.0120485
-0.000234343
0.0120283
-0.000213978
0.0120091
-0.000194175
0.0119911
-0.000174886
0.0119743
-0.000156066
0.0119588
-0.000137666
0.0119447
-0.000119641
0.011932
-0.000101943
0.0119207
-8.45244e-05
0.011911
-6.73398e-05
0.0119029
-5.03419e-05
0.0118963
-3.3484e-05
0.0118914
-1.67189e-05
0.0118881
0.0118865
-0.000700165
0.0112443
0.00072197
-0.000669313
0.0117313
-0.000634939
0.0120187
-0.000600243
0.0121657
-0.000566593
0.0122267
-0.000534353
0.0122407
-0.000503488
0.0122312
-0.000473869
0.0122113
-0.000445371
0.0121873
-0.000417893
0.0121622
-0.000391354
0.0121374
-0.000365688
0.0121134
-0.000340841
0.0120902
-0.000316765
0.0120678
-0.000293416
0.0120464
-0.000270751
0.0120258
-0.000248725
0.0120062
-0.000227295
0.0119877
-0.000206416
0.0119702
-0.000186043
0.0119539
-0.000166128
0.0119389
-0.000146628
0.0119252
-0.000127495
0.0119128
-0.000108684
0.0119019
-9.01492e-05
0.0118925
-7.18438e-05
0.0118846
-5.37224e-05
0.0118782
-3.57388e-05
0.0118734
-1.78466e-05
0.0118702
0.0118686
-0.000724846
0.0112232
0.000745995
-0.000694363
0.0117009
-0.000659985
0.0119844
-0.000624965
0.0121307
-0.000590773
0.0121925
-0.000557856
0.0122077
-0.000526237
0.0121996
-0.000495814
0.0121808
-0.000466478
0.0121579
-0.000438134
0.0121339
-0.000410705
0.01211
-0.000384128
0.0120868
-0.00035835
0.0120644
-0.000333326
0.0120428
-0.000309013
0.0120221
-0.000285368
0.0120022
-0.000262349
0.0119832
-0.000239914
0.0119652
-0.000218019
0.0119483
-0.000196619
0.0119325
-0.00017567
0.0119179
-0.000155127
0.0119046
-0.000134945
0.0118927
-0.00011508
0.0118821
-9.54859e-05
0.0118729
-7.61177e-05
0.0118652
-5.69304e-05
0.011859
-3.78786e-05
0.0118544
-1.89169e-05
0.0118513
0.0118497
-0.000748044
0.0112026
0.00076863
-0.00071789
0.0116707
-0.000683514
0.01195
-0.000648206
0.0120954
-0.000613521
0.0121579
-0.000579983
0.0121742
-0.000547665
0.0121673
-0.000516496
0.0121497
-0.000486378
0.0121278
-0.000457226
0.0121047
-0.000428965
0.0120817
-0.000401535
0.0120594
-0.000374885
0.0120377
-0.000348971
0.0120169
-0.000323751
0.0119969
-0.000299185
0.0119776
-0.000275231
0.0119593
-0.000251849
0.0119419
-0.000228994
0.0119255
-0.000206626
0.0119101
-0.0001847
0.011896
-0.000163172
0.0118831
-0.000141999
0.0118715
-0.000121136
0.0118612
-0.00010054
0.0118523
-8.01657e-05
0.0118448
-5.99691e-05
0.0118388
-3.99056e-05
0.0118343
-1.99307e-05
0.0118313
0.0118298
-0.000769818
0.0111825
0.000789928
-0.000739954
0.0116408
-0.000705582
0.0119156
-0.000670017
0.0120599
-0.000634882
0.0121227
-0.000600774
0.0121401
-0.000567811
0.0121343
-0.00053595
0.0121178
-0.000505106
0.012097
-0.0004752
0.0120748
-0.000446163
0.0120527
-0.000417936
0.0120311
-0.00039047
0.0120103
-0.000363722
0.0119902
-0.000337652
0.0119708
-0.00031222
0.0119522
-0.000287388
0.0119344
-0.000263114
0.0119176
-0.000239358
0.0119017
-0.000216077
0.0118869
-0.00019323
0.0118732
-0.000170773
0.0118606
-0.000148664
0.0118494
-0.00012686
0.0118394
-0.000105317
0.0118308
-8.39922e-05
0.0118235
-6.28417e-05
0.0118177
-4.1822e-05
0.0118133
-2.08893e-05
0.0118104
0.0118089
-0.000790227
0.0111627
0.000809944
-0.000760611
0.0116112
-0.000726243
0.0118812
-0.000690446
0.0120241
-0.000654903
0.0120872
-0.000620271
0.0121055
-0.000586714
0.0121007
-0.000554211
0.0120853
-0.000522694
0.0120654
-0.000492087
0.0120442
-0.000462326
0.0120229
-0.000433355
0.0120022
-0.000405127
0.011982
-0.0003776
0.0119626
-0.000350734
0.0119439
-0.000324492
0.011926
-0.000298836
0.0119088
-0.000273726
0.0118925
-0.000249122
0.0118771
-0.000224984
0.0118627
-0.00020127
0.0118494
-0.000177939
0.0118373
-0.000154949
0.0118264
-0.000132258
0.0118167
-0.000109823
0.0118083
-8.76018e-05
0.0118013
-6.55518e-05
0.0117956
-4.36301e-05
0.0117914
-2.17937e-05
0.0117885
0.0117871
-0.000809323
0.0111433
0.000828726
-0.000779916
0.0115818
-0.000745547
0.0118469
-0.00070954
0.011988
-0.000673625
0.0120513
-0.000638514
0.0120703
-0.000604409
0.0120666
-0.000571315
0.0120522
-0.000539173
0.0120333
-0.000507916
0.0120129
-0.000477482
0.0119925
-0.000447819
0.0119725
-0.000418881
0.0119531
-0.000390626
0.0119344
-0.000363018
0.0119163
-0.000336019
0.011899
-0.000309591
0.0118824
-0.000283698
0.0118666
-0.000258301
0.0118517
-0.000233359
0.0118378
-0.000208832
0.0118249
-0.00018468
0.0118132
-0.000160863
0.0118026
-0.000137337
0.0117932
-0.000114063
0.0117851
-9.09991e-05
0.0117782
-6.81026e-05
0.0117727
-4.5332e-05
0.0117686
-2.26451e-05
0.0117658
0.0117645
-0.000827157
0.0111242
0.00084632
-0.000797918
0.0115526
-0.000763544
0.0118125
-0.000727345
0.0119519
-0.000691092
0.012015
-0.000655541
0.0120348
-0.000620933
0.012032
-0.000587292
0.0120186
-0.000554573
0.0120006
-0.000522714
0.0119811
-0.000491657
0.0119614
-0.000461352
0.0119422
-0.000431754
0.0119235
-0.000402823
0.0119054
-0.000374522
0.011888
-0.000346817
0.0118712
-0.000319671
0.0118552
-0.000293047
0.01184
-0.000266907
0.0118256
-0.000241213
0.0118121
-0.000215926
0.0117996
-0.000191005
0.0117882
-0.000166412
0.011778
-0.000142105
0.0117689
-0.000118044
0.011761
-9.41888e-05
0.0117544
-7.04978e-05
0.0117491
-4.69302e-05
0.011745
-2.34446e-05
0.0117424
0.011741
-0.000843775
0.0111052
0.00086277
-0.000814665
0.0115235
-0.000780277
0.0117781
-0.000743903
0.0119155
-0.00070734
0.0119785
-0.000671389
0.0119988
-0.000636318
0.011997
-0.000602175
0.0119844
-0.000568923
0.0119673
-0.000536509
0.0119487
-0.000504877
0.0119298
-0.000473977
0.0119113
-0.000443767
0.0118933
-0.000414209
0.0118759
-0.000385267
0.0118591
-0.000356906
0.0118429
-0.000329091
0.0118274
-0.000301787
0.0118126
-0.000274955
0.0117987
-0.00024856
0.0117857
-0.000222563
0.0117736
-0.000196924
0.0117626
-0.000171606
0.0117527
-0.000146568
0.0117438
-0.000121771
0.0117362
-9.71755e-05
0.0117298
-7.27408e-05
0.0117246
-4.84269e-05
0.0117207
-2.41933e-05
0.0117181
0.0117168
-0.000859215
0.0110863
0.000878109
-0.000830196
0.0114945
-0.000795786
0.0117437
-0.00075925
0.0118789
-0.000722407
0.0119416
-0.000686089
0.0119625
-0.000650596
0.0119615
-0.000615992
0.0119498
-0.000582252
0.0119336
-0.000549327
0.0119157
-0.000517164
0.0118977
-0.000485717
0.0118798
-0.000454943
0.0118625
-0.000424805
0.0118457
-0.00039527
0.0118295
-0.000366302
0.0118139
-0.000337867
0.011799
-0.000309931
0.0117847
-0.000282458
0.0117712
-0.000255411
0.0117586
-0.000228753
0.011747
-0.000202447
0.0117363
-0.000176453
0.0117267
-0.000150734
0.0117181
-0.00012525
0.0117107
-9.9964e-05
0.0117045
-7.48351e-05
0.0116995
-4.98245e-05
0.0116957
-2.48925e-05
0.0116932
0.0116919
-0.000873512
0.0110674
0.000892369
-0.000844549
0.0114655
-0.000810107
0.0117093
-0.000773421
0.0118423
-0.000736323
0.0119045
-0.000699672
0.0119259
-0.000663795
0.0119256
-0.00062877
0.0119148
-0.000594584
0.0118994
-0.000561191
0.0118824
-0.000528543
0.011865
-0.000496593
0.0118479
-0.000465301
0.0118312
-0.000434631
0.0118151
-0.000404549
0.0117995
-0.000375021
0.0117844
-0.000346015
0.01177
-0.000317495
0.0117562
-0.000289428
0.0117432
-0.000261778
0.011731
-0.000234508
0.0117197
-0.000207581
0.0117094
-0.000180961
0.0117
-0.000154609
0.0116918
-0.000128488
0.0116846
-0.000102559
0.0116786
-7.67843e-05
0.0116737
-5.11253e-05
0.0116701
-2.55434e-05
0.0116676
0.0116664
-0.000886694
0.0110485
0.000905572
-0.000857752
0.0114365
-0.000823271
0.0116748
-0.000786447
0.0118054
-0.000749117
0.0118672
-0.000712166
0.0118889
-0.000675941
0.0118894
-0.000640535
0.0118794
-0.000605944
0.0118648
-0.000572126
0.0118485
-0.000539035
0.0118319
-0.000506627
0.0118155
-0.000474862
0.0117995
-0.000443705
0.0117839
-0.000413122
0.0117689
-0.000383081
0.0117544
-0.000353549
0.0117404
-0.000324493
0.0117271
-0.000295879
0.0117146
-0.000267673
0.0117028
-0.000239838
0.0116919
-0.000212338
0.0116819
-0.000185138
0.0116728
-0.000158201
0.0116648
-0.000131489
0.0116579
-0.000104965
0.011652
-7.85918e-05
0.0116473
-5.23317e-05
0.0116438
-2.6147e-05
0.0116414
0.0116402
-0.000898782
0.0110296
0.000917734
-0.00086983
0.0114076
-0.000835302
0.0116403
-0.000798351
0.0117685
-0.000760815
0.0118296
-0.000723596
0.0118517
-0.000687058
0.0118528
-0.00065131
0.0118436
-0.000616353
0.0118299
-0.000582152
0.0118143
-0.000548661
0.0117984
-0.000515838
0.0117827
-0.000483644
0.0117673
-0.000452044
0.0117523
-0.000421006
0.0117378
-0.000390497
0.0117238
-0.000360485
0.0117104
-0.000330938
0.0116976
-0.000301824
0.0116855
-0.000273107
0.0116741
-0.000244753
0.0116635
-0.000216727
0.0116538
-0.000188993
0.0116451
-0.000161516
0.0116374
-0.00013426
0.0116306
-0.000107187
0.011625
-8.02612e-05
0.0116204
-5.34461e-05
0.011617
-2.67046e-05
0.0116147
0.0116135
-0.000909788
0.0110105
0.000928862
-0.0008808
0.0113786
-0.000846221
0.0116057
-0.000809156
0.0117314
-0.000771438
0.0117919
-0.000733982
0.0118143
-0.000697167
0.011816
-0.000661115
0.0118076
-0.000625833
0.0117946
-0.000591289
0.0117798
-0.000557441
0.0117646
-0.000524246
0.0117495
-0.000491666
0.0117347
-0.000459667
0.0117203
-0.000428217
0.0117064
-0.000397284
0.0116929
-0.000366837
0.01168
-0.000336845
0.0116676
-0.000307274
0.0116559
-0.000278092
0.0116449
-0.000249264
0.0116347
-0.000220756
0.0116253
-0.000192534
0.0116169
-0.000164563
0.0116094
-0.000136806
0.0116029
-0.000109229
0.0115974
-8.17961e-05
0.011593
-5.44708e-05
0.0115897
-2.72174e-05
0.0115874
0.0115863
-0.000919722
0.0109913
0.000938958
-0.000890676
0.0113496
-0.000856044
0.011571
-0.000818879
0.0116942
-0.000781005
0.0117541
-0.000743343
0.0117766
-0.000706289
0.011779
-0.000669971
0.0117713
-0.000634403
0.011759
-0.000599558
0.0117449
-0.000565393
0.0117304
-0.000531867
0.0117159
-0.000498944
0.0117018
-0.00046659
0.011688
-0.000434771
0.0116746
-0.000403458
0.0116616
-0.00037262
0.0116491
-0.000342225
0.0116372
-0.000312243
0.0116259
-0.000282639
0.0116153
-0.000253381
0.0116054
-0.000224436
0.0115964
-0.000195769
0.0115882
-0.000167347
0.011581
-0.000139134
0.0115747
-0.000111097
0.0115694
-8.31999e-05
0.0115651
-5.54082e-05
0.0115619
-2.76865e-05
0.0115597
0.0115586
-0.000928583
0.0109719
0.000948015
-0.000899464
0.0113204
-0.000864781
0.0115364
-0.000827534
0.011657
-0.000789529
0.0117161
-0.000751696
0.0117388
-0.000714438
0.0117417
-0.000677893
0.0117347
-0.00064208
0.0117232
-0.000606974
0.0117098
-0.000572534
0.011696
-0.000538721
0.0116821
-0.000505497
0.0116685
-0.000472829
0.0116553
-0.000440685
0.0116424
-0.000409035
0.0116299
-0.000377848
0.0116179
-0.000347094
0.0116064
-0.000316742
0.0115955
-0.000286759
0.0115853
-0.000257115
0.0115758
-0.000227774
0.011567
-0.000198706
0.0115591
-0.000169875
0.0115521
-0.00014125
0.011546
-0.000112795
0.0115409
-8.44763e-05
0.0115368
-5.62606e-05
0.0115336
-2.81131e-05
0.0115316
0.0115305
-0.00093637
0.0109522
0.000956022
-0.000907167
0.0112912
-0.00087244
0.0115016
-0.00083513
0.0116197
-0.000797025
0.0116779
-0.000759055
0.0117008
-0.000721632
0.0117043
-0.000684899
0.011698
-0.000648882
0.0116872
-0.000613555
0.0116745
-0.000578882
0.0116613
-0.000544823
0.0116481
-0.00051134
0.0116351
-0.000478401
0.0116224
-0.000445973
0.01161
-0.000414028
0.011598
-0.000382535
0.0115864
-0.000351464
0.0115754
-0.000320784
0.0115649
-0.000290465
0.011555
-0.000260475
0.0115458
-0.000230782
0.0115374
-0.000201353
0.0115297
-0.000172156
0.0115229
-0.000143159
0.011517
-0.000114327
0.0115121
-8.56289e-05
0.0115081
-5.70304e-05
0.011505
-2.84985e-05
0.011503
0.011502
-0.000943073
0.0109323
0.000962963
-0.000913784
0.011262
-0.000879024
0.0114669
-0.000841675
0.0115823
-0.000803502
0.0116398
-0.000765433
0.0116627
-0.000727883
0.0116667
-0.000691004
0.0116611
-0.000654823
0.011651
-0.000619318
0.011639
-0.000584454
0.0116264
-0.00055019
0.0116138
-0.00051649
0.0116014
-0.000483321
0.0115892
-0.000450652
0.0115773
-0.000418453
0.0115658
-0.000386695
0.0115547
-0.000355348
0.011544
-0.000324383
0.0115339
-0.000293768
0.0115244
-0.000263473
0.0115155
-0.000233467
0.0115073
-0.000203719
0.0115
-0.000174196
0.0114934
-0.000144867
0.0114877
-0.000115699
0.0114829
-8.66612e-05
0.011479
-5.77202e-05
0.0114761
-2.88439e-05
0.0114742
0.0114732
-0.000948684
0.0109122
0.000968818
-0.000919313
0.0112326
-0.000884538
0.0114321
-0.000847178
0.011545
-0.000808972
0.0116016
-0.000770841
0.0116246
-0.000733207
0.0116291
-0.000696223
0.0116241
-0.00065992
0.0116147
-0.00062428
0.0116034
-0.000589266
0.0115914
-0.000554839
0.0115794
-0.000520964
0.0115675
-0.000487607
0.0115558
-0.000454737
0.0115445
-0.000422326
0.0115334
-0.000390343
0.0115227
-0.000358761
0.0115124
-0.000327549
0.0115027
-0.000296679
0.0114935
-0.00026612
0.0114849
-0.000235841
0.0114771
-0.000205812
0.0114699
-0.000176002
0.0114636
-0.000146381
0.0114581
-0.000116916
0.0114534
-8.75772e-05
0.0114497
-5.83324e-05
0.0114469
-2.91504e-05
0.011445
0.011444
-0.000953189
0.0108918
0.000973566
-0.000923749
0.0112031
-0.000888981
0.0113973
-0.000851643
0.0115076
-0.000813441
0.0115634
-0.000775291
0.0115864
-0.000737614
0.0115914
-0.000700569
0.0115871
-0.000664188
0.0115783
-0.000628455
0.0115676
-0.000593334
0.0115563
-0.000558787
0.0115448
-0.000524778
0.0115335
-0.000491274
0.0115223
-0.000458244
0.0115114
-0.00042566
0.0115008
-0.000393493
0.0114905
-0.000361715
0.0114807
-0.000330297
0.0114713
-0.00029921
0.0114624
-0.000268425
0.0114542
-0.000237912
0.0114466
-0.000207641
0.0114397
-0.000177583
0.0114335
-0.000147706
0.0114282
-0.000117983
0.0114237
-8.83804e-05
0.0114201
-5.88696e-05
0.0114174
-2.94195e-05
0.0114155
0.0114146
-0.000956579
0.0108712
0.000977188
-0.000927088
0.0111736
-0.000892358
0.0113626
-0.000855077
0.0114704
-0.000816922
0.0115252
-0.000778796
0.0115483
-0.000741122
0.0115537
-0.00070406
0.01155
-0.000667646
0.0115419
-0.000631863
0.0115319
-0.000596678
0.0115211
-0.000562052
0.0115102
-0.00052795
0.0114994
-0.000494339
0.0114887
-0.00046119
0.0114783
-0.000428473
0.0114681
-0.000396161
0.0114582
-0.000364226
0.0114487
-0.00033264
0.0114397
-0.000301374
0.0114311
-0.000270401
0.0114232
-0.00023969
0.0114158
-0.000209215
0.0114092
-0.000178944
0.0114033
-0.000148851
0.0113981
-0.000118904
0.0113938
-8.90749e-05
0.0113903
-5.93342e-05
0.0113876
-2.96523e-05
0.0113858
0.0113849
-0.00095884
0.0108504
0.000979661
-0.000929327
0.0111441
-0.000894668
0.0113279
-0.000857486
0.0114332
-0.000819422
0.0114871
-0.000781367
0.0115103
-0.000743743
0.0115161
-0.00070671
0.011513
-0.000670307
0.0115055
-0.000634519
0.0114961
-0.000599312
0.0114859
-0.00056465
0.0114755
-0.000530497
0.0114652
-0.00049682
0.011455
-0.000463591
0.011445
-0.000430781
0.0114353
-0.000398362
0.0114258
-0.000366308
0.0114167
-0.00033459
0.011408
-0.000303183
0.0113997
-0.000272058
0.0113921
-0.000241187
0.011385
-0.000210542
0.0113785
-0.000180096
0.0113728
-0.00014982
0.0113678
-0.000119685
0.0113636
-8.96647e-05
0.0113602
-5.97291e-05
0.0113577
-2.98503e-05
0.011356
0.0113551
-0.00095997
0.0108294
0.000980974
-0.000930469
0.0111146
-0.000895922
0.0112934
-0.000858884
0.0113961
-0.000820958
0.0114492
-0.000783023
0.0114723
-0.000745496
0.0114786
-0.00070854
0.011476
-0.000672194
0.0114691
-0.000636445
0.0114603
-0.00060126
0.0114507
-0.000566604
0.0114409
-0.00053244
0.0114311
-0.000498737
0.0114213
-0.000465467
0.0114118
-0.000432601
0.0114024
-0.000400113
0.0113933
-0.000367976
0.0113845
-0.000336164
0.0113762
-0.000304651
0.0113682
-0.000273409
0.0113608
-0.000242412
0.011354
-0.000211633
0.0113478
-0.000181045
0.0113422
-0.000150621
0.0113374
-0.000120333
0.0113333
-9.01539e-05
0.0113301
-6.0057e-05
0.0113276
-3.00148e-05
0.0113259
0.0113251
-0.000959961
0.0108082
0.000981112
-0.000930514
0.0110852
-0.000896125
0.011259
-0.000859278
0.0113593
-0.000821542
0.0114115
-0.000783778
0.0114346
-0.000746398
0.0114412
-0.000709567
0.0114392
-0.000673324
0.0114329
-0.000637659
0.0114247
-0.00060254
0.0114156
-0.00056793
0.0114063
-0.000533796
0.0113969
-0.000500107
0.0113876
-0.000466834
0.0113785
-0.00043395
0.0113695
-0.000401429
0.0113608
-0.000369246
0.0113524
-0.000337375
0.0113443
-0.00030579
0.0113366
-0.000274466
0.0113295
-0.000243377
0.0113229
-0.000212497
0.0113169
-0.0001818
0.0113115
-0.00015126
0.0113069
-0.000120851
0.0113029
-9.05466e-05
0.0112998
-6.03208e-05
0.0112974
-3.01473e-05
0.0112957
0.0112949
-0.000958826
0.010787
0.000980077
-0.000929479
0.0110558
-0.000895297
0.0112248
-0.000858695
0.0113227
-0.0008212
0.011374
-0.000783658
0.011397
-0.000746476
0.011404
-0.000709818
0.0114025
-0.000673726
0.0113968
-0.000638189
0.0113891
-0.000603178
0.0113806
-0.000568656
0.0113718
-0.000534592
0.0113629
-0.000500955
0.011354
-0.000467716
0.0113453
-0.00043485
0.0113367
-0.000402332
0.0113283
-0.000370137
0.0113202
-0.00033824
0.0113124
-0.000306617
0.011305
-0.000275244
0.0112981
-0.000244095
0.0112917
-0.000213145
0.0112859
-0.000182371
0.0112808
-0.000151746
0.0112763
-0.000121247
0.0112724
-9.08477e-05
0.0112694
-6.05234e-05
0.011267
-3.02491e-05
0.0112655
0.0112647
-0.000956565
0.0107657
0.000977867
-0.00092737
0.0110266
-0.000893449
0.0111909
-0.000857146
0.0112864
-0.000819947
0.0113368
-0.000782681
0.0113597
-0.000745749
0.0113671
-0.000709313
0.0113661
-0.000673418
0.0113609
-0.000638054
0.0113538
-0.000603193
0.0113457
-0.000568801
0.0113374
-0.000534846
0.0113289
-0.000501298
0.0113205
-0.00046813
0.0113121
-0.000435318
0.0113039
-0.000402836
0.0112958
-0.000370663
0.011288
-0.000338773
0.0112805
-0.000307144
0.0112734
-0.000275753
0.0112667
-0.000244575
0.0112606
-0.000213587
0.011255
-0.000182765
0.0112499
-0.000152086
0.0112456
-0.000121526
0.0112419
-9.10614e-05
0.0112389
-6.06679e-05
0.0112366
-3.03221e-05
0.0112351
0.0112344
-0.000953213
0.0107444
0.000974508
-0.000924226
0.0109977
-0.000890621
0.0111573
-0.000854672
0.0112504
-0.000817825
0.0112999
-0.000780888
0.0113228
-0.000744255
0.0113305
-0.00070809
0.0113299
-0.000672438
0.0113253
-0.000637291
0.0113186
-0.000602622
0.0113111
-0.000568398
0.0113031
-0.000534589
0.0112951
-0.000501167
0.011287
-0.000468105
0.011279
-0.000435379
0.0112711
-0.000402968
0.0112634
-0.000370847
0.0112559
-0.000338996
0.0112486
-0.000307391
0.0112418
-0.000276011
0.0112353
-0.000244833
0.0112294
-0.000213835
0.011224
-0.000182994
0.0112191
-0.000152289
0.0112149
-0.000121696
0.0112113
-9.11929e-05
0.0112084
-6.07576e-05
0.0112062
-3.03674e-05
0.0112047
0.011204
-0.000948779
0.0107231
0.000970007
-0.000920059
0.0109689
-0.000886829
0.0111241
-0.000851293
0.0112149
-0.000814853
0.0112635
-0.000778298
0.0112863
-0.000742017
0.0112942
-0.000706171
0.0112941
-0.000670808
0.0112899
-0.00063592
0.0112837
-0.000601483
0.0112766
-0.000567467
0.0112691
-0.000533841
0.0112615
-0.00050058
0.0112538
-0.000467657
0.0112461
-0.000435052
0.0112385
-0.000402741
0.0112311
-0.000370704
0.0112238
-0.000338921
0.0112169
-0.000307369
0.0112102
-0.000276029
0.011204
-0.000244879
0.0111982
-0.000213898
0.011193
-0.000183066
0.0111883
-0.00015236
0.0111842
-0.000121761
0.0111807
-9.12466e-05
0.0111779
-6.07957e-05
0.0111757
-3.03873e-05
0.0111743
0.0111736
-0.000943328
0.010702
0.000964426
-0.000914935
0.0109405
-0.000882139
0.0110913
-0.00084707
0.0111798
-0.000811091
0.0112275
-0.000774971
0.0112501
-0.00073909
0.0112583
-0.000703609
0.0112586
-0.000668577
0.0112549
-0.00063399
0.0112491
-0.000599824
0.0112425
-0.000566051
0.0112354
-0.000532643
0.0112281
-0.000499575
0.0112207
-0.000466823
0.0112134
-0.000434367
0.0112061
-0.000402187
0.0111989
-0.000370262
0.0111919
-0.000338574
0.0111852
-0.000307102
0.0111788
-0.000275828
0.0111727
-0.000244731
0.0111671
-0.000213793
0.011162
-0.000182993
0.0111575
-0.000152312
0.0111535
-0.000121731
0.0111501
-9.12285e-05
0.0111474
-6.07858e-05
0.0111453
-3.03827e-05
0.0111439
0.0111432
-0.000936873
0.0106811
0.000957775
-0.000908869
0.0109125
-0.000876566
0.011059
-0.000842023
0.0111453
-0.00080656
0.0111921
-0.000770925
0.0112145
-0.000735493
0.0112229
-0.000700424
0.0112235
-0.000665766
0.0112202
-0.000631519
0.0112149
-0.000597662
0.0112086
-0.000564167
0.0112019
-0.000531011
0.0111949
-0.000498168
0.0111879
-0.000465618
0.0111808
-0.000433341
0.0111738
-0.000401319
0.0111669
-0.000369533
0.0111601
-0.000337966
0.0111536
-0.0003066
0.0111474
-0.000275416
0.0111415
-0.000244398
0.0111361
-0.000213526
0.0111312
-0.000182783
0.0111267
-0.00015215
0.0111228
-0.00012161
0.0111196
-9.11429e-05
0.0111169
-6.07313e-05
0.0111149
-3.03566e-05
0.0111135
0.0111129
-0.00092952
0.0106605
0.000950162
-0.000901965
0.010885
-0.000870209
0.0110272
-0.000836244
0.0111113
-0.000801347
0.0111572
-0.000766245
0.0111794
-0.000731306
0.0111879
-0.000696688
0.0111889
-0.000662443
0.011186
-0.000628572
0.011181
-0.000595057
0.0111751
-0.000561874
0.0111687
-0.000528998
0.011162
-0.000496409
0.0111553
-0.000464087
0.0111485
-0.000432015
0.0111417
-0.000400176
0.011135
-0.000368553
0.0111285
-0.000337131
0.0111222
-0.000305892
0.0111162
-0.000274822
0.0111105
-0.000243903
0.0111052
-0.000213118
0.0111004
-0.000182452
0.0110961
-0.000151888
0.0110923
-0.000121409
0.0110891
-9.09968e-05
0.0110865
-6.0636e-05
0.0110845
-3.03091e-05
0.0110832
0.0110826
-0.000921273
0.0106402
0.000941588
-0.000894228
0.0108579
-0.000863078
0.0109961
-0.000829745
0.011078
-0.000795464
0.0111229
-0.000760942
0.0111449
-0.00072654
0.0111535
-0.000692416
0.0111548
-0.000658622
0.0111522
-0.000625163
0.0111476
-0.000592022
0.0111419
-0.00055918
0.0111358
-0.000526615
0.0111295
-0.000494307
0.011123
-0.00046224
0.0111164
-0.000430398
0.0111099
-0.000398766
0.0111034
-0.000367329
0.0110971
-0.000336074
0.0110909
-0.000304985
0.0110851
-0.000274049
0.0110795
-0.00024325
0.0110744
-0.000212574
0.0110697
-0.000182005
0.0110655
-0.000151529
0.0110618
-0.00012113
0.0110587
-9.07937e-05
0.0110562
-6.05035e-05
0.0110542
-3.02443e-05
0.011053
0.0110523
-0.000912296
0.0106203
0.000932226
-0.000885814
0.0108315
-0.000855317
0.0109656
-0.000822659
0.0110453
-0.000789036
0.0110893
-0.000755134
0.011111
-0.000721305
0.0111197
-0.000687708
0.0111212
-0.000654396
0.0111189
-0.000621378
0.0111145
-0.00058864
0.0111092
-0.000556165
0.0111034
-0.000523933
0.0110972
-0.00049193
0.011091
-0.000460138
0.0110846
-0.000428546
0.0110783
-0.00039714
0.011072
-0.000365909
0.0110658
-0.000334838
0.0110599
-0.000303917
0.0110541
-0.000273132
0.0110488
-0.00024247
0.0110437
-0.000211918
0.0110392
-0.000181463
0.011035
-0.000151091
0.0110314
-0.000120789
0.0110284
-9.05426e-05
0.0110259
-6.03381e-05
0.011024
-3.01614e-05
0.0110228
0.0110222
-0.000902558
0.0106008
0.000922037
-0.000876697
0.0108056
-0.000846907
0.0109358
-0.000814974
0.0110134
-0.000782053
0.0110563
-0.000748811
0.0110777
-0.000715594
0.0110865
-0.000682558
0.0110882
-0.000649761
0.0110861
-0.000617212
0.011082
-0.000584904
0.0110769
-0.000552822
0.0110713
-0.000520948
0.0110654
-0.000489271
0.0110593
-0.000457777
0.0110531
-0.000426455
0.011047
-0.000395296
0.0110408
-0.000364288
0.0110348
-0.000333421
0.011029
-0.000302684
0.0110234
-0.000272068
0.0110181
-0.00024156
0.0110132
-0.00021115
0.0110087
-0.000180825
0.0110047
-0.000150574
0.0110012
-0.000120385
0.0109982
-9.02451e-05
0.0109958
-6.0143e-05
0.0109939
-3.00659e-05
0.0109927
0.0109921
-0.000892311
0.0105818
0.000911294
-0.000867111
0.0107804
-0.000838061
0.0109067
-0.000806884
0.0109822
-0.000774695
0.0110242
-0.000742141
0.0110452
-0.000709561
0.0110539
-0.00067711
0.0110557
-0.000644849
0.0110538
-0.000612791
0.0110499
-0.000580932
0.011045
-0.000549259
0.0110396
-0.00051776
0.0110339
-0.000486424
0.011028
-0.000455241
0.011022
-0.000424204
0.0110159
-0.000393303
0.0110099
-0.000362531
0.0110041
-0.00033188
0.0109983
-0.000301341
0.0109929
-0.000270904
0.0109877
-0.000240562
0.0109829
-0.000210304
0.0109785
-0.00018012
0.0109745
-0.000150001
0.0109711
-0.000119935
0.0109681
-8.9913e-05
0.0109658
-5.99232e-05
0.0109639
-2.9955e-05
0.0109627
0.0109621
-0.000881447
0.0105634
0.000899868
-0.000856963
0.0107559
-0.000828702
0.0108785
-0.000798324
0.0109518
-0.000766904
0.0109927
-0.000735071
0.0110133
-0.000703157
0.011022
-0.000671319
0.0110239
-0.000639619
0.0110221
-0.000608075
0.0110184
-0.000576684
0.0110136
-0.00054544
0.0110084
-0.000514334
0.0110028
-0.000483356
0.010997
-0.000452502
0.0109911
-0.000421764
0.0109852
-0.000391138
0.0109793
-0.000360617
0.0109735
-0.000330195
0.0109679
-0.000299866
0.0109625
-0.000269624
0.0109575
-0.00023946
0.0109527
-0.000209368
0.0109484
-0.000179339
0.0109445
-0.000149364
0.0109411
-0.000119436
0.0109382
-8.95447e-05
0.0109359
-5.96816e-05
0.0109341
-2.98374e-05
0.0109329
0.0109323
-0.000870354
0.0105455
0.000888191
-0.000846604
0.0107322
-0.000819147
0.010851
-0.000789581
0.0109223
-0.000758944
0.0109621
-0.000727845
0.0109822
-0.00069661
0.0109908
-0.000665395
0.0109927
-0.000634265
0.010991
-0.000603243
0.0109874
-0.00057233
0.0109827
-0.000541522
0.0109776
-0.000510815
0.0109721
-0.000480202
0.0109664
-0.000449681
0.0109606
-0.000419249
0.0109548
-0.000388902
0.010949
-0.000358637
0.0109433
-0.00032845
0.0109377
-0.000298337
0.0109324
-0.000268294
0.0109274
-0.000238315
0.0109227
-0.000208393
0.0109185
-0.000178524
0.0109146
-0.000148699
0.0109113
-0.000118913
0.0109084
-8.91566e-05
0.0109061
-5.94238e-05
0.0109044
-2.97061e-05
0.0109032
0.0109026
-0.000858777
0.0105284
0.000875957
-0.000835817
0.0107092
-0.000809209
0.0108244
-0.00078049
0.0108936
-0.000750665
0.0109323
-0.000720325
0.0109519
-0.00068979
0.0109602
-0.000659218
0.0109621
-0.000628676
0.0109604
-0.000598191
0.0109569
-0.00056777
0.0109523
-0.000537412
0.0109472
-0.000507115
0.0109418
-0.00047688
0.0109361
-0.000446704
0.0109304
-0.000416588
0.0109246
-0.000386531
0.0109189
-0.000356533
0.0109133
-0.000326591
0.0109078
-0.000296705
0.0109025
-0.000266871
0.0108976
-0.000237086
0.010893
-0.000207346
0.0108887
-0.000177647
0.0108849
-0.000147983
0.0108816
-0.00011835
0.0108788
-8.8741e-05
0.0108765
-5.91514e-05
0.0108748
-2.95749e-05
0.0108736
0.010873
-0.000847322
0.0105118
0.000863863
-0.000825141
0.010687
-0.00079937
0.0107986
-0.00077149
0.0108657
-0.000742469
0.0109032
-0.000712881
0.0109223
-0.000683041
0.0109304
-0.000653106
0.0109322
-0.000623147
0.0109305
-0.000593194
0.0109269
-0.000563259
0.0109224
-0.000533345
0.0109173
-0.000503455
0.0109119
-0.000473591
0.0109063
-0.000443756
0.0109006
-0.000413952
0.0108948
-0.000384182
0.0108891
-0.000354446
0.0108835
-0.000324747
0.0108781
-0.000295084
0.0108729
-0.000265458
0.010868
-0.000235865
0.0108634
-0.000206305
0.0108592
-0.000176774
0.0108554
-0.000147269
0.0108521
-0.000117787
0.0108493
-8.83225e-05
0.010847
-5.88721e-05
0.0108453
-2.94304e-05
0.0108442
0.0108436
-0.000835478
0.010496
0.000851287
-0.000814135
0.0106657
-0.000789245
0.0107737
-0.000762235
0.0108387
-0.000734041
0.0108751
-0.000705224
0.0108935
-0.000676093
0.0109012
-0.000646806
0.0109029
-0.00061744
0.0109011
-0.000588029
0.0108975
-0.000558588
0.0108929
-0.000529127
0.0108878
-0.000499651
0.0108824
-0.000470167
0.0108768
-0.00044068
0.0108711
-0.000411195
0.0108653
-0.000381719
0.0108597
-0.000352255
0.0108541
-0.000322806
0.0108486
-0.000293375
0.0108435
-0.000263963
0.0108385
-0.000234572
0.010834
-0.0002052
0.0108298
-0.000175846
0.010826
-0.00014651
0.0108228
-0.00011719
0.01082
-8.7882e-05
0.0108177
-5.85844e-05
0.010816
-2.92948e-05
0.0108149
0.0108143
-0.000824204
0.0104808
0.000839359
-0.000803646
0.0106451
-0.000779591
0.0107497
-0.000753412
0.0108125
-0.00072601
0.0108477
-0.000697932
0.0108654
-0.000669481
0.0108728
-0.000640817
0.0108742
-0.000612019
0.0108723
-0.000583126
0.0108686
-0.000554159
0.010864
-0.000525129
0.0108588
-0.000496048
0.0108533
-0.000466925
0.0108477
-0.000437768
0.0108419
-0.000408588
0.0108362
-0.00037939
0.0108305
-0.000350182
0.0108249
-0.000320971
0.0108194
-0.000291759
0.0108142
-0.000262551
0.0108093
-0.000233349
0.0108048
-0.000204155
0.0108006
-0.00017497
0.0107969
-0.000145792
0.0107936
-0.000116622
0.0107908
-8.74588e-05
0.0107886
-5.83002e-05
0.0107869
-2.91433e-05
0.0107857
0.0107851
-0.000812554
0.0104665
0.000826923
-0.000792855
0.0106254
-0.000769681
0.0107265
-0.000744362
0.0107872
-0.000717774
0.0108211
-0.000690449
0.0108381
-0.000662688
0.010845
-0.000634654
0.0108462
-0.00060643
0.0108441
-0.000578061
0.0108403
-0.000549571
0.0108355
-0.000520979
0.0108302
-0.000492297
0.0108246
-0.000463541
0.0108189
-0.000434722
0.0108131
-0.000405851
0.0108073
-0.000376939
0.0108015
-0.000347996
0.0107959
-0.000319029
0.0107905
-0.000290046
0.0107853
-0.00026105
0.0107803
-0.000232047
0.0107758
-0.000203041
0.0107716
-0.000174033
0.0107679
-0.000145024
0.0107646
-0.000116018
0.0107618
-8.70131e-05
0.0107596
-5.80109e-05
0.0107579
-2.90126e-05
0.0107567
0.0107561
-0.000802059
0.0104527
0.000815808
-0.000783108
0.0106065
-0.000760725
0.0107041
-0.000736187
0.0107626
-0.00071034
0.0107952
-0.000683703
0.0108115
-0.000656575
0.0108179
-0.000629118
0.0108187
-0.000601419
0.0108164
-0.000573527
0.0108124
-0.000545472
0.0108074
-0.000517276
0.010802
-0.000488957
0.0107963
-0.000460531
0.0107905
-0.000432015
0.0107846
-0.000403423
0.0107787
-0.000374768
0.0107729
-0.000346061
0.0107672
-0.000317313
0.0107617
-0.000288532
0.0107565
-0.000259725
0.0107515
-0.000230899
0.0107469
-0.000202058
0.0107428
-0.000173206
0.010739
-0.000144347
0.0107357
-0.000115481
0.0107329
-8.66116e-05
0.0107307
-5.77382e-05
0.010729
-2.88594e-05
0.0107278
0.0107273
-0.000791063
0.0104398
0.000804002
-0.000772954
0.0105884
-0.000751418
0.0106826
-0.000727696
0.0107389
-0.000702615
0.0107701
-0.000676683
0.0107855
-0.000650198
0.0107914
-0.000623325
0.0107918
-0.000596157
0.0107892
-0.000568749
0.010785
-0.000541136
0.0107798
-0.000513343
0.0107742
-0.000485394
0.0107684
-0.000457309
0.0107624
-0.000429106
0.0107564
-0.000400803
0.0107504
-0.000372415
0.0107445
-0.000343956
0.0107388
-0.000315438
0.0107332
-0.000286873
0.0107279
-0.000258268
0.0107229
-0.000229632
0.0107183
-0.000200971
0.0107141
-0.000172291
0.0107103
-0.000143596
0.010707
-0.000114889
0.0107042
-8.6176e-05
0.010702
-5.74584e-05
0.0107003
-2.87429e-05
0.0106991
0.0106985
-0.000782007
0.0104274
0.000794415
-0.000764559
0.0105709
-0.000743718
0.0106617
-0.000720678
0.0107159
-0.000696241
0.0107457
-0.000670905
0.0107602
-0.000644964
0.0107655
-0.000618587
0.0107655
-0.000591868
0.0107625
-0.000564868
0.0107579
-0.000537624
0.0107526
-0.000510169
0.0107468
-0.000482527
0.0107407
-0.000454723
0.0107346
-0.000426778
0.0107284
-0.000398711
0.0107223
-0.000370541
0.0107163
-0.000342284
0.0107105
-0.000313953
0.0107049
-0.000285561
0.0106995
-0.000257118
0.0106945
-0.000228634
0.0106898
-0.000200116
0.0106856
-0.000171571
0.0106818
-0.000143005
0.0106785
-0.000114421
0.0106756
-8.58233e-05
0.0106734
-5.72144e-05
0.0106717
-2.85914e-05
0.0106705
0.0106699
-0.000772104
0.0104158
0.000783726
-0.000755431
0.0105542
-0.000735357
0.0106417
-0.000713052
0.0106936
-0.000689297
0.0107219
-0.000664585
0.0107355
-0.000639211
0.0107401
-0.000613347
0.0107396
-0.000587094
0.0107362
-0.000560517
0.0107314
-0.000533661
0.0107257
-0.000506561
0.0107197
-0.000479246
0.0107134
-0.000451743
0.0107071
-0.000424076
0.0107008
-0.000396268
0.0106945
-0.000368339
0.0106884
-0.000340306
0.0106825
-0.000312186
0.0106768
-0.000283992
0.0106713
-0.000255736
0.0106662
-0.000227429
0.0106615
-0.00019908
0.0106572
-0.000170696
0.0106534
-0.000142285
0.01065
-0.000113853
0.0106472
-8.54057e-05
0.0106449
-5.69492e-05
0.0106432
-2.84976e-05
0.010642
0.0106414
-0.00076521
0.0104045
0.000776443
-0.000749054
0.0105381
-0.000729519
0.0106221
-0.000707739
0.0106718
-0.000684479
0.0106987
-0.000660222
0.0107112
-0.000635262
0.0107151
-0.000609772
0.0107141
-0.000583858
0.0107103
-0.000557587
0.0107051
-0.000531009
0.0106991
-0.00050416
0.0106928
-0.000477075
0.0106863
-0.000449782
0.0106798
-0.000422308
0.0106733
-0.000394678
0.0106669
-0.000366912
0.0106606
-0.000339031
0.0106546
-0.000311051
0.0106488
-0.000282988
0.0106433
-0.000254854
0.0106381
-0.000226663
0.0106333
-0.000198422
0.010629
-0.000170142
0.0106251
-0.00014183
0.0106217
-0.000113492
0.0106189
-8.51321e-05
0.0106166
-5.67552e-05
0.0106148
-2.83507e-05
0.0106136
0.0106131
-0.000756791
0.010394
0.000767366
-0.000741265
0.0105226
-0.000722363
0.0106032
-0.000701189
0.0106506
-0.00067849
0.010676
-0.000654745
0.0106875
-0.000630247
0.0106906
-0.000605177
0.010689
-0.000579644
0.0106848
-0.000553721
0.0106792
-0.000527463
0.0106729
-0.000500911
0.0106663
-0.0004741
0.0106595
-0.000447063
0.0106528
-0.000419828
0.0106461
-0.000392421
0.0106395
-0.000364866
0.0106331
-0.000337184
0.0106269
-0.000309393
0.010621
-0.000281508
0.0106154
-0.000253546
0.0106101
-0.000225517
0.0106053
-0.000197433
0.0106009
-0.000169305
0.010597
-0.000141139
0.0105936
-0.000112945
0.0105907
-8.47292e-05
0.0105884
-5.64996e-05
0.0105866
-2.8285e-05
0.0105854
0.0105848
-0.000752853
0.0103836
0.000763218
-0.000737635
0.0105073
-0.000719048
0.0105846
-0.000698179
0.0106297
-0.000675764
0.0106536
-0.000652278
0.010664
-0.000628016
0.0106664
-0.000603157
0.0106642
-0.000577815
0.0106595
-0.000552064
0.0106534
-0.000525961
0.0106468
-0.000499549
0.0106398
-0.000472867
0.0106328
-0.000445947
0.0106258
-0.00041882
0.0106189
-0.000391513
0.0106122
-0.00036405
0.0106056
-0.000336453
0.0105993
-0.000308741
0.0105933
-0.000280931
0.0105876
-0.000253038
0.0105822
-0.000225075
0.0105773
-0.000197054
0.0105729
-0.000168985
0.0105689
-0.000140876
0.0105655
-0.000112736
0.0105625
-8.4572e-05
0.0105602
-5.63869e-05
0.0105584
-2.81557e-05
0.0105572
0.0105566
-0.000746211
0.000756268
-0.000731376
-0.000713211
-0.000692763
-0.000670748
-0.000647632
-0.000623708
-0.000599159
-0.000574102
-0.000548617
-0.000522763
-0.000496586
-0.000470126
-0.000443417
-0.000416491
-0.000389376
-0.000362098
-0.000334677
-0.000307136
-0.00027949
-0.000251756
-0.000223947
-0.000196076
-0.000168153
-0.000140188
-0.000112189
-8.41649e-05
-5.61242e-05
-2.80908e-05
0.00530435
-0.000411875
0.00525286
-0.000330842
0.00520558
-0.000254328
0.0051625
-0.000181968
0.00512324
-0.000113307
0.00508799
-4.79919e-05
0.005057
1.31194e-05
0.00503016
6.81527e-05
0.00500603
0.000122594
0.00498505
0.000174777
0.00496709
0.000224363
0.00495198
0.000271536
0.00493953
0.000316522
0.00492956
0.000359441
0.00492188
0.000400369
0.00491631
0.000439385
0.00491269
0.000476562
0.00491086
0.000511969
0.00491067
0.000545666
0.004912
0.000577706
0.0049147
0.000608143
0.00491867
0.000637026
0.00492379
0.000664406
0.00492996
0.000690332
0.00493707
0.000714854
0.00494504
0.000738023
0.00495378
0.00075989
0.00496321
0.000780503
0.00497324
0.000799911
0.00498381
0.000818159
0.00499484
0.00083529
0.00500627
0.000851341
0.00501803
0.000866344
0.00503008
0.000880325
0.00504235
0.000893302
0.0050548
0.000905287
0.00506738
0.000916282
0.00508005
0.000926283
0.00509279
0.000935281
0.00510555
0.000943257
0.00511832
0.000950192
0.00513108
0.000956061
0.00514381
0.000960837
0.0051565
0.000964497
0.00516915
0.000967014
0.00518175
0.000968373
0.0051943
0.000968555
0.00520682
0.000967561
0.00521931
0.000965382
0.00523177
0.000962047
0.00524422
0.000957558
0.00525667
0.000951976
0.00526913
0.000945309
0.00528163
0.000937668
0.00529417
0.000929048
0.00530676
0.000919629
0.00531944
0.000909363
0.00533219
0.000898538
0.00534506
0.000887003
0.00535802
0.000875224
0.00537113
0.00086285
0.00538435
0.000850642
0.00539775
0.000837891
0.00541126
0.000825852
0.00542498
0.000813202
0.00543878
0.000802003
0.00545285
0.000789935
0.00546694
0.000780321
0.00548135
0.000769323
0.00549568
0.000762106
0.00551035
0.0007527
0.00552486
0.000748713
0.000741621
0.00522054
-0.000428873
0.00515742
-0.000348751
0.00510013
-0.000273548
0.00504845
-0.00020265
0.00500215
-0.000135673
0.00496088
-7.20337e-05
0.00492404
-1.11491e-05
0.0048939
4.32568e-05
0.00486645
9.56017e-05
0.00484284
0.000146212
0.00482296
0.000194653
0.00480655
0.00024077
0.00479334
0.000284749
0.00478306
0.000326799
0.00477548
0.000367024
0.00477036
0.000405484
0.00476751
0.000442242
0.00476671
0.00047736
0.00476779
0.00051089
0.00477058
0.000542878
0.00477491
0.000573369
0.00478065
0.000602401
0.00478767
0.000630016
0.00479582
0.000656252
0.004805
0.000681152
0.0048151
0.000704758
0.00482601
0.000727112
0.00483764
0.000748258
0.0048499
0.000768241
0.00486271
0.000787103
0.00487599
0.000804883
0.00488966
0.000821619
0.00490365
0.000837345
0.00491791
0.000852086
0.00493237
0.000865866
0.00494698
0.000878696
0.00496168
0.000890583
0.00497643
0.000901527
0.0049912
0.000911517
0.00500594
0.000920539
0.00502063
0.000928571
0.00503523
0.000935586
0.00504974
0.000941556
0.00506413
0.000946448
0.00507839
0.000950235
0.00509252
0.000952885
0.00510651
0.000954379
0.00512037
0.000954695
0.0051341
0.000953829
0.00514771
0.000951772
0.00516121
0.000948546
0.00517462
0.000944153
0.00518794
0.000938654
0.0052012
0.000932054
0.0052144
0.000924464
0.00522757
0.000915876
0.00524073
0.000906475
0.00525389
0.000896206
0.00526706
0.000885367
0.00528027
0.000873793
0.00529352
0.000861973
0.00530684
0.000849522
0.00532023
0.000837254
0.00533374
0.000824387
0.00534731
0.000812282
0.00536104
0.00079947
0.00537482
0.000788218
0.00538882
0.000775937
0.00540283
0.000766312
0.0054171
0.000755051
0.00543132
0.000747892
0.0054458
0.000738217
0.00546017
0.000734341
0.000727146
0.00499357
-0.000353914
0.00492625
-0.000281435
0.00486614
-0.000213437
0.00481278
-0.000149287
0.00476545
-8.83512e-05
0.00472393
-3.05141e-05
0.00468969
2.30966e-05
0.00465974
7.32101e-05
0.00463396
0.000121374
0.00461262
0.00016756
0.00459539
0.000211875
0.00458192
0.000254246
0.00457186
0.000294809
0.00456492
0.000333735
0.00456084
0.000371107
0.00455935
0.000406968
0.00456023
0.000441362
0.00456326
0.000474333
0.00456823
0.00050592
0.00457496
0.000536153
0.00458326
0.000565062
0.00459299
0.000592674
0.00460399
0.000619017
0.00461612
0.00064412
0.00462926
0.000668014
0.00464329
0.000690733
0.00465809
0.000712312
0.00467356
0.000732787
0.00468961
0.000752194
0.00470614
0.000770569
0.00472307
0.000787947
0.00474033
0.00080436
0.00475784
0.000819834
0.00477554
0.000834393
0.00479335
0.000848052
0.00481123
0.000860819
0.00482912
0.000872696
0.00484697
0.000883677
0.00486474
0.000893747
0.00488239
0.000902886
0.00489989
0.000911067
0.00491722
0.000918258
0.00493435
0.000924426
0.00495127
0.000929532
0.00496796
0.000933545
0.00498442
0.000936428
0.00500064
0.000938158
0.00501662
0.000938708
0.00503238
0.000938071
0.00504792
0.000936234
0.00506325
0.000933218
0.00507838
0.000929021
0.00509333
0.000923702
0.00510812
0.000917265
0.00512276
0.00090982
0.00513728
0.000901359
0.00515169
0.000892066
0.00516601
0.000881884
0.00518026
0.000871116
0.00519447
0.000859589
0.00520864
0.000847805
0.0052228
0.00083536
0.00523695
0.0008231
0.00525115
0.000810193
0.00526535
0.00079808
0.00527964
0.000785176
0.00529394
0.000773918
0.00530839
0.000761486
0.00532282
0.000751884
0.00533746
0.000740415
0.00535202
0.000733329
0.0053668
0.000723435
0.00538148
0.000719661
0.000712406
0.00467056
-0.000278892
0.00460422
-0.000215099
0.00454587
-0.000155085
0.00449473
-9.81492e-05
0.00445042
-4.40418e-05
0.00441234
7.56442e-06
0.00438126
5.41833e-05
0.00435465
9.98138e-05
0.00433291
0.000143112
0.00431574
0.00018473
0.00430277
0.000224854
0.0042936
0.000263412
0.00428791
0.000300495
0.00428541
0.000336239
0.00428581
0.000370704
0.00428886
0.000403917
0.00429432
0.000435904
0.00430196
0.000466694
0.00431157
0.000496307
0.00432296
0.000524761
0.00433596
0.000552071
0.00435038
0.000578252
0.00436607
0.00060332
0.0043829
0.000627293
0.00440072
0.000650193
0.00441941
0.000672044
0.00443885
0.000692872
0.00445893
0.000712707
0.00447955
0.000731576
0.00450061
0.00074951
0.00452202
0.000766535
0.0045437
0.000782679
0.00456557
0.000797963
0.00458756
0.000812403
0.0046096
0.00082601
0.00463164
0.000838788
0.0046536
0.000850731
0.00467545
0.00086183
0.00469713
0.000872064
0.00471861
0.000881408
0.00473985
0.000889829
0.00476081
0.00089729
0.00478149
0.000903752
0.00480185
0.000909172
0.00482188
0.000913513
0.00484158
0.000916733
0.00486093
0.000918805
0.00487994
0.000919697
0.00489861
0.000919398
0.00491695
0.000917893
0.00493497
0.000915197
0.00495269
0.000911308
0.00497011
0.000906282
0.00498725
0.000900121
0.00500414
0.000892933
0.00502079
0.000884709
0.00503722
0.000875633
0.00505346
0.000865648
0.00506952
0.000855054
0.00508543
0.00084368
0.0051012
0.000832029
0.00511687
0.000819691
0.00513245
0.000807527
0.00514796
0.000794677
0.00516341
0.00078263
0.00517886
0.000769726
0.00519426
0.000758523
0.00520972
0.000746022
0.00522511
0.00073649
0.00524065
0.000724881
0.00525607
0.000717905
0.00527167
0.000707841
0.00528714
0.000704191
0.000696917
0.0042571
-0.000210188
0.00419729
-0.000155293
0.00414549
-0.000103285
0.00410091
-5.35623e-05
0.00406234
-5.4789e-06
0.00403228
3.76246e-05
0.00400653
7.99347e-05
0.00398601
0.000120337
0.00397024
0.000158876
0.00395887
0.000196105
0.00395154
0.000232185
0.0039479
0.000267049
0.00394764
0.000300753
0.00395049
0.000333396
0.00395617
0.00036502
0.00396445
0.000395636
0.0039751
0.000425256
0.0039879
0.000453891
0.00400266
0.00048155
0.00401918
0.000508238
0.0040373
0.000533956
0.00405684
0.000558711
0.00407765
0.000582508
0.00409959
0.000605354
0.00412252
0.000627264
0.00414631
0.000648254
0.00417084
0.000668341
0.004196
0.000687548
0.00422167
0.000705898
0.00424777
0.000723411
0.0042742
0.000740111
0.00430086
0.000756017
0.00432768
0.000771145
0.00435457
0.000785508
0.00438147
0.000799109
0.00440832
0.000811947
0.00443503
0.000824013
0.00446157
0.00083529
0.00448789
0.000845753
0.00451392
0.00085537
0.00453965
0.000864105
0.00456502
0.000871915
0.00459002
0.000878754
0.00461462
0.000884576
0.00463879
0.000889336
0.00466254
0.00089299
0.00468584
0.000895503
0.00470869
0.000896842
0.0047311
0.000896989
0.00475307
0.000895926
0.0047746
0.000893665
0.00479571
0.000890201
0.0048164
0.000885585
0.00483671
0.000879821
0.00485663
0.000873009
0.00487619
0.000865147
0.00489542
0.000856407
0.00491432
0.000846741
0.00493294
0.000836439
0.00495128
0.00082534
0.00496937
0.000813934
0.00498724
0.000801822
0.00500491
0.000789856
0.00502241
0.000777179
0.00503975
0.00076529
0.00505698
0.000752494
0.00507408
0.000741423
0.00509115
0.000728952
0.00510809
0.000719552
0.00512508
0.000707885
0.00514192
0.00070107
0.00515887
0.000690893
0.00517565
0.000687411
0.000680164
0.00382945
-0.000202198
0.0037723
-0.000153035
0.00372343
-0.000106426
0.00368175
-6.16031e-05
0.00364638
-1.81932e-05
0.00361883
2.20718e-05
0.003596
6.046e-05
0.00357834
9.75875e-05
0.00356554
0.000133144
0.00355707
0.000167344
0.0035526
0.000200576
0.00355184
0.000232946
0.00355449
0.000264395
0.00356029
0.000294954
0.00356899
0.000324693
0.00358037
0.000353638
0.00359422
0.000381789
0.00361033
0.000409145
0.00362851
0.000435707
0.00364859
0.000461473
0.00367039
0.000486437
0.00369376
0.000510593
0.00371853
0.000533941
0.00374456
0.000556474
0.00377172
0.000578196
0.00379987
0.000599114
0.00382888
0.000619237
0.00385865
0.000638578
0.00388905
0.000657151
0.00391997
0.000674975
0.00395131
0.000692065
0.00398299
0.000708437
0.0040149
0.000724108
0.00404695
0.000739088
0.00407908
0.000753383
0.00411119
0.000766993
0.00414323
0.000779912
0.00417512
0.000792125
0.0042068
0.00080361
0.00423821
0.000814337
0.00426931
0.000824269
0.00430006
0.000833364
0.0043304
0.000841574
0.0043603
0.000848849
0.00438974
0.000855135
0.00441869
0.000860385
0.00444713
0.000864549
0.00447505
0.000867587
0.00450243
0.00086946
0.00452927
0.000870147
0.00455557
0.000869626
0.00458134
0.000867904
0.00460656
0.000864974
0.00463126
0.000860882
0.00465545
0.000855633
0.00467914
0.000849319
0.00470235
0.000841941
0.00472509
0.000833663
0.00474739
0.000824445
0.00476927
0.00081456
0.00479074
0.000803865
0.00481185
0.000792826
0.0048326
0.000781071
0.00485304
0.000769419
0.00487318
0.000757042
0.00489305
0.000745413
0.0049127
0.000732851
0.00493212
0.000721999
0.0049514
0.000709674
0.00497047
0.000700479
0.00498951
0.000688848
0.00500832
0.00068226
0.00502718
0.000672032
0.00504582
0.000668778
0.000661604
0.00328454
-0.00015154
0.00324178
-0.00011028
0.00320605
-7.06944e-05
0.00317646
-3.2018e-05
0.00315267
5.60407e-06
0.00313477
3.99685e-05
0.00312144
7.37923e-05
0.0031127
0.000106327
0.00310811
0.000137729
0.00310729
0.000168165
0.00310998
0.000197886
0.00311597
0.000226961
0.00312501
0.000255347
0.00313691
0.000283059
0.00315146
0.000310146
0.00316847
0.000336622
0.00318778
0.000362479
0.00320922
0.000387709
0.00323262
0.000412304
0.00325784
0.000436256
0.00328472
0.000459555
0.00331313
0.000482188
0.00334292
0.000504149
0.00337397
0.000525427
0.00340614
0.000546021
0.00343932
0.000565934
0.00347339
0.000585171
0.00350822
0.000603741
0.00354372
0.000621653
0.00357977
0.000638923
0.00361628
0.000655559
0.00365314
0.000671574
0.00369027
0.000686981
0.00372757
0.000701787
0.00376496
0.000715991
0.00380237
0.000729591
0.0038397
0.000742575
0.0038769
0.000754923
0.00391391
0.000766609
0.00395064
0.000777598
0.00398706
0.000787849
0.00402311
0.000797315
0.00405875
0.000805941
0.00409392
0.000813674
0.0041286
0.000820457
0.00416275
0.000826234
0.00419635
0.000830953
0.00422936
0.000834568
0.00426179
0.000837037
0.0042936
0.000838333
0.0043248
0.000838431
0.00435537
0.000837332
0.00438531
0.000835029
0.00441463
0.00083156
0.00444334
0.00082693
0.00447143
0.000821224
0.00449892
0.000814448
0.00452584
0.00080675
0.00455218
0.000798105
0.00457797
0.000788762
0.00460324
0.000778603
0.00462801
0.000768056
0.00465229
0.000756792
0.00467613
0.000745573
0.00469954
0.000733632
0.00472258
0.000722375
0.00474525
0.000710179
0.00476761
0.000699642
0.00478969
0.00068759
0.00481149
0.00067868
0.00483315
0.000667194
0.0048545
0.000660904
0.00487584
0.000650694
0.00489688
0.000647741
0.000640683
0.00272052
-0.000117195
0.00269236
-8.21194e-05
0.00266967
-4.80092e-05
0.00265175
-1.40961e-05
0.00263942
1.7929e-05
0.00263099
4.84001e-05
0.00262671
7.80755e-05
0.00262624
0.000106795
0.00262927
0.000134698
0.00263553
0.000161906
0.00264483
0.000188585
0.00265702
0.000214776
0.00267192
0.000240448
0.00268937
0.00026561
0.00270922
0.000290295
0.00273133
0.00031451
0.00275557
0.000338242
0.00278179
0.00036148
0.00280989
0.000384213
0.00283971
0.000406429
0.00287115
0.000428114
0.00290409
0.000449254
0.00293839
0.000469843
0.00297396
0.000489861
0.00301067
0.000509311
0.00304841
0.000528191
0.00308708
0.000546505
0.00312656
0.00056426
0.00316675
0.000581462
0.00320755
0.000598125
0.00324886
0.000614249
0.00329058
0.00062985
0.00333263
0.000644935
0.00337491
0.000659507
0.00341734
0.000673564
0.00345983
0.000687097
0.00350231
0.000700092
0.00354471
0.000712525
0.00358695
0.000724365
0.00362898
0.000735574
0.00367072
0.000746107
0.00371212
0.00075591
0.00375314
0.000764929
0.00379371
0.000773102
0.0038338
0.00078037
0.00387336
0.000786672
0.00391236
0.000791952
0.00395077
0.00079616
0.00398855
0.00079925
0.0040257
0.00080119
0.00406218
0.000801952
0.00409798
0.000801531
0.00413309
0.00079992
0.0041675
0.000797146
0.00420121
0.000793219
0.00423422
0.000788212
0.00426653
0.000782137
0.00429816
0.000775124
0.0043291
0.000767164
0.00435938
0.000758479
0.00438901
0.000748978
0.00441802
0.000739045
0.00444641
0.000728401
0.00447425
0.000717736
0.00450151
0.000706367
0.0045283
0.000695592
0.00455457
0.000683902
0.00458044
0.000673777
0.00460589
0.000662133
0.00463099
0.000653588
0.00465582
0.000642365
0.00468027
0.000636448
0.00470464
0.000626331
0.00472862
0.000623758
0.000616854
0.00216271
-9.70795e-05
0.00214712
-6.65273e-05
0.00213571
-3.66015e-05
0.00212815
-6.53472e-06
0.00212453
2.15464e-05
0.00212439
4.85457e-05
0.00212764
7.48286e-05
0.00213403
0.000100402
0.00214336
0.000125366
0.00215546
0.000149808
0.0021702
0.000173846
0.00218747
0.000197499
0.00220717
0.000220749
0.00222917
0.000243608
0.00225337
0.000266098
0.00227966
0.00028822
0.00230794
0.000309964
0.0023381
0.000331316
0.00237005
0.000352264
0.00240369
0.000372797
0.0024389
0.0003929
0.00247559
0.00041256
0.00251367
0.00043177
0.00255302
0.000450507
0.00259355
0.000468777
0.00263517
0.000486578
0.00267776
0.000503914
0.00272123
0.000520789
0.00276548
0.000537209
0.00281042
0.000553189
0.00285595
0.000568719
0.00290198
0.000583819
0.00294842
0.000598494
0.00299519
0.000612742
0.00304219
0.000626561
0.00308935
0.000639936
0.00313659
0.000652851
0.00318384
0.000665279
0.00323102
0.000677186
0.00327806
0.000688531
0.0033249
0.000699264
0.00337148
0.00070933
0.00341774
0.00071867
0.00346362
0.00072722
0.00350908
0.000734917
0.00355405
0.000741698
0.0035985
0.000747501
0.00364239
0.000752275
0.00368567
0.000755968
0.00372831
0.000758546
0.00377029
0.000759978
0.00381157
0.000760253
0.00385212
0.000759361
0.00389194
0.000757325
0.00393101
0.000754154
0.00396931
0.000749908
0.00400684
0.000744607
0.0040436
0.000738363
0.00407959
0.00073118
0.00411482
0.000723251
0.00414928
0.000714515
0.00418302
0.000705304
0.00421602
0.000695399
0.00424836
0.000685401
0.00427999
0.00067473
0.00431104
0.000664548
0.00434144
0.000653497
0.00437134
0.000643878
0.00440069
0.00063278
0.00442961
0.000624677
0.00445813
0.000613844
0.00448621
0.000608365
0.00451412
0.000598424
0.00454156
0.000596312
0.000589587
0.00163892
-0.000115534
0.00162934
-8.74974e-05
0.001623
-6.01904e-05
0.00161983
-3.34356e-05
0.00161984
-6.536e-06
0.00162278
1.86062e-05
0.00162862
4.26991e-05
0.00163728
6.61727e-05
0.0016486
8.90809e-05
0.00166246
0.000111505
0.00167876
0.000133513
0.0016974
0.0001552
0.00171834
0.000176563
0.00174149
0.000197598
0.00176677
0.000218327
0.00179411
0.000238763
0.00182342
0.000258907
0.00185463
0.000278749
0.00188767
0.000298278
0.00192245
0.000317484
0.00195889
0.000336354
0.00199692
0.000354878
0.00203643
0.000373044
0.00207735
0.000390849
0.0021196
0.00040826
0.00216308
0.000425295
0.00220771
0.000441952
0.00225339
0.000458232
0.00230003
0.000474144
0.00234755
0.000489689
0.00239585
0.000504888
0.00244485
0.000519717
0.00249447
0.000534206
0.00254461
0.000548356
0.00259519
0.000562162
0.00264613
0.000575619
0.00269735
0.000588712
0.00274878
0.00060142
0.00280035
0.000613716
0.00285197
0.000625564
0.00290358
0.000636919
0.00295512
0.000647729
0.00300651
0.000657939
0.00305769
0.000667485
0.00310861
0.000676304
0.0031592
0.000684328
0.0032094
0.000691493
0.00325917
0.000697736
0.00330844
0.000703001
0.00335717
0.000707236
0.00340532
0.000710402
0.00345283
0.000712466
0.00349967
0.000713413
0.0035458
0.000713231
0.00359119
0.000711935
0.00363581
0.000709535
0.00367964
0.000706081
0.00372265
0.000701595
0.00376484
0.000696174
0.00380619
0.000689833
0.0038467
0.000682734
0.00388637
0.000674847
0.00392523
0.000666449
0.00396324
0.000657383
0.00400049
0.000648152
0.00403693
0.000638292
0.00407268
0.0006288
0.00410766
0.000618514
0.00414205
0.000609489
0.00417576
0.000599072
0.00420896
0.000591476
0.00424164
0.000581166
0.00427383
0.000576178
0.00430575
0.000566503
0.00433713
0.000564924
0.000558388
0.00113456
-0.00010998
0.00113138
-8.43139e-05
0.00113068
-5.94952e-05
0.00113256
-3.53096e-05
0.0011372
-1.1178e-05
0.00114408
1.17271e-05
0.00115349
3.329e-05
0.00116535
5.431e-05
0.00117959
7.48442e-05
0.00119612
9.49732e-05
0.00121488
0.000114754
0.00123581
0.000134268
0.00125888
0.000153488
0.00128405
0.000172428
0.00131125
0.000191127
0.00134043
0.000209587
0.00137153
0.000227811
0.00140448
0.000245791
0.00143924
0.000263519
0.00147574
0.000280985
0.00151391
0.000298183
0.00155369
0.000315103
0.001595
0.000331737
0.00163776
0.000348088
0.00168191
0.000364105
0.00172738
0.000379832
0.00177407
0.000395259
0.00182191
0.000410392
0.00187081
0.000425237
0.00192071
0.000439798
0.00197149
0.000454101
0.00202311
0.000468098
0.00207548
0.000481844
0.0021285
0.000495328
0.00218212
0.000508547
0.00223624
0.000521493
0.00229081
0.000534148
0.00234574
0.000546492
0.00240096
0.000558495
0.0024564
0.000570121
0.002512
0.000581321
0.00256768
0.000592047
0.00262338
0.000602239
0.00267903
0.000611835
0.00273456
0.000620769
0.00278992
0.000628974
0.00284503
0.000636385
0.00289982
0.000642938
0.00295425
0.000648576
0.00300824
0.000653245
0.00306174
0.000656904
0.00311468
0.000659519
0.00316703
0.000661071
0.00321871
0.000661546
0.00326969
0.000660954
0.00331992
0.000659302
0.00336937
0.000656633
0.003418
0.000652969
0.00346578
0.000648391
0.00351269
0.000642925
0.00355872
0.000636703
0.00360385
0.000629722
0.00364809
0.000622204
0.00369142
0.000614052
0.0037339
0.000605669
0.00377548
0.000596713
0.00381628
0.000588
0.00385621
0.000578584
0.00389547
0.000570233
0.00393392
0.00056062
0.00397181
0.000553587
0.00400904
0.000543933
0.00404575
0.000539469
0.00408209
0.000530162
0.00411785
0.000529169
0.000522822
0.000674818
-0.00010751
0.000674333
-8.38282e-05
0.000676031
-6.11937e-05
0.00068004
-3.93188e-05
0.000686619
-1.77568e-05
0.000695047
3.29947e-06
0.000705906
2.24305e-05
0.000718997
4.12189e-05
0.00073431
5.95314e-05
0.000751797
7.74867e-05
0.00077141
9.51403e-05
0.000793109
0.000112569
0.000816889
0.000129708
0.000842713
0.000146604
0.000870527
0.000163313
0.000900291
0.000179823
0.000931963
0.000196139
0.000965499
0.000212255
0.00100085
0.000228167
0.00103797
0.000243869
0.00107679
0.000259356
0.00111727
0.000274625
0.00115934
0.000289671
0.00120292
0.000304501
0.00124799
0.000319039
0.00129445
0.00033337
0.00134224
0.00034747
0.00139129
0.000361348
0.00144151
0.000375011
0.00149285
0.000388462
0.00154521
0.00040174
0.00159855
0.000414754
0.00165279
0.000427607
0.00170785
0.000440267
0.00176367
0.000452731
0.00182017
0.000464993
0.00187728
0.000477029
0.00193495
0.000488822
0.00199311
0.000500341
0.00205168
0.00051155
0.0021106
0.0005224
0.0021698
0.000532843
0.00222922
0.00054282
0.00228879
0.000552269
0.00234843
0.000561127
0.00240808
0.000569327
0.00246766
0.000576805
0.0025271
0.000583497
0.00258633
0.000589346
0.00264527
0.0005943
0.00270386
0.000598317
0.00276202
0.00060136
0.00281968
0.000603409
0.00287678
0.000604448
0.00293325
0.000604482
0.00298904
0.000603518
0.00304408
0.000601588
0.00309833
0.000598717
0.00315176
0.000594969
0.0032043
0.000590378
0.00325596
0.000585048
0.00330668
0.000579
0.00335648
0.000572403
0.00340532
0.000565214
0.00345325
0.000557741
0.0035002
0.000549755
0.00354631
0.000541893
0.00359146
0.000533433
0.00363587
0.000525826
0.00367936
0.000517122
0.00372225
0.0005107
0.00376435
0.000501831
0.00380592
0.000497901
0.003847
0.000489081
0.00388748
0.000488693
0.000482536
0.0002612
-0.000104845
0.000260576
-8.3204e-05
0.000262128
-6.27462e-05
0.000265937
-4.31272e-05
0.000272133
-2.39533e-05
0.000280667
-5.23386e-06
0.000291063
1.20343e-05
0.000303719
2.85627e-05
0.000318578
4.4672e-05
0.000335585
6.048e-05
0.000354694
7.6031e-05
0.000375872
9.13919e-05
0.000399121
0.000106459
0.000424418
0.000121307
0.000451705
0.000136025
0.000480952
0.000150576
0.000512127
0.000164964
0.000545194
0.000179188
0.000580114
0.000193247
0.000616843
0.00020714
0.000655336
0.000220863
0.000695543
0.000234418
0.000737406
0.000247807
0.000780869
0.000261038
0.000825908
0.000273999
0.000872439
0.000286839
0.000920402
0.000299508
0.000969736
0.000312015
0.00102038
0.000324369
0.00107226
0.000336576
0.00112531
0.00034869
0.00117951
0.000360553
0.00123477
0.000372351
0.00129103
0.000384012
0.00134822
0.000395538
0.00140629
0.000406923
0.00146518
0.000418138
0.00152483
0.00042917
0.00158518
0.00043999
0.00164617
0.000450563
0.00170773
0.000460837
0.00176981
0.00047077
0.00183232
0.000480305
0.00189521
0.000489381
0.0019584
0.000497939
0.00202181
0.000505914
0.00208537
0.000513245
0.002149
0.00051987
0.00221261
0.000525735
0.00227612
0.000530788
0.00233945
0.000534989
0.00240251
0.000538301
0.00246521
0.000540702
0.00252748
0.000542177
0.00258924
0.000542725
0.00265041
0.000542351
0.00271091
0.000541082
0.00277069
0.000538939
0.00282969
0.000535976
0.00288784
0.000532227
0.00294511
0.000527776
0.00300145
0.000522656
0.00305686
0.000516995
0.00311128
0.000510791
0.00316476
0.000504267
0.00321722
0.000497294
0.00326877
0.000490339
0.00331931
0.000482896
0.00336904
0.000476094
0.00341778
0.000468384
0.00346587
0.000462613
0.00351305
0.000454645
0.00355971
0.000451244
0.00360575
0.000443044
0.0036512
0.000443233
0.000437287
-0.000106033
-9.98376e-05
-0.000108715
-8.05223e-05
-0.000109061
-6.24001e-05
-0.000107044
-4.51438e-05
-0.000102589
-2.84082e-05
-9.5622e-05
-1.22013e-05
-8.68635e-05
3.27579e-06
-7.57594e-05
1.74586e-05
-6.2444e-05
3.13566e-05
-4.69505e-05
4.49865e-05
-2.93129e-05
5.83934e-05
-9.53186e-06
7.16108e-05
1.22151e-05
8.47117e-05
3.59432e-05
9.75792e-05
6.17302e-05
0.000110238
8.95307e-05
0.000122776
0.000119309
0.000135186
0.000151029
0.000147468
0.000184654
0.000159622
0.000220147
0.000171647
0.000257467
0.000183544
0.000296568
0.000195316
0.000337401
0.000206975
0.000379915
0.000218523
0.000424115
0.0002298
0.000469901
0.000241052
0.000517228
0.000252181
0.000566044
0.000263198
0.0006163
0.000274113
0.000667939
0.000284937
0.000720886
0.000295743
0.000775167
0.000306272
0.00083067
0.000316848
0.000887356
0.000327326
0.000945176
0.000337719
0.00100408
0.000348022
0.00106402
0.000358199
0.00112494
0.000368247
0.00118679
0.000378137
0.00124952
0.000387836
0.00131307
0.00039729
0.00137737
0.000406467
0.00144237
0.00041531
0.00150798
0.000423765
0.00157414
0.000431775
0.00164078
0.000439282
0.0017078
0.000446226
0.00177511
0.000452553
0.00184264
0.000458211
0.00191027
0.000463151
0.00197793
0.000467335
0.0020455
0.000470728
0.00211289
0.000473308
0.00218001
0.00047506
0.00224676
0.000475979
0.00231304
0.00047607
0.00237877
0.000475352
0.00244386
0.000473845
0.00250825
0.000471591
0.00257185
0.000468625
0.00263461
0.000465011
0.00269648
0.00046079
0.00275742
0.000456054
0.00281738
0.000450831
0.00287637
0.000445275
0.00293433
0.000439333
0.00299134
0.000433328
0.0030473
0.00042694
0.0031024
0.000420996
0.00315644
0.000414341
0.00320979
0.000409261
0.00326214
0.000402296
0.00331399
0.000399402
0.00336506
0.000391972
0.00341563
0.000392657
0.000386984
-0.000426721
-9.1386e-05
-0.00043254
-7.47041e-05
-0.000435799
-5.91403e-05
-0.000436538
-4.44057e-05
-0.000434734
-3.02116e-05
-0.000430415
-1.65203e-05
-0.000423791
-3.3488e-06
-0.000415108
8.77614e-06
-0.000404125
2.0373e-05
-0.000390924
3.17862e-05
-0.00037556
4.30285e-05
-0.000358058
5.41092e-05
-0.000338422
6.50756e-05
-0.00031669
7.5847e-05
-0.000292908
8.64565e-05
-0.000267098
9.69654e-05
-0.000239281
0.000107369
-0.000209485
0.000117672
-0.000177737
0.000127874
-0.000144068
0.000137978
-0.000108509
0.000147985
-7.109e-05
0.000157897
-3.18348e-05
0.00016772
9.21812e-06
0.00017747
5.18152e-05
0.000187203
9.61731e-05
0.000196694
0.000142204
0.00020615
0.000189855
0.000215547
0.000239081
0.000224887
0.00028983
0.000234187
0.000342028
0.000243546
0.000395761
0.000252539
0.000450878
0.000261731
0.000507361
0.000270843
0.000565177
0.000279903
0.000624283
0.000288915
0.000684651
0.000297832
0.000746233
0.000306665
0.000808982
0.000315387
0.00087285
0.000323968
0.00093779
0.000332349
0.00100374
0.000340516
0.00107064
0.00034841
0.00113842
0.000355984
0.00120701
0.000363188
0.00127632
0.00036997
0.00134627
0.000376277
0.00141676
0.00038206
0.0014877
0.000387272
0.00155898
0.00039187
0.0016305
0.000395819
0.00170214
0.000399088
0.00177379
0.000401655
0.00184535
0.000403505
0.00191669
0.000404633
0.00198772
0.000405042
0.00205833
0.000404745
0.00212841
0.00040376
0.00219789
0.000402119
0.00226666
0.000399854
0.00233465
0.000397014
0.0024018
0.000393641
0.00246806
0.000389801
0.00253335
0.000385536
0.00259768
0.000380947
0.00266098
0.000376037
0.0027233
0.00037101
0.00278454
0.000365693
0.00284488
0.000360656
0.00290413
0.000355093
0.00296264
0.000350747
0.00302007
0.000344864
0.00307702
0.000342457
0.00313304
0.000335957
0.0031887
0.000336997
0.000331721
-0.000687114
-9.41683e-05
-0.000699419
-7.90817e-05
-0.000708788
-6.53348e-05
-0.000715365
-5.25637e-05
-0.000719242
-4.05285e-05
-0.000720458
-2.8995e-05
-0.00071908
-1.78989e-05
-0.00071513
-7.29895e-06
-0.000709135
2.78104e-06
-0.000700778
1.20161e-05
-0.000690167
2.11754e-05
-0.000677349
3.02105e-05
-0.000662357
3.91173e-05
-0.000645198
4.79168e-05
-0.000625916
5.65649e-05
-0.000604551
6.50916e-05
-0.000581121
7.35355e-05
-0.000555649
8.1897e-05
-0.000528158
9.01811e-05
-0.000498675
9.83908e-05
-0.000467226
0.000106529
-0.00043384
0.000114599
-0.000398549
0.000122606
-0.000361384
0.000130555
-0.000322369
0.000138455
-0.0002815
0.000146334
-0.000238863
0.000154057
-0.000194477
0.000161765
-0.000148367
0.000169438
-0.000100559
0.000177079
-5.10616e-05
0.00018469
2.26787e-07
0.000192257
5.27222e-05
0.000200044
0.000106954
0.000207499
0.000162767
0.00021503
0.000220112
0.000222558
0.000278953
0.000230074
0.000339275
0.000237509
0.000401037
0.000244904
0.000464196
0.000252227
0.000528712
0.000259453
0.000594548
0.000266513
0.000661645
0.000273419
0.000729944
0.000280111
0.000799379
0.000286549
0.000869876
0.000292692
0.000941351
0.000298495
0.00101371
0.000303914
0.00108687
0.000308907
0.0011607
0.000313435
0.00123511
0.000317461
0.00130998
0.000320954
0.00138518
0.000323888
0.00146059
0.000326244
0.00153609
0.000328008
0.00161154
0.000329175
0.00168684
0.000329746
0.00176186
0.00032973
0.00183648
0.000329142
0.00191059
0.000328005
0.0019841
0.000326348
0.0020569
0.000324206
0.00212893
0.000321617
0.0022001
0.000318629
0.00227035
0.000315287
0.00233964
0.000311652
0.00240792
0.000307759
0.0024752
0.000303727
0.00254141
0.000299486
0.00260667
0.000295398
0.00267082
0.000290947
0.00273418
0.000287382
0.00279641
0.000282638
0.00285816
0.000280702
0.00291883
0.000275288
0.00297933
0.000276497
0.00027181
-0.00090613
-7.46776e-05
-0.000922135
-6.3077e-05
-0.000934945
-5.25244e-05
-0.000944755
-4.27539e-05
-0.000951705
-3.35785e-05
-0.000955879
-2.48205e-05
-0.000957355
-1.64237e-05
-0.000956223
-8.43052e-06
-0.000952803
-6.38804e-07
-0.00094705
6.2631e-06
-0.000939018
1.31429e-05
-0.000928746
1.99389e-05
-0.000916268
2.66391e-05
-0.000901602
3.32512e-05
-0.00088479
3.97527e-05
-0.000865866
4.61669e-05
-0.000844847
5.25174e-05
-0.000821758
5.88072e-05
-0.000796618
6.50415e-05
-0.000769451
7.12238e-05
-0.00074028
7.73577e-05
-0.000709127
8.34468e-05
-0.000676017
8.9496e-05
-0.000640973
9.55102e-05
-0.000604012
0.000101494
-0.000565139
0.000107461
-0.000524417
0.000113335
-0.000481856
0.000119204
-0.000437476
0.000125057
-0.000391297
0.0001309
-0.000343343
0.000136736
-0.000293646
0.000142561
-0.000242115
0.000148513
-0.000188891
0.000154275
-0.000133955
0.000160093
-7.73107e-05
0.000165914
-1.89619e-05
0.000171725
4.09974e-05
0.00017755
0.000102595
0.000183306
0.000165815
0.000189007
0.000230613
0.000194655
0.000296963
0.000200163
0.000364801
0.000205581
0.000434075
0.000210838
0.000504719
0.000215905
0.00057666
0.000220751
0.000649814
0.000225341
0.000724088
0.00022964
0.000799379
0.000233616
0.000875578
0.000237236
0.000952565
0.000240474
0.00103022
0.000243303
0.0011084
0.000245704
0.00118698
0.000247661
0.00126583
0.000249163
0.0013448
0.000250204
0.00142376
0.000250786
0.00150257
0.000250914
0.00158111
0.0002506
0.00165926
0.00024986
0.00173689
0.000248715
0.00181391
0.000247192
0.0018902
0.000245322
0.0019657
0.000243135
0.00204031
0.000240674
0.00211399
0.000237974
0.00218667
0.000235079
0.00225834
0.00023205
0.00232895
0.000228881
0.00239857
0.000225779
0.00246707
0.000222445
0.00253474
0.000219713
0.00260124
0.000216142
0.00266726
0.000214675
0.00273206
0.000210486
0.00279691
0.000211652
0.000207802
-0.00107321
-5.18029e-05
-0.00109235
-4.39401e-05
-0.00110809
-3.67855e-05
-0.00112066
-3.01784e-05
-0.00113025
-2.39884e-05
-0.00113698
-1.80961e-05
-0.00114094
-1.24588e-05
-0.0011423
-7.07816e-06
-0.00114102
-1.91337e-06
-0.00113758
2.82192e-06
-0.00113181
7.3755e-06
-0.00112378
1.19041e-05
-0.00111351
1.63754e-05
-0.00110105
2.07858e-05
-0.00108642
2.51237e-05
-0.00106966
2.94046e-05
-0.00105078
3.36421e-05
-0.00102981
3.78398e-05
-0.00100677
4.20019e-05
-0.000981682
4.61314e-05
-0.000954556
5.02315e-05
-0.000925415
5.43055e-05
-0.000894276
5.83572e-05
-0.000861156
6.23901e-05
-0.000826069
6.64072e-05
-0.00078902
7.04128e-05
-0.000750056
7.437e-05
-0.00070918
7.83284e-05
-0.000666404
8.22818e-05
-0.00062174
8.62354e-05
-0.000575197
9.01934e-05
-0.000526789
9.41522e-05
-0.000476463
9.81868e-05
-0.000424305
0.000102117
-0.0003703
0.000106088
-0.000314452
0.000110066
-0.00025677
0.000114043
-0.000197249
0.00011803
-0.00013592
0.000121977
-7.28017e-05
0.000125889
-7.90225e-06
0.000129756
5.86687e-05
0.000133592
0.00012694
0.00013731
0.000196846
0.000140931
0.000268322
0.000144429
0.000341292
0.000147781
0.000415673
0.00015096
0.000491369
0.000153944
0.000568276
0.000156709
0.000646278
0.000159234
0.000725252
0.0001615
0.000805066
0.000163489
0.000885584
0.000165187
0.000966661
0.000166584
0.00104815
0.000167671
0.00112991
0.000168446
0.00121179
0.000168907
0.00129364
0.00016906
0.00137533
0.000168911
0.00145672
0.000168471
0.00153768
0.000167755
0.00161809
0.00016678
0.00169785
0.000165567
0.00177685
0.000164136
0.001855
0.000162517
0.00193225
0.00016073
0.00200851
0.000158812
0.00208377
0.000156792
0.00215797
0.000154685
0.00223115
0.0001526
0.00230321
0.000150382
0.00237439
0.000148531
0.00244438
0.000146149
0.0025139
0.000145161
0.00258207
0.000142309
0.0026505
0.000143228
0.000140477
-0.00118615
-2.65149e-05
-0.00120754
-2.2544e-05
-0.0012254
-1.8928e-05
-0.00123998
-1.55943e-05
-0.0012515
-1.24758e-05
-0.00126008
-9.51236e-06
-0.00126586
-6.68296e-06
-0.00126895
-3.98363e-06
-0.00126948
-1.38658e-06
-0.00126765
9.96448e-07
-0.00126354
3.26352e-06
-0.00125716
5.5249e-06
-0.00124854
7.75749e-06
-0.00123771
9.95798e-06
-0.00122471
1.2122e-05
-0.00120957
1.42572e-05
-0.00119229
1.63702e-05
-0.00117292
1.84632e-05
-0.00115145
2.0539e-05
-0.00112792
2.25995e-05
-0.00110234
2.46467e-05
-0.00107471
2.66827e-05
-0.00104507
2.87098e-05
-0.00101341
3.073e-05
-0.000979745
3.27449e-05
-0.000944088
3.4756e-05
-0.000906466
3.67482e-05
-0.000866882
3.87439e-05
-0.00082534
4.07405e-05
-0.000781846
4.27411e-05
-0.0007364
4.47476e-05
-0.000689007
4.67592e-05
-0.000639626
4.88052e-05
-0.000588317
5.08091e-05
-0.000535063
5.28336e-05
-0.00047986
5.48635e-05
-0.000422712
5.68951e-05
-0.000363614
5.89316e-05
-0.000302587
6.09498e-05
-0.000239649
6.29512e-05
-0.000174824
6.49305e-05
-0.000108123
6.68908e-05
-3.96062e-05
6.8793e-05
3.0678e-05
7.0647e-05
0.000102668
7.24386e-05
0.000176298
7.41512e-05
0.00025148
7.57776e-05
0.000328121
7.73037e-05
0.000406112
7.87181e-05
0.000485336
8.00101e-05
0.000565666
8.11699e-05
0.000646965
8.2189e-05
0.000729092
8.30604e-05
0.000811897
8.37787e-05
0.000895227
8.43402e-05
0.00097893
8.47433e-05
0.00106285
8.49881e-05
0.00114683
8.50765e-05
0.00123073
8.50126e-05
0.0013144
8.48017e-05
0.0013977
8.44515e-05
0.00148051
8.39701e-05
0.00156271
8.33692e-05
0.00164419
8.26575e-05
0.00172486
8.18517e-05
0.00180463
8.09599e-05
0.00188344
8.00034e-05
0.00196124
7.89924e-05
0.00203798
7.79413e-05
0.00211368
7.68948e-05
0.00218828
7.57896e-05
0.00226195
7.48565e-05
0.00233443
7.36694e-05
0.00240642
7.31751e-05
0.00247699
7.17367e-05
0.00254797
7.22455e-05
7.0817e-05
-0.00124312
-0.0012657
-0.00128466
-0.0013003
-0.00131283
-0.00132239
-0.00132913
-0.00133316
-0.0013346
-0.00133365
-0.00133042
-0.00132492
-0.00131718
-0.00130722
-0.00129509
-0.00128081
-0.00126439
-0.00124587
-0.00122525
-0.00120256
-0.0011778
-0.00115099
-0.00112215
-0.00109128
-0.00105838
-0.00102348
-0.000986584
-0.0009477
-0.00090683
-0.000863973
-0.000819127
-0.00077229
-0.00072343
-0.000672592
-0.000619755
-0.000564916
-0.000508073
-0.000449221
-0.000388376
-0.000325553
-0.000260772
-0.000194049
-0.000125437
-5.49815e-05
1.72594e-05
9.1211e-05
0.000166791
0.000243904
0.000322441
0.000402284
0.000483303
0.000565361
0.000648311
0.000732002
0.000816278
0.000900981
0.000985952
0.00107103
0.00115607
0.00124092
0.00132544
0.00140949
0.00149296
0.00157572
0.00165769
0.00173877
0.0018189
0.00189802
0.00197609
0.00205311
0.00212901
0.00220398
0.00227776
0.00235102
0.00242284
0.00249516
)
;

boundaryField
{
    inlet
    {
        type            calculated;
        value           nonuniform 0();
    }
    outlet
    {
        type            calculated;
        value           nonuniform List<scalar> 
50
(
0.0055395
0.00547465
0.00539623
0.00530263
0.0051924
0.00506438
0.0049178
0.00475245
0.00456883
0.00436833
0.00415341
0.00392777
0.00369645
0.00346594
0.00324396
0.00303924
0.00286092
0.00271782
0.00261763
0.00256602
0.0103735
0.0104925
0.0105665
0.0106093
0.0106316
0.0106409
0.0106425
0.0106396
0.0106344
0.0106279
0.0106209
0.0106137
0.0106064
0.0105991
0.010592
0.0105851
0.0105783
0.0105719
0.0105657
0.0105599
0.0105545
0.0105495
0.010545
0.010541
0.0105375
0.0105345
0.0105322
0.0105304
0.0105292
0.0105286
)
;
    }
    cylinder
    {
        type            calculated;
        value           nonuniform 0();
    }
    top
    {
        type            symmetryPlane;
        value           nonuniform 0();
    }
    bottom
    {
        type            symmetryPlane;
        value           uniform 0;
    }
    defaultFaces
    {
        type            empty;
        value           nonuniform 0();
    }
    procBoundary1to0
    {
        type            processor;
        value           nonuniform List<scalar> 
54
(
-0.0122763
-0.0126289
-0.0127335
-0.0127304
-0.0126868
-0.0126287
-0.0125662
-0.0125039
-0.0124441
-0.0123877
-0.0123347
-0.0122849
-0.0122378
-0.0121935
-0.0121517
-0.0121125
-0.0120759
-0.0120418
-0.0120104
-0.0119816
-0.0119553
-0.0119318
-0.0119108
-0.0118925
-0.0118768
-0.0118637
-0.0118532
-0.0118454
-0.0118402
-0.0118376
-0.00536003
0.000497941
-0.00528961
-0.00506853
-0.00474558
-0.0043258
0.000268595
-0.00389585
-0.00333519
-0.00275486
-0.00218283
0.000128507
-0.00165189
-0.00114011
-0.000677289
-0.000263864
0.000101025
0.00041827
0.000109594
0.000671688
0.000886639
0.00105034
0.00116086
0.00121658
)
;
    }
    procBoundary1to3
    {
        type            processor;
        value           nonuniform List<scalar> 
77
(
2.72453e-08
3.33032e-08
3.90896e-08
4.42531e-08
4.84514e-08
5.13696e-08
5.27795e-08
5.27465e-08
5.09649e-08
4.25061e-08
3.58433e-08
2.72227e-08
1.62797e-08
3.28925e-09
-1.13578e-08
-2.73511e-08
-4.42254e-08
-6.14966e-08
-7.86272e-08
-9.5054e-08
-1.10204e-07
-1.23517e-07
-1.34465e-07
-1.42575e-07
-1.47444e-07
-1.4877e-07
-1.4632e-07
-1.39994e-07
-1.29787e-07
-1.15811e-07
-9.83265e-08
-7.78331e-08
-5.46659e-08
-2.9719e-08
-2.85634e-09
2.46615e-08
5.22885e-08
7.93239e-08
1.04879e-07
1.28429e-07
1.49331e-07
1.67178e-07
1.81312e-07
1.91561e-07
1.97678e-07
1.99577e-07
1.97289e-07
1.90952e-07
1.80819e-07
1.67235e-07
1.50626e-07
1.3148e-07
1.10333e-07
8.77439e-08
6.42816e-08
4.05037e-08
1.69355e-08
-5.88615e-09
-2.75521e-08
-4.76652e-08
-6.58976e-08
-8.19886e-08
-9.57507e-08
-1.07054e-07
-1.15842e-07
-1.221e-07
-1.25879e-07
-1.27266e-07
-1.26363e-07
-1.23382e-07
-1.18297e-07
-1.11708e-07
-1.02766e-07
-9.37526e-08
-8.01188e-08
-7.13896e-08
-4.78151e-08
)
;
    }
}


// ************************************************************************* //
