/*--------------------------------*- C++ -*----------------------------------*\
  =========                 |
  \\      /  F ield         | OpenFOAM: The Open Source CFD Toolbox
   \\    /   O peration     | Website:  https://openfoam.org
    \\  /    A nd           | Version:  7
     \\/     M anipulation  |
\*---------------------------------------------------------------------------*/
FoamFile
{
    version     2.0;
    format      ascii;
    class       surfaceScalarField;
    location    "40";
    object      phi;
}
// * * * * * * * * * * * * * * * * * * * * * * * * * * * * * * * * * * * * * //

dimensions      [0 3 -1 0 0 0 0];

internalField   nonuniform List<scalar> 
6868
(
-0.00249418
-2.03086e-05
-0.00247206
-2.2099e-05
-0.00244812
-2.39173e-05
-0.00242232
-2.57628e-05
-0.00239465
-2.76348e-05
-0.00236507
-2.95318e-05
-0.00233356
-3.14523e-05
-0.00230011
-3.33943e-05
-0.00226469
-3.53555e-05
-0.00222729
-3.73332e-05
-0.00218789
-3.93245e-05
-0.00214648
-4.13263e-05
-0.00210306
-4.33349e-05
-0.00205762
-4.53469e-05
-0.00201017
-4.73582e-05
-0.00196072
-4.9365e-05
-0.00190926
-5.13632e-05
-0.00185582
-5.33487e-05
-0.00180041
-5.53173e-05
-0.00174305
-5.72652e-05
-0.00168378
-5.91879e-05
-0.00162261
-6.108e-05
-0.00155958
-6.29513e-05
-0.00149469
-6.48191e-05
-0.00142806
-6.65631e-05
-0.00135974
-6.82643e-05
-0.00128976
-6.99237e-05
-0.00121819
-7.15306e-05
-0.00114508
-7.30803e-05
-0.00107049
-7.4569e-05
-0.000994484
-7.59937e-05
-0.000917132
-7.73513e-05
-0.000838502
-7.86394e-05
-0.000758668
-7.9856e-05
-0.000677701
-8.09991e-05
-0.000595676
-8.2068e-05
-0.000512662
-8.30678e-05
-0.000428734
-8.39918e-05
-0.000343981
-8.48268e-05
-0.000258478
-8.55861e-05
-0.0001723
-8.62705e-05
-8.55201e-05
-8.688e-05
1.78722e-06
-8.74148e-05
8.9543e-05
-8.78697e-05
0.000177681
-8.82575e-05
0.000266131
-8.8574e-05
0.000354824
-8.88207e-05
0.000443694
-8.89998e-05
0.000532675
-8.91136e-05
0.000621707
-8.91644e-05
0.00071073
-8.91549e-05
0.000799687
-8.90875e-05
0.000888523
-8.8965e-05
0.000977189
-8.87903e-05
0.00106563
-8.85661e-05
0.00115381
-8.82955e-05
0.00124169
-8.79814e-05
0.00132921
-8.76267e-05
0.00141635
-8.72346e-05
0.00150307
-8.6808e-05
0.00158934
-8.63499e-05
0.00167513
-8.58633e-05
0.00176042
-8.53512e-05
0.00184519
-8.48164e-05
0.00192941
-8.42618e-05
0.00201307
-8.36903e-05
0.00209615
-8.31048e-05
0.00217865
-8.25078e-05
0.00226055
-8.19023e-05
0.00234185
-8.12908e-05
0.00242255
-8.0676e-05
0.00250264
-8.00606e-05
0.00258212
-7.94472e-05
0.002661
-7.88385e-05
0.00273929
-7.8237e-05
0.002817
-7.76457e-05
0.00289414
-7.70674e-05
0.00297072
-7.6505e-05
0.00304676
-7.59618e-05
0.00312228
-7.54414e-05
0.00319732
-7.49479e-05
0.0032719
-7.44854e-05
0.00334605
-7.40604e-05
0.00341982
-7.36774e-05
0.00349327
-7.33499e-05
0.00356644
-7.30769e-05
0.00363944
-7.29006e-05
-9.42779e-08
0.00371231
-7.27824e-05
-9.176e-08
0.00378525
-7.28562e-05
-8.7883e-08
0.00385833
-7.29967e-05
-8.31587e-08
-7.3166e-05
-7.42595e-08
-0.00199395
-4.3521e-05
-0.00196896
-4.70861e-05
-0.00194218
-5.07013e-05
-0.00191357
-5.43653e-05
-0.00188313
-5.8076e-05
-0.00185083
-6.18308e-05
-0.00181666
-6.56262e-05
-0.0017806
-6.94583e-05
-0.00174263
-7.33222e-05
-0.00170275
-7.72128e-05
-0.00166095
-8.11241e-05
-0.00161723
-8.50497e-05
-0.00157158
-8.89826e-05
-0.00152401
-9.29157e-05
-0.00147453
-9.68412e-05
-0.00142314
-0.000100751
-0.00136987
-0.000104638
-0.00131472
-0.000108492
-0.00125773
-0.000112307
-0.00119892
-0.000116074
-0.00113833
-0.000119785
-0.00107598
-0.000123428
-0.00101193
-0.000126999
-0.000946083
-0.000130668
-0.000878668
-0.000133977
-0.000809705
-0.000137228
-0.000739234
-0.000140395
-0.00066731
-0.000143454
-0.000593993
-0.000146397
-0.000519345
-0.000149217
-0.000443431
-0.000151908
-0.000366317
-0.000154465
-0.000288074
-0.000156883
-0.000208771
-0.000159159
-0.000128479
-0.000161291
-4.72703e-05
-0.000163277
3.47653e-05
-0.000165104
0.000117546
-0.000166773
0.000201022
-0.000168302
0.000285117
-0.000169681
0.000369757
-0.00017091
0.000454868
-0.000171991
0.000540377
-0.000172924
0.00062622
-0.000173713
0.000712323
-0.000174361
0.000798621
-0.000174871
0.000885048
-0.000175248
0.000971543
-0.000175495
0.00105805
-0.000175617
0.0011445
-0.000175618
0.00123085
-0.000175504
0.00131704
-0.000175279
0.00140303
-0.000174951
0.00148876
-0.000174523
0.00157419
-0.000174002
0.00165929
-0.000173393
0.00174401
-0.000172703
0.00182832
-0.000171937
0.00191219
-0.000171101
0.00199558
-0.000170201
0.00207848
-0.000169244
0.00216085
-0.000168234
0.00224267
-0.000167177
0.00232394
-0.00016608
0.00240462
-0.000164947
0.00248472
-0.000163785
0.00256421
-0.000162598
0.00264309
-0.000161392
0.00272137
-0.000160173
0.00279902
-0.000158945
0.00287606
-0.000157713
0.00295248
-0.000156483
0.00302829
-0.00015526
0.0031035
-0.000154048
0.00317812
-0.000152853
0.00325215
-0.000151681
0.00332562
-0.000150537
0.00339854
-0.000149426
0.00347093
-0.000148355
0.00354282
-0.00014733
0.00361424
-0.00014636
0.0036852
-0.000145451
0.00375576
-0.000144618
0.00382595
-0.000143866
0.00389582
-0.000143223
0.00396542
-0.000142681
0.00403484
-0.00014232
0.00410413
-0.00014207
0.0041734
-0.00014213
0.00424278
-0.000142372
-0.000142774
-0.00105308
-0.00102365
-7.65214e-05
-0.000992454
-8.1893e-05
-0.000959495
-8.73239e-05
-0.000924761
-9.28107e-05
-0.000888242
-9.83493e-05
-0.000849934
-0.000103935
-0.000809832
-0.00010956
-0.000767935
-0.00011522
-0.000724243
-0.000120905
-0.00067876
-0.000126607
-0.000631493
-0.000132317
-0.000582452
-0.000138024
-0.000531648
-0.000143719
-0.0004791
-0.00014939
-0.000424825
-0.000155026
-0.000368848
-0.000160615
-0.000311193
-0.000166147
-0.000251891
-0.000171609
-0.000190974
-0.000176991
-0.000128476
-0.000182283
-6.4414e-05
-0.00018749
1.21135e-06
-0.000192624
6.78948e-05
-0.000197352
0.000136041
-0.000202124
0.000205554
-0.00020674
0.000276347
-0.000211189
0.000348357
-0.000215464
0.000421518
-0.000219558
0.000495762
-0.000223461
0.000571021
-0.000227167
0.000647226
-0.00023067
0.000724307
-0.000233964
0.000802193
-0.000237045
0.000880813
-0.00023991
0.000960093
-0.000242557
0.00103997
-0.00024498
0.00112038
-0.000247179
0.00120123
-0.000249159
0.00128247
-0.00025092
0.00136402
-0.000252463
0.00144582
-0.000253791
0.00152781
-0.000254908
0.00160991
-0.000255816
0.00169207
-0.000256522
0.00177423
-0.000257031
0.00185633
-0.000257349
0.00193832
-0.000257482
0.00202014
-0.000257438
0.00210175
-0.000257223
0.00218309
-0.000256846
0.00226412
-0.000256315
0.00234481
-0.000255638
0.00242511
-0.000254822
0.00250499
-0.000253878
0.00258441
-0.000252813
0.00266334
-0.000251636
0.00274176
-0.000250356
0.00281964
-0.000248982
0.00289696
-0.000247522
0.0029737
-0.000245984
0.00304985
-0.000244378
0.00312538
-0.000242712
0.00320029
-0.000240993
0.00327458
-0.00023923
0.00334822
-0.000237431
0.00342123
-0.000235604
0.00349359
-0.000233756
0.00356532
-0.000231896
0.0036364
-0.000230029
0.00370685
-0.000228165
0.00377668
-0.000226309
0.00384589
-0.00022447
0.00391449
-0.000222654
0.00398251
-0.00022087
0.00404995
-0.000219124
0.00411684
-0.000217424
0.00418319
-0.000215779
0.00424904
-0.000214198
0.0043144
-0.000212689
0.0043793
-0.000211265
0.00444379
-0.000209934
0.00450788
-0.000208716
0.00457163
-0.000207616
0.00463508
-0.000206674
0.00469828
-0.000205875
0.00476127
-0.000205316
0.00482413
-0.000204929
0.00488688
-0.000204879
0.00494965
-0.000205145
-0.000205788
0.000267291
-0.000109775
0.00030229
-0.000116891
0.000339027
-0.000124061
0.000377496
-0.000131279
0.000417686
-0.00013854
0.000459588
-0.000145836
0.000503188
-0.000153161
0.000548473
-0.000160504
0.000595424
-0.000167856
0.000644024
-0.000175206
0.00069425
-0.000182543
0.000746077
-0.000189852
0.00079948
-0.000197121
0.000854427
-0.000204337
0.000910885
-0.000211484
0.000968818
-0.000218548
0.00102819
-0.000225515
0.00108895
-0.00023237
0.00115105
-0.000239098
0.00121445
-0.000245685
0.00127909
-0.000252124
0.00134486
-0.000258399
0.00141192
-0.000264405
0.00148004
-0.000270242
0.00154918
-0.00027588
0.00161928
-0.000281292
0.00169028
-0.000286468
0.00176212
-0.000291398
0.00183474
-0.000296074
0.00190805
-0.000300486
0.00198201
-0.000304628
0.00205654
-0.000308495
0.00213158
-0.000312081
0.00220705
-0.000315384
0.0022829
-0.000318402
0.00235905
-0.000321133
0.00243545
-0.000323576
0.00251203
-0.000325735
0.00258872
-0.000327612
0.00266547
-0.000329211
0.00274221
-0.000330535
0.00281889
-0.000331591
0.00289546
-0.000332384
0.00297186
-0.000332921
0.00304804
-0.000333212
0.00312395
-0.000333263
0.00319956
-0.000333085
0.00327481
-0.000332687
0.00334966
-0.000332078
0.00342408
-0.00033127
0.00349804
-0.000330272
0.0035715
-0.000329097
0.00364443
-0.000327755
0.00371681
-0.000326258
0.00378862
-0.000324616
0.00385982
-0.000322842
0.00393041
-0.000320946
0.00400037
-0.000318941
0.00406969
-0.000316836
0.00413835
-0.000314644
0.00420634
-0.000312375
0.00427367
-0.000310039
0.00434033
-0.000307648
0.00440631
-0.000305212
0.00447162
-0.000302741
0.00453626
-0.000300244
0.00460023
-0.000297732
0.00466355
-0.000295214
0.00472622
-0.000292699
0.00478825
-0.000290197
0.00484966
-0.000287717
0.00491046
-0.000285269
0.00497067
-0.00028286
0.0050303
-0.000280501
0.00508938
-0.000278201
0.00514792
-0.00027597
0.00520596
-0.000273818
0.00526352
-0.000271756
0.00532062
-0.000269794
0.00537731
-0.000267947
0.0054336
-0.000266226
0.00548954
-0.000264653
0.00554515
-0.000263234
0.00560049
-0.000262013
0.0056556
-0.000260978
0.00571049
-0.000260208
0.00576524
-0.000259685
0.00581984
-0.000259479
0.00587437
-0.00025967
-0.000260451
0.0017983
-0.000144063
0.00183438
-0.000152973
0.00187223
-0.000161908
0.00191181
-0.000170862
0.0019531
-0.000179828
0.00199606
-0.000188799
0.00204066
-0.000197764
0.00208687
-0.000206715
0.00213466
-0.000215638
0.00218397
-0.00022452
0.00223478
-0.000233349
0.00228703
-0.000242109
0.0023407
-0.000250786
0.00239572
-0.000259362
0.00245206
-0.000267822
0.00250966
-0.000276149
0.00256847
-0.000284327
0.00262844
-0.000292338
0.00268951
-0.000300165
0.00275162
-0.000307791
0.00281469
-0.000315202
0.00287868
-0.000322381
0.00294356
-0.000329293
0.00300926
-0.000335943
0.0030757
-0.000342318
0.00314282
-0.000348405
0.00321054
-0.000354191
0.00327881
-0.000359666
0.00334755
-0.000364821
0.00341672
-0.000369649
0.00348623
-0.000374143
0.00355603
-0.000378297
0.00362606
-0.000382109
0.00369625
-0.000385576
0.00376655
-0.000388697
0.00383689
-0.000391473
0.00390722
-0.000393904
0.00397748
-0.000395995
0.00404761
-0.00039775
0.00411758
-0.000399175
0.00418732
-0.000400277
0.00425679
-0.000401062
0.00432595
-0.000401541
0.00439475
-0.000401721
0.00446315
-0.000401615
0.00453112
-0.000401232
0.00459862
-0.000400585
0.00466562
-0.000399686
0.00473209
-0.000398547
0.004798
-0.000397182
0.00486333
-0.000395604
0.00492806
-0.000393826
0.00499217
-0.000391862
0.00505564
-0.000389727
0.00511845
-0.000387434
0.00518061
-0.000384996
0.00524209
-0.000382427
0.00530289
-0.000379742
0.00536301
-0.000376953
0.00542244
-0.000374074
0.00548118
-0.000371117
0.00553924
-0.000368096
0.00559661
-0.000365023
0.00565331
-0.00036191
0.00570934
-0.000358768
0.0057647
-0.000355611
0.00581942
-0.000352448
0.0058735
-0.000349292
0.00592695
-0.000346153
0.0059798
-0.000343043
0.00603205
-0.000339971
0.00608373
-0.000336949
0.00613486
-0.000333987
0.00618545
-0.000331096
0.00623554
-0.000328287
0.00628514
-0.00032557
0.00633428
-0.000322958
0.00638298
-0.000320463
0.00643129
-0.000318097
0.00647922
-0.000315876
0.0065268
-0.000313811
0.00657407
-0.000311925
0.00662107
-0.000310229
0.00666781
-0.000308754
0.00671435
-0.000307515
0.00676068
-0.000306541
0.00680688
-0.000305883
0.00685292
-0.000305521
0.00689882
-0.000305569
-0.000306349
0.00347052
0.00350294
-0.000185399
0.00353729
-0.000196253
0.00357349
-0.000207063
0.00361148
-0.000217825
0.00365122
-0.00022853
0.00369262
-0.00023917
0.00373564
-0.000249733
0.00378021
-0.000260208
0.00382627
-0.00027058
0.00387376
-0.000280836
0.00392261
-0.000290959
0.00397276
-0.000300935
0.00402414
-0.000310747
0.0040767
-0.000320377
0.00413036
-0.000329809
0.00418505
-0.000339024
0.00424072
-0.000348006
0.0042973
-0.000356737
0.0043547
-0.0003652
0.00441288
-0.000373379
0.00447176
-0.000381256
0.00453128
-0.000388813
0.00459137
-0.000396039
0.00465198
-0.000402921
0.00471302
-0.000409449
0.00477444
-0.000415611
0.00483617
-0.000421399
0.00489816
-0.000426804
0.00496033
-0.00043182
0.00502263
-0.000436443
0.005085
-0.000440669
0.00514739
-0.000444496
0.00520973
-0.000447923
0.00527199
-0.000450952
0.0053341
-0.000453585
0.00539602
-0.000455827
0.00545771
-0.000457682
0.00551912
-0.000459158
0.0055802
-0.000460262
0.00564093
-0.000461004
0.00570126
-0.000461393
0.00576116
-0.000461442
0.00582061
-0.000461162
0.00587956
-0.000460566
0.00593799
-0.000459667
0.00599589
-0.00045848
0.00605322
-0.000457019
0.00610997
-0.0004553
0.00616613
-0.000453337
0.00622167
-0.000451148
0.00627659
-0.000448746
0.00633088
-0.000446149
0.00638452
-0.000443372
0.00643752
-0.000440431
0.00648987
-0.000437342
0.00654156
-0.000434121
0.0065926
-0.000430783
0.00664299
-0.000427343
0.00669273
-0.000423816
0.00674183
-0.000420217
0.0067903
-0.00041656
0.00683813
-0.000412859
0.00688535
-0.000409127
0.00693196
-0.000405379
0.00697798
-0.000401627
0.00702341
-0.000397884
0.00706828
-0.000394162
0.0071126
-0.000390474
0.00715639
-0.000386831
0.00719966
-0.000383245
0.00724244
-0.000379728
0.00728475
-0.000376292
0.0073266
-0.000372948
0.00736802
-0.000369709
0.00740904
-0.000366586
0.00744967
-0.000363592
0.00748995
-0.000360739
0.0075299
-0.000358042
0.00756954
-0.000355515
0.0076089
-0.000353174
0.00764801
-0.000351035
0.0076869
-0.000349119
0.00772558
-0.000347437
0.0077641
-0.000346033
0.00780245
-0.000344889
0.00784067
-0.000344105
0.00787876
-0.000343615
0.0079167
-0.000343504
-0.000344187
0.00519918
0.00522497
-0.00022204
0.00525283
-0.000234925
0.00528267
-0.000247664
0.00531439
-0.000260251
0.0053479
-0.00027268
0.00538311
-0.000284941
0.00541992
-0.000297022
0.00545825
-0.000308913
0.00549802
-0.0003206
0.00553913
-0.000332069
0.0055815
-0.000343306
0.00562505
-0.000354295
0.00566969
-0.000365021
0.00571535
-0.000375468
0.00576195
-0.00038562
0.0058094
-0.000395461
0.00585764
-0.000404974
0.00590658
-0.000414145
0.00595616
-0.000422958
0.0060063
-0.000431399
0.00605694
-0.000439454
0.00610801
-0.000447109
0.00615945
-0.000454356
0.00621118
-0.000461184
0.00626315
-0.000467584
0.0063153
-0.000473549
0.00636757
-0.000479074
0.00641991
-0.000484156
0.00647226
-0.000488791
0.00652457
-0.000492979
0.00657679
-0.00049672
0.00662889
-0.000500017
0.00668081
-0.000502872
0.00673251
-0.000505292
0.00678397
-0.000507282
0.00683514
-0.00050885
0.00688598
-0.000510006
0.00693648
-0.000510759
0.0069866
-0.000511122
0.00703631
-0.000511108
0.0070856
-0.000510729
0.00713444
-0.00051
0.00718281
-0.000508936
0.00723069
-0.000507553
0.00727808
-0.000505866
0.00732496
-0.000503894
0.00737131
-0.000501652
0.00741713
-0.000499159
0.00746241
-0.000496431
0.00750715
-0.000493486
0.00755135
-0.000490343
0.00759499
-0.000487017
0.00763809
-0.000483527
0.00768064
-0.000479891
0.00772264
-0.000476124
0.0077641
-0.000472245
0.00780503
-0.000468268
0.00784542
-0.000464212
0.0078853
-0.00046009
0.00792466
-0.00045592
0.00796351
-0.000451715
0.00800188
-0.000447491
0.00803976
-0.000443262
0.00807717
-0.000439041
0.00811413
-0.000434843
0.00815065
-0.000430681
0.00818674
-0.000426568
0.00822243
-0.000422516
0.00825772
-0.000418538
0.00829264
-0.000414647
0.0083272
-0.000410855
0.00836143
-0.000407173
0.00839534
-0.000403616
0.00842895
-0.000400195
0.00846228
-0.000396924
0.00849535
-0.000393815
0.00852819
-0.000390883
0.00856082
-0.00038814
0.00859325
-0.000385607
0.00862551
-0.000383291
0.00865761
-0.000381225
0.00868958
-0.0003794
0.00872143
-0.000377882
0.00875316
-0.000376623
0.00878479
-0.000375737
0.00881634
-0.000375161
0.00884776
-0.00037492
-0.000375468
0.00680824
-0.000235328
0.00682385
-0.000250532
0.00684164
-0.000265457
0.00686149
-0.000280103
0.00688328
-0.000294467
0.00690688
-0.000308544
0.00693219
-0.000322327
0.00695908
-0.000335808
0.00698746
-0.000348977
0.00701722
-0.000361825
0.00704825
-0.00037434
0.00708047
-0.00038651
0.00711377
-0.000398323
0.00714807
-0.000409767
0.00718328
-0.000420829
0.00721931
-0.000431495
0.00725609
-0.000441755
0.00729354
-0.000451594
0.00733158
-0.000461002
0.00737015
-0.000469967
0.00740918
-0.000478479
0.0074486
-0.000486529
0.00748835
-0.000494108
0.00752838
-0.000501211
0.00756862
-0.000507831
0.00760904
-0.000513964
0.00764957
-0.000519607
0.00769018
-0.000524761
0.00773081
-0.000529424
0.00777143
-0.000533599
0.007812
-0.000537289
0.00785248
-0.000540499
0.00789284
-0.000543234
0.00793305
-0.000545503
0.00797309
-0.000547314
0.00801291
-0.000548677
0.00805251
-0.000549603
0.00809186
-0.000550106
0.00813093
-0.0005502
0.00816972
-0.000549897
0.00820821
-0.000549215
0.00824638
-0.00054817
0.00828422
-0.000546777
0.00832172
-0.000545054
0.00835888
-0.00054302
0.00839568
-0.000540692
0.00843211
-0.000538089
0.00846818
-0.00053523
0.00850388
-0.000532132
0.00853921
-0.000528816
0.00857417
-0.0005253
0.00860876
-0.000521602
0.00864297
-0.000517741
0.00867681
-0.000513735
0.00871029
-0.000509602
0.00874341
-0.00050536
0.00877616
-0.000501027
0.00880857
-0.000496618
0.00884063
-0.000492152
0.00887236
-0.000487643
0.00890375
-0.000483108
0.00893482
-0.000478562
0.00896558
-0.00047402
0.00899604
-0.000469498
0.0090262
-0.000465007
0.00905608
-0.000460564
0.0090857
-0.000456181
0.00911505
-0.000451872
0.00914416
-0.00044765
0.00917304
-0.000443527
0.00920171
-0.000439517
0.00923017
-0.000435632
0.00925843
-0.000431885
0.00928653
-0.000428289
0.00931446
-0.000424858
0.00934225
-0.000421602
0.00936991
-0.00041854
0.00939745
-0.000415679
0.00942488
-0.000413045
0.00945223
-0.000410635
0.00947949
-0.000408493
0.00950669
-0.000406595
0.00953382
-0.000405016
0.0095609
-0.0004037
0.00958791
-0.00040275
0.00961488
-0.00040213
0.00964177
-0.000401809
-0.000402245
0.00813862
0.00814129
-0.000253196
0.0081462
-0.000270367
0.00815321
-0.000287118
0.0081622
-0.000303452
0.00817302
-0.000319372
0.00818557
-0.000334876
0.00819973
-0.000349962
0.00821538
-0.000364626
0.00823241
-0.000378863
0.00825074
-0.000392667
0.00827026
-0.000406031
0.00829089
-0.000418948
0.00831253
-0.000431408
0.0083351
-0.000443403
0.00835853
-0.000454926
0.00838275
-0.000465967
0.00840767
-0.000476517
0.00843324
-0.00048657
0.00845939
-0.000496118
0.00848606
-0.000505154
0.00851321
-0.000513673
0.00854077
-0.000521669
0.0085687
-0.00052914
0.00859695
-0.000536082
0.00862548
-0.000542496
0.00865426
-0.000548382
0.00868323
-0.00055374
0.00871238
-0.000558573
0.00874167
-0.000562886
0.00877107
-0.000566684
0.00880054
-0.000569973
0.00883007
-0.000572763
0.00885963
-0.000575063
0.0088892
-0.000576882
0.00891875
-0.000578233
0.00894828
-0.00057913
0.00897776
-0.000579587
0.00900718
-0.000579618
0.00903652
-0.000579241
0.00906578
-0.000578472
0.00909494
-0.000577327
0.00912399
-0.000575826
0.00915292
-0.000573986
0.00918173
-0.000571826
0.0092104
-0.000569366
0.00923893
-0.000566625
0.00926733
-0.000563622
0.00929557
-0.000560377
0.00932366
-0.000556909
0.0093516
-0.000553239
0.00937939
-0.000549385
0.00940701
-0.000545366
0.00943448
-0.000541202
0.00946179
-0.000536911
0.00948894
-0.000532512
0.00951594
-0.000528022
0.00954278
-0.000523458
0.00956946
-0.000518839
0.009596
-0.000514181
0.00962239
-0.000509499
0.00964864
-0.000504811
0.00967475
-0.000500131
0.00970073
-0.000495475
0.00972658
-0.000490857
0.00975231
-0.000486291
0.00977792
-0.000481792
0.00980342
-0.000477374
0.00982882
-0.000473049
0.00985412
-0.000468832
0.00987934
-0.000464735
0.00990448
-0.00046077
0.00992955
-0.000456953
0.00995455
-0.000453293
0.0099795
-0.000449807
0.0100044
-0.000446505
0.0100293
-0.000443404
0.0100541
-0.000440511
0.0100789
-0.000437853
0.0101037
-0.000435423
0.0101285
-0.000433266
0.0101532
-0.000431356
0.010178
-0.000429762
0.0102027
-0.000428435
0.0102274
-0.000427454
0.0102521
-0.000426807
0.0102767
-0.000426433
-0.000426829
0.00908046
-0.00024471
0.00907413
-0.000264035
0.00906983
-0.000282823
0.00906746
-0.000301081
0.0090669
-0.000318815
0.00906805
-0.000336028
0.00907081
-0.000352722
0.00907509
-0.000368899
0.00908078
-0.000384557
0.00908781
-0.000399694
0.00909608
-0.000414308
0.00910553
-0.000428396
0.00911608
-0.000441952
0.00912765
-0.000454974
0.00914018
-0.000467455
0.0091536
-0.000479391
0.00916786
-0.000490778
0.0091829
-0.000501611
0.00919867
-0.000511886
0.00921512
-0.000521601
0.00923219
-0.000530751
0.00924986
-0.000539336
0.00926808
-0.000547355
0.0092868
-0.000554808
0.009306
-0.000561697
0.00932564
-0.000568023
0.0093457
-0.000573791
0.00936613
-0.000579005
0.00938691
-0.000583672
0.00940803
-0.000587799
0.00942945
-0.000591394
0.00945115
-0.000594467
0.00947312
-0.000597029
0.00949533
-0.000599093
0.00951777
-0.000600672
0.00954042
-0.000601779
0.00956326
-0.000602429
0.00958628
-0.000602639
0.00960946
-0.000602426
0.0096328
-0.000601806
0.00965627
-0.000600798
0.00967986
-0.000599421
0.00970357
-0.000597693
0.00972738
-0.000595635
0.00975128
-0.000593266
0.00977526
-0.000590606
0.00979931
-0.000587675
0.00982343
-0.000584494
0.0098476
-0.000581082
0.00987183
-0.00057746
0.00989609
-0.000573648
0.00992039
-0.000569665
0.00994472
-0.000565531
0.00996907
-0.000561265
0.00999344
-0.000556886
0.0100178
-0.000552412
0.0100422
-0.000547862
0.0100667
-0.000543252
0.0100911
-0.000538601
0.0101155
-0.000533926
0.0101399
-0.000529241
0.0101644
-0.000524565
0.0101888
-0.000519911
0.0102132
-0.000515296
0.0102377
-0.000510734
0.0102621
-0.000506239
0.0102866
-0.000501826
0.010311
-0.000497508
0.0103355
-0.0004933
0.01036
-0.000489214
0.0103845
-0.000485263
0.010409
-0.000481461
0.0104335
-0.00047782
0.0104581
-0.000474356
0.0104826
-0.000471077
0.0105072
-0.000468002
0.0105319
-0.000465135
0.0105565
-0.000462504
0.0105812
-0.000460102
0.0106059
-0.000457968
0.0106306
-0.000456085
0.0106554
-0.000454501
0.0106801
-0.000453193
0.0107049
-0.000452199
0.0107296
-0.000451556
0.0107543
-0.000451139
-0.000451333
0.0147539
-0.000215188
0.0147258
-0.000235867
0.0146989
-0.000255934
0.0146732
-0.000275394
0.0146486
-0.000294254
0.0146251
-0.000312518
0.0146026
-0.00033019
0.014581
-0.000347273
0.0145602
-0.000363767
0.0145401
-0.000379674
0.0145208
-0.000394993
0.0145022
-0.000409725
0.0144841
-0.000423868
0.0144665
-0.000437421
0.0144494
-0.000450383
0.0144328
-0.000462754
0.0144166
-0.000474531
0.0144007
-0.000485716
0.0143851
-0.000496307
0.0143698
-0.000506305
0.0143548
-0.000515711
0.0143399
-0.000524526
0.0143253
-0.000532754
0.0143109
-0.000540398
0.0142967
-0.000547462
0.0142826
-0.000553952
0.0142687
-0.000559874
0.0142549
-0.000565236
0.0142413
-0.000570045
0.0142278
-0.000574312
0.0142145
-0.000578047
0.0142013
-0.000581261
0.0141882
-0.000583967
0.0141753
-0.000586178
0.0141625
-0.000587908
0.0141499
-0.000589173
0.0141375
-0.000589989
0.0141252
-0.000590371
0.0141131
-0.000590338
0.0141012
-0.000589906
0.0140895
-0.000589094
0.014078
-0.00058792
0.0140667
-0.000586404
0.0140557
-0.000584566
0.0140448
-0.000582423
0.0140342
-0.000579997
0.0140239
-0.000577307
0.0140137
-0.000574372
0.0140039
-0.000571213
0.0139942
-0.000567848
0.0139849
-0.000564297
0.0139758
-0.00056058
0.013967
-0.000556715
0.0139584
-0.00055272
0.0139502
-0.000548614
0.0139422
-0.000544416
0.0139345
-0.000540142
0.013927
-0.000535809
0.0139199
-0.000531435
0.013913
-0.000527036
0.0139063
-0.000522627
0.0139
-0.000518225
0.0138939
-0.000513843
0.0138881
-0.000509499
0.0138826
-0.000505204
0.0138773
-0.000500975
0.0138723
-0.000496823
0.0138676
-0.000492764
0.0138631
-0.000488809
0.0138589
-0.000484972
0.0138549
-0.000481265
0.0138511
-0.000477702
0.0138476
-0.000474294
0.0138443
-0.000471054
0.0138412
-0.000467993
0.0138383
-0.000465125
0.0138356
-0.000462458
0.0138332
-0.000460011
0.0138308
-0.000457785
0.0138287
-0.000455805
0.0138267
-0.000454068
0.0138248
-0.000452596
0.013823
-0.000451398
0.0138212
-0.00045046
0.0138195
-0.000449869
0.0138178
-0.00044944
-0.000449571
0.0157616
-0.000183617
0.0157304
-0.000204684
0.0156996
-0.000225131
0.0156692
-0.000244961
0.0156391
-0.000264179
0.0156094
-0.000282788
0.01558
-0.000300789
0.0155509
-0.000318184
0.0155221
-0.000334974
0.0154936
-0.000351161
0.0154653
-0.000366744
0.0154373
-0.000381724
0.0154096
-0.0003961
0.015382
-0.000409873
0.0153547
-0.000423044
0.0153275
-0.000435612
0.0153006
-0.000447579
0.0152738
-0.000458945
0.0152472
-0.000469713
0.0152208
-0.000479883
0.0151945
-0.00048946
0.0151685
-0.000498447
0.0151426
-0.000506847
0.0151168
-0.000514666
0.0150913
-0.00052191
0.0150659
-0.000528585
0.0150407
-0.0005347
0.0150158
-0.000540262
0.014991
-0.000545282
0.0149664
-0.000549769
0.0149421
-0.000553734
0.0149181
-0.000557191
0.0148942
-0.00056015
0.0148707
-0.000562627
0.0148474
-0.000564635
0.0148244
-0.000566191
0.0148018
-0.000567308
0.0147794
-0.000568004
0.0147574
-0.000568296
0.0147356
-0.0005682
0.0147143
-0.000567735
0.0146933
-0.000566919
0.0146727
-0.00056577
0.0146524
-0.000564306
0.0146325
-0.000562546
0.014613
-0.00056051
0.0145939
-0.000558215
0.0145752
-0.000555682
0.014557
-0.000552928
0.0145391
-0.000549972
0.0145216
-0.000546833
0.0145046
-0.00054353
0.0144879
-0.00054008
0.0144717
-0.0005365
0.0144559
-0.000532809
0.0144405
-0.000529024
0.0144255
-0.000525161
0.014411
-0.000521238
0.0143968
-0.000517269
0.014383
-0.000513271
0.0143697
-0.00050926
0.0143567
-0.000505249
0.0143441
-0.000501254
0.0143319
-0.000497289
0.0143201
-0.000493368
0.0143086
-0.000489504
0.0142975
-0.000485711
0.0142867
-0.000482002
0.0142763
-0.000478388
0.0142662
-0.000474883
0.0142564
-0.000471499
0.014247
-0.000468247
0.0142378
-0.000465139
0.014229
-0.000462187
0.0142204
-0.000459401
0.014212
-0.000456794
0.014204
-0.000454375
0.0141961
-0.000452156
0.0141885
-0.000450144
0.014181
-0.000448353
0.0141737
-0.000446792
0.0141666
-0.000445463
0.0141596
-0.000444395
0.0141527
-0.000443544
0.0141458
-0.000443024
0.014139
-0.000442635
-0.0004428
0.0162118
-0.000156473
0.0161844
-0.000177225
0.0161566
-0.000197379
0.0161286
-0.000216938
0.0161003
-0.000235904
0.0160718
-0.000254279
0.0160431
-0.000272063
0.0160141
-0.000289257
0.015985
-0.000305862
0.0159557
-0.000321877
0.0159263
-0.000337303
0.0158967
-0.000352141
0.015867
-0.000366389
0.0158372
-0.000380049
0.0158073
-0.000393121
0.0157773
-0.000405606
0.0157472
-0.000417506
0.0157171
-0.000428822
0.0156869
-0.000439555
0.0156567
-0.00044971
0.0156266
-0.00045929
0.0155964
-0.000468298
0.0155663
-0.000476739
0.0155363
-0.000484619
0.0155063
-0.000491944
0.0154764
-0.000498721
0.0154467
-0.000504958
0.0154171
-0.000510663
0.0153876
-0.000515847
0.0153584
-0.000520519
0.0153294
-0.00052469
0.0153005
-0.000528372
0.015272
-0.000531578
0.0152437
-0.000534321
0.0152156
-0.000536614
0.0151879
-0.000538472
0.0151605
-0.00053991
0.0151335
-0.000540944
0.0151068
-0.000541589
0.0150804
-0.000541862
0.0150545
-0.00054178
0.0150289
-0.000541359
0.0150037
-0.000540617
0.014979
-0.000539571
0.0149547
-0.00053824
0.0149308
-0.00053664
0.0149074
-0.000534789
0.0148844
-0.000532706
0.0148619
-0.000530407
0.0148399
-0.000527911
0.0148183
-0.000525235
0.0147971
-0.000522396
0.0147765
-0.000519411
0.0147563
-0.000516297
0.0147365
-0.000513071
0.0147172
-0.000509749
0.0146984
-0.000506346
0.0146801
-0.000502878
0.0146622
-0.000499362
0.0146447
-0.000495811
0.0146277
-0.00049224
0.0146111
-0.000488664
0.0145949
-0.000485096
0.0145792
-0.000481551
0.0145639
-0.000478041
0.0145489
-0.000474579
0.0145344
-0.000471178
0.0145203
-0.00046785
0.0145065
-0.000464608
0.0144931
-0.000461463
0.01448
-0.000458426
0.0144672
-0.000455508
0.0144548
-0.000452721
0.0144427
-0.000450076
0.0144309
-0.000447582
0.0144193
-0.000445249
0.0144081
-0.000443088
0.014397
-0.000441108
0.0143862
-0.000439318
0.0143756
-0.000437724
0.0143651
-0.000436343
0.0143548
-0.000435163
0.0143446
-0.000434229
0.0143346
-0.000433476
0.0143246
-0.000433041
0.0143147
-0.000432702
-0.000432837
0.0163526
-0.000134124
0.0163296
-0.000154206
0.0163059
-0.000173724
0.0162817
-0.000192678
0.0162568
-0.00021107
0.0162314
-0.000228899
0.0162055
-0.000246166
0.0161792
-0.000262871
0.0161523
-0.000279014
0.016125
-0.000294595
0.0160973
-0.000309613
0.0160693
-0.00032407
0.0160408
-0.000337964
0.0160121
-0.000351298
0.015983
-0.000364071
0.0159537
-0.000376284
0.0159242
-0.000387939
0.0158944
-0.000399038
0.0158644
-0.000409583
0.0158343
-0.000419577
0.015804
-0.000429024
0.0157736
-0.000437928
0.0157432
-0.000446294
0.0157127
-0.000454127
0.0156822
-0.000461433
0.0156517
-0.000468219
0.0156212
-0.000474493
0.0155908
-0.000480263
0.0155605
-0.000485539
0.0155303
-0.000490329
0.0155003
-0.000494645
0.0154704
-0.000498497
0.0154407
-0.000501897
0.0154113
-0.000504858
0.015382
-0.000507393
0.0153531
-0.000509514
0.0153244
-0.000511236
0.015296
-0.000512573
0.015268
-0.000513541
0.0152403
-0.000514154
0.0152129
-0.000514428
0.0151859
-0.000514378
0.0151593
-0.000514022
0.0151332
-0.000513374
0.0151074
-0.000512452
0.015082
-0.000511271
0.0150571
-0.000509849
0.0150325
-0.000508201
0.0150085
-0.000506345
0.0149849
-0.000504296
0.0149617
-0.000502071
0.014939
-0.000499686
0.0149167
-0.000497157
0.0148949
-0.0004945
0.0148736
-0.00049173
0.0148527
-0.000488862
0.0148323
-0.000485912
0.0148123
-0.000482894
0.0147928
-0.000479823
0.0147737
-0.000476712
0.014755
-0.000473576
0.0147368
-0.000470429
0.0147189
-0.000467282
0.0147015
-0.00046415
0.0146846
-0.000461044
0.014668
-0.000457978
0.0146517
-0.000454962
0.0146359
-0.000452009
0.0146204
-0.000449131
0.0146053
-0.000446337
0.0145905
-0.000443639
0.014576
-0.000441047
0.0145619
-0.000438572
0.014548
-0.000436223
0.0145345
-0.000434009
0.0145212
-0.000431941
0.0145081
-0.000430027
0.0144953
-0.000428273
0.0144826
-0.000426694
0.0144702
-0.000425286
0.0144579
-0.000424073
0.0144458
-0.000423034
0.0144338
-0.000422222
0.0144219
-0.000421563
0.01441
-0.000421195
0.0143982
-0.000420896
-0.000421048
0.0163524
-0.000115322
0.0163328
-0.000134607
0.0163125
-0.00015336
0.0162914
-0.00017158
0.0162696
-0.000189269
0.0162471
-0.000206425
0.016224
-0.000223049
0.0162002
-0.000239142
0.0161759
-0.000254702
0.0161511
-0.00026973
0.0161257
-0.000284227
0.0160998
-0.000298191
0.0160735
-0.000311624
0.0160467
-0.000324526
0.0160195
-0.000336897
0.015992
-0.000348741
0.0159641
-0.000360057
0.0159359
-0.000370848
0.0159074
-0.000381116
0.0158787
-0.000390865
0.0158498
-0.000400098
0.0158207
-0.000408819
0.0157914
-0.000417033
0.015762
-0.000424745
0.0157326
-0.000431961
0.015703
-0.000438688
0.0156735
-0.000444933
0.0156439
-0.000450703
0.0156144
-0.000456008
0.0155849
-0.000460856
0.0155555
-0.000465257
0.0155263
-0.000469222
0.0154971
-0.00047276
0.0154681
-0.000475885
0.0154394
-0.000478607
0.0154108
-0.000480939
0.0153824
-0.000482894
0.0153544
-0.000484485
0.0153265
-0.000485726
0.015299
-0.000486632
0.0152718
-0.000487215
0.0152449
-0.000487491
0.0152184
-0.000487475
0.0151922
-0.000487182
0.0151664
-0.000486626
0.0151409
-0.000485823
0.0151158
-0.000484788
0.0150912
-0.000483536
0.0150669
-0.000482083
0.0150431
-0.000480443
0.0150196
-0.000478632
0.0149966
-0.000476665
0.014974
-0.000474557
0.0149518
-0.000472322
0.0149301
-0.000469974
0.0149087
-0.000467529
0.0148878
-0.000465
0.0148673
-0.0004624
0.0148472
-0.000459744
0.0148276
-0.000457044
0.0148083
-0.000454315
0.0147895
-0.000451567
0.014771
-0.000448814
0.0147529
-0.000446068
0.0147352
-0.000443341
0.0147179
-0.000440644
0.0147009
-0.000437989
0.0146843
-0.000435386
0.014668
-0.000432846
0.014652
-0.00043038
0.0146364
-0.000427997
0.0146211
-0.000425708
0.014606
-0.000423521
0.0145912
-0.000421446
0.0145767
-0.000419491
0.0145624
-0.000417665
0.0145484
-0.000415977
0.0145345
-0.000414431
0.0145209
-0.000413041
0.0145074
-0.000411802
0.0144941
-0.000410739
0.0144809
-0.000409827
0.0144678
-0.000409121
0.0144547
-0.000408545
0.0144418
-0.000408232
0.0144289
-0.000407974
-0.000408117
0.0162983
-9.90399e-05
0.0162812
-0.000117488
0.0162632
-0.000135435
0.0162445
-0.000152879
0.0162251
-0.000169822
0.0162049
-0.000186262
0.0161841
-0.0002022
0.0161626
-0.000217636
0.0161404
-0.00023257
0.0161177
-0.000247001
0.0160944
-0.000260931
0.0160706
-0.000274359
0.0160462
-0.000287285
0.0160214
-0.000299712
0.0159962
-0.000311639
0.0159705
-0.000323068
0.0159444
-0.000334001
0.015918
-0.00034444
0.0158913
-0.000354388
0.0158643
-0.000363848
0.015837
-0.000372823
0.0158095
-0.000381317
0.0157818
-0.000389335
0.015754
-0.000396882
0.015726
-0.000403963
0.0156979
-0.000410585
0.0156697
-0.000416755
0.0156415
-0.00042248
0.0156132
-0.000427768
0.015585
-0.000432627
0.0155568
-0.000437067
0.0155287
-0.000441097
0.0155006
-0.000444727
0.0154727
-0.000447967
0.0154449
-0.000450829
0.0154173
-0.000453324
0.0153899
-0.000455464
0.0153627
-0.000457261
0.0153357
-0.000458728
0.0153089
-0.000459877
0.0152824
-0.000460722
0.0152562
-0.000461276
0.0152303
-0.000461552
0.0152047
-0.000461566
0.0151794
-0.000461329
0.0151544
-0.000460856
0.0151298
-0.000460162
0.0151055
-0.000459261
0.0150816
-0.000458165
0.015058
-0.00045689
0.0150349
-0.00045545
0.015012
-0.000453857
0.0149896
-0.000452127
0.0149676
-0.000450272
0.0149459
-0.000448306
0.0149246
-0.000446243
0.0149037
-0.000444095
0.0148832
-0.000441876
0.014863
-0.000439597
0.0148433
-0.000437272
0.0148239
-0.000434912
0.0148048
-0.000432529
0.0147861
-0.000430136
0.0147678
-0.000427743
0.0147498
-0.000425361
0.0147322
-0.000423002
0.0147149
-0.000420676
0.0146979
-0.000418392
0.0146812
-0.000416162
0.0146648
-0.000413995
0.0146487
-0.000411899
0.0146329
-0.000409884
0.0146173
-0.00040796
0.014602
-0.000406133
0.0145869
-0.000404412
0.0145721
-0.000402805
0.0145574
-0.00040132
0.014543
-0.00039996
0.0145287
-0.000398739
0.0145145
-0.000397651
0.0145005
-0.000396719
0.0144866
-0.00039592
0.0144728
-0.000395304
0.014459
-0.0003948
0.0144453
-0.000394532
0.0144316
-0.000394307
-0.000394441
0.0162273
-8.46731e-05
0.0162121
-0.000102275
0.0161961
-0.000119404
0.0161793
-0.000136062
0.0161617
-0.000152247
0.0161434
-0.000167959
0.0161244
-0.000183199
0.0161047
-0.000197965
0.0160844
-0.000212258
0.0160635
-0.000226079
0.016042
-0.000239427
0.0160199
-0.000252302
0.0159974
-0.000264707
0.0159743
-0.00027664
0.0159507
-0.000288104
0.0159268
-0.000299101
0.0159024
-0.000309631
0.0158777
-0.000319697
0.0158526
-0.000329303
0.0158272
-0.00033845
0.0158015
-0.000347142
0.0157756
-0.000355383
0.0157494
-0.000363178
0.0157231
-0.000370532
0.0156965
-0.000377449
0.0156699
-0.000383937
0.0156431
-0.00039
0.0156163
-0.000395646
0.0155894
-0.000400883
0.0155625
-0.000405718
0.0155356
-0.00041016
0.0155087
-0.000414218
0.0154819
-0.0004179
0.0154552
-0.000421217
0.0154285
-0.000424178
0.015402
-0.000426795
0.0153756
-0.000429077
0.0153494
-0.000431037
0.0153233
-0.000432686
0.0152975
-0.000434036
0.0152719
-0.000435098
0.0152465
-0.000435886
0.0152213
-0.00043641
0.0151964
-0.000436685
0.0151718
-0.000436723
0.0151475
-0.000436537
0.0151235
-0.000436139
0.0150998
-0.000435543
0.0150764
-0.000434761
0.0150533
-0.000433807
0.0150305
-0.000432694
0.0150081
-0.000431433
0.014986
-0.000430039
0.0149643
-0.000428523
0.0149429
-0.000426898
0.0149218
-0.000425176
0.0149011
-0.00042337
0.0148807
-0.000421492
0.0148606
-0.000419552
0.0148409
-0.000417564
0.0148216
-0.000415538
0.0148025
-0.000413485
0.0147838
-0.000411416
0.0147654
-0.000409342
0.0147473
-0.000407273
0.0147295
-0.000405219
0.014712
-0.00040319
0.0146948
-0.000401196
0.0146779
-0.000399246
0.0146613
-0.000397348
0.0146449
-0.000395512
0.0146288
-0.000393745
0.0146129
-0.000392056
0.0145972
-0.000390453
0.0145817
-0.000388943
0.0145664
-0.000387531
0.0145513
-0.000386228
0.0145364
-0.000385034
0.0145216
-0.000383963
0.014507
-0.000383008
0.0144925
-0.000382192
0.014478
-0.000381492
0.0144637
-0.000380954
0.0144494
-0.000380514
0.0144351
-0.000380281
0.0144209
-0.000380086
-0.000380206
0.0161535
-7.18889e-05
0.0161398
-8.8644e-05
0.0161254
-0.000104957
0.0161102
-0.000120827
0.0160942
-0.000136254
0.0160774
-0.000151237
0.01606
-0.000165775
0.0160419
-0.00017987
0.0160232
-0.00019352
0.0160038
-0.000206725
0.0159839
-0.000219487
0.0159634
-0.000231805
0.0159424
-0.00024368
0.0159208
-0.000255114
0.0158988
-0.000266107
0.0158764
-0.00027666
0.0158536
-0.000286777
0.0158303
-0.000296458
0.0158067
-0.000305708
0.0157828
-0.000314527
0.0157586
-0.000322921
0.0157341
-0.000330893
0.0157094
-0.000338446
0.0156844
-0.000345586
0.0156593
-0.000352318
0.015634
-0.000358647
0.0156086
-0.000364579
0.015583
-0.000370121
0.0155574
-0.000375279
0.0155318
-0.000380061
0.0155061
-0.000384475
0.0154804
-0.000388529
0.0154547
-0.000392231
0.0154291
-0.00039559
0.0154035
-0.000398616
0.0153781
-0.000401319
0.0153527
-0.000403708
0.0153275
-0.000405793
0.0153024
-0.000407586
0.0152774
-0.000409097
0.0152527
-0.000410337
0.0152281
-0.000411318
0.0152037
-0.000412051
0.0151796
-0.000412547
0.0151557
-0.000412819
0.015132
-0.000412877
0.0151086
-0.000412735
0.0150855
-0.000412404
0.0150626
-0.000411895
0.01504
-0.000411222
0.0150177
-0.000410395
0.0149957
-0.000409426
0.014974
-0.000408328
0.0149526
-0.000407112
0.0149315
-0.000405789
0.0149107
-0.000404372
0.0148902
-0.00040287
0.01487
-0.000401296
0.0148501
-0.00039966
0.0148305
-0.000397973
0.0148112
-0.000396246
0.0147922
-0.000394489
0.0147735
-0.000392712
0.0147551
-0.000390924
0.014737
-0.000389136
0.0147191
-0.000387357
0.0147015
-0.000385596
0.0146842
-0.000383862
0.0146671
-0.000382164
0.0146503
-0.000380509
0.0146337
-0.000378906
0.0146173
-0.000377362
0.0146011
-0.000375886
0.0145851
-0.000374483
0.0145693
-0.000373161
0.0145537
-0.000371925
0.0145383
-0.000370784
0.014523
-0.000369739
0.0145078
-0.0003688
0.0144928
-0.000367965
0.0144779
-0.00036725
0.014463
-0.000366638
0.0144482
-0.000366168
0.0144335
-0.000365783
0.0144188
-0.00036558
0.0144041
-0.00036541
-0.000365516
0.0160811
-6.05015e-05
0.0160688
-7.64134e-05
0.0160558
-9.19123e-05
0.016042
-0.000106997
0.0160274
-0.000121668
0.0160121
-0.000135922
0.0159961
-0.000149761
0.0159794
-0.000163184
0.015962
-0.00017619
0.0159441
-0.00018878
0.0159256
-0.000200953
0.0159065
-0.000212711
0.0158868
-0.000224054
0.0158667
-0.000234983
0.0158461
-0.000245499
0.015825
-0.000255603
0.0158036
-0.000265299
0.0157817
-0.000274587
0.0157595
-0.00028347
0.0157369
-0.000291951
0.015714
-0.000300033
0.0156908
-0.000307721
0.0156674
-0.000315017
0.0156437
-0.000321927
0.0156199
-0.000328454
0.0155958
-0.000334606
0.0155716
-0.000340386
0.0155473
-0.0003458
0.0155229
-0.000350857
0.0154984
-0.000355561
0.0154738
-0.000359921
0.0154493
-0.000363943
0.0154247
-0.000367637
0.0154001
-0.000371009
0.0153755
-0.000374069
0.015351
-0.000376826
0.0153266
-0.000379288
0.0153023
-0.000381466
0.0152781
-0.000383369
0.015254
-0.000385006
0.01523
-0.000386389
0.0152062
-0.000387527
0.0151826
-0.000388431
0.0151592
-0.000389112
0.015136
-0.000389581
0.0151129
-0.000389848
0.0150901
-0.000389924
0.0150675
-0.00038982
0.0150452
-0.000389547
0.0150231
-0.000389117
0.0150012
-0.00038854
0.0149796
-0.000387826
0.0149583
-0.000386988
0.0149372
-0.000386036
0.0149164
-0.00038498
0.0148959
-0.000383831
0.0148756
-0.0003826
0.0148556
-0.000381296
0.0148359
-0.00037993
0.0148164
-0.000378512
0.0147972
-0.000377052
0.0147783
-0.000375559
0.0147596
-0.000374043
0.0147412
-0.000372512
0.014723
-0.000370976
0.0147051
-0.000369444
0.0146874
-0.000367923
0.01467
-0.000366422
0.0146528
-0.00036495
0.0146358
-0.000363513
0.014619
-0.00036212
0.0146024
-0.000360776
0.014586
-0.00035949
0.0145698
-0.000358267
0.0145538
-0.000357113
0.0145379
-0.000356035
0.0145221
-0.000355038
0.0145065
-0.000354125
0.014491
-0.000353305
0.0144756
-0.000352575
0.0144603
-0.000351952
0.0144451
-0.000351417
0.0144299
-0.000351006
0.0144148
-0.00035067
0.0143997
-0.000350494
0.0143847
-0.000350345
-0.000350439
0.016011
-5.03918e-05
0.0160001
-6.54644e-05
0.0159883
-8.01528e-05
0.0159758
-9.44558e-05
0.0159625
-0.000108372
0.0159485
-0.000121901
0.0159338
-0.000135041
0.0159184
-0.000147793
0.0159023
-0.000160155
0.0158857
-0.000172128
0.0158684
-0.000183713
0.0158506
-0.000194908
0.0158323
-0.000205716
0.0158135
-0.000216136
0.0157941
-0.00022617
0.0157743
-0.00023582
0.0157541
-0.000245087
0.0157335
-0.000253974
0.0157125
-0.000262482
0.0156912
-0.000270614
0.0156695
-0.000278374
0.0156476
-0.000285765
0.0156254
-0.00029279
0.0156029
-0.000299455
0.0155802
-0.000305762
0.0155573
-0.000311718
0.0155342
-0.000317327
0.015511
-0.000322595
0.0154877
-0.000327528
0.0154643
-0.000332132
0.0154408
-0.000336414
0.0154172
-0.000340381
0.0153936
-0.00034404
0.01537
-0.000347398
0.0153464
-0.000350465
0.0153228
-0.000353247
0.0152993
-0.000355753
0.0152758
-0.000357993
0.0152524
-0.000359974
0.0152291
-0.000361707
0.0152059
-0.0003632
0.0151829
-0.000364463
0.0151599
-0.000365506
0.0151372
-0.000366338
0.0151145
-0.00036697
0.0150921
-0.00036741
0.0150699
-0.000367671
0.0150478
-0.00036776
0.0150259
-0.00036769
0.0150043
-0.000367469
0.0149829
-0.000367107
0.0149617
-0.000366616
0.0149407
-0.000366005
0.0149199
-0.000365283
0.0148994
-0.000364461
0.0148791
-0.000363549
0.0148591
-0.000362555
0.0148393
-0.000361491
0.0148197
-0.000360364
0.0148004
-0.000359185
0.0147813
-0.000357962
0.0147624
-0.000356704
0.0147438
-0.00035542
0.0147254
-0.000354119
0.0147072
-0.000352808
0.0146893
-0.000351495
0.0146716
-0.00035019
0.014654
-0.000348898
0.0146367
-0.000347628
0.0146196
-0.000346387
0.0146026
-0.000345181
0.0145859
-0.000344016
0.0145693
-0.0003429
0.0145529
-0.000341838
0.0145366
-0.000340835
0.0145205
-0.000339897
0.0145044
-0.000339029
0.0144886
-0.000338234
0.0144728
-0.000337521
0.0144571
-0.000336885
0.0144415
-0.000336342
0.0144259
-0.000335876
0.0144104
-0.000335518
0.014395
-0.000335226
0.0143796
-0.000335073
0.0143642
-0.000334943
-0.000335025
0.0159434
-4.14671e-05
0.0159336
-5.57051e-05
0.015923
-6.95871e-05
0.0159117
-8.31114e-05
0.0158996
-9.62766e-05
0.0158868
-0.000109081
0.0158733
-0.000121525
0.0158591
-0.000133606
0.0158443
-0.000145325
0.0158288
-0.000156682
0.0158128
-0.000167675
0.0157962
-0.000178307
0.015779
-0.000188576
0.0157614
-0.000198484
0.0157432
-0.000208032
0.0157246
-0.000217222
0.0157056
-0.000226054
0.0156862
-0.000234532
0.0156663
-0.000242656
0.0156462
-0.000250431
0.0156256
-0.000257857
0.0156048
-0.00026494
0.0155837
-0.000271682
0.0155623
-0.000278087
0.0155407
-0.000284159
0.0155189
-0.000289903
0.0154969
-0.000295324
0.0154747
-0.000300427
0.0154524
-0.000305217
0.01543
-0.0003097
0.0154075
-0.000313883
0.0153849
-0.000317771
0.0153622
-0.000321372
0.0153395
-0.000324693
0.0153168
-0.00032774
0.015294
-0.000330521
0.0152713
-0.000333045
0.0152487
-0.000335319
0.015226
-0.000337351
0.0152035
-0.00033915
0.015181
-0.000340724
0.0151586
-0.000342082
0.0151363
-0.000343233
0.0151142
-0.000344186
0.0150922
-0.00034495
0.0150703
-0.000345533
0.0150486
-0.000345947
0.015027
-0.000346199
0.0150056
-0.000346299
0.0149844
-0.000346256
0.0149634
-0.000346079
0.0149425
-0.000345779
0.0149219
-0.000345363
0.0149015
-0.000344842
0.0148812
-0.000344224
0.0148612
-0.000343518
0.0148414
-0.000342734
0.0148218
-0.000341879
0.0148024
-0.000340963
0.0147832
-0.000339995
0.0147642
-0.000338982
0.0147454
-0.000337932
0.0147269
-0.000336855
0.0147085
-0.000335757
0.0146903
-0.000334646
0.0146724
-0.00033353
0.0146546
-0.000332416
0.014637
-0.000331311
0.0146196
-0.000330221
0.0146024
-0.000329154
0.0145853
-0.000328115
0.0145684
-0.000327111
0.0145516
-0.000326146
0.014535
-0.000325227
0.0145185
-0.00032436
0.0145022
-0.000323547
0.014486
-0.000322795
0.0144698
-0.000322105
0.0144538
-0.000321486
0.0144378
-0.000320934
0.014422
-0.000320462
0.0144062
-0.000320057
0.0143904
-0.000319747
0.0143746
-0.000319493
0.0143589
-0.000319361
0.0143432
-0.000319249
-0.000319322
0.0158779
-3.36431e-05
0.0158693
-4.70524e-05
0.0158598
-6.01331e-05
0.0158496
-7.2883e-05
0.0158386
-8.53004e-05
0.0158269
-9.73841e-05
0.0158145
-0.000109133
0.0158015
-0.000120545
0.0157878
-0.000131622
0.0157734
-0.000142361
0.0157585
-0.000152763
0.0157431
-0.000162828
0.015727
-0.000172557
0.0157105
-0.00018195
0.0156935
-0.000191008
0.015676
-0.000199732
0.0156581
-0.000208124
0.0156397
-0.000216185
0.015621
-0.000223918
0.0156019
-0.000231325
0.0155824
-0.000238409
0.0155626
-0.000245172
0.0155426
-0.000251618
0.0155222
-0.000257751
0.0155017
-0.000263574
0.0154809
-0.000269092
0.0154598
-0.000274308
0.0154386
-0.000279229
0.0154173
-0.000283858
0.0153958
-0.000288201
0.0153742
-0.000292265
0.0153524
-0.000296054
0.0153306
-0.000299575
0.0153088
-0.000302835
0.0152869
-0.00030584
0.015265
-0.000308597
0.015243
-0.000311113
0.0152211
-0.000313396
0.0151992
-0.000315452
0.0151774
-0.000317291
0.0151555
-0.000318919
0.0151338
-0.000320345
0.0151122
-0.000321576
0.0150906
-0.000322622
0.0150691
-0.00032349
0.0150478
-0.000324188
0.0150266
-0.000324726
0.0150055
-0.000325111
0.0149845
-0.000325353
0.0149637
-0.00032546
0.0149431
-0.00032544
0.0149226
-0.000325301
0.0149023
-0.000325054
0.0148822
-0.000324704
0.0148622
-0.000324262
0.0148424
-0.000323736
0.0148228
-0.000323133
0.0148034
-0.000322462
0.0147842
-0.000321731
0.0147651
-0.000320947
0.0147463
-0.000320118
0.0147276
-0.000319253
0.0147091
-0.000318357
0.0146908
-0.000317439
0.0146726
-0.000316506
0.0146547
-0.000315564
0.0146369
-0.000314619
0.0146192
-0.00031368
0.0146018
-0.000312751
0.0145845
-0.000311839
0.0145673
-0.000310949
0.0145503
-0.000310087
0.0145334
-0.000309258
0.0145166
-0.000308467
0.0145
-0.000307719
0.0144834
-0.000307017
0.014467
-0.000306368
0.0144507
-0.000305772
0.0144344
-0.000305237
0.0144183
-0.000304759
0.0144022
-0.000304352
0.0143861
-0.000304002
0.0143701
-0.000303734
0.0143541
-0.000303514
0.0143381
-0.000303401
0.0143222
-0.000303304
-0.000303368
0.0158148
-2.68382e-05
0.0158072
-3.94257e-05
0.0157987
-5.17109e-05
0.0157895
-6.36916e-05
0.0157796
-7.53658e-05
0.015769
-8.67318e-05
0.0157576
-9.77883e-05
0.0157456
-0.000108534
0.015733
-0.000118969
0.0157197
-0.000129091
0.0157058
-0.000138901
0.0156914
-0.000148399
0.0156764
-0.000157585
0.0156609
-0.000166459
0.0156449
-0.000175023
0.0156285
-0.000183277
0.0156116
-0.000191223
0.0155943
-0.000198862
0.0155765
-0.000206196
0.0155584
-0.000213227
0.01554
-0.000219959
0.0155212
-0.000226393
0.0155021
-0.000232532
0.0154828
-0.00023838
0.0154631
-0.000243941
0.0154433
-0.000249218
0.0154232
-0.000254216
0.0154029
-0.000258938
0.0153824
-0.00026339
0.0153618
-0.000267576
0.015341
-0.000271502
0.0153201
-0.000275173
0.0152992
-0.000278595
0.0152781
-0.000281773
0.015257
-0.000284715
0.0152358
-0.000287425
0.0152146
-0.000289911
0.0151934
-0.000292179
0.0151722
-0.000294237
0.015151
-0.000296091
0.0151298
-0.000297748
0.0151087
-0.000299216
0.0150876
-0.000300503
0.0150666
-0.000301615
0.0150457
-0.000302561
0.0150248
-0.000303348
0.0150041
-0.000303984
0.0149834
-0.000304477
0.0149629
-0.000304834
0.0149425
-0.000305064
0.0149223
-0.000305174
0.0149021
-0.000305172
0.0148821
-0.000305065
0.0148623
-0.000304863
0.0148426
-0.000304571
0.0148231
-0.000304199
0.0148037
-0.000303752
0.0147845
-0.00030324
0.0147654
-0.000302669
0.0147465
-0.000302046
0.0147278
-0.000301379
0.0147092
-0.000300674
0.0146908
-0.000299938
0.0146725
-0.000299179
0.0146544
-0.000298401
0.0146364
-0.000297613
0.0146186
-0.000296819
0.014601
-0.000296025
0.0145835
-0.000295238
0.0145661
-0.000294463
0.0145489
-0.000293705
0.0145317
-0.00029297
0.0145147
-0.000292261
0.0144979
-0.000291583
0.0144811
-0.000290942
0.0144644
-0.00029034
0.0144478
-0.000289781
0.0144313
-0.000289269
0.0144149
-0.000288808
0.0143985
-0.000288397
0.0143822
-0.000288046
0.014366
-0.000287745
0.0143497
-0.000287514
0.0143336
-0.000287325
0.0143174
-0.000287229
0.0143012
-0.000287145
-0.000287203
0.0157541
-2.09715e-05
0.0157474
-3.27451e-05
0.0157399
-4.42421e-05
0.0157317
-5.54597e-05
0.0157227
-6.63958e-05
0.0157131
-7.70485e-05
0.0157027
-8.74162e-05
0.0156916
-9.74978e-05
0.01568
-0.000107292
0.0156677
-0.000116799
0.0156548
-0.000126017
0.0156413
-0.000134947
0.0156273
-0.000143588
0.0156128
-0.000151941
0.0155978
-0.000160008
0.0155823
-0.000167787
0.0155664
-0.000175282
0.01555
-0.000182492
0.0155332
-0.000189421
0.0155161
-0.00019607
0.0154986
-0.00020244
0.0154807
-0.000208535
0.0154625
-0.000214358
0.0154441
-0.000219911
0.0154253
-0.000225198
0.0154063
-0.000230222
0.0153871
-0.000234986
0.0153677
-0.000239496
0.015348
-0.000243756
0.0153282
-0.000247769
0.0153082
-0.00025154
0.0152881
-0.000255075
0.0152679
-0.000258379
0.0152476
-0.000261457
0.0152272
-0.000264315
0.0152068
-0.000266959
0.0151862
-0.000269394
0.0151657
-0.000271627
0.0151451
-0.000273663
0.0151245
-0.00027551
0.015104
-0.000277175
0.0150834
-0.000278662
0.0150629
-0.000279981
0.0150424
-0.000281137
0.015022
-0.000282137
0.0150016
-0.000282988
0.0149813
-0.000283698
0.0149611
-0.000284274
0.014941
-0.000284723
0.014921
-0.000285051
0.0149011
-0.000285267
0.0148813
-0.000285377
0.0148616
-0.000285388
0.0148421
-0.000285308
0.0148226
-0.000285144
0.0148033
-0.000284902
0.0147842
-0.000284589
0.0147652
-0.000284213
0.0147463
-0.00028378
0.0147275
-0.000283296
0.0147089
-0.000282769
0.0146904
-0.000282203
0.0146721
-0.000281607
0.0146539
-0.000280986
0.0146359
-0.000280345
0.0146179
-0.000279691
0.0146001
-0.000279029
0.0145825
-0.000278364
0.0145649
-0.000277702
0.0145475
-0.000277048
0.0145302
-0.000276407
0.014513
-0.000275783
0.014496
-0.00027518
0.014479
-0.000274603
0.0144621
-0.000274055
0.0144453
-0.000273541
0.0144286
-0.000273064
0.0144119
-0.000272625
0.0143954
-0.00027223
0.0143788
-0.000271878
0.0143624
-0.000271577
0.0143459
-0.000271319
0.0143296
-0.000271122
0.0143132
-0.00027096
0.0142968
-0.000270878
0.0142805
-0.000270807
-0.000270859
0.0156961
-1.59635e-05
0.0156903
-2.69323e-05
0.0156837
-3.7649e-05
0.0156763
-4.81105e-05
0.0156682
-5.83145e-05
0.0156594
-6.82589e-05
0.01565
-7.7942e-05
0.0156398
-8.73625e-05
0.0156291
-9.65192e-05
0.0156177
-0.000105411
0.0156057
-0.000114038
0.0155931
-0.0001224
0.01558
-0.000130495
0.0155664
-0.000138326
0.0155523
-0.000145892
0.0155377
-0.000153194
0.0155227
-0.000160233
0.0155072
-0.00016701
0.0154913
-0.000173527
0.015475
-0.000179786
0.0154584
-0.000185788
0.0154414
-0.000191536
0.015424
-0.000197033
0.0154064
-0.00020228
0.0153885
-0.000207282
0.0153703
-0.000212041
0.0153519
-0.000216561
0.0153332
-0.000220845
0.0153144
-0.000224898
0.0152953
-0.000228723
0.0152761
-0.000232325
0.0152568
-0.000235708
0.0152372
-0.000238878
0.0152176
-0.000241838
0.0151979
-0.000244595
0.0151781
-0.000247153
0.0151582
-0.000249518
0.0151383
-0.000251696
0.0151183
-0.000253692
0.0150983
-0.000255512
0.0150783
-0.000257162
0.0150583
-0.000258649
0.0150383
-0.000259977
0.0150183
-0.000261155
0.0149984
-0.000262188
0.0149785
-0.000263082
0.0149586
-0.000263844
0.0149388
-0.000264481
0.0149191
-0.000264999
0.0148994
-0.000265404
0.0148799
-0.000265703
0.0148604
-0.000265903
0.014841
-0.00026601
0.0148218
-0.000266031
0.0148026
-0.000265972
0.0147835
-0.000265839
0.0147646
-0.000265639
0.0147457
-0.000265378
0.014727
-0.000265063
0.0147084
-0.000264698
0.0146899
-0.000264291
0.0146716
-0.000263846
0.0146533
-0.00026337
0.0146352
-0.000262869
0.0146172
-0.000262347
0.0145993
-0.00026181
0.0145816
-0.000261263
0.0145639
-0.000260711
0.0145464
-0.000260158
0.0145289
-0.000259611
0.0145116
-0.000259072
0.0144944
-0.000258545
0.0144772
-0.000258036
0.0144602
-0.000257547
0.0144432
-0.000257083
0.0144263
-0.000256646
0.0144095
-0.00025624
0.0143927
-0.000255866
0.014376
-0.00025553
0.0143594
-0.00025523
0.0143428
-0.000254973
0.0143262
-0.000254753
0.0143097
-0.000254586
0.0142932
-0.000254448
0.0142767
-0.000254379
0.0142602
-0.000254319
-0.000254366
0.0156409
-1.17372e-05
0.0156359
-2.19114e-05
0.0156301
-3.18566e-05
0.0156236
-4.15697e-05
0.0156163
-5.10482e-05
0.0156083
-6.029e-05
0.0155997
-6.92932e-05
0.0155904
-7.80564e-05
0.0155804
-8.65783e-05
0.0155699
-9.48579e-05
0.0155587
-0.000102895
0.015547
-0.000110688
0.0155348
-0.000118238
0.015522
-0.000125545
0.0155087
-0.000132608
0.0154949
-0.00013943
0.0154807
-0.000146009
0.015466
-0.000152349
0.015451
-0.000158449
0.0154355
-0.000164312
0.0154196
-0.000169939
0.0154034
-0.000175332
0.0153869
-0.000180494
0.01537
-0.000185427
0.0153529
-0.000190134
0.0153355
-0.000194618
0.0153178
-0.000198881
0.0152999
-0.000202928
0.0152817
-0.000206761
0.0152634
-0.000210385
0.0152449
-0.000213803
0.0152262
-0.00021702
0.0152074
-0.00022004
0.0151884
-0.000222868
0.0151693
-0.000225507
0.0151501
-0.000227963
0.0151308
-0.000230241
0.0151115
-0.000232346
0.0150921
-0.000234283
0.0150726
-0.000236057
0.0150531
-0.000237675
0.0150336
-0.000239141
0.0150141
-0.000240461
0.0149946
-0.00024164
0.0149751
-0.000242686
0.0149556
-0.000243603
0.0149362
-0.000244397
0.0149168
-0.000245074
0.0148974
-0.000245641
0.0148781
-0.000246103
0.0148589
-0.000246466
0.0148397
-0.000246735
0.0148206
-0.000246918
0.0148016
-0.00024702
0.0147827
-0.000247047
0.0147638
-0.000247004
0.0147451
-0.000246897
0.0147264
-0.000246732
0.0147079
-0.000246515
0.0146894
-0.000246251
0.0146711
-0.000245946
0.0146529
-0.000245604
0.0146347
-0.000245232
0.0146167
-0.000244833
0.0145988
-0.000244414
0.0145809
-0.000243978
0.0145632
-0.000243531
0.0145456
-0.000243077
0.014528
-0.00024262
0.0145106
-0.000242165
0.0144932
-0.000241715
0.0144759
-0.000241275
0.0144588
-0.000240847
0.0144416
-0.000240436
0.0144246
-0.000240045
0.0144076
-0.000239675
0.0143907
-0.000239332
0.0143739
-0.000239016
0.0143571
-0.000238731
0.0143403
-0.000238476
0.0143236
-0.000238259
0.0143069
-0.000238072
0.0142903
-0.000237931
0.0142736
-0.000237814
0.014257
-0.000237757
0.0142404
-0.000237707
-0.00023775
0.0155888
-8.22013e-06
0.0155845
-1.761e-05
0.0155795
-2.6793e-05
0.0155737
-3.57658e-05
0.0155671
-4.45259e-05
0.0155599
-5.30711e-05
0.015552
-6.13996e-05
0.0155435
-6.95097e-05
0.0155343
-7.74001e-05
0.0155245
-8.50698e-05
0.0155141
-9.25181e-05
0.0155032
-9.97443e-05
0.0154917
-0.000106748
0.0154797
-0.00011353
0.0154672
-0.00012009
0.0154542
-0.000126428
0.0154407
-0.000132546
0.0154268
-0.000138443
0.0154125
-0.000144122
0.0153977
-0.000149584
0.0153826
-0.000154829
0.0153672
-0.000159861
0.0153513
-0.000164681
0.0153352
-0.000169292
0.0153188
-0.000173695
0.015302
-0.000177894
0.0152851
-0.00018189
0.0152678
-0.000185689
0.0152503
-0.000189291
0.0152327
-0.000192702
0.0152148
-0.000195924
0.0151967
-0.000198962
0.0151785
-0.000201818
0.0151601
-0.000204498
0.0151416
-0.000207005
0.015123
-0.000209344
0.0151043
-0.000211519
0.0150855
-0.000213535
0.0150666
-0.000215397
0.0150476
-0.000217109
0.0150286
-0.000218676
0.0150096
-0.000220104
0.0149905
-0.000221398
0.0149715
-0.000222562
0.0149524
-0.000223602
0.0149333
-0.000224523
0.0149142
-0.000225331
0.0148952
-0.000226031
0.0148762
-0.000226628
0.0148572
-0.000227128
0.0148383
-0.000227536
0.0148194
-0.000227858
0.0148006
-0.000228098
0.0147818
-0.000228263
0.0147631
-0.000228357
0.0147445
-0.000228386
0.014726
-0.000228355
0.0147075
-0.000228269
0.0146891
-0.000228134
0.0146708
-0.000227954
0.0146526
-0.000227734
0.0146345
-0.000227479
0.0146165
-0.000227194
0.0145985
-0.000226883
0.0145806
-0.000226551
0.0145629
-0.000226203
0.0145452
-0.000225841
0.0145276
-0.000225472
0.0145101
-0.000225098
0.0144926
-0.000224723
0.0144752
-0.00022435
0.014458
-0.000223985
0.0144407
-0.000223628
0.0144236
-0.000223285
0.0144065
-0.000222957
0.0143895
-0.000222647
0.0143725
-0.000222359
0.0143556
-0.000222092
0.0143387
-0.000221852
0.0143219
-0.000221638
0.0143051
-0.000221455
0.0142883
-0.000221297
0.0142715
-0.000221179
0.0142548
-0.000221081
0.0142381
-0.000221035
0.0142214
-0.000220992
-0.000221031
0.01554
-5.34354e-06
0.0155363
-1.3959e-05
0.0155319
-2.2389e-05
0.0155268
-3.06299e-05
0.0155209
-3.8679e-05
0.0155144
-4.65341e-05
0.0155072
-5.41933e-05
0.0154993
-6.16549e-05
0.0154909
-6.89176e-05
0.0154818
-7.59802e-05
0.0154721
-8.2842e-05
0.0154618
-8.95023e-05
0.0154511
-9.59608e-05
0.0154397
-0.000102217
0.0154279
-0.000108272
0.0154156
-0.000114126
0.0154029
-0.000119778
0.0153896
-0.000125231
0.015376
-0.000130484
0.015362
-0.00013554
0.0153475
-0.000140399
0.0153327
-0.000145064
0.0153176
-0.000149535
0.0153021
-0.000153816
0.0152863
-0.000157907
0.0152702
-0.000161812
0.0152539
-0.000165533
0.0152373
-0.000169074
0.0152204
-0.000172435
0.0152033
-0.000175622
0.015186
-0.000178636
0.0151686
-0.000181482
0.0151509
-0.000184163
0.0151331
-0.000186682
0.0151151
-0.000189044
0.015097
-0.000191252
0.0150788
-0.00019331
0.0150605
-0.000195223
0.0150421
-0.000196994
0.0150236
-0.000198629
0.0150051
-0.000200131
0.0149865
-0.000201505
0.0149679
-0.000202756
0.0149492
-0.000203888
0.0149305
-0.000204907
0.0149118
-0.000205816
0.0148931
-0.000206621
0.0148744
-0.000207327
0.0148557
-0.000207938
0.014837
-0.000208459
0.0148184
-0.000208896
0.0147998
-0.000209252
0.0147812
-0.000209533
0.0147627
-0.000209744
0.0147442
-0.00020989
0.0147258
-0.000209975
0.0147074
-0.000210004
0.0146892
-0.000209981
0.0146709
-0.000209912
0.0146528
-0.000209801
0.0146347
-0.000209651
0.0146167
-0.000209469
0.0145988
-0.000209257
0.0145809
-0.00020902
0.0145631
-0.000208762
0.0145454
-0.000208488
0.0145277
-0.0002082
0.0145102
-0.000207902
0.0144927
-0.000207599
0.0144752
-0.000207293
0.0144579
-0.000206988
0.0144406
-0.000206686
0.0144233
-0.000206392
0.0144062
-0.000206107
0.014389
-0.000205834
0.014372
-0.000205576
0.014355
-0.000205335
0.014338
-0.000205113
0.014321
-0.000204912
0.0143041
-0.000204732
0.0142873
-0.000204579
0.0142704
-0.000204447
0.0142536
-0.000204349
0.0142368
-0.000204267
0.01422
-0.00020423
0.0142032
-0.000204195
-0.00020423
0.0154945
-3.04056e-06
0.0154914
-1.08925e-05
0.0154876
-1.8579e-05
0.0154831
-2.60965e-05
0.0154778
-3.34422e-05
0.0154719
-4.06138e-05
0.0154653
-4.76094e-05
0.0154581
-5.44272e-05
0.0154503
-6.1066e-05
0.0154418
-6.75247e-05
0.0154328
-7.38023e-05
0.0154232
-7.98982e-05
0.015413
-8.5812e-05
0.0154023
-9.15435e-05
0.0153912
-9.70928e-05
0.0153795
-0.00010246
0.0153674
-0.000107646
0.0153548
-0.000112651
0.0153418
-0.000117475
0.0153284
-0.000122121
0.0153145
-0.000126589
0.0153004
-0.000130881
0.0152858
-0.000134998
0.015271
-0.000138942
0.0152558
-0.000142715
0.0152403
-0.000146319
0.0152245
-0.000149756
0.0152084
-0.000153029
0.0151921
-0.000156141
0.0151756
-0.000159093
0.0151589
-0.00016189
0.0151419
-0.000164533
0.0151248
-0.000167027
0.0151075
-0.000169374
0.01509
-0.000171579
0.0150724
-0.000173643
0.0150547
-0.000175572
0.0150368
-0.000177368
0.0150189
-0.000179036
0.0150008
-0.000180579
0.0149827
-0.000182002
0.0149645
-0.000183308
0.0149462
-0.000184503
0.0149279
-0.000185589
0.0149096
-0.000186571
0.0148912
-0.000187453
0.0148728
-0.00018824
0.0148545
-0.000188937
0.0148361
-0.000189547
0.0148177
-0.000190074
0.0147993
-0.000190524
0.014781
-0.000190901
0.0147626
-0.000191208
0.0147443
-0.000191451
0.0147261
-0.000191633
0.0147079
-0.000191759
0.0146897
-0.000191833
0.0146716
-0.00019186
0.0146535
-0.000191843
0.0146355
-0.000191786
0.0146175
-0.000191694
0.0145996
-0.00019157
0.0145818
-0.000191419
0.014564
-0.000191243
0.0145463
-0.000191048
0.0145287
-0.000190835
0.0145111
-0.000190609
0.0144935
-0.000190373
0.0144761
-0.00019013
0.0144587
-0.000189883
0.0144413
-0.000189635
0.014424
-0.000189389
0.0144068
-0.000189147
0.0143896
-0.000188913
0.0143724
-0.000188688
0.0143553
-0.000188474
0.0143383
-0.000188275
0.0143212
-0.00018809
0.0143042
-0.000187923
0.0142873
-0.000187774
0.0142704
-0.000187647
0.0142534
-0.000187537
0.0142365
-0.000187456
0.0142197
-0.000187388
0.0142028
-0.000187359
0.0141859
-0.00018733
-0.000187363
0.0154525
0.01545
-8.34778e-06
0.0154467
-1.53004e-05
0.0154427
-2.21032e-05
0.015438
-2.8753e-05
0.0154326
-3.52476e-05
0.0154266
-4.15852e-05
0.0154199
-4.77642e-05
0.0154127
-5.37832e-05
0.0154048
-5.96411e-05
0.0153963
-6.5337e-05
0.0153873
-7.08702e-05
0.0153777
-7.62404e-05
0.0153676
-8.14471e-05
0.015357
-8.64905e-05
0.0153459
-9.13706e-05
0.0153344
-9.60878e-05
0.0153224
-0.000100643
0.0153099
-0.000105036
0.0152971
-0.000109268
0.0152838
-0.000113341
0.0152702
-0.000117255
0.0152562
-0.000121013
0.0152419
-0.000124614
0.0152272
-0.000128062
0.0152123
-0.000131359
0.015197
-0.000134505
0.0151815
-0.000137503
0.0151657
-0.000140356
0.0151497
-0.000143066
0.0151334
-0.000145636
0.015117
-0.000148068
0.0151003
-0.000150364
0.0150835
-0.000152529
0.0150664
-0.000154565
0.0150493
-0.000156475
0.015032
-0.000158263
0.0150145
-0.000159931
0.014997
-0.000161483
0.0149793
-0.000162923
0.0149616
-0.000164254
0.0149437
-0.00016548
0.0149258
-0.000166604
0.0149079
-0.000167631
0.0148899
-0.000168564
0.0148718
-0.000169406
0.0148538
-0.000170162
0.0148357
-0.000170836
0.0148175
-0.000171431
0.0147994
-0.000171951
0.0147813
-0.000172401
0.0147632
-0.000172784
0.0147451
-0.000173104
0.014727
-0.000173365
0.0147089
-0.000173571
0.0146909
-0.000173725
0.0146729
-0.000173832
0.0146549
-0.000173894
0.014637
-0.000173917
0.0146191
-0.000173903
0.0146013
-0.000173856
0.0145835
-0.000173779
0.0145657
-0.000173677
0.0145481
-0.000173551
0.0145304
-0.000173407
0.0145128
-0.000173245
0.0144953
-0.000173071
0.0144778
-0.000172886
0.0144604
-0.000172694
0.014443
-0.000172497
0.0144256
-0.000172297
0.0144083
-0.000172099
0.0143911
-0.000171903
0.0143739
-0.000171711
0.0143567
-0.000171527
0.0143396
-0.000171352
0.0143225
-0.000171188
0.0143055
-0.000171036
0.0142885
-0.000170899
0.0142715
-0.000170775
0.0142545
-0.000170671
0.0142375
-0.00017058
0.0142206
-0.000170514
0.0142036
-0.000170458
0.0141867
-0.000170435
0.0141698
-0.000170412
-0.000170442
0.015412
-6.26535e-06
0.0154092
-1.24945e-05
0.0154057
-1.85906e-05
0.0154015
-2.45515e-05
0.0153966
-3.03756e-05
0.0153911
-3.60608e-05
0.0153849
-4.16058e-05
0.0153782
-4.7009e-05
0.0153708
-5.22695e-05
0.0153629
-5.73863e-05
0.0153543
-6.23588e-05
0.0153453
-6.71865e-05
0.0153357
-7.18691e-05
0.0153256
-7.64066e-05
0.0153151
-8.07989e-05
0.015304
-8.50464e-05
0.0152925
-8.91495e-05
0.0152806
-9.31088e-05
0.0152682
-9.6925e-05
0.0152555
-0.000100599
0.0152424
-0.000104132
0.0152289
-0.000107525
0.0152151
-0.00011078
0.0152009
-0.000113897
0.0151864
-0.000116879
0.0151716
-0.000119728
0.0151566
-0.000122445
0.0151413
-0.000125032
0.0151257
-0.000127492
0.0151099
-0.000129826
0.0150938
-0.000132038
0.0150776
-0.000134129
0.0150612
-0.000136102
0.0150446
-0.00013796
0.0150278
-0.000139706
0.0150109
-0.000141342
0.0149938
-0.000142872
0.0149766
-0.000144298
0.0149593
-0.000145623
0.0149419
-0.000146852
0.0149244
-0.000147986
0.0149069
-0.000149029
0.0148892
-0.000149984
0.0148715
-0.000150856
0.0148538
-0.000151646
0.014836
-0.000152359
0.0148181
-0.000152998
0.0148003
-0.000153567
0.0147824
-0.000154068
0.0147645
-0.000154505
0.0147466
-0.000154883
0.0147287
-0.000155203
0.0147108
-0.000155471
0.0146929
-0.000155688
0.014675
-0.000155859
0.0146572
-0.000155986
0.0146394
-0.000156074
0.0146216
-0.000156125
0.0146038
-0.000156142
0.0145861
-0.00015613
0.0145684
-0.00015609
0.0145507
-0.000156026
0.0145331
-0.00015594
0.0145156
-0.000155837
0.014498
-0.000155717
0.0144805
-0.000155585
0.0144631
-0.000155443
0.0144457
-0.000155293
0.0144283
-0.000155138
0.014411
-0.00015498
0.0143937
-0.000154821
0.0143765
-0.000154663
0.0143593
-0.000154509
0.0143421
-0.000154359
0.014325
-0.000154217
0.0143079
-0.000154083
0.0142908
-0.000153959
0.0142738
-0.000153847
0.0142567
-0.000153746
0.0142397
-0.000153661
0.0142227
-0.000153587
0.0142058
-0.000153533
0.0141888
-0.000153488
0.0141718
-0.000153471
0.0141549
-0.000153452
-0.000153479
0.0153777
-4.59299e-06
0.0153753
-1.01049e-05
0.0153722
-1.55019e-05
0.0153684
-2.07812e-05
0.015364
-2.59408e-05
0.0153589
-3.09791e-05
0.0153532
-3.58945e-05
0.0153469
-4.06859e-05
0.01534
-4.53522e-05
0.0153325
-4.98925e-05
0.0153244
-5.43062e-05
0.0153158
-5.85929e-05
0.0153067
-6.27521e-05
0.0152971
-6.67838e-05
0.015287
-7.0688e-05
0.0152764
-7.44648e-05
0.0152654
-7.81146e-05
0.0152539
-8.1638e-05
0.015242
-8.50355e-05
0.0152297
-8.83078e-05
0.015217
-9.1456e-05
0.015204
-9.4481e-05
0.0151906
-9.73841e-05
0.0151769
-0.000100166
0.0151628
-0.00010283
0.0151485
-0.000105375
0.0151338
-0.000107804
0.0151189
-0.000110119
0.0151038
-0.000112322
0.0150883
-0.000114414
0.0150727
-0.000116398
0.0150568
-0.000118275
0.0150408
-0.000120049
0.0150246
-0.000121721
0.0150081
-0.000123294
0.0149916
-0.00012477
0.0149748
-0.000126152
0.014958
-0.000127442
0.014941
-0.000128643
0.0149239
-0.000129759
0.0149067
-0.000130791
0.0148894
-0.000131743
0.0148721
-0.000132617
0.0148546
-0.000133417
0.0148371
-0.000134145
0.0148196
-0.000134804
0.014802
-0.000135398
0.0147843
-0.000135929
0.0147667
-0.000136401
0.014749
-0.000136815
0.0147313
-0.000137177
0.0147136
-0.000137487
0.0146958
-0.00013775
0.0146781
-0.000137969
0.0146604
-0.000138146
0.0146427
-0.000138284
0.014625
-0.000138386
0.0146073
-0.000138456
0.0145897
-0.000138495
0.0145721
-0.000138507
0.0145545
-0.000138494
0.0145369
-0.00013846
0.0145194
-0.000138405
0.0145019
-0.000138334
0.0144844
-0.000138249
0.014467
-0.000138151
0.0144496
-0.000138043
0.0144322
-0.000137928
0.0144149
-0.000137808
0.0143976
-0.000137684
0.0143803
-0.000137558
0.0143631
-0.000137433
0.0143459
-0.000137309
0.0143287
-0.00013719
0.0143116
-0.000137075
0.0142945
-0.000136968
0.0142774
-0.000136867
0.0142603
-0.000136777
0.0142433
-0.000136695
0.0142262
-0.000136626
0.0142092
-0.000136566
0.0141922
-0.000136523
0.0141752
-0.000136487
0.0141582
-0.000136474
0.0141412
-0.000136459
-0.000136483
0.0153471
-3.2742e-06
0.015345
-8.07809e-06
0.0153423
-1.27832e-05
0.0153389
-1.73871e-05
0.0153349
-2.18881e-05
0.0153302
-2.62844e-05
0.0153248
-3.05747e-05
0.0153189
-3.4758e-05
0.0153124
-3.88333e-05
0.0153053
-4.27996e-05
0.0152977
-4.66565e-05
0.0152895
-5.04035e-05
0.0152808
-5.40402e-05
0.0152715
-5.75665e-05
0.0152618
-6.09823e-05
0.0152517
-6.42878e-05
0.015241
-6.74833e-05
0.01523
-7.05692e-05
0.0152185
-7.35459e-05
0.0152066
-7.64141e-05
0.0151943
-7.91745e-05
0.0151816
-8.18282e-05
0.0151686
-8.4376e-05
0.0151553
-8.68191e-05
0.0151416
-8.91586e-05
0.0151276
-9.1396e-05
0.0151134
-9.35326e-05
0.0150988
-9.55699e-05
0.015084
-9.75095e-05
0.0150689
-9.93532e-05
0.0150536
-0.000101103
0.0150381
-0.00010276
0.0150224
-0.000104327
0.0150065
-0.000105805
0.0149904
-0.000107197
0.0149741
-0.000108505
0.0149577
-0.000109731
0.0149411
-0.000110878
0.0149244
-0.000111947
0.0149076
-0.000112941
0.0148907
-0.000113863
0.0148737
-0.000114714
0.0148566
-0.000115498
0.0148394
-0.000116217
0.0148221
-0.000116874
0.0148047
-0.00011747
0.0147874
-0.000118009
0.0147699
-0.000118494
0.0147524
-0.000118926
0.0147349
-0.000119309
0.0147174
-0.000119645
0.0146999
-0.000119936
0.0146823
-0.000120186
0.0146647
-0.000120397
0.0146471
-0.000120571
0.0146296
-0.000120711
0.014612
-0.000120819
0.0145944
-0.000120898
0.0145769
-0.000120951
0.0145594
-0.000120979
0.0145419
-0.000120985
0.0145244
-0.000120972
0.0145069
-0.000120941
0.0144895
-0.000120895
0.0144721
-0.000120835
0.0144547
-0.000120765
0.0144373
-0.000120685
0.01442
-0.000120599
0.0144027
-0.000120506
0.0143854
-0.000120411
0.0143682
-0.000120313
0.0143509
-0.000120214
0.0143338
-0.000120117
0.0143166
-0.000120022
0.0142994
-0.000119931
0.0142823
-0.000119846
0.0142652
-0.000119765
0.0142481
-0.000119693
0.0142311
-0.000119628
0.014214
-0.000119573
0.014197
-0.000119525
0.0141799
-0.000119491
0.0141629
-0.000119462
0.0141459
-0.000119453
0.0141289
-0.000119441
-0.000119462
0.0153201
-2.2594e-06
0.0153184
-6.36264e-06
0.015316
-1.03826e-05
0.015313
-1.43171e-05
0.0153092
-1.81646e-05
0.0153049
-2.19236e-05
0.0152999
-2.5593e-05
0.0152943
-2.91716e-05
0.0152881
-3.26587e-05
0.0152814
-3.60536e-05
0.0152741
-3.93555e-05
0.0152662
-4.25642e-05
0.0152579
-4.56792e-05
0.015249
-4.87005e-05
0.0152397
-5.1628e-05
0.0152298
-5.44618e-05
0.0152196
-5.72021e-05
0.0152088
-5.98491e-05
0.0151977
-6.24033e-05
0.0151861
-6.48653e-05
0.0151742
-6.72356e-05
0.0151619
-6.95151e-05
0.0151492
-7.17045e-05
0.0151362
-7.38047e-05
0.0151229
-7.58169e-05
0.0151092
-7.7742e-05
0.0150953
-7.95814e-05
0.015081
-8.13362e-05
0.0150665
-8.30078e-05
0.0150518
-8.45977e-05
0.0150368
-8.61073e-05
0.0150215
-8.75382e-05
0.0150061
-8.88922e-05
0.0149905
-9.01708e-05
0.0149747
-9.13758e-05
0.0149587
-9.25091e-05
0.0149425
-9.35725e-05
0.0149262
-9.4568e-05
0.0149097
-9.54975e-05
0.0148932
-9.63631e-05
0.0148765
-9.71667e-05
0.0148597
-9.79104e-05
0.0148428
-9.85964e-05
0.0148258
-9.92269e-05
0.0148087
-9.98038e-05
0.0147916
-0.00010033
0.0147744
-0.000100806
0.0147571
-0.000101236
0.0147398
-0.000101621
0.0147225
-0.000101964
0.0147051
-0.000102266
0.0146877
-0.00010253
0.0146702
-0.000102759
0.0146528
-0.000102954
0.0146353
-0.000103117
0.0146179
-0.000103251
0.0146004
-0.000103358
0.014583
-0.000103439
0.0145655
-0.000103498
0.0145481
-0.000103535
0.0145306
-0.000103553
0.0145132
-0.000103554
0.0144958
-0.00010354
0.0144784
-0.000103512
0.0144611
-0.000103473
0.0144437
-0.000103424
0.0144264
-0.000103366
0.0144091
-0.000103302
0.0143918
-0.000103233
0.0143746
-0.00010316
0.0143574
-0.000103085
0.0143402
-0.000103009
0.014323
-0.000102933
0.0143058
-0.00010286
0.0142887
-0.000102788
0.0142715
-0.000102721
0.0142544
-0.000102658
0.0142373
-0.000102601
0.0142203
-0.00010255
0.0142032
-0.000102506
0.0141861
-0.000102469
0.0141691
-0.000102442
0.0141521
-0.00010242
0.014135
-0.000102413
0.014118
-0.000102404
-0.000102422
0.015297
-1.50088e-06
0.0152956
-4.90988e-06
0.0152934
-8.25056e-06
0.0152906
-1.1521e-05
0.0152872
-1.47197e-05
0.0152831
-1.78455e-05
0.0152784
-2.08975e-05
0.0152731
-2.38747e-05
0.0152672
-2.67763e-05
0.0152608
-2.96017e-05
0.0152538
-3.23504e-05
0.0152462
-3.50221e-05
0.0152382
-3.76164e-05
0.0152296
-4.01332e-05
0.0152205
-4.25724e-05
0.015211
-4.49341e-05
0.015201
-4.72185e-05
0.0151906
-4.94257e-05
0.0151798
-5.15561e-05
0.0151685
-5.36102e-05
0.0151569
-5.55884e-05
0.0151448
-5.74913e-05
0.0151324
-5.93196e-05
0.0151197
-6.10742e-05
0.0151067
-6.27557e-05
0.0150933
-6.43651e-05
0.0150796
-6.59035e-05
0.0150656
-6.73718e-05
0.0150514
-6.87711e-05
0.0150369
-7.01027e-05
0.0150222
-7.13678e-05
0.0150072
-7.25676e-05
0.014992
-7.37035e-05
0.0149766
-7.4777e-05
0.014961
-7.57894e-05
0.0149453
-7.67423e-05
0.0149293
-7.76373e-05
0.0149132
-7.84758e-05
0.014897
-7.92595e-05
0.0148806
-7.99902e-05
0.0148641
-8.06694e-05
0.0148475
-8.12988e-05
0.0148308
-8.18803e-05
0.014814
-8.24156e-05
0.0147971
-8.29064e-05
0.0147801
-8.33546e-05
0.0147631
-8.37619e-05
0.014746
-8.41303e-05
0.0147288
-8.44614e-05
0.0147116
-8.47571e-05
0.0146943
-8.50193e-05
0.0146771
-8.52497e-05
0.0146598
-8.54502e-05
0.0146424
-8.56226e-05
0.0146251
-8.57686e-05
0.0146077
-8.589e-05
0.0145903
-8.59886e-05
0.014573
-8.60661e-05
0.0145556
-8.61241e-05
0.0145382
-8.61644e-05
0.0145209
-8.61886e-05
0.0145035
-8.61982e-05
0.0144862
-8.61949e-05
0.0144688
-8.61801e-05
0.0144515
-8.61554e-05
0.0144342
-8.61221e-05
0.0144169
-8.60817e-05
0.0143997
-8.60354e-05
0.0143824
-8.59846e-05
0.0143652
-8.59304e-05
0.014348
-8.58741e-05
0.0143308
-8.58167e-05
0.0143136
-8.57593e-05
0.0142965
-8.57029e-05
0.0142793
-8.56482e-05
0.0142622
-8.55965e-05
0.0142451
-8.5548e-05
0.014228
-8.55041e-05
0.0142109
-8.54643e-05
0.0141938
-8.54311e-05
0.0141768
-8.5402e-05
0.0141597
-8.53819e-05
0.0141426
-8.53645e-05
0.0141256
-8.53601e-05
0.0141085
-8.53534e-05
-8.53687e-05
0.0152777
-9.52807e-07
0.0152764
-3.67307e-06
0.0152745
-6.33946e-06
0.015272
-8.95023e-06
0.0152687
-1.15042e-05
0.0152649
-1.40005e-05
0.0152604
-1.64382e-05
0.0152554
-1.88165e-05
0.0152497
-2.11349e-05
0.0152435
-2.33928e-05
0.0152368
-2.55899e-05
0.0152295
-2.77257e-05
0.0152217
-2.98e-05
0.0152133
-3.18128e-05
0.0152045
-3.37639e-05
0.0151952
-3.56534e-05
0.0151855
-3.74814e-05
0.0151753
-3.9248e-05
0.0151647
-4.09535e-05
0.0151537
-4.25983e-05
0.0151423
-4.41827e-05
0.0151305
-4.57073e-05
0.0151184
-4.71724e-05
0.0151059
-4.85788e-05
0.0150931
-4.99271e-05
0.0150799
-5.1218e-05
0.0150665
-5.24523e-05
0.0150527
-5.36308e-05
0.0150387
-5.47544e-05
0.0150244
-5.5824e-05
0.0150099
-5.68406e-05
0.0149951
-5.78052e-05
0.0149801
-5.8719e-05
0.014965
-5.95829e-05
0.0149496
-6.03982e-05
0.014934
-6.11661e-05
0.0149182
-6.18877e-05
0.0149023
-6.25644e-05
0.0148863
-6.31973e-05
0.0148701
-6.37879e-05
0.0148537
-6.43374e-05
0.0148373
-6.48473e-05
0.0148207
-6.53189e-05
0.0148041
-6.57535e-05
0.0147873
-6.61527e-05
0.0147705
-6.65178e-05
0.0147536
-6.68503e-05
0.0147366
-6.71516e-05
0.0147195
-6.74231e-05
0.0147024
-6.76663e-05
0.0146853
-6.78827e-05
0.0146681
-6.80737e-05
0.0146509
-6.82406e-05
0.0146337
-6.8385e-05
0.0146164
-6.85083e-05
0.0145991
-6.86118e-05
0.0145819
-6.8697e-05
0.0145646
-6.87652e-05
0.0145472
-6.88177e-05
0.0145299
-6.88559e-05
0.0145126
-6.88811e-05
0.0144953
-6.88945e-05
0.014478
-6.88974e-05
0.0144607
-6.8891e-05
0.0144435
-6.88764e-05
0.0144262
-6.88549e-05
0.0144089
-6.88274e-05
0.0143917
-6.87951e-05
0.0143745
-6.87589e-05
0.0143573
-6.87198e-05
0.0143401
-6.86788e-05
0.0143229
-6.86367e-05
0.0143057
-6.85943e-05
0.0142886
-6.85526e-05
0.0142714
-6.85119e-05
0.0142543
-6.84734e-05
0.0142372
-6.84371e-05
0.0142201
-6.84044e-05
0.014203
-6.83746e-05
0.0141859
-6.83498e-05
0.0141689
-6.83281e-05
0.0141518
-6.83132e-05
0.0141347
-6.83003e-05
0.0141177
-6.82975e-05
0.0141006
-6.82925e-05
-6.83049e-05
0.0152622
-5.70986e-07
0.0152611
-2.6071e-06
0.0152594
-4.60326e-06
0.015257
-6.55806e-06
0.015254
-8.47062e-06
0.0152503
-1.03402e-05
0.015246
-1.21662e-05
0.0152412
-1.39479e-05
0.0152357
-1.5685e-05
0.0152297
-1.7377e-05
0.0152231
-1.90236e-05
0.015216
-2.06246e-05
0.0152084
-2.21797e-05
0.0152003
-2.36889e-05
0.0151917
-2.5152e-05
0.0151826
-2.65692e-05
0.015173
-2.79404e-05
0.0151631
-2.92659e-05
0.0151527
-3.05457e-05
0.0151418
-3.17802e-05
0.0151306
-3.29696e-05
0.015119
-3.41142e-05
0.0151071
-3.52145e-05
0.0150948
-3.62709e-05
0.0150821
-3.72839e-05
0.0150692
-3.8254e-05
0.0150559
-3.91818e-05
0.0150423
-4.00679e-05
0.0150285
-4.0913e-05
0.0150144
-4.17177e-05
0.015
-4.24828e-05
0.0149854
-4.32091e-05
0.0149706
-4.38973e-05
0.0149556
-4.45482e-05
0.0149403
-4.51628e-05
0.0149249
-4.57419e-05
0.0149093
-4.62864e-05
0.0148935
-4.67973e-05
0.0148776
-4.72755e-05
0.0148615
-4.77219e-05
0.0148453
-4.81377e-05
0.014829
-4.85237e-05
0.0148126
-4.88811e-05
0.014796
-4.92109e-05
0.0147794
-4.9514e-05
0.0147627
-4.97917e-05
0.0147459
-5.00448e-05
0.014729
-5.02746e-05
0.0147121
-5.04821e-05
0.0146951
-5.06684e-05
0.014678
-5.08345e-05
0.0146609
-5.09816e-05
0.0146438
-5.11106e-05
0.0146266
-5.12227e-05
0.0146094
-5.13189e-05
0.0145922
-5.14002e-05
0.014575
-5.14678e-05
0.0145578
-5.15225e-05
0.0145405
-5.15655e-05
0.0145232
-5.15976e-05
0.014506
-5.16199e-05
0.0144887
-5.16333e-05
0.0144715
-5.16387e-05
0.0144542
-5.1637e-05
0.014437
-5.16291e-05
0.0144197
-5.16159e-05
0.0144025
-5.15981e-05
0.0143853
-5.15766e-05
0.0143681
-5.1552e-05
0.0143509
-5.15252e-05
0.0143337
-5.14968e-05
0.0143165
-5.14674e-05
0.0142994
-5.14377e-05
0.0142822
-5.14083e-05
0.0142651
-5.13796e-05
0.014248
-5.13524e-05
0.0142309
-5.13267e-05
0.0142138
-5.13035e-05
0.0141967
-5.12823e-05
0.0141796
-5.12648e-05
0.0141625
-5.12493e-05
0.0141454
-5.1239e-05
0.0141284
-5.12298e-05
0.0141113
-5.12281e-05
0.0140942
-5.12247e-05
-5.1234e-05
0.0152506
-3.12861e-07
0.0152496
-1.66824e-06
0.015248
-2.99728e-06
0.0152457
-4.2989e-06
0.0152429
-5.57253e-06
0.0152393
-6.81765e-06
0.0152352
-8.03384e-06
0.0152305
-9.22071e-06
0.0152252
-1.03779e-05
0.0152193
-1.15052e-05
0.0152129
-1.26024e-05
0.0152059
-1.36693e-05
0.0151984
-1.47057e-05
0.0151905
-1.57116e-05
0.015182
-1.6687e-05
0.0151731
-1.76317e-05
0.0151637
-1.8546e-05
0.0151538
-1.94299e-05
0.0151436
-2.02834e-05
0.0151329
-2.11068e-05
0.0151218
-2.19002e-05
0.0151104
-2.26639e-05
0.0150986
-2.33981e-05
0.0150864
-2.41031e-05
0.0150739
-2.47793e-05
0.0150611
-2.54269e-05
0.0150479
-2.60465e-05
0.0150345
-2.66382e-05
0.0150208
-2.72027e-05
0.0150068
-2.77404e-05
0.0149926
-2.82517e-05
0.0149781
-2.87372e-05
0.0149634
-2.91974e-05
0.0149485
-2.96328e-05
0.0149334
-3.0044e-05
0.0149181
-3.04315e-05
0.0149026
-3.07961e-05
0.0148869
-3.11383e-05
0.0148711
-3.14587e-05
0.0148551
-3.1758e-05
0.014839
-3.20369e-05
0.0148228
-3.2296e-05
0.0148065
-3.2536e-05
0.01479
-3.27576e-05
0.0147734
-3.29615e-05
0.0147568
-3.31484e-05
0.0147401
-3.3319e-05
0.0147233
-3.3474e-05
0.0147064
-3.36142e-05
0.0146895
-3.37402e-05
0.0146725
-3.38528e-05
0.0146555
-3.39526e-05
0.0146384
-3.40405e-05
0.0146213
-3.4117e-05
0.0146042
-3.41829e-05
0.014587
-3.42389e-05
0.0145698
-3.42856e-05
0.0145526
-3.43238e-05
0.0145354
-3.43541e-05
0.0145182
-3.43772e-05
0.014501
-3.43937e-05
0.0144837
-3.44042e-05
0.0144665
-3.44093e-05
0.0144493
-3.44097e-05
0.0144321
-3.44059e-05
0.0144148
-3.43984e-05
0.0143976
-3.43879e-05
0.0143804
-3.43749e-05
0.0143632
-3.43597e-05
0.014346
-3.4343e-05
0.0143289
-3.43252e-05
0.0143117
-3.43067e-05
0.0142946
-3.42878e-05
0.0142774
-3.42692e-05
0.0142603
-3.42509e-05
0.0142432
-3.42336e-05
0.0142261
-3.4217e-05
0.014209
-3.42023e-05
0.0141919
-3.41885e-05
0.0141748
-3.41776e-05
0.0141577
-3.41673e-05
0.0141406
-3.41612e-05
0.0141236
-3.41549e-05
0.0141065
-3.41543e-05
0.0140894
-3.41525e-05
-3.41583e-05
0.0152428
-1.36366e-07
0.0152419
-8.13549e-07
0.0152404
-1.4775e-06
0.0152382
-2.12782e-06
0.0152354
-2.76419e-06
0.015232
-3.38636e-06
0.015228
-3.9941e-06
0.0152233
-4.58722e-06
0.0152181
-5.16557e-06
0.0152123
-5.72901e-06
0.015206
-6.27741e-06
0.0151992
-6.81069e-06
0.0151918
-7.3288e-06
0.0151839
-7.83167e-06
0.0151755
-8.3193e-06
0.0151667
-8.79169e-06
0.0151574
-9.24885e-06
0.0151477
-9.69083e-06
0.0151375
-1.01177e-05
0.0151269
-1.05295e-05
0.0151159
-1.09263e-05
0.0151046
-1.13084e-05
0.0150929
-1.16757e-05
0.0150808
-1.20284e-05
0.0150684
-1.23667e-05
0.0150556
-1.26908e-05
0.0150426
-1.30009e-05
0.0150293
-1.32971e-05
0.0150156
-1.35797e-05
0.0150017
-1.38488e-05
0.0149876
-1.41049e-05
0.0149732
-1.4348e-05
0.0149586
-1.45785e-05
0.0149438
-1.47966e-05
0.0149287
-1.50026e-05
0.0149135
-1.51969e-05
0.0148981
-1.53796e-05
0.0148825
-1.55512e-05
0.0148667
-1.57119e-05
0.0148508
-1.58621e-05
0.0148348
-1.6002e-05
0.0148186
-1.61321e-05
0.0148023
-1.62526e-05
0.014786
-1.63639e-05
0.0147695
-1.64664e-05
0.0147529
-1.65604e-05
0.0147362
-1.66462e-05
0.0147194
-1.67243e-05
0.0147026
-1.67949e-05
0.0146857
-1.68585e-05
0.0146688
-1.69153e-05
0.0146518
-1.69658e-05
0.0146348
-1.70102e-05
0.0146177
-1.7049e-05
0.0146006
-1.70825e-05
0.0145835
-1.7111e-05
0.0145663
-1.71349e-05
0.0145492
-1.71545e-05
0.014532
-1.71702e-05
0.0145148
-1.71822e-05
0.0144976
-1.71909e-05
0.0144804
-1.71967e-05
0.0144632
-1.71997e-05
0.014446
-1.72003e-05
0.0144288
-1.71988e-05
0.0144116
-1.71956e-05
0.0143944
-1.71907e-05
0.0143772
-1.71846e-05
0.01436
-1.71773e-05
0.0143428
-1.71694e-05
0.0143257
-1.71607e-05
0.0143085
-1.71519e-05
0.0142914
-1.71427e-05
0.0142742
-1.71337e-05
0.0142571
-1.71246e-05
0.01424
-1.71165e-05
0.0142229
-1.7108e-05
0.0142058
-1.71014e-05
0.0141887
-1.70938e-05
0.0141716
-1.70898e-05
0.0141545
-1.70827e-05
0.0141374
-1.70824e-05
0.0141203
-1.7075e-05
0.0141033
-1.70806e-05
0.0140862
-1.70723e-05
-1.70839e-05
0.0152389
0.0152381
0.0152366
0.0152345
0.0152317
0.0152284
0.0152244
0.0152198
0.0152146
0.0152089
0.0152026
0.0151958
0.0151885
0.0151806
0.0151723
0.0151635
0.0151543
0.0151446
0.0151345
0.0151239
0.015113
0.0151017
0.01509
0.015078
0.0150656
0.0150529
0.0150399
0.0150266
0.0150131
0.0149992
0.0149851
0.0149708
0.0149562
0.0149414
0.0149264
0.0149112
0.0148958
0.0148803
0.0148645
0.0148487
0.0148327
0.0148165
0.0148003
0.0147839
0.0147675
0.0147509
0.0147343
0.0147175
0.0147007
0.0146839
0.014667
0.01465
0.014633
0.0146159
0.0145989
0.0145817
0.0145646
0.0145475
0.0145303
0.0145131
0.0144959
0.0144787
0.0144615
0.0144443
0.0144271
0.0144099
0.0143927
0.0143755
0.0143584
0.0143412
0.014324
0.0143069
0.0142897
0.0142726
0.0142555
0.0142384
0.0142213
0.0142042
0.0141871
0.01417
0.0141529
0.0141358
0.0141187
0.0141017
0.0140846
0.00363949
0.00371236
0.0037853
0.00385838
)
;

boundaryField
{
    inlet
    {
        type            calculated;
        value           nonuniform 0();
    }
    outlet
    {
        type            calculated;
        value           nonuniform List<scalar> 
41
(
0.0138161
0.0141323
0.0143047
0.0143864
0.0144159
0.014418
0.0144067
0.0143894
0.0143696
0.0143488
0.0143275
0.0143062
0.0142851
0.0142642
0.0142437
0.0142238
0.0142046
0.0141864
0.0141691
0.0141529
0.0141379
0.0141242
0.0141119
0.0141009
0.0140915
0.0140835
0.0140771
0.0140723
0.0140691
0.0140675
0.00393157
0.00431239
0.00501267
0.00592903
0.00694472
0.00795453
0.00887904
0.00966855
0.0103013
0.0107788
0.00393162
)
;
    }
    cylinder
    {
        type            calculated;
        value           nonuniform 0();
    }
    top
    {
        type            symmetryPlane;
        value           uniform 0;
    }
    bottom
    {
        type            symmetryPlane;
        value           nonuniform 0();
    }
    defaultFaces
    {
        type            empty;
        value           nonuniform 0();
    }
    procBoundary3to1
    {
        type            processor;
        value           nonuniform List<scalar> 
92
(
-1.19457e-08
-1.84782e-08
-2.52082e-08
-3.20595e-08
-3.89511e-08
-4.57981e-08
-5.2513e-08
-5.90066e-08
-6.51895e-08
-7.09732e-08
-7.62715e-08
-8.10014e-08
-8.50843e-08
-8.84477e-08
-9.10253e-08
-9.2759e-08
-9.35994e-08
-9.35072e-08
-9.2455e-08
-9.04287e-08
-8.74238e-08
-8.34545e-08
-7.86087e-08
-7.29658e-08
-6.6268e-08
-5.87496e-08
-5.04956e-08
-4.15652e-08
-3.20372e-08
-2.19918e-08
-1.15109e-08
-6.25881e-10
1.01033e-08
2.11349e-08
3.21589e-08
4.30745e-08
5.37725e-08
6.41103e-08
7.40029e-08
8.33686e-08
9.21192e-08
1.00175e-07
1.07466e-07
1.13871e-07
1.1943e-07
1.24045e-07
1.27681e-07
1.30315e-07
1.31933e-07
1.32528e-07
1.32104e-07
1.30676e-07
1.28267e-07
1.24907e-07
1.20636e-07
1.15501e-07
1.09557e-07
1.02863e-07
9.54843e-08
8.74915e-08
7.8958e-08
6.99603e-08
6.05769e-08
5.08874e-08
4.09716e-08
3.0908e-08
2.07728e-08
1.06257e-08
4.76259e-10
-9.12451e-09
-1.87236e-08
-2.80185e-08
-3.69394e-08
-4.54243e-08
-5.34161e-08
-6.08615e-08
-6.77109e-08
-7.39184e-08
-7.94413e-08
-8.424e-08
-8.82764e-08
-9.1514e-08
-9.39156e-08
-9.54419e-08
-9.60479e-08
-9.56846e-08
-7.30852e-05
-7.2962e-05
-7.3028e-05
-7.31594e-05
-7.33113e-05
-0.0035665
)
;
    }
    procBoundary3to2
    {
        type            processor;
        value           nonuniform List<scalar> 
45
(
0.0025145
0.00201716
0.00108077
-7.12114e-05
-0.000234038
-0.00176401
-0.00344007
-0.000174511
-0.00517557
-0.000209013
-0.00679496
-0.00813835
-0.000235596
-0.00908894
-0.0147834
-0.0157932
-0.016239
-0.0163749
-0.0163712
-0.0163146
-0.0162417
-0.0161663
-0.0160925
-0.0160212
-0.0159523
-0.0158858
-0.0158216
-0.01576
-0.0157011
-0.0156451
-0.0155923
-0.0155428
-0.0154968
-0.0154543
-1.25027e-06
-0.0154141
-0.0153794
-0.0153484
-0.0153212
-0.0152978
-0.0152782
-0.0152626
-0.0152508
-0.015243
-0.0152391
)
;
    }
}


// ************************************************************************* //
