/*--------------------------------*- C++ -*----------------------------------*\
  =========                 |
  \\      /  F ield         | OpenFOAM: The Open Source CFD Toolbox
   \\    /   O peration     | Website:  https://openfoam.org
    \\  /    A nd           | Version:  7
     \\/     M anipulation  |
\*---------------------------------------------------------------------------*/
FoamFile
{
    version     2.0;
    format      ascii;
    class       surfaceScalarField;
    location    "114.999";
    object      phi;
}
// * * * * * * * * * * * * * * * * * * * * * * * * * * * * * * * * * * * * * //

dimensions      [0 3 -1 0 0 0 0];

internalField   nonuniform List<scalar> 
7273
(
0.000796388
-0.000376479
0.00123179
0.00131384
0.00164942
0.00297325
0.00203707
0.00444689
0.00237435
0.00561981
0.002643
0.0064387
0.00283371
0.00691897
0.00294394
0.00712768
0.00296879
0.0071705
0.00290547
0.00717031
0.00277656
0.0071934
0.00264236
0.00716559
0.00257815
0.00688407
0.00263154
0.00614973
0.00280077
0.00490575
0.00305165
0.00325397
0.0033459
0.00137317
0.00365201
-0.000544411
0.00394634
-0.0023234
0.00420878
-0.00381059
0.00442313
-0.00491218
0.00458087
-0.00561653
0.00468264
-0.00598285
0.00473555
-0.00610662
0.00474919
-0.00608553
0.00473313
-0.00599651
0.00469526
-0.00588638
0.00463895
-0.00578044
0.00456108
-0.00570314
0.00445541
-0.00568513
0.00432086
-0.00573795
0.00416793
-0.00581515
0.0040173
-0.00580238
0.00389147
-0.00555733
0.00380667
-0.00497508
0.00377065
-0.00403209
0.00378479
-0.00278625
0.00384653
-0.00135017
0.00394841
0.000138489
0.00407869
0.00154577
0.00422263
0.00276092
0.00436468
0.00371962
0.00449185
0.00440845
0.00459566
0.00485587
0.00467244
0.00511457
0.00472241
0.00524246
0.00474833
0.0052889
0.00475334
0.00529088
0.00473893
0.00527857
0.00470427
0.00528128
0.00464771
0.00532279
0.00456942
0.00540542
0.00447304
0.00549515
0.00436521
0.00552355
0.00425348
0.00540952
0.00414456
0.00508864
0.00404404
0.00453184
0.0039572
0.00374828
0.00388934
0.00277687
0.00384529
0.0016779
0.00382827
0.000524177
0.0038382
-0.000604878
0.00387225
-0.00163813
0.00392437
-0.00251941
0.00398631
-0.00321675
0.00404965
-0.00372714
0.0041068
-0.0040643
0.00415262
-0.00426382
0.00418282
-0.00434809
0.00419466
-0.0043747
0.00418465
-0.004334
0.00415179
-0.00433521
0.0040968
-0.00423616
0.00402364
-0.00429056
0.00394105
-0.00399595
0.00385127
-0.00405639
-0.00326611
0.000354765
-0.000860614
0.000838406
0.000830201
0.00130587
0.00250579
0.00174387
0.00400889
0.0021329
0.00523078
0.00245326
0.00611834
0.00269267
0.00667956
0.00284378
0.00697657
0.00289997
0.00711431
0.00286613
0.00720415
0.00277814
0.0072814
0.00270283
0.00724089
0.00270731
0.00687959
0.00282188
0.00603516
0.00303144
0.00469619
0.00329802
0.0029874
0.00358683
0.00108436
0.00387221
-0.000829795
0.00413665
-0.00258784
0.00436416
-0.0040381
0.0045419
-0.00508992
0.00466422
-0.00573885
0.00473402
-0.00605265
0.00475979
-0.00613239
0.00475125
-0.006077
0.00471706
-0.00596232
0.00466404
-0.00583336
0.00459519
-0.00571159
0.00450728
-0.00561523
0.0043931
-0.00557094
0.00424959
-0.00559445
0.00408587
-0.00565142
0.00392324
-0.00563976
0.00378688
-0.00542096
0.00369592
-0.00488412
0.00365951
-0.00399568
0.00367882
-0.00280556
0.00374974
-0.0014211
0.00386379
2.44412e-05
0.00400724
0.00140232
0.00416476
0.0026034
0.00432025
0.00356413
0.0044604
0.0042683
0.00457651
0.00473976
0.00466478
0.0050263
0.00472551
0.00518174
0.0047615
0.0052529
0.00477592
0.00527646
0.00477027
0.00528423
0.00474392
0.00530762
0.00469564
0.00537107
0.00462588
0.00547518
0.0045381
0.00558293
0.00443812
0.00562353
0.00433235
0.00551529
0.0042266
0.00519439
0.00412614
0.00463229
0.00403645
0.00383797
0.00396336
0.00284997
0.00391232
0.00172895
0.00388743
0.000549058
0.00388921
-0.000606652
0.00391558
-0.0016645
0.00396099
-0.00256482
0.00401735
-0.00327312
0.00407615
-0.00378594
0.00412951
-0.00411765
0.00417212
-0.00430643
0.0041996
-0.00437558
0.00420948
-0.00438457
0.00419807
-0.0043226
0.00416451
-0.00430165
0.00410886
-0.0041805
0.00403555
-0.00421725
0.00395322
-0.00391363
0.00386481
-0.00396799
-0.00318905
-5.35033e-05
-0.00134518
0.000473131
0.000303567
0.000985222
0.00199369
0.00146842
0.00352569
0.00190549
0.0047937
0.00227413
0.00574971
0.00255867
0.00639501
0.00274797
0.00678727
0.00283682
0.00702547
0.00283964
0.00720133
0.00280297
0.00731807
0.00279419
0.00724967
0.00286825
0.00680554
0.00303895
0.00586446
0.00328101
0.00445413
0.00355557
0.00271284
0.00383301
0.000806926
0.00409374
-0.00109053
0.00432588
-0.00281998
0.00451699
-0.00422921
0.00465733
-0.00523025
0.00474408
-0.0058256
0.00478232
-0.00609089
0.00478175
-0.00613182
0.00475213
-0.00604738
0.00470112
-0.00591131
0.00463431
-0.00576654
0.00455422
-0.0056315
0.00445778
-0.00551879
0.00433716
-0.00545033
0.0041874
-0.00544469
0.00401552
-0.00547955
0.00384265
-0.00546688
0.00369618
-0.0052745
0.00359842
-0.00478636
0.00356042
-0.00395768
0.00358328
-0.00282842
0.00366165
-0.00149947
0.00378634
-0.000100241
0.00394123
0.00124743
0.00411088
0.00243374
0.00427863
0.00339638
0.00443087
0.00411606
0.00455868
0.00461195
0.00465814
0.00492685
0.00472954
0.00511034
0.00477573
0.00520671
0.00479984
0.00525235
0.00480341
0.00528066
0.00478608
0.00532495
0.00474703
0.00541012
0.00468693
0.00553529
0.00460889
0.00566097
0.00451782
0.00571461
0.00441898
0.00561413
0.00431731
0.00529606
0.00421774
0.00473186
0.00412585
0.00392986
0.00404796
0.00292786
0.00399009
0.00178682
0.00395694
0.000582206
0.00395008
-0.000599799
0.00396802
-0.00168244
0.00400585
-0.00260265
0.00405579
-0.00332305
0.00410931
-0.00383946
0.00415828
-0.00416662
0.00419722
-0.00434537
0.00422165
-0.00440001
0.00422934
-0.00439226
0.00421651
-0.00430977
0.0041824
-0.00426754
0.00412639
-0.0041245
0.00405319
-0.00414405
0.00397131
-0.00383174
0.00388419
-0.00388087
-0.00311575
-0.000384082
-0.00183053
0.000144362
-0.000224876
0.000695379
0.00144268
0.00121485
0.00300622
0.00169374
0.00431481
0.00210494
0.00533851
0.00242983
0.00607013
0.00265538
0.00656172
0.00278031
0.00690054
0.00282831
0.00715333
0.00285212
0.00729425
0.00291447
0.00718732
0.00305593
0.00666407
0.00327587
0.00564453
0.0035424
0.00418759
0.00381842
0.00243682
0.00407917
0.000546182
0.00431298
-0.00132435
0.00451149
-0.00301849
0.00466552
-0.00438324
0.00476824
-0.00533298
0.0048197
-0.00587706
0.00482712
-0.00609832
0.00480124
-0.00610593
0.00475177
-0.00599791
0.00468533
-0.00584487
0.00460616
-0.00568736
0.00451616
-0.00554151
0.00441259
-0.00541521
0.00428748
-0.00532522
0.00413411
-0.00529132
0.00395692
-0.00530235
0.00377586
-0.00528582
0.0036199
-0.00511854
0.00351459
-0.00468104
0.00347351
-0.00391661
0.00349823
-0.00285313
0.00358238
-0.00158362
0.00371513
-0.000232994
0.00388011
0.00108245
0.00406049
0.00225336
0.00423933
0.00321754
0.00440278
0.00395262
0.00454169
0.00447304
0.00465203
0.00481651
0.00473404
0.00502832
0.00479053
0.00515023
0.00482456
0.00521831
0.00483778
0.00526744
0.00483014
0.00533259
0.00480123
0.00543904
0.00475184
0.00558467
0.00468466
0.00572815
0.00460357
0.00579569
0.0045127
0.00570499
0.00441612
0.00539265
0.0043184
0.00482959
0.00422519
0.00402307
0.00414299
0.00301005
0.00407849
0.00185132
0.00403703
0.000623675
0.00402102
-0.000583793
0.00402979
-0.00169121
0.00405917
-0.00263203
0.0041018
-0.00336568
0.00414927
-0.00388693
0.00419321
-0.00421056
0.00422797
-0.00438013
0.00424896
-0.00442099
0.00425418
-0.00439748
0.00423982
-0.00429541
0.00420522
-0.00423294
0.00414912
-0.0040684
0.00407625
-0.00407118
0.00399496
-0.00375046
0.00390902
-0.00379493
-0.00304581
-0.000644328
-0.000131439
-0.000737765
0.000438378
0.00087286
0.000984249
0.00246034
0.00149678
0.00380228
0.00194355
0.00489173
0.00230406
0.00570962
0.0025654
0.00630037
0.0027315
0.00673444
0.00283335
0.00705148
0.00292481
0.00720279
0.00305977
0.00705236
0.0032641
0.00645974
0.00352547
0.00538316
0.00380869
0.00390437
0.00408005
0.00216546
0.00432145
0.000304781
0.00452674
-0.00152963
0.00469118
-0.00318292
0.00480807
-0.00450013
0.00487343
-0.00539833
0.00489024
-0.00589388
0.00486787
-0.00607594
0.00481796
-0.00605602
0.00475001
-0.00592996
0.00466958
-0.00576444
0.0045795
-0.00559729
0.00448096
-0.00544297
0.00437156
-0.00530581
0.00424368
-0.00519735
0.0040892
-0.00513683
0.00390963
-0.00512278
0.00372276
-0.00509895
0.00355823
-0.00495402
0.00344468
-0.00456749
0.00339877
-0.0038707
0.00342323
-0.00287759
0.00351135
-0.00167175
0.00364998
-0.000371626
0.00382338
0.000909056
0.00401301
0.00206372
0.00420176
0.00302879
0.00437553
0.00377885
0.00452497
0.0043236
0.00464589
0.00469559
0.00473843
0.00493578
0.00480528
0.00508337
0.00484946
0.00517413
0.00487272
0.00524418
0.00487538
0.00532993
0.00485743
0.00545699
0.00481973
0.00562236
0.00476444
0.00578344
0.0046944
0.00586573
0.00461259
0.0057868
0.00452222
0.00548301
0.00442744
0.00492437
0.00433383
0.00411668
0.00424811
0.00309577
0.00417728
0.00192216
0.00412751
0.000673437
0.00410196
-0.00055824
0.00410091
-0.00169016
0.00412102
-0.00265214
0.00415547
-0.00340013
0.00419606
-0.00392753
0.0042343
-0.0042488
0.00426435
-0.00441018
0.00428145
-0.00443809
0.00428387
-0.0043999
0.00426781
-0.00427935
0.00423272
-0.00419785
0.00417672
-0.0040124
0.00410436
-0.00399882
0.00402381
-0.0036699
0.00393887
-0.00370999
-0.00297881
-0.00033485
-0.00121662
0.000216891
0.000321119
0.000778305
0.00189893
0.00131333
0.00326726
0.0017885
0.00441655
0.00218115
0.00531698
0.00247963
0.00600189
0.00269295
0.00652112
0.00285599
0.00688845
0.00301917
0.00703961
0.00322504
0.0068465
0.00348588
0.0061989
0.00378075
0.00508829
0.00407353
0.00361159
0.00433569
0.0019033
0.00455572
8.47535e-05
0.00473221
-0.00170612
0.00486289
-0.00331361
0.00494307
-0.00458032
0.00497165
-0.00542691
0.00495474
-0.00587696
0.00490392
-0.00602513
0.0048315
-0.00598359
0.00474654
-0.00584501
0.00465359
-0.00567148
0.0045541
-0.0054978
0.00444837
-0.00533725
0.00433436
-0.0051918
0.00420516
-0.00506816
0.00405178
-0.00498345
0.00387275
-0.00494375
0.00368276
-0.00490896
0.00351097
-0.00478222
0.00338866
-0.00444518
0.00333613
-0.00381817
0.00335813
-0.00289959
0.00344742
-0.00176104
0.0035907
-0.0005149
0.00377041
0.000729349
0.00396779
0.00186634
0.00416526
0.00283132
0.00434848
0.00359563
0.00450789
0.00416419
0.00463909
0.00456439
0.00474206
0.00483281
0.00481933
0.0050061
0.00487383
0.00511963
0.00490747
0.00521055
0.00492096
0.00531644
0.00491469
0.00546327
0.00488954
0.00564751
0.00484709
0.0058259
0.00478913
0.00592369
0.0047175
0.00585843
0.00463453
0.00556598
0.00454388
0.00501502
0.00445095
0.00420962
0.00436256
0.00318415
0.00428595
0.00199877
0.00422792
0.000731464
0.00419261
-0.000522931
0.00418119
-0.00167874
0.00419126
-0.00266221
0.00421669
-0.00342555
0.00424961
-0.00396045
0.00428145
-0.00428064
0.00430622
-0.00443495
0.00431899
-0.00445087
0.00431825
-0.00439915
0.00430024
-0.00426134
0.00426459
-0.0041622
0.00420881
-0.00395662
0.00413713
-0.00392713
0.00405743
-0.00359021
0.00397335
-0.00362591
-0.00291428
-0.000453156
-0.00162048
4.53236e-05
-0.000177361
0.000605056
0.0013392
0.00114764
0.00272467
0.00164342
0.00392078
0.0020655
0.0048949
0.00240332
0.00566407
0.00266931
0.00625512
0.00289814
0.00665962
0.00313326
0.00680449
0.00340498
0.00657478
0.00371409
0.00588979
0.00403426
0.00476812
0.00433093
0.00331492
0.00458134
0.00165288
0.00477868
-0.000112584
0.00492719
-0.00185463
0.0050248
-0.00341121
0.00506887
-0.00462439
0.00506146
-0.0054195
0.00501216
-0.00582767
0.00493459
-0.00594756
0.00484139
-0.00589039
0.00474103
-0.00574465
0.00463702
-0.00556747
0.00452957
-0.00539035
0.00441802
-0.0052257
0.00430054
-0.00507431
0.00417118
-0.0049388
0.00402074
-0.004833
0.00384498
-0.00476799
0.00365478
-0.00471877
0.00347753
-0.00460496
0.00334636
-0.00431402
0.00328545
-0.00375726
0.00330244
-0.00291658
0.00339091
-0.0018495
0.00353597
-0.000659965
0.00372047
0.000544848
0.00392411
0.0016627
0.00412914
0.00262629
0.00432097
0.0034038
0.00448979
0.00399538
0.00463097
0.00442321
0.00474425
0.00471953
0.00483195
0.00491841
0.0048969
0.00505468
0.00494119
0.00516625
0.00496596
0.00529167
0.00497196
0.00545726
0.00496009
0.00565938
0.00493131
0.00585468
0.00488639
0.00596861
0.00482605
0.00591878
0.00475171
0.00564032
0.00466645
0.00510028
0.00457542
0.00430065
0.00448528
0.0032743
0.00440362
0.00208043
0.00433753
0.000797551
0.0042924
-0.000477801
0.0042702
-0.00165654
0.0042696
-0.00266162
0.00428523
-0.00344118
0.00430969
-0.00398492
0.00433446
-0.00430541
0.0043534
-0.00445389
0.00436138
-0.00445885
0.00435708
-0.00439485
0.00433686
-0.00424112
0.0043005
-0.00412584
0.00424502
-0.00390114
0.00417412
-0.00385624
0.00409541
-0.0035115
0.00401204
-0.00354254
-0.00285179
-0.000447313
-0.00190967
-3.4847e-05
-0.000589826
0.000485586
0.000818766
0.00101607
0.00219419
0.00152128
0.00341557
0.00196835
0.00444783
0.00234624
0.00528619
0.00266742
0.00593393
0.00296246
0.00636458
0.00326547
0.00650148
0.00359494
0.0062453
0.00394269
0.00554205
0.00427967
0.00443114
0.00457466
0.00301993
0.00481102
0.00141652
0.00498764
-0.000289195
0.00510901
-0.001976
0.00517448
-0.00347668
0.00518337
-0.00463328
0.00514138
-0.00537751
0.00506149
-0.00574778
0.00495915
-0.00584521
0.00484711
-0.00577836
0.00473305
-0.00563059
0.00461946
-0.00545388
0.00450546
-0.00527634
0.00438941
-0.00510965
0.00426951
-0.0049544
0.00414093
-0.00481023
0.00399482
-0.00468689
0.00382473
-0.0045979
0.00363733
-0.00453137
0.00345692
-0.00442455
0.00331734
-0.00417444
0.00324654
-0.00368646
0.00325596
-0.002926
0.00334067
-0.00193421
0.00348575
-0.000805051
0.00367294
0.000357662
0.00388129
0.00145435
0.0040927
0.00241487
0.0042923
0.00320421
0.00446998
0.0038177
0.00462083
0.00427236
0.00474428
0.00459607
0.00484236
0.00482033
0.00491785
0.00497919
0.004973
0.0051111
0.00500937
0.0052553
0.00502811
0.00543852
0.00503009
0.0056574
0.00501569
0.00586908
0.00498469
0.00599961
0.0049367
0.00596677
0.0048722
0.00570482
0.00479367
0.0051788
0.00470575
0.00438857
0.00461499
0.00336506
0.00452909
0.00216633
0.00445537
0.000871269
0.00440051
-0.000422946
0.00436728
-0.0016233
0.00435551
-0.00264985
0.00436069
-0.00344636
0.004376
-0.00400022
0.00439303
-0.00432243
0.0044056
-0.00446646
0.00440835
-0.00446161
0.0044001
-0.0043866
0.00437735
-0.00421836
0.00434008
-0.00408858
0.00428492
-0.00384597
0.00421491
-0.00378624
0.00413731
-0.00343389
0.00405455
-0.00345978
-0.00279088
-0.000289163
-0.00205189
5.4348e-06
-0.000884424
0.000455277
0.000368924
0.000948164
0.0017013
0.0014452
0.00291854
0.00190795
0.00398507
0.00232204
0.00487211
0.00269569
0.00556029
0.00305204
0.00600822
0.0034146
0.00613892
0.00379121
0.0058687
0.00416708
0.00516618
0.00451268
0.00408553
0.00480136
0.00273125
0.00502243
0.00119545
0.00517898
-0.000445744
0.00527482
-0.00207184
0.00530959
-0.00351145
0.00528482
-0.00460851
0.00521009
-0.00530278
0.00510178
-0.00563946
0.00497692
-0.00572035
0.00484816
-0.00564961
0.00472218
-0.0055046
0.00460046
-0.00533217
0.00448122
-0.0051571
0.00436194
-0.00499037
0.00424062
-0.00483309
0.00411352
-0.00468313
0.00397271
-0.00454609
0.00381023
-0.00443542
0.00362853
-0.00434967
0.00344772
-0.00424374
0.00330087
-0.00402758
0.00321918
-0.00360478
0.00321855
-0.00292537
0.00329681
-0.00201247
0.00343905
-0.000947286
0.00362714
0.000169574
0.0038386
0.00124288
0.00405524
0.00219823
0.00426177
0.00299768
0.00444777
0.00363171
0.00460796
0.00411217
0.0047414
0.00446263
0.00484981
0.00471192
0.00493584
0.00489316
0.00500197
0.00504498
0.00505016
0.0052071
0.00508194
0.00540675
0.00509817
0.00564118
0.00509871
0.00586854
0.00508237
0.00601594
0.00504772
0.00600142
0.00499427
0.00575827
0.00492375
0.00524932
0.00484029
0.00447204
0.00475011
0.00345523
0.00466078
0.00225566
0.00458022
0.000951829
0.00451586
-0.000358585
0.00447155
-0.00157899
0.0044483
-0.0026266
0.00444252
-0.00344058
0.00444806
-0.00400576
0.00445676
-0.00433114
0.00446245
-0.00447215
0.00445956
-0.00445872
0.00444699
-0.00437403
0.00442138
-0.00419275
0.00438297
-0.00405017
0.00432809
-0.00379109
0.00425903
-0.00371719
0.00418267
-0.00335753
0.00410046
-0.00337757
-0.00273117
4.07393e-05
-0.00204184
0.000227577
-0.00107126
0.000555304
4.11973e-05
0.000978717
0.00127789
0.00144375
0.00245351
0.00190652
0.0035223
0.00234609
0.00443253
0.0027628
0.00514357
0.0031699
0.00560113
0.00357976
0.00572905
0.0039909
0.00545756
0.0043839
0.00477318
0.00473038
0.00373906
0.00500894
0.00245268
0.00521417
0.000990219
0.00535155
-0.000583119
0.0054232
-0.0021435
0.00542857
-0.00351682
0.00537174
-0.00455168
0.0052664
-0.00519745
0.00513215
-0.00550521
0.00498729
-0.00557549
0.00484404
-0.00550635
0.00470795
-0.00536852
0.00457954
-0.00520375
0.00445629
-0.00503385
0.00433495
-0.00486903
0.00421318
-0.00471132
0.00408811
-0.00455806
0.00395315
-0.00441113
0.00379967
-0.00428194
0.00362627
-0.00417628
0.00344811
-0.00406558
0.00329589
-0.00387537
0.00320302
-0.0035119
0.00319016
-0.00291251
0.00325886
-0.00208117
0.00339578
-0.0010842
0.00358258
-1.72266e-05
0.00379547
0.00102999
0.00401615
0.00197756
0.00422876
0.00278507
0.0044225
0.00343797
0.00459167
0.00394299
0.00473489
0.00431942
0.00485351
0.00459329
0.00495006
0.00479661
0.00502719
0.00496785
0.00508728
0.00514701
0.00513223
0.0053618
0.00516292
0.00561048
0.00517877
0.00585269
0.00517771
0.006017
0.00515727
0.00602186
0.00511601
0.00579953
0.00505479
0.00531054
0.00497713
0.00454969
0.00488883
0.00354354
0.00479701
0.00234748
0.00471053
0.00103832
0.00463712
-0.000285179
0.0045819
-0.00152377
0.00454705
-0.00259176
0.00452998
-0.00342351
0.00452529
-0.00400106
0.00452516
-0.00433101
0.00452352
-0.0044705
0.00451461
-0.00444981
0.00449737
-0.00435679
0.00446859
-0.00416397
0.00442878
-0.00401036
0.00437409
-0.0037364
0.00430602
-0.00364912
0.00423105
-0.00328255
0.00414937
-0.00329589
-0.0026723
0.000584632
0.000614588
-0.00110122
0.000808693
-0.000152907
0.00113503
0.000951546
0.00154248
0.00204606
0.00198432
0.00308047
0.00243199
0.00398486
0.00287598
0.00469958
0.00331822
0.00515889
0.00376004
0.00528723
0.00419175
0.00502585
0.0045908
0.00437413
0.004931
0.00339886
0.00519641
0.00218727
0.00538568
0.000800948
0.00550467
-0.000702111
0.00555304
-0.00219186
0.00553002
-0.0034938
0.00544281
-0.00446446
0.00530928
-0.00506391
0.00515188
-0.00534782
0.0049897
-0.00541331
0.00483427
-0.00535092
0.00468992
-0.00522416
0.00455621
-0.00507005
0.00443008
-0.00490772
0.00430775
-0.0047467
0.00418644
-0.00459001
0.00406387
-0.00443548
0.00393495
-0.00428221
0.00379127
-0.00413826
0.00362832
-0.00401333
0.00345591
-0.00389317
0.00330095
-0.00372041
0.00319751
-0.00340845
0.0031708
-0.0028858
0.00322728
-0.00213765
0.00335614
-0.00121306
0.00353849
-0.000199581
0.00375139
0.000817088
0.00397486
0.00175409
0.00419267
0.00256726
0.00439355
0.00323709
0.00457132
0.00376523
0.00472406
0.00416667
0.00485274
0.00446461
0.00495971
0.00468964
0.00504777
0.00487979
0.00511971
0.00507507
0.0051778
0.00530371
0.00522299
0.00556529
0.00525431
0.00582137
0.00526894
0.00600237
0.00526343
0.00602737
0.00523537
0.00582759
0.00518471
0.0053612
0.00511419
0.00462021
0.00502897
0.00362876
0.00493631
0.00244014
0.0048443
0.00113033
0.00476278
-0.000203658
0.00469702
-0.00145801
0.0046507
-0.00254544
0.00462222
-0.00339503
0.00460697
-0.00398582
0.00459762
-0.00432166
0.00458827
-0.00446115
0.00457303
-0.00443457
0.00455083
-0.00433459
0.00451859
-0.00413172
0.00447709
-0.00396886
0.00442248
-0.00368179
0.00435542
-0.00358205
0.00428197
-0.00320911
0.0042009
-0.00321482
-0.00261399
0.00114663
-0.0010083
0.00121
-0.000216269
0.0014255
0.000736041
0.00175447
0.00171709
0.00215314
0.0026818
0.00258765
0.00355035
0.00303882
0.00424841
0.0034973
0.00470041
0.00395389
0.00483065
0.0043917
0.00458803
0.0047861
0.00397973
0.0051138
0.00307116
0.00536382
0.00193725
0.005537
0.000627775
0.00563798
-0.000803098
0.00566334
-0.00221722
0.0056127
-0.00344317
0.00549688
-0.00434864
0.00533786
-0.00490489
0.00516038
-0.00517034
0.00498373
-0.00523666
0.00481846
-0.00518565
0.00466767
-0.00507337
0.00453001
-0.00493239
0.00440204
-0.00477975
0.00427966
-0.00462431
0.00415967
-0.00447002
0.00404002
-0.00431584
0.0039171
-0.00415928
0.00378344
-0.0040046
0.00363245
-0.00386234
0.00346873
-0.00372945
0.00331417
-0.00356585
0.00320179
-0.00329608
0.00316049
-0.00284451
0.00320219
-0.00217935
0.00331999
-0.00133086
0.00349522
-0.00037481
0.00370613
0.000606183
0.00393098
0.00152924
0.00415302
0.00234521
0.00436039
0.00302971
0.00454631
0.00357931
0.00470828
0.0040047
0.00484682
0.00432608
0.00496404
0.00457242
0.0050629
0.00478094
0.00514652
0.00499145
0.00521755
0.00523268
0.00527707
0.00550577
0.00532383
0.00577461
0.00535436
0.00597184
0.00536431
0.00601742
0.0053503
0.0058416
0.00531132
0.00540017
0.00524929
0.00468225
0.00516859
0.00370945
0.00507592
0.00253281
0.00498009
0.00122615
0.00489114
-0.000114709
0.00481548
-0.00138234
0.00475802
-0.00248798
0.00471822
-0.00335523
0.00469231
-0.0039599
0.00467348
-0.00430284
0.00465614
-0.00444381
0.00463431
-0.00441274
0.00460692
-0.0043072
0.00457097
-0.00409577
0.00452751
-0.0039254
0.00447284
-0.00362713
0.00440675
-0.00351596
0.00433498
-0.00313734
0.00425464
-0.00313448
-0.00255604
0.00177012
-0.00084023
0.00173086
-0.000177006
0.00183715
0.00062975
0.00207558
0.00147866
0.00241221
0.00234516
0.0028124
0.00315016
0.00324964
0.00381117
0.00370454
0.0042455
0.00415849
0.00437671
0.00458847
0.00415805
0.00496862
0.00359958
0.00527875
0.00276102
0.00551176
0.00170424
0.00566864
0.000470886
0.00575116
-0.000885614
0.00575313
-0.00221919
0.00567544
-0.00336548
0.00553299
-0.00420619
0.00535149
-0.00472338
0.00515721
-0.00497607
0.00496904
-0.00504849
0.00479627
-0.00501288
0.00464079
-0.00491789
0.00450047
-0.00479207
0.0043716
-0.00465088
0.00424999
-0.0045027
0.00413208
-0.00435211
0.00401581
-0.00419957
0.00389872
-0.00404219
0.00377485
-0.00388073
0.00363662
-0.00372411
0.00348405
-0.00357689
0.0033333
-0.00341509
0.00321457
-0.00317736
0.00315903
-0.00278896
0.00318404
-0.00220436
0.00328762
-0.00143444
0.00345319
-0.00054038
0.00365969
0.000399684
0.00388428
0.00130465
0.00410946
0.00212003
0.00432259
0.00281658
0.00451614
0.00338575
0.004687
0.00383384
0.00483512
0.00417795
0.0049624
0.00444514
0.00507182
0.00467151
0.00516684
0.00489643
0.00525047
0.00514905
0.00532398
0.00543226
0.00538595
0.00571264
0.00543237
0.00592542
0.0054581
0.0059917
0.00545879
0.00584091
0.0054325
0.00542646
0.00538015
0.0047346
0.0053053
0.00378431
0.00521428
0.00262383
0.00511549
0.00132495
0.00502043
-1.96487e-05
0.00493567
-0.00129759
0.00486769
-0.00242
0.00481689
-0.00330443
0.00478038
-0.00392339
0.00475198
-0.00427444
0.00472647
-0.0044183
0.0046979
-0.00438418
0.00466514
-0.00427444
0.00462529
-0.00405592
0.00457961
-0.00387972
0.00452473
-0.00357224
0.00445957
-0.0034508
0.00438962
-0.00306739
0.00431019
-0.00305506
-0.00249833
0.00241252
-0.000654473
0.00231565
-8.01353e-05
0.00233509
0.000610307
0.00248512
0.00132863
0.00274876
0.00208153
0.00309734
0.00280158
0.00350144
0.00340707
0.00393435
0.00381259
0.00436971
0.00394135
0.00477963
0.00374813
0.00513773
0.00324148
0.00542661
0.00247214
0.00564134
0.00148952
0.00578086
0.000331361
0.00584359
-0.000948337
0.00582125
-0.00219685
0.00571712
-0.00326135
0.00555036
-0.00403944
0.00534973
-0.00452275
0.00514214
-0.00476848
0.00494542
-0.00485177
0.00476742
-0.00483489
0.00460892
-0.00475939
0.00446716
-0.0046503
0.00433826
-0.00452198
0.0042181
-0.00438254
0.00410294
-0.00423696
0.0039905
-0.00408713
0.0038791
-0.00393079
0.00376444
-0.00376607
0.00363909
-0.00359875
0.00349949
-0.00343729
0.00335585
-0.00327144
0.00323408
-0.00305559
0.0031658
-0.00272069
0.00317315
-0.00221171
0.00325989
-0.00152117
0.00341292
-0.000693408
0.00361239
0.000200207
0.0038348
0.00108225
0.00406182
0.00189302
0.00427982
0.00259858
0.00448042
0.00318515
0.00465974
0.00365453
0.00481714
0.00402055
0.0049542
0.00430809
0.00507389
0.00455182
0.00517994
0.00479037
0.00527571
0.00505329
0.00536269
0.00534528
0.00543943
0.0056359
0.00550152
0.00586333
0.00554312
0.0059501
0.00555898
0.00582505
0.00554618
0.00543926
0.0055046
0.00477619
0.00543694
0.00385196
0.00534895
0.00271182
0.00524868
0.00142521
0.00514872
8.0313e-05
0.00505596
-0.00120483
0.00497828
-0.00234233
0.00491703
-0.00324318
0.00487022
-0.00387658
0.00483231
-0.00423654
0.00479858
-0.00438456
0.00476319
-0.0043488
0.00472498
-0.00423622
0.00468111
-0.00401206
0.004633
-0.00383161
0.00457775
-0.00351699
0.00451344
-0.00338649
0.00444544
-0.00299939
0.00436716
-0.00297677
-0.00244083
0.00299701
0.00288895
2.7923e-05
0.00286517
0.000634095
0.00294754
0.00124626
0.00314033
0.00188873
0.00342788
0.00251403
0.00378425
0.0030507
0.00417984
0.00341701
0.00458329
0.0035379
0.00496336
0.00336805
0.0052936
0.00291124
0.00555843
0.0022073
0.00575326
0.00129469
0.00587351
0.000211114
0.00591421
-0.000989039
0.00586643
-0.00214907
0.00573678
-0.0031317
0.00554852
-0.00385118
0.00533247
-0.00430669
0.00511517
-0.00455118
0.00491284
-0.00464944
0.0047318
-0.00465384
0.00457184
-0.00459943
0.00442976
-0.00450822
0.00430162
-0.00439384
0.00418349
-0.00426441
0.00407164
-0.00412511
0.00396345
-0.00397894
0.00385762
-0.00382496
0.00375146
-0.00365991
0.00363852
-0.00348581
0.00351294
-0.00331171
0.00337929
-0.00313779
0.00325812
-0.00293441
0.00317971
-0.00264228
0.00316973
-0.00220173
0.00323766
-0.00158911
0.00337535
-0.000831104
0.00356494
1.0623e-05
0.00378287
0.000864317
0.00401015
0.00166573
0.00423196
0.00237677
0.00443888
0.00297823
0.00462615
0.00346726
0.00479245
0.00385424
0.00493896
0.00416158
0.00506858
0.0044222
0.00518521
0.00467374
0.00529253
0.00494596
0.00539234
0.00524547
0.00548324
0.00554501
0.00556057
0.005786
0.00561791
0.00589276
0.00564918
0.00579377
0.00565049
0.00543795
0.00562064
0.00480603
0.00556138
0.00391123
0.0054777
0.0027955
0.00537803
0.00152489
0.00527381
0.000184535
0.00517468
-0.0011057
0.00508838
-0.00225602
0.00501744
-0.00317224
0.0049608
-0.00381994
0.00491364
-0.00418938
0.00487176
-0.00434267
0.00482958
-0.00430662
0.0047859
-0.00419253
0.00473798
-0.00396414
0.00468726
-0.0037809
0.00463148
-0.00346121
0.00456794
-0.00332295
0.00450202
-0.00293346
0.00442515
-0.00289991
-0.00238359
0.00339768
0.00011096
0.0033682
0.000663567
0.00341471
0.00119975
0.00355459
0.00174886
0.00378399
0.00228463
0.0040859
0.00274879
0.00443383
0.00306908
0.00479554
0.00317619
0.00513856
0.00302503
0.00543661
0.00261319
0.00567474
0.00196917
0.005847
0.00112243
0.00594551
0.000112601
0.00596135
-0.00100488
0.00588723
-0.00207495
0.00573365
-0.00297811
0.00552732
-0.00364485
0.0052999
-0.00407927
0.00507657
-0.00432786
0.00487151
-0.00444438
0.00468946
-0.00447179
0.00452946
-0.00443944
0.00438807
-0.00436684
0.0042614
-0.00426717
0.00414578
-0.00414879
0.00403763
-0.00401696
0.00393407
-0.00387538
0.00383379
-0.00372468
0.00373537
-0.00356149
0.00363395
-0.00338439
0.00352265
-0.00320041
0.00340124
-0.00301639
0.00328429
-0.00281746
0.0031991
-0.00255709
0.00317333
-0.00217596
0.00322182
-0.00163759
0.00334163
-0.000950921
0.00351831
-0.00016605
0.00372919
0.000653432
0.00395483
0.0014401
0.00417909
0.0021525
0.00439141
0.00276591
0.004586
0.00327268
0.00476075
0.00367949
0.00491632
0.00400601
0.00505546
0.00428307
0.00518216
0.00454704
0.0053004
0.00482773
0.00541227
0.00513361
0.00551655
0.00544072
0.00560849
0.00569406
0.00568122
0.00582004
0.00572794
0.00574705
0.00574377
0.00542212
0.00572647
0.00482333
0.00567663
0.00396107
0.00559865
0.00287348
0.00550094
0.00162259
0.00539441
0.000291063
0.00529025
-0.00100154
0.00519653
-0.0021623
0.00511686
-0.00309257
0.00505108
-0.00375416
0.0049951
-0.0041334
0.00494527
-0.00429285
0.00489642
-0.00425777
0.00484733
-0.00414344
0.0047954
-0.0039122
0.00474198
-0.00372748
0.00468556
-0.00340479
0.00462268
-0.00326007
0.00455892
-0.00286971
0.00448377
-0.00282475
-0.00232678
0.00380259
0.000144259
0.00379989
0.000666269
0.0038429
0.00115674
0.00395249
0.00163927
0.00413718
0.00209994
0.00438871
0.00249726
0.00468625
0.00277154
0.00500127
0.00286117
0.00530286
0.00272344
0.0055656
0.00235045
0.00577453
0.00176024
0.00592085
0.000976113
0.00599434
3.91143e-05
0.00598259
-0.000993134
0.00588193
-0.00197429
0.00570687
-0.00280305
0.00548652
-0.0034245
0.00525202
-0.00384477
0.00502628
-0.00410212
0.00482113
-0.00423924
0.00463989
-0.00429054
0.00448109
-0.00428064
0.0043413
-0.00422704
0.00421675
-0.00414262
0.00410406
-0.0040361
0.00399995
-0.00391285
0.00390138
-0.00377681
0.00380675
-0.00363006
0.00371545
-0.00347019
0.00362444
-0.00329338
0.00352706
-0.00310303
0.00341942
-0.00290875
0.00330999
-0.00270804
0.00322178
-0.00246887
0.0031828
-0.00213698
0.00321233
-0.00166712
0.00331323
-0.00105182
0.00347363
-0.000326453
0.00367495
0.000452113
0.00389661
0.00121844
0.00412163
0.00192749
0.00433815
0.00254938
0.00453924
0.00307159
0.00472185
0.00349688
0.00488603
0.00384182
0.00503423
0.00413486
0.00517046
0.00441081
0.00529891
0.00469928
0.00542199
0.00501052
0.00553879
0.00532393
0.00564456
0.00558829
0.00573213
0.00573247
0.0057941
0.00568507
0.00582467
0.00539156
0.00582048
0.00482752
0.00578102
0.00400053
0.00571005
0.00294444
0.00561572
0.00171693
0.00550887
0.000397913
0.00540113
-0.000893799
0.00530133
-0.0020625
0.00521404
-0.00300529
0.00513998
-0.00368009
0.00507576
-0.00406918
0.00501834
-0.00423544
0.00496304
-0.00420247
0.0049087
-0.0040891
0.00485289
-0.00385639
0.00479673
-0.00367132
0.00473959
-0.00334765
0.00467725
-0.00319773
0.00461576
-0.00280822
0.00454261
-0.0027516
-0.00227064
0.00407645
0.000131738
0.00411712
0.000625601
0.0041846
0.00108926
0.00429315
0.00153072
0.00445357
0.00193952
0.00466717
0.00228366
0.00492004
0.00251867
0.00518962
0.00259158
0.00544933
0.00246373
0.0056756
0.00212419
0.00585281
0.00158303
0.00597096
0.000857964
0.00601754
-7.46087e-06
0.00597617
-0.000951768
0.00584947
-0.00184758
0.00565609
-0.00260967
0.00542605
-0.00319446
0.00518858
-0.0036073
0.0049636
-0.00387714
0.00476058
-0.00403623
0.00458167
-0.00411163
0.00442518
-0.00412415
0.00428787
-0.00408973
0.00416617
-0.00402092
0.00405694
-0.00392687
0.00395725
-0.00381316
0.00386407
-0.00368363
0.00377537
-0.00354137
0.00369084
-0.00338565
0.00360914
-0.00321168
0.00352485
-0.00301873
0.00343179
-0.00281569
0.00333274
-0.00260899
0.00324529
-0.00238142
0.00319629
-0.00208798
0.00320841
-0.00167925
0.00328985
-0.00113326
0.00343298
-0.000469581
0.00362176
0.000263333
0.00383681
0.00100339
0.00406042
0.00170388
0.00427957
0.00233023
0.00448606
0.00286511
0.00467577
0.00330717
0.00484799
0.0036696
0.00500474
0.00397811
0.00514991
0.00426564
0.00528782
0.00456137
0.00542122
0.00487712
0.00554951
0.00519564
0.00566813
0.00546966
0.00576979
0.00563081
0.00584666
0.00560821
0.00589205
0.00534617
0.00590142
0.00481814
0.00587315
0.0040288
0.0058105
0.00300709
0.00572094
0.0018065
0.00561585
0.000502996
0.00550594
-0.000783885
0.00540147
-0.00195803
0.00530779
-0.00291161
0.00522644
-0.00359874
0.00515473
-0.00399747
0.00509021
-0.00417092
0.00502881
-0.00414106
0.00496944
-0.00402974
0.00490997
-0.00379691
0.00485112
-0.00361247
0.00479325
-0.00328979
0.00473134
-0.00313581
0.00467216
-0.00274905
0.00460128
-0.00268072
-0.00221549
0.00423816
0.00431718
0.000546586
0.0044152
0.000991238
0.00454109
0.00140483
0.00469998
0.00178063
0.00489459
0.00208905
0.00511704
0.00229622
0.00534956
0.00235906
0.00557168
0.00224161
0.00576362
0.00193225
0.00590993
0.00143671
0.00599721
0.000770688
0.00600941
-1.96584e-05
0.0059425
-0.000884861
0.00579276
-0.00169785
0.00558546
-0.00240237
0.00535043
-0.00295944
0.00511398
-0.00337085
0.00489265
-0.00365581
0.00469372
-0.0038373
0.00451844
-0.00393635
0.00436513
-0.00397084
0.00423088
-0.00395548
0.00411245
-0.00390248
0.00400689
-0.00382132
0.00391162
-0.00371789
0.00382383
-0.00359584
0.00374112
-0.00345866
0.00366297
-0.0033075
0.00358936
-0.00313807
0.00351675
-0.00294612
0.00343822
-0.00273717
0.00335167
-0.00252243
0.00326853
-0.00229828
0.00321284
-0.00203229
0.00320953
-0.00167593
0.00327169
-0.00119543
0.00339706
-0.000594952
0.00357113
8.92656e-05
0.00377734
0.000797181
0.00399708
0.00148414
0.00421676
0.00211055
0.00442708
0.00265479
0.0046228
0.00311145
0.0048023
0.0034901
0.00496699
0.00381341
0.0051205
0.00411214
0.00526718
0.00441469
0.00541006
0.00473423
0.00554894
0.00505676
0.00567951
0.00533909
0.00579442
0.0055159
0.00588549
0.00551714
0.0059453
0.00528636
0.00596817
0.00479527
0.0059517
0.00404528
0.00589885
0.00305993
0.00581686
0.00188849
0.00571389
0.000605967
0.00560365
-0.000673647
0.00549584
-0.00185022
0.00539713
-0.0028129
0.00530969
-0.0035113
0.00523143
-0.0039192
0.00516044
-0.00409994
0.00509333
-0.00407396
0.00502922
-0.00396562
0.00496632
-0.00373401
0.00490487
-0.00355102
0.00484627
-0.00323119
0.00478466
-0.0030742
0.00472782
-0.00269222
0.00465937
-0.00261226
-0.0021618
0.00439649
0.000436459
0.00453265
0.00085508
0.00468638
0.0012511
0.00485825
0.00160876
0.00504918
0.00189811
0.00525573
0.00208968
0.00546562
0.00214917
0.00566081
0.00204642
0.00582427
0.00176879
0.00594003
0.00132096
0.00599449
0.000716228
0.00598436
-9.53218e-06
0.00588228
-0.000782778
0.00571502
-0.00153059
0.00550196
-0.00218931
0.00527021
-0.00272769
0.00504119
-0.00314182
0.00482771
-0.00344233
0.00463522
-0.00364481
0.00446462
-0.00376575
0.00431465
-0.00382086
0.00418307
-0.00382391
0.0040672
-0.00378661
0.00396442
-0.00371854
0.00387252
-0.00362599
0.00378909
-0.0035124
0.00371155
-0.00338112
0.00363887
-0.00323482
0.00357173
-0.00307093
0.00350871
-0.0028831
0.00344357
-0.00267203
0.0033706
-0.00244946
0.00329476
-0.00222244
0.00323558
-0.00197312
0.00321906
-0.00165941
0.00326367
-0.00124004
0.00337116
-0.000702439
0.00352716
-6.67385e-05
0.00372422
0.000600124
0.00393778
0.00127058
0.00415511
0.00189322
0.00436632
0.00244358
0.00456549
0.00291228
0.00475023
0.00330537
0.00492125
0.0036424
0.00508166
0.00395173
0.00523562
0.00426073
0.00538635
0.00458351
0.00553405
0.00490906
0.00567494
0.0051982
0.00580209
0.00538875
0.00590731
0.00541192
0.00598233
0.00521134
0.00602033
0.00475728
0.006018
0.00404761
0.00597681
0.00310112
0.00590182
0.00196348
0.00580486
0.000702922
0.00569408
-0.000562868
0.00558447
-0.0017406
0.00548243
-0.00271086
0.00539042
-0.00341929
0.0053066
-0.00383539
0.00522967
-0.004023
0.00515704
-0.00400134
0.00508823
-0.00389681
0.00502193
-0.00366771
0.00495793
-0.00348701
0.00489843
-0.0031717
0.00483713
-0.0030129
0.00478229
-0.00263738
0.0047169
-0.00254686
-0.00210969
0.010104
0.000473561
0.0101373
0.00082186
0.0102403
0.00114808
0.0104188
0.00143023
0.010675
0.00164189
0.0110081
0.00175663
0.011408
0.00174923
0.0118542
0.00160027
0.0123159
0.00130707
0.0127513
0.000885508
0.0131043
0.000363312
0.0133411
-0.000246415
0.0134392
-0.00088089
0.013393
-0.00148434
0.0132245
-0.00202082
0.0129671
-0.0024703
0.0126525
-0.00282725
0.0123055
-0.00309524
0.0119435
-0.00328286
0.0115791
-0.00340135
0.0112208
-0.00346259
0.0108743
-0.00347739
0.0105423
-0.00345463
0.0102254
-0.00340156
0.00992286
-0.00332348
0.00963339
-0.00322294
0.00935391
-0.00310163
0.00908156
-0.00296247
0.00881677
-0.00280613
0.00856073
-0.00262706
0.008308
-0.0024193
0.00804615
-0.00218761
0.00776928
-0.00194557
0.00749321
-0.00169705
0.00725524
-0.00142143
0.00709735
-0.00108215
0.00704677
-0.000651856
0.00711321
-0.000133186
0.00725238
0.000460956
0.00745876
0.0010642
0.00770868
0.0016433
0.00798283
0.00216943
0.00826581
0.0026293
0.00854637
0.00302481
0.00881787
0.00337089
0.00907879
0.00369081
0.00933253
0.00400699
0.00958545
0.00433058
0.00984371
0.00465081
0.0101102
0.00493169
0.0103827
0.00511625
0.0106522
0.00514243
0.0109036
0.0049599
0.0111209
0.00454001
0.0112901
0.00387843
0.011398
0.0029932
0.0114336
0.00192785
0.0113935
0.000743082
0.0113118
-0.000481173
0.0111911
-0.00161993
0.0110365
-0.0025562
0.0108526
-0.00323544
0.0106461
-0.00362891
0.0104276
-0.00380445
0.0102063
-0.00378003
0.00998944
-0.00367999
0.00978245
-0.00346072
0.00958449
-0.00328905
0.00940461
-0.00299181
0.0092285
-0.00283679
0.00907482
-0.0024837
0.00891037
-0.00238242
-0.00197088
0.0105582
0.000466144
0.0106379
0.000742105
0.0107882
0.00099776
0.011006
0.0012125
0.0112844
0.00136342
0.0116128
0.00142821
0.0119741
0.001388
0.0123425
0.00123185
0.012688
0.000961574
0.012984
0.000589538
0.0132133
0.000133977
0.0133343
-0.000367458
0.0133404
-0.000886952
0.0132387
-0.00138269
0.0130477
-0.00182973
0.0127896
-0.00221227
0.0124863
-0.00252391
0.0121565
-0.00276541
0.0118155
-0.00294191
0.0114749
-0.00306076
0.0111423
-0.00312998
0.010822
-0.00315706
0.0105156
-0.00314823
0.0102228
-0.00310882
0.00994262
-0.00304326
0.00967395
-0.00295426
0.00941533
-0.00284301
0.00916417
-0.00271132
0.00891918
-0.00256114
0.00868251
-0.00239039
0.00845583
-0.00219263
0.00823377
-0.00196555
0.00800619
-0.00171799
0.00777167
-0.00146253
0.00754897
-0.00119873
0.00737258
-0.000905761
0.00727538
-0.000554655
0.00727097
-0.00012877
0.00737265
0.000359267
0.00755126
0.000885597
0.00778395
0.0014106
0.0080484
0.00190498
0.00832684
0.00235086
0.0086067
0.00274494
0.00888098
0.00309661
0.00914825
0.00342354
0.00941201
0.00374323
0.0096786
0.00406399
0.00995442
0.004375
0.0102428
0.00464326
0.0105411
0.00481797
0.0108391
0.00484444
0.0111207
0.0046783
0.0113675
0.00429319
0.0115592
0.0036868
0.011681
0.00287138
0.0117318
0.00187705
0.0117242
0.000750669
0.0116577
-0.000414699
0.0115399
-0.00150205
0.0113736
-0.00238998
0.0111676
-0.00302943
0.0109342
-0.00339543
0.0106882
-0.00355851
0.0104427
-0.0035345
0.010206
-0.00344329
0.00998439
-0.00323912
0.00977531
-0.00307998
0.00958804
-0.00280454
0.00940809
-0.00265684
0.00925427
-0.00232989
0.00909562
-0.00222376
-0.00183518
0.0108309
0.000436183
0.0109246
0.00064844
0.0110798
0.000842607
0.0112916
0.00100071
0.0115509
0.0011041
0.0118438
0.00113529
0.0121515
0.00108029
0.0124518
0.000931523
0.0127226
0.000690817
0.0129418
0.000370372
0.013086
-1.02206e-05
0.0131461
-0.000427585
0.0131164
-0.000857257
0.0130049
-0.0012712
0.0128247
-0.00164953
0.0125919
-0.00197948
0.0123228
-0.00225477
0.0120317
-0.00247437
0.0117304
-0.00264063
0.0114274
-0.00275774
0.0111282
-0.00283081
0.0108362
-0.00286505
0.0105532
-0.00286521
0.0102798
-0.00283542
0.0100159
-0.00277933
0.00976123
-0.0026996
0.00951569
-0.00259748
0.00927828
-0.0024739
0.00904765
-0.00233051
0.00882473
-0.00216748
0.00861298
-0.00198088
0.00841318
-0.00176575
0.00821919
-0.00152399
0.00802294
-0.00126628
0.00782676
-0.00100255
0.00765089
-0.000729896
0.00752754
-0.000431303
0.00748581
-8.70417e-05
0.00753254
0.000312534
0.00766529
0.000752848
0.00786467
0.00121123
0.00810828
0.00166137
0.00837562
0.00208352
0.00865121
0.00246935
0.00892597
0.00282186
0.00919718
0.00315233
0.00946765
0.00347276
0.00974363
0.00378801
0.0100319
0.00408672
0.0103359
0.00433931
0.0106522
0.0045016
0.0109702
0.00452643
0.0112732
0.00437535
0.0115404
0.00402594
0.0117524
0.00347487
0.0118979
0.00272579
0.011976
0.00179903
0.0119887
0.000737954
0.011939
-0.000365028
0.0118262
-0.00138926
0.0116541
-0.00221783
0.011434
-0.00280938
0.0111827
-0.00314417
0.0109184
-0.00329415
0.0106562
-0.00327231
0.0104052
-0.00319231
0.0101729
-0.00300685
0.00995569
-0.00286273
0.00976276
-0.0026116
0.00957978
-0.00247386
0.00942447
-0.00217458
0.00927071
-0.00207
-0.00170335
0.0110085
0.000398913
0.0110982
0.000558707
0.0112385
0.000702253
0.0114246
0.00081467
0.0116474
0.000881238
0.0118943
0.000888475
0.0121487
0.000825876
0.0123915
0.000688727
0.0126028
0.000479482
0.0127661
0.000207064
0.0128669
-0.000111017
0.0128989
-0.000459552
0.0128597
-0.000818078
0.012755
-0.00116654
0.0125948
-0.00148933
0.0123912
-0.00177582
0.0121563
-0.00201986
0.011901
-0.00221907
0.0116342
-0.00237386
0.0113628
-0.00248639
0.0110919
-0.00255986
0.0108248
-0.00259794
0.0105638
-0.00260421
0.0103102
-0.00258187
0.0100646
-0.00253374
0.00982719
-0.00246214
0.00959812
-0.00236841
0.00937739
-0.00225317
0.00916419
-0.00211731
0.00895846
-0.00196175
0.00876277
-0.00178518
0.00858072
-0.0015837
0.00841193
-0.0013552
0.00825031
-0.00110466
0.00809032
-0.000842568
0.00793688
-0.000576453
0.00780879
-0.000303212
0.00773191
-1.0159e-05
0.00772937
0.000315075
0.00780756
0.000674655
0.00795922
0.00105957
0.00816738
0.00145321
0.00841217
0.00183873
0.00867599
0.00220553
0.00894675
0.00255109
0.00921908
0.00288
0.00949391
0.00319793
0.00977652
0.0035054
0.0100732
0.00379007
0.010387
0.00402548
0.0107148
0.00417377
0.0110464
0.00419485
0.0113644
0.00405733
0.0116476
0.00374274
0.0118772
0.0032453
0.0120439
0.0025591
0.0121468
0.0016961
0.0121866
0.000698205
0.0121563
-0.000334774
0.0120525
-0.00128544
0.0118789
-0.0020442
0.0116499
-0.00258043
0.0113864
-0.00288062
0.0111092
-0.00301695
0.0108359
-0.00299901
0.0105758
-0.00293226
0.0103375
-0.00276853
0.0101163
-0.00264153
0.00992092
-0.00241623
0.0097376
-0.00229053
0.00958171
-0.0020187
0.00943281
-0.0019211
-0.00157617
0.0111285
0.000360699
0.0112088
0.000478359
0.0113296
0.000581472
0.0114863
0.000657988
0.0116712
0.000696334
0.0118733
0.000686382
0.0120785
0.000620635
0.0122713
0.000495916
0.0124365
0.000314323
0.0125605
8.30124e-05
0.0126341
-0.00018454
0.0126515
-0.000477037
0.012612
-0.000778494
0.0125193
-0.00107392
0.0123809
-0.00135089
0.0122054
-0.00160029
0.0120017
-0.0018162
0.0117783
-0.00199561
0.0115422
-0.00213782
0.0112995
-0.00224369
0.0110548
-0.00231514
0.0108115
-0.00235462
0.010572
-0.00236472
0.010338
-0.00234785
0.0101104
-0.00230616
0.00988978
-0.00224153
0.00967666
-0.00215529
0.00947158
-0.00204809
0.00927468
-0.00192041
0.00908592
-0.00177299
0.00890665
-0.00160592
0.00874033
-0.00141738
0.00858985
-0.00120472
0.00845365
-0.000968455
0.00832611
-0.000715031
0.00820344
-0.000453786
0.00809147
-0.000191239
0.00800578
7.55318e-05
0.00796786
0.000352995
0.00799349
0.000649028
0.00808774
0.000965316
0.00824427
0.00129668
0.0084492
0.0016338
0.00868653
0.00196821
0.00894272
0.0022949
0.0092096
0.00261312
0.00948515
0.00292238
0.00977222
0.00321833
0.0100753
0.003487
0.0103967
0.00370407
0.0107331
0.0038374
0.0110735
0.00385442
0.0113996
0.00373121
0.0116911
0.00345127
0.0119333
0.00300308
0.0121218
0.00237064
0.0122546
0.00156334
0.0123238
0.000628971
0.012315
-0.000325999
0.0122212
-0.00119161
0.0120476
-0.00187066
0.011813
-0.00234576
0.0115423
-0.00260992
0.0112587
-0.00273337
0.0109811
-0.00272139
0.0107182
-0.00266937
0.0104787
-0.0025291
0.0102577
-0.00242053
0.0100629
-0.00222135
0.00988166
-0.00210933
0.00972639
-0.00186343
0.00958176
-0.00177647
-0.00145405
0.0112104
0.000323845
0.0112807
0.000408112
0.0113827
0.000479459
0.0115124
0.000528271
0.0116632
0.000545558
0.0118259
0.000523649
0.0119893
0.000457205
0.0121414
0.00034387
0.0122703
0.000185419
0.0123649
-1.16138e-05
0.012419
-0.000238598
0.0124276
-0.000485718
0.0123901
-0.000740991
0.012309
-0.000992797
0.0121892
-0.00123111
0.0120371
-0.00144817
0.0118595
-0.00163858
0.011663
-0.00179913
0.0114537
-0.00192847
0.0112366
-0.0020266
0.0110159
-0.00209446
0.0107948
-0.00213357
0.0105758
-0.00214572
0.0103607
-0.0021327
0.0101507
-0.00209614
0.00994667
-0.00203752
0.00974942
-0.00195804
0.00955972
-0.0018584
0.00937832
-0.00173901
0.00920567
-0.00160034
0.0090426
-0.00144285
0.00889142
-0.0012662
0.00875563
-0.00106893
0.00863712
-0.000849939
0.00853377
-0.000611682
0.00844087
-0.000360888
0.00835563
-0.000105995
0.00828253
0.000148628
0.00823391
0.00040162
0.00822499
0.000657943
0.00826771
0.000922599
0.00836628
0.00119811
0.00851676
0.00148331
0.00870976
0.0017752
0.00893456
0.0020701
0.00918267
0.00236502
0.0094498
0.00265525
0.00973573
0.0029324
0.0100419
0.00318084
0.0103681
0.00337789
0.0107088
0.00349671
0.0110514
0.00351173
0.0113787
0.003404
0.0116751
0.00315484
0.0119331
0.00274507
0.0121496
0.00215418
0.0123157
0.00139715
0.0124135
0.000531202
0.0124223
-0.000334787
0.0123346
-0.00110388
0.0121603
-0.00169639
0.0119229
-0.00210837
0.0116508
-0.00233777
0.0113676
-0.00245026
0.0110923
-0.00244607
0.0108325
-0.00240953
0.0105965
-0.00229312
0.0103795
-0.00220352
0.0101879
-0.00202977
0.0100111
-0.00193254
0.00985824
-0.00171055
0.00971766
-0.00163589
-0.00133708
0.0112651
0.00028932
0.0113258
0.000347367
0.0114112
0.000394058
0.0115177
0.000421774
0.0116398
0.000423508
0.01177
0.000393456
0.0118995
0.000327653
0.0120189
0.000224475
0.0121187
8.56547e-05
0.0121907
-8.36597e-05
0.0122297
-0.000277591
0.0122319
-0.000487846
0.0121962
-0.000705285
0.0121242
-0.000920802
0.0120194
-0.00112631
0.0118864
-0.00131525
0.0117307
-0.0014828
0.0115573
-0.00162576
0.0113712
-0.00174242
0.0111769
-0.00183221
0.0109778
-0.00189541
0.0107771
-0.00193287
0.0105771
-0.00194575
0.0103798
-0.00193533
0.0101865
-0.00190286
0.00999841
-0.00184946
0.00981651
-0.00177613
0.00964172
-0.00168361
0.00947503
-0.00157233
0.00931735
-0.00144265
0.00916953
-0.00129503
0.00903314
-0.00112981
0.00891085
-0.00094664
0.0088057
-0.000744791
0.00871868
-0.000524659
0.00864767
-0.000289883
0.00858837
-4.66924e-05
0.00853856
0.000198436
0.00850091
0.000439267
0.00848342
0.000675433
0.00849657
0.000909457
0.00854922
0.00114546
0.00864574
0.00138679
0.00878549
0.00163545
0.00896444
0.00189115
0.00917771
0.00215175
0.00942156
0.0024114
0.00969391
0.00266004
0.00999307
0.00288168
0.0103153
0.00305565
0.0106523
0.00315976
0.0109911
0.00317292
0.0113181
0.00307701
0.0116244
0.00284849
0.0119058
0.00246364
0.0121546
0.00190546
0.0123513
0.0012004
0.0124687
0.000413783
0.012485
-0.00035101
0.0123967
-0.00101564
0.0122203
-0.00151999
0.0119831
-0.0018712
0.011715
-0.00206959
0.0114386
-0.00217386
0.0111715
-0.00217899
0.01092
-0.00215805
0.0106916
-0.00206475
0.010482
-0.00199387
0.0102963
-0.00184402
0.0101258
-0.00176209
0.00997726
-0.00156202
0.009841
-0.00149963
-0.0012252
0.0112998
0.000257596
0.0113519
0.000295204
0.0114231
0.0003229
0.0115102
0.00033466
0.0116087
0.000325032
0.0117126
0.000289582
0.0118148
0.000225391
0.0119079
0.000131393
0.0119847
8.89024e-06
0.0120387
-0.000137716
0.0120656
-0.000304471
0.0120623
-0.000484507
0.0120277
-0.000670714
0.0119628
-0.000855908
0.01187
-0.00103352
0.0117528
-0.00119804
0.0116152
-0.00134519
0.0114614
-0.00147193
0.0112954
-0.00157641
0.0111209
-0.00165771
0.0109411
-0.00171568
0.0107589
-0.00175066
0.0105765
-0.00176336
0.0103958
-0.00175464
0.0102184
-0.00172542
0.0100455
-0.00167657
0.00987826
-0.00160889
0.00971772
-0.00152307
0.00956498
-0.00141958
0.00942115
-0.00129882
0.00928732
-0.0011612
0.00916475
-0.00100724
0.00905537
-0.000837262
0.00896181
-0.000651231
0.00888646
-0.000449302
0.00882953
-0.000232953
0.00878912
-6.28747e-06
0.00876153
0.000226026
0.00874433
0.000456464
0.00873831
0.000681458
0.00874798
0.000899785
0.00878016
0.00111328
0.00884169
0.00132526
0.00893764
0.00153951
0.00907071
0.00175808
0.00924173
0.00198073
0.00945032
0.00220281
0.00969525
0.00241512
0.00997359
0.00260334
0.0102795
0.00274969
0.0106037
0.0028356
0.010935
0.00284167
0.0112641
0.00274783
0.0115856
0.00252704
0.011892
0.00215724
0.0121658
0.00163168
0.0123776
0.000988538
0.0124968
0.0002946
0.0125062
-0.000360418
0.0124102
-0.000919606
0.012231
-0.00134079
0.0119978
-0.00163799
0.0117393
-0.00181106
0.0114756
-0.00191019
0.011222
-0.00192545
0.0109835
-0.00191947
0.0107662
-0.00184747
0.0105666
-0.00179431
0.0103889
-0.00166625
0.0102261
-0.00159936
0.0100837
-0.00141956
0.00995237
-0.00136833
-0.0011184
0.0113196
0.000228814
0.0113642
0.000250596
0.0114233
0.000263772
0.0114944
0.00026359
0.0115736
0.000245802
0.0116562
0.000207004
0.0117366
0.000145049
0.0118087
5.92219e-05
0.0118668
-4.91744e-05
0.0119064
-0.000177361
0.0119235
-0.000321527
0.0119155
-0.000476557
0.0118816
-0.000636797
0.0118222
-0.000796509
0.011739
-0.000950334
0.0116346
-0.00109363
0.0115121
-0.00122266
0.0113748
-0.00133463
0.0112261
-0.00142767
0.011069
-0.00150067
0.0109065
-0.00155317
0.010741
-0.0015852
0.0105748
-0.0015971
0.0104096
-0.00158942
0.010247
-0.00156282
0.0100884
-0.00151795
0.00993495
-0.00145547
0.00978785
-0.00137597
0.00964823
-0.00127996
0.00951726
-0.00116786
0.00939618
-0.00104011
0.00928619
-0.000897254
0.00918882
-0.000739888
0.00910603
-0.000568447
0.00904018
-0.00038345
0.00899298
-0.00018575
0.00896402
2.26654e-05
0.00895204
0.000238007
0.00895348
0.000455031
0.00896579
0.000669142
0.00898854
0.000877039
0.00902397
0.00107785
0.0090766
0.00127263
0.00915214
0.00146397
0.00925632
0.0016539
0.00939409
0.00184296
0.00956886
0.00202803
0.00978196
0.00220202
0.0100317
0.00235361
0.010313
0.00246839
0.0106181
0.00253046
0.010939
0.00252079
0.0112688
0.002418
0.0115999
0.00219592
0.0119171
0.00184012
0.012193
0.00135578
0.0123941
0.000787357
0.012494
0.000194712
0.0124843
-0.000350649
0.0123769
-0.000812267
0.0121974
-0.00116124
0.0119734
-0.00141401
0.0117302
-0.0015679
0.0114844
-0.00166438
0.0112485
-0.00168954
0.0110262
-0.00169712
0.0108226
-0.00164387
0.0106351
-0.00160679
0.010467
-0.00149814
0.0103129
-0.00144533
0.0101778
-0.00128447
0.0100524
-0.00124286
-0.00101678
0.0113282
0.000202909
0.0113662
0.000212551
0.0114153
0.000214749
0.0114731
0.000205765
0.0115366
0.000182276
0.0116019
0.000141686
0.0116646
8.2385e-05
0.0117199
3.92403e-06
0.0117633
-9.26152e-05
0.0117911
-0.000205161
0.0118001
-0.00033053
0.0117883
-0.000464711
0.0117547
-0.0006032
0.0116996
-0.000741377
0.0116241
-0.000874849
0.0115302
-0.000999718
0.0114203
-0.00111274
0.011297
-0.00121139
0.0111632
-0.00129384
0.0110214
-0.00135892
0.0108743
-0.001406
0.0107239
-0.00143484
0.0105724
-0.00144557
0.0104214
-0.00143848
0.0102726
-0.00141402
0.0101273
-0.00137268
0.00998685
-0.00131499
0.00985233
-0.00124145
0.00972495
-0.00115257
0.00960589
-0.00104881
0.00949642
-0.000930642
0.00939776
-0.000798595
0.00931123
-0.000653352
0.00923843
-0.000495651
0.00918119
-0.000326203
0.00914131
-0.000145876
0.00911991
4.4063e-05
0.00911694
0.000240984
0.00913053
0.000441439
0.00915806
0.000641609
0.00919723
0.000837875
0.00924716
0.00102791
0.00930912
0.00121067
0.00938652
0.00138657
0.00948435
0.00155606
0.00960828
0.00171904
0.00976337
0.00187294
0.00995293
0.00201247
0.0101774
0.00212918
0.0104341
0.00221163
0.0107184
0.00224619
0.0110246
0.00221461
0.0113453
0.00209732
0.0116675
0.00187366
0.0119687
0.00153896
0.0122176
0.00110689
0.0123841
0.000620793
0.0124504
0.000128414
0.0124175
-0.000317718
0.0123016
-0.000696352
0.0121273
-0.000987003
0.0119185
-0.00120516
0.0116956
-0.00134498
0.0114714
-0.00144016
0.0112558
-0.00147397
0.0110517
-0.00149306
0.0108635
-0.00145563
0.0106892
-0.00143254
0.010532
-0.00134091
0.0103873
-0.00130062
0.0102604
-0.00115755
0.0101415
-0.00112402
-0.000920571
0.0113281
0.000179709
0.0113605
0.000180148
0.0114011
0.00017418
0.011448
0.000158851
0.0114987
0.000131571
0.0115501
9.03345e-05
0.0115985
3.39429e-05
0.0116403
-3.78272e-05
0.0116718
-0.00012419
0.0116901
-0.000223418
0.0116925
-0.000332962
0.0116774
-0.000449611
0.011644
-0.000569751
0.0115922
-0.000689637
0.011523
-0.000805654
0.0114378
-0.000914521
0.0113385
-0.00101344
0.0112273
-0.00110014
0.0111064
-0.00117293
0.0109781
-0.0012306
0.0108445
-0.00127244
0.0107077
-0.00129807
0.0105696
-0.00130742
0.0104317
-0.00130062
0.0102957
-0.00127795
0.0101627
-0.00123977
0.0100343
-0.00118651
0.00991143
-0.00111861
0.00979538
-0.00103652
0.00968731
-0.000940736
0.00958841
-0.000831746
0.00949993
-0.000710119
0.00942312
-0.000576538
0.00935927
-0.000431805
0.00930986
-0.00027679
0.00927648
-0.000112491
0.00926049
6.00469e-05
0.00926269
0.000238784
0.00928272
0.00042141
0.0093192
0.000605129
0.0093702
0.000786871
0.00943408
0.00096404
0.00951026
0.00113448
0.00959988
0.00129695
0.00970573
0.00145021
0.00983189
0.00159287
0.00998268
0.00172216
0.0101615
0.0018336
0.0103701
0.00192067
0.0106076
0.00197404
0.0108716
0.00198219
0.0111569
0.00192933
0.011454
0.00180024
0.0117455
0.00158213
0.0120064
0.0012781
0.0122084
0.00090486
0.0123294
0.000499805
0.0123614
9.63995e-05
0.0123105
-0.000266762
0.0121935
-0.000579358
0.0120314
-0.000824903
0.0118427
-0.00101651
0.0116433
-0.00114554
0.0114426
-0.00123951
0.0112486
-0.00127997
0.0110637
-0.00130814
0.0108916
-0.00128356
0.0107312
-0.0012721
0.0105855
-0.00119524
0.0104505
-0.00116565
0.0103321
-0.00103913
0.0102205
-0.00101242
-0.000830022
0.0113213
0.000158991
0.0113489
0.000152576
0.0113824
0.000140665
0.0114204
0.000120913
0.0114606
9.13154e-05
0.0115006
5.03106e-05
0.0115376
-3.01024e-06
0.0115685
-6.8703e-05
0.0115904
-0.000146163
0.011601
-0.000233972
0.0115981
-0.000330064
0.0115803
-0.000431851
0.011547
-0.000536409
0.011498
-0.000640681
0.0114341
-0.000741677
0.0113562
-0.000836637
0.0112659
-0.000923147
0.0111649
-0.000999203
0.0110553
-0.00106324
0.0109387
-0.00111409
0.0108173
-0.001151
0.0106927
-0.00117349
0.0105667
-0.00118139
0.0104408
-0.0011747
0.0103164
-0.00115357
0.0101949
-0.00111826
0.0100775
-0.00106912
0.00996542
-0.00100653
0.0098598
-0.000930906
0.00976179
-0.000842722
0.00967254
-0.000742495
0.00959322
-0.000630805
0.009525
-0.000508322
0.00946909
-0.000375889
0.0094267
-0.000234402
0.00939915
-8.49435e-05
0.00938765
7.15518e-05
0.00939323
0.000233197
0.00941635
0.000398298
0.00945672
0.000564751
0.00951348
0.000730115
0.00958548
0.000892044
0.00967186
0.0010481
0.0097726
0.00119621
0.00988874
0.00133406
0.0100224
0.00145926
0.0101759
0.00156857
0.0103518
0.00165778
0.0105511
0.00172135
0.0107737
0.00175147
0.0110171
0.00173875
0.0112755
0.00167094
0.0115374
0.00153833
0.0117847
0.00133478
0.0119951
0.00106779
0.0121469
0.000753046
0.0122272
0.000419454
0.0122337
8.99538e-05
0.0121751
-0.000208196
0.0120654
-0.000469681
0.0119209
-0.000680418
0.0117554
-0.000850951
0.0115806
-0.000970713
0.0114037
-0.00106268
0.0112312
-0.00110747
0.0110653
-0.00114219
0.0109094
-0.00112772
0.0107628
-0.00112551
0.010629
-0.00106138
0.0105039
-0.00104062
0.0103941
-0.000929305
0.0102901
-0.000908365
-0.000745327
0.0113095
0.000140517
0.0113329
0.000129129
0.0113605
0.000113024
0.0113911
9.03726e-05
0.0114228
5.95897e-05
0.0114537
1.9447e-05
0.0114813
-3.068e-05
0.0115034
-9.07955e-05
0.0115177
-0.000160397
0.011522
-0.00023832
0.0115148
-0.000322877
0.0114949
-0.000411965
0.0114617
-0.0005032
0.0114151
-0.000594074
0.0113556
-0.000682104
0.0112839
-0.000764961
0.0112013
-0.000840572
0.0111093
-0.000907171
0.0110094
-0.000963334
0.0109033
-0.00100797
0.0107926
-0.00104031
0.0106789
-0.00105984
0.0105638
-0.00106631
0.0104488
-0.00105963
0.0103351
-0.00103987
0.010224
-0.00100721
0.0101168
-0.000961917
0.0100146
-0.000904328
0.00991854
-0.000834831
0.00982969
-0.000753878
0.00974918
-0.000661982
0.0096781
-0.000559722
0.00961755
-0.000447777
0.00956863
-0.000326963
0.0095324
-0.00019817
0.0095099
-6.24433e-05
0.00950229
7.91587e-05
0.00951046
0.000225028
0.0095351
0.000373653
0.00957654
0.000523312
0.00963467
0.000671987
0.00970908
0.000817635
0.00979927
0.000957908
0.00990498
0.0010905
0.0100264
0.00121268
0.010164
0.00132159
0.0103188
0.00141376
0.0104915
0.00148508
0.0106823
0.00153064
0.0108898
0.00154388
0.011111
0.00151758
0.0113388
0.00144317
0.0115616
0.00131554
0.0117634
0.00113296
0.011927
0.000904184
0.0120382
0.000641878
0.0120901
0.000367516
0.0120837
9.63373e-05
0.012027
-0.000151423
0.0119305
-0.000373168
0.0118062
-0.000556148
0.0116641
-0.000708896
0.0115132
-0.000819789
0.0113591
-0.000908539
0.0112071
-0.000955467
0.0110592
-0.000994362
0.0109191
-0.000987597
0.010786
-0.000992437
0.0106638
-0.000939172
0.0105487
-0.000925524
0.0104474
-0.000827957
0.0103509
-0.000811922
-0.000666573
0.0112938
0.000124051
0.0113138
0.000109189
0.0113365
9.02943e-05
0.011361
6.5912e-05
0.0113857
3.48209e-05
0.0114092
-3.97936e-06
0.0114293
-5.08401e-05
0.0114443
-0.000105801
0.0114523
-0.000168405
0.0114517
-0.00023769
0.0114411
-0.00031227
0.0114196
-0.000390423
0.0113866
-0.000470194
0.011342
-0.000549512
0.0112862
-0.000626307
0.0112198
-0.000698615
0.0111439
-0.000764652
0.0110596
-0.000822873
0.0109683
-0.000871999
0.0108713
-0.000911019
0.0107702
-0.000939184
0.0106663
-0.000955979
0.0105611
-0.000961095
0.0104559
-0.000954396
0.0103519
-0.000935886
0.0102504
-0.000905686
0.0101525
-0.000864009
0.0100593
-0.000811144
0.00997192
-0.000747451
0.0098914
-0.000673354
0.00981877
-0.000589355
0.00975508
-0.000496028
0.00970133
-0.000394032
0.0096585
-0.000284133
0.00962761
-0.000167276
0.00960953
-4.43678e-05
0.00960521
8.34791e-05
0.00961544
0.000214797
0.0096409
0.000348195
0.00968209
0.00048213
0.00973925
0.000614826
0.00981242
0.000744457
0.00990148
0.00086885
0.0100062
0.000985755
0.0101265
0.00109244
0.0102621
0.001186
0.0104128
0.00126304
0.0105781
0.00131972
0.0107571
0.00135171
0.0109473
0.00135366
0.0111445
0.00132033
0.0113415
0.00124617
0.0115279
0.00112921
0.011691
0.000969879
0.0118187
0.000776445
0.0119022
0.000558331
0.0119383
0.000331412
0.0119287
0.000105999
0.0118795
-0.000102249
0.0117985
-0.000292145
0.0116943
-0.000451962
0.0115743
-0.000588853
0.0114453
-0.000690803
0.0113119
-0.000775149
0.0111788
-0.000822352
0.0110478
-0.00086338
0.0109225
-0.00086232
0.0108023
-0.000872266
0.0106914
-0.0008282
0.010586
-0.000820177
0.0104929
-0.000734881
0.010404
-0.000722974
-0.000593732
0.0112756
0.000109378
0.0112926
9.22395e-05
0.0113112
7.164e-05
0.0113307
4.64526e-05
0.0113498
1.5752e-05
0.0113671
-2.13493e-05
0.0113812
-6.49368e-05
0.0113905
-0.000115098
0.0113935
-0.000171415
0.0113889
-0.000233084
0.0113756
-0.000298962
0.0113528
-0.000367628
0.0113201
-0.00043747
0.0112774
-0.000506769
0.0112249
-0.000573795
0.0111631
-0.000636885
0.011093
-0.00069451
0.0110154
-0.00074532
0.0109316
-0.000788177
0.0108428
-0.000822156
0.0107501
-0.000846552
0.010655
-0.000860856
0.0105586
-0.000864741
0.0104623
-0.000858036
0.0103671
-0.000840703
0.0102742
-0.000812818
0.0101848
-0.00077455
0.0100998
-0.000726153
0.0100203
-0.000667954
0.00994728
-0.000600351
0.00988175
-0.000523824
0.00982465
-0.000438927
0.00977691
-0.000346298
0.00973948
-0.000246703
0.00971314
-0.000140934
0.00969881
-3.00332e-05
0.00969721
8.50743e-05
0.00970905
0.000202965
0.00973489
0.00032235
0.00977522
0.000441797
0.00983037
0.000559675
0.00990053
0.000674301
0.0099857
0.000783675
0.0100858
0.000885699
0.0102004
0.000977829
0.010329
0.00105736
0.0104709
0.00112119
0.0106247
0.00116589
0.0107886
0.0011878
0.0109595
0.00118273
0.0111328
0.00114706
0.0113016
0.00107736
0.0114574
0.000973419
0.0115907
0.000836553
0.0116935
0.000673678
0.0117601
0.000491746
0.0117887
0.000302787
0.0117809
0.000113775
0.0117414
-6.27441e-05
0.0116755
-0.000226211
0.0115895
-0.000365992
0.011489
-0.000488307
0.0113794
-0.00058121
0.0112644
-0.000660206
0.0111483
-0.000706265
0.0110327
-0.000747771
0.0109212
-0.000750788
0.0108132
-0.00076422
0.0107128
-0.000727867
0.0106169
-0.000724213
0.0105318
-0.000649784
0.0104501
-0.000641288
-0.000526677
0.0112558
9.62932e-05
0.0112702
7.78148e-05
0.0112855
5.64029e-05
0.0113008
3.11432e-05
0.0113153
1.27947e-06
0.0113277
-3.37749e-05
0.0113369
-7.41273e-05
0.0113416
-0.000119796
0.0113406
-0.000170419
0.0113328
-0.000225319
0.0113174
-0.000283545
0.0112937
-0.00034392
0.0112613
-0.000405107
0.0112202
-0.000465674
0.0111706
-0.000524169
0.0111129
-0.000579185
0.0110478
-0.00062941
0.0109762
-0.000673671
0.0108989
-0.000710959
0.0108172
-0.00074044
0.0107321
-0.000761459
0.0106448
-0.000773531
0.0105564
-0.000776327
0.010468
-0.000769658
0.0103808
-0.000753459
0.0102957
-0.000727773
0.0102139
-0.000692736
0.0101363
-0.000648569
0.0100639
-0.000595572
0.00999771
-0.000534114
0.00993853
-0.000464647
0.0098873
-0.000387697
0.00984489
-0.00030389
0.00981211
-0.000213921
0.00978975
-0.000118577
0.00977853
-1.88116e-05
0.00977914
8.44616e-05
0.00979215
0.000189963
0.00981803
0.000296468
0.00985718
0.000402642
0.00990989
0.000506969
0.00997631
0.000607883
0.0100564
0.000703545
0.0101501
0.000792034
0.0102569
0.00087106
0.010376
0.000938215
0.0105064
0.000990771
0.0106465
0.00102582
0.0107939
0.00104038
0.0109454
0.00103127
0.0110963
0.000996101
0.0112409
0.000932811
0.0113723
0.000842006
0.0114837
0.000725201
0.0115693
0.000588042
0.0116254
0.00043562
0.011651
0.000277253
0.0116469
0.00011779
0.0116167
-3.25369e-05
0.0115641
-0.00017354
0.0114937
-0.000295649
0.0114099
-0.000404444
0.011317
-0.00048836
0.0112182
-0.00056138
0.0111172
-0.000605287
0.0110154
-0.000646006
0.0109165
-0.000651798
0.0108196
-0.000667411
0.0107293
-0.000637473
0.0106422
-0.000637135
0.0105647
-0.000572293
0.0104899
-0.000566553
-0.000465205
0.0112352
8.46035e-05
0.0112474
6.55531e-05
0.0112598
4.39942e-05
0.0112717
1.92396e-05
0.0112824
-9.39798e-06
0.0112908
-4.2199e-05
0.0112961
-7.9351e-05
0.0112971
-0.000120799
0.0112929
-0.000166225
0.0112826
-0.000215058
0.0112656
-0.000266502
0.0112412
-0.000319578
0.0112093
-0.000373172
0.0111697
-0.000426087
0.0111226
-0.000477102
0.0110685
-0.000525024
0.0110078
-0.000568729
0.0109413
-0.000607201
0.0108699
-0.000639551
0.0107945
-0.000665034
0.0107161
-0.000683052
0.0106357
-0.000693149
0.0105544
-0.000695008
0.0104732
-0.000688435
0.0103931
-0.000673348
0.0103151
-0.000649768
0.0102401
-0.000617805
0.0101692
-0.000577652
0.0101032
-0.000529581
0.010043
-0.000473935
0.00998953
-0.000411134
0.00994352
-0.00034168
0.00990578
-0.000266152
0.00987706
-0.000185205
0.00985809
-9.96013e-05
0.00984948
-1.0205e-05
0.00985183
8.21088e-05
0.00986563
0.000176171
0.00989125
0.000270843
0.00992901
0.000364884
0.00997909
0.00045689
0.0100416
0.000545411
0.0101163
0.000628767
0.0102031
0.000705222
0.0103015
0.000772748
0.0104104
0.000829251
0.0105288
0.000872404
0.0106548
0.00089981
0.0107861
0.00090911
0.0109194
0.000897959
0.0110507
0.000864798
0.0111751
0.000808434
0.0112873
0.000729809
0.0113821
0.000630335
0.0114555
0.000514634
0.0115047
0.000386427
0.0115289
0.000253041
0.0115287
0.000118032
0.0115065
-1.02934e-05
0.0114648
-0.000131902
0.0114075
-0.000238311
0.0113376
-0.000334588
0.011259
-0.000409768
0.0111741
-0.000476487
0.0110864
-0.000517573
0.010997
-0.000556587
0.0109093
-0.000564129
0.0108228
-0.000580894
0.0107416
-0.000556259
0.0106628
-0.000558359
0.0105925
-0.000501969
0.0105243
-0.000498402
-0.000409055
0.0112143
7.41396e-05
0.0112247
5.5116e-05
0.0112348
3.39498e-05
0.0112439
1.01269e-05
0.0112514
-1.6942e-05
0.0112566
-4.73846e-05
0.0112586
-8.13754e-05
0.0112567
-0.000118837
0.0112499
-0.000159487
0.0112377
-0.000202839
0.0112195
-0.000248226
0.0111947
-0.000294829
0.0111632
-0.000341717
0.0111251
-0.000387888
0.0110803
-0.000432313
0.0110292
-0.00047398
0.0109724
-0.000511929
0.0109105
-0.00054528
0.0108442
-0.000573256
0.0107744
-0.000595197
0.0107019
-0.000610561
0.0106277
-0.000618933
0.0105527
-0.000620009
0.0104778
-0.000613601
0.0104041
-0.00059962
0.0103324
-0.00057807
0.0102636
-0.000549043
0.0101987
-0.000512707
0.0101384
-0.000469307
0.0100836
-0.00041916
0.0100352
-0.000362655
0.00999374
-0.000300257
0.0099601
-0.000232511
0.00993491
-0.000160018
0.00991881
-8.34988e-05
0.00991238
-3.77329e-06
0.00991608
7.84079e-05
0.00993034
0.000161909
0.00995547
0.000245714
0.00999168
0.000328673
0.0100391
0.000409501
0.0100976
0.000486868
0.0101671
0.000559259
0.0102472
0.000625121
0.0103373
0.000682679
0.0104364
0.000730141
0.0105432
0.000765554
0.0106561
0.000786983
0.0107726
0.000792598
0.0108899
0.000780682
0.0110044
0.000750254
0.0111122
0.000700649
0.0112091
0.000632896
0.0112912
0.000548235
0.0113554
0.000450453
0.0113995
0.000342308
0.0114228
0.000229731
0.0114257
0.000115116
0.0114099
5.50728e-06
0.0113772
-9.91811e-05
0.0113305
-0.000191637
0.0112723
-0.000276385
0.0112058
-0.000343228
0.0111329
-0.000403557
0.0110567
-0.000441415
0.0109782
-0.000478087
0.0109007
-0.000486588
0.0108235
-0.000503707
0.0107507
-0.000483443
0.0106796
-0.000487251
0.0106159
-0.00043832
0.0105539
-0.000436421
-0.000357925
0.0111937
6.47476e-05
0.0112026
4.6221e-05
0.0112107
2.58797e-05
0.0112175
3.30904e-06
0.0112225
-2.19365e-05
0.0112251
-4.99367e-05
0.0112245
-8.08202e-05
0.0112202
-0.000114503
0.0112114
-0.000150733
0.0111977
-0.000189096
0.0111785
-0.000229032
0.0111535
-0.000269852
0.0111226
-0.000310778
0.0110857
-0.000350969
0.0110429
-0.000389559
0.0109946
-0.00042569
0.0109412
-0.000458541
0.0108833
-0.000487355
0.0108215
-0.000511458
0.0107566
-0.000530265
0.0106893
-0.000543296
0.0106205
-0.000550173
0.0105512
-0.000550617
0.010482
-0.000544448
0.010414
-0.000531575
0.0103479
-0.000511994
0.0102846
-0.00048578
0.010225
-0.000453081
0.0101698
-0.000414118
0.0101198
-0.000369179
0.0100758
-0.000318623
0.0100384
-0.000262876
0.0100083
-0.000202441
0.0099862
-0.000137879
0.00997256
-6.98524e-05
0.00996786
9.24827e-07
0.0099726
7.36606e-05
0.00998709
0.000147427
0.0100116
0.000221251
0.0100461
0.000294091
0.0100909
0.000364782
0.0101456
0.000432124
0.0102101
0.000494763
0.0102839
0.000551327
0.0103663
0.000600281
0.0104563
0.000640104
0.0105527
0.00066918
0.0106537
0.000685963
0.0107573
0.000689044
0.0108608
0.000677182
0.0109613
0.000649771
0.0110554
0.000606475
0.01114
0.000548295
0.0112119
0.000476317
0.0112688
0.000393597
0.0113088
0.000302273
0.0113314
0.000207118
0.0113367
0.000109839
0.0113259
1.63564e-05
0.0113004
-7.36645e-05
0.0112624
-0.000153667
0.0112138
-0.000227842
0.0111574
-0.00028683
0.0110947
-0.000340851
0.0110286
-0.000375265
0.0109597
-0.000409176
0.0108911
-0.000418038
0.0108223
-0.000434899
0.0107571
-0.000418238
0.010693
-0.000423151
0.0106355
-0.000380818
0.0105793
-0.00038016
-0.000311479
0.0111739
5.62839e-05
0.0111815
3.86335e-05
0.0111879
1.94497e-05
0.0111929
-1.62455e-06
0.0111958
-2.48515e-05
0.0111962
-5.03542e-05
0.0111936
-7.81902e-05
0.0111873
-0.000108276
0.011177
-0.00014039
0.0111621
-0.000174179
0.0111422
-0.000209169
0.0111172
-0.000244785
0.0110868
-0.000280373
0.011051
-0.000315229
0.0110101
-0.000348623
0.0109642
-0.000379829
0.0109138
-0.00040815
0.0108594
-0.000432936
0.0108015
-0.000453603
0.0107409
-0.000469642
0.0106783
-0.000480629
0.0106143
-0.000486225
0.0105499
-0.000486178
0.0104857
-0.00048032
0.0104227
-0.000468565
0.0103616
-0.000450902
0.0103033
-0.000427393
0.0102483
-0.000398169
0.0101976
-0.000363427
0.0101519
-0.000323428
0.0101118
-0.0002785
0.0100779
-0.000229027
0.010051
-0.000175474
0.0100314
-0.000118348
0.0100198
-5.82575e-05
0.0100166
4.15851e-06
0.0100221
6.81547e-05
0.0100366
0.00013292
0.0100603
0.000197568
0.0100932
0.000261159
0.0101354
0.000322652
0.0101865
0.000380974
0.0102463
0.000434931
0.0103143
0.000483328
0.0103898
0.000524846
0.0104717
0.000558211
0.0105588
0.000582091
0.0106495
0.000595263
0.0107419
0.000596646
0.0108337
0.000585348
0.0109224
0.00056101
0.0110054
0.000523492
0.01108
0.000473732
0.0111437
0.00041264
0.0111945
0.000342743
0.0112312
0.000265637
0.011253
0.000185272
0.01126
0.000102819
0.0112531
2.32811e-05
0.0112333
-5.38644e-05
0.0112024
-0.00012277
0.0111618
-0.000187286
0.011114
-0.000238942
0.01106
-0.000286849
0.0110024
-0.000317736
0.0109419
-0.000348631
0.0108813
-0.000357411
0.0108199
-0.000373552
0.0107615
-0.000359864
0.0107038
-0.000365396
0.0106519
-0.000328916
0.0106009
-0.000329147
-0.000269359
0.0111551
4.86239e-05
0.0111616
3.2143e-05
0.0111667
1.43695e-05
0.0111701
-4.98419e-06
0.0111713
-2.60867e-05
0.01117
-4.90495e-05
0.0111657
-7.38971e-05
0.011158
-0.000100546
0.0111464
-0.000128802
0.0111306
-0.000158365
0.0111102
-0.000188834
0.0110852
-0.000219729
0.0110553
-0.000250503
0.0110207
-0.000280566
0.0109813
-0.000309305
0.0109376
-0.000336108
0.0108899
-0.000360385
0.0108385
-0.000381581
0.0107841
-0.000399196
0.0107272
-0.000412789
0.0106686
-0.000421988
0.0106089
-0.000426496
0.0105488
-0.000426088
0.0104891
-0.000420612
0.0104305
-0.000409986
0.0103738
-0.000394198
0.0103197
-0.000373299
0.0102689
-0.000347404
0.0102222
-0.000316688
0.0101801
-0.000281386
0.0101434
-0.00024179
0.0101127
-0.000198251
0.0100884
-0.000151181
0.0100711
-0.000101046
0.0100612
-4.83856e-05
0.0100591
6.2182e-06
0.0100652
6.20963e-05
0.0100796
0.000118529
0.0101024
0.000174725
0.0101337
0.000229847
0.0101734
0.000282975
0.0102212
0.000333162
0.0102768
0.00037937
0.0103396
0.000420567
0.0104088
0.000455635
0.0104835
0.000483511
0.0105624
0.000503109
0.0106442
0.000513464
0.0107271
0.000513748
0.0108092
0.000503326
0.0108882
0.000481991
0.0109619
0.000449736
0.0110283
0.000407394
0.0110852
0.000355726
0.0111311
0.000296825
0.0111648
0.000231902
0.0111859
0.000164204
0.0111942
9.45403e-05
0.0111903
2.71466e-05
0.0111751
-3.86303e-05
0.0111499
-9.76253e-05
0.011116
-0.000153326
0.0110752
-0.000198175
0.0110286
-0.000240223
0.0109785
-0.000267595
0.0109252
-0.000295334
0.0108715
-0.000303713
0.0108167
-0.000318789
0.0107644
-0.000307565
0.0107123
-0.000313325
0.0106655
-0.000282061
0.0106192
-0.000282892
-0.000231186
0.0111377
4.16526e-05
0.0111433
2.65711e-05
0.0111472
1.04092e-05
0.0111493
-7.06363e-06
0.0111492
-2.59565e-05
0.0111465
-4.63585e-05
0.0111409
-6.82758e-05
0.0111319
-9.1628e-05
0.0111194
-0.000116246
0.0111029
-0.000141875
0.0110822
-0.00016818
0.0110573
-0.000194759
0.0110279
-0.000221156
0.0109942
-0.00024688
0.0109564
-0.000271419
0.0109145
-0.000294261
0.010869
-0.000314908
0.0108203
-0.000332892
0.0107689
-0.000347785
0.0107154
-0.000359212
0.0106602
-0.000366851
0.0106042
-0.000370443
0.0105479
-0.000369791
0.010492
-0.00036476
0.0104373
-0.000355277
0.0103844
-0.000341327
0.0103341
-0.000322954
0.0102869
-0.000300259
0.0102437
-0.000273395
0.0102048
-0.000242568
0.0101711
-0.00020804
0.010143
-0.000170122
0.010121
-0.000129182
0.0101055
-8.56315e-05
0.0100971
-3.99516e-05
0.010096
7.33954e-06
0.0101024
5.5651e-05
0.0101166
0.000104349
0.0101386
0.000152736
0.0101684
0.000200078
0.0102058
0.000245572
0.0102505
0.000288396
0.0103023
0.000327656
0.0103603
0.000362474
0.0104241
0.000391911
0.0104925
0.000415089
0.0105645
0.000431128
0.0106387
0.000439269
0.0107135
0.000438882
0.0107873
0.000429513
0.0108583
0.00041106
0.0109244
0.000383585
0.010984
0.00034781
0.0110354
0.000304378
0.0110772
0.000255004
0.0111085
0.000200621
0.0111288
0.000143883
0.0111379
8.53941e-05
0.0111365
2.86081e-05
0.0111249
-2.70424e-05
0.0111044
-7.71549e-05
0.0110759
-0.000124802
0.0110411
-0.000163344
0.0110007
-0.000199819
0.0109568
-0.000223744
0.0109097
-0.00024827
0.010862
-0.00025602
0.010813
-0.000269782
0.0107661
-0.000260612
0.0107191
-0.000266293
0.0106767
-0.000239703
0.0106347
-0.000240901
-0.000196572
0.0111218
3.52661e-05
0.0111266
2.17638e-05
0.0111296
7.37195e-06
0.0111307
-8.10488e-06
0.0111294
-2.47235e-05
0.0111256
-4.25572e-05
0.0111189
-6.15997e-05
0.0111091
-8.17767e-05
0.0110958
-0.000102943
0.0110788
-0.000124883
0.0110579
-0.00014732
0.0110331
-0.000169919
0.0110042
-0.000192305
0.0109714
-0.000214071
0.0109348
-0.000234792
0.0108946
-0.000254044
0.0108511
-0.000271411
0.0108047
-0.000286502
0.0107559
-0.000298958
0.0107051
-0.000308459
0.010653
-0.000314734
0.0106001
-0.000317561
0.0105471
-0.00031677
0.0104946
-0.000312242
0.0104432
-0.000303914
0.0103937
-0.000291771
0.0103466
-0.000275852
0.0103025
-0.000256241
0.0102622
-0.000233073
0.0102262
-0.000206527
0.010195
-0.000176831
0.0101691
-0.000144258
0.0101491
-0.000109128
0.0101352
-7.18047e-05
0.010128
-3.27048e-05
0.0101276
7.71708e-06
0.0101343
4.89471e-05
0.0101482
9.04356e-05
0.0101694
0.000131579
0.0101977
0.000171742
0.0102331
0.000210236
0.0102751
0.000246358
0.0103234
0.000279352
0.0103774
0.000308478
0.0104363
0.000332959
0.0104994
0.000352077
0.0105654
0.000365125
0.0106331
0.000371511
0.0107012
0.000370755
0.0107682
0.000362534
0.0108325
0.000346815
0.0108924
0.000323685
0.0109464
0.000293772
0.0109932
0.0002576
0.0110316
0.000216572
0.0110608
0.00017141
0.0110804
0.000124281
0.0110902
7.55954e-05
0.0110906
2.8236e-05
0.0110819
-1.83808e-05
0.0110653
-6.04753e-05
0.0110412
-0.000100742
0.0110113
-0.000133435
0.0109761
-0.000164624
0.0109376
-0.000185205
0.0108958
-0.000206514
0.0108533
-0.000213481
0.0108092
-0.000225751
0.0107669
-0.000218308
0.0107243
-0.000223671
0.0106859
-0.000201299
0.0106477
-0.000202676
-0.000165119
0.0111075
2.93729e-05
0.0111117
1.75918e-05
0.011114
5.07701e-06
0.0111142
-8.30571e-06
0.0111121
-2.2607e-05
0.0111074
-3.78727e-05
0.0110999
-5.4092e-05
0.0110893
-7.11983e-05
0.0110754
-8.90685e-05
0.0110581
-0.000107525
0.0110371
-0.000126338
0.0110124
-0.000145237
0.010984
-0.000163913
0.010952
-0.000182034
0.0109165
-0.000199254
0.0108776
-0.000215225
0.0108358
-0.000229605
0.0107914
-0.000242073
0.0107448
-0.00025233
0.0106964
-0.000260112
0.0106469
-0.000265192
0.0105967
-0.000267383
0.0105465
-0.000266541
0.0104968
-0.000262567
0.0104483
-0.000255406
0.0104016
-0.000245046
0.0103572
-0.000231516
0.0103159
-0.00021489
0.0102781
-0.000195282
0.0102444
-0.000172846
0.0102154
-0.000147775
0.0101914
-0.000120305
0.010173
-9.07076e-05
0.0101605
-5.92972e-05
0.0101542
-2.64282e-05
0.0101544
7.51024e-06
0.0101613
4.20802e-05
0.0101749
7.68142e-05
0.0101953
0.0001112
0.0102223
0.000144701
0.0102558
0.000176736
0.0102955
0.000206717
0.0103408
0.000234015
0.0103912
0.000258019
0.0104461
0.000278094
0.0105045
0.000293663
0.0105655
0.000304164
0.0106279
0.000309139
0.0106904
0.000308225
0.0107517
0.000301196
0.0108105
0.000288055
0.0108653
0.0002689
0.0109148
0.00024426
0.0109578
0.000214556
0.0109935
0.00018093
0.0110209
0.000143932
0.0110399
0.000105324
0.0110502
6.53472e-05
0.011052
2.64176e-05
0.0110456
-1.20404e-05
0.011032
-4.68526e-05
0.0110116
-8.03196e-05
0.0109857
-0.000107573
0.0109548
-0.00013375
0.0109207
-0.000151105
0.0108835
-0.000169227
0.0108453
-0.000175307
0.0108055
-0.000185962
0.0107672
-0.000179987
0.0107284
-0.000184848
0.0106934
-0.000166316
0.0106584
-0.000167725
-0.000136429
0.0110951
2.38874e-05
0.0110988
1.39316e-05
0.0111005
3.38933e-06
0.0111
-7.84e-06
0.0110972
-1.9791e-05
0.0110918
-3.24944e-05
0.0110837
-4.59365e-05
0.0110725
-6.006e-05
0.0110582
-7.47635e-05
0.0110406
-8.99027e-05
0.0110196
-0.000105294
0.010995
-0.000120718
0.0109671
-0.00013593
0.0109357
-0.000150664
0.0109011
-0.000164643
0.0108634
-0.000177587
0.0108231
-0.000189222
0.0107803
-0.000199288
0.0107355
-0.000207546
0.0106892
-0.00021378
0.0106418
-0.000217805
0.0105939
-0.000219468
0.010546
-0.000218653
0.0104987
-0.000215277
0.0104526
-0.000209293
0.0104082
-0.000200692
0.0103662
-0.000189499
0.0103271
-0.000175773
0.0102914
-0.00015961
0.0102597
-0.000141136
0.0102324
-0.000120514
0.0102101
-9.79383e-05
0.010193
-7.36369e-05
0.0101816
-4.78703e-05
0.0101761
-2.0933e-05
0.0101767
6.85077e-06
0.0101837
3.51189e-05
0.010197
6.34843e-05
0.0102167
9.15242e-05
0.0102426
0.000118797
0.0102745
0.000144826
0.0103121
0.000169132
0.0103549
0.000191203
0.0104024
0.000210549
0.0104538
0.000226661
0.0105084
0.000239086
0.0105652
0.000247384
0.0106231
0.000251206
0.010681
0.000250282
0.0107378
0.000244455
0.0107921
0.000233745
0.0108427
0.000218251
0.0108886
0.000198402
0.0109286
0.000174535
0.010962
0.000147556
0.010988
0.000117883
0.0110065
8.69078e-05
0.011017
5.47983e-05
0.0110199
2.34945e-05
0.0110154
-7.53958e-06
0.0110042
-3.56697e-05
0.0109868
-6.28284e-05
0.0109642
-8.49956e-05
0.0109368
-0.00010641
0.0109064
-0.000120657
0.0108728
-0.000135641
0.0108383
-0.000140767
0.010802
-0.000149724
0.0107671
-0.000145016
0.0107314
-0.000149238
0.0106994
-0.000134235
0.0106672
-0.000135561
-0.0001101
0.0110847
1.87304e-05
0.0110879
1.0681e-05
0.0110891
2.17819e-06
0.0110881
-6.85206e-06
0.0110848
-1.64314e-05
0.0110789
-2.65802e-05
0.0110702
-3.72847e-05
0.0110586
-4.84979e-05
0.011044
-6.01393e-05
0.0110262
-7.20961e-05
0.0110051
-8.42252e-05
0.0109808
-9.63574e-05
0.0109532
-0.000108302
0.0109223
-0.000119854
0.0108885
-0.000130799
0.0108518
-0.00014092
0.0108126
-0.000150004
0.0107712
-0.00015785
0.0107279
-0.000164269
0.0106832
-0.000169094
0.0106376
-0.000172179
0.0105915
-0.000173405
0.0105456
-0.000172679
0.0105002
-0.000169935
0.0104561
-0.000165138
0.0104136
-0.000158279
0.0103735
-0.000149377
0.0103362
-0.000138481
0.0103023
-0.000125666
0.0102722
-0.000111033
0.0102464
-9.47121e-05
0.0102253
-7.68585e-05
0.0102093
-5.76545e-05
0.0101988
-3.73082e-05
0.0101939
-1.60546e-05
0.0101949
5.84731e-06
0.0102019
2.81099e-05
0.010215
5.04251e-05
0.010234
7.24578e-05
0.010259
9.38583e-05
0.0102895
0.000114251
0.0103254
0.000133258
0.0103661
0.000150482
0.0104111
0.000165538
0.0104598
0.000178037
0.0105112
0.000187631
0.0105646
0.000193988
0.010619
0.000196848
0.0106732
0.000196015
0.0107263
0.000191382
0.0107771
0.000182976
0.0108244
0.000170883
0.0108674
0.000155442
0.010905
0.000136912
0.0109366
0.000115989
0.0109615
9.29811e-05
0.0109794
6.89621e-05
0.0109902
4.40374e-05
0.010994
1.97132e-05
0.0109909
-4.46064e-06
0.0109816
-2.63996e-05
0.0109665
-4.76538e-05
0.0109465
-6.50312e-05
0.010922
-8.18967e-05
0.0108945
-9.31469e-05
0.0108639
-0.000105049
0.0108323
-0.00010918
0.010799
-0.000116387
0.0107667
-0.000112789
0.0107338
-0.00011627
0.0107041
-0.00010455
0.0106742
-0.000105704
-8.57348e-05
0.0110762
1.38296e-05
0.0110791
7.74467e-06
0.01108
1.33173e-06
0.0110786
-5.46857e-06
0.0110748
-1.26618e-05
0.0110685
-2.02644e-05
0.0110595
-2.82637e-05
0.0110476
-3.66239e-05
0.0110328
-4.52851e-05
0.0110148
-5.41638e-05
0.0109937
-6.31553e-05
0.0109695
-7.21355e-05
0.0109422
-8.09655e-05
0.0109118
-8.94949e-05
0.0108786
-9.7567e-05
0.0108427
-0.000105023
0.0108044
-0.000111708
0.010764
-0.000117472
0.0107219
-0.000122179
0.0106785
-0.000125704
0.0106343
-0.00012794
0.0105897
-0.000128799
0.0105452
-0.000128211
0.0105014
-0.000126129
0.0104588
-0.000122525
0.0104179
-0.000117393
0.0103793
-0.000110748
0.0103434
-0.000102625
0.0103109
-9.30807e-05
0.010282
-8.21913e-05
0.0102574
-7.00537e-05
0.0102373
-5.67842e-05
0.0102222
-4.25195e-05
0.0102123
-2.74153e-05
0.0102079
-1.16476e-05
0.0102091
4.58982e-06
0.0102161
2.10822e-05
0.010229
3.75998e-05
0.0102475
5.38929e-05
0.0102717
6.97016e-05
0.0103012
8.47476e-05
0.0103357
9.87516e-05
0.0103748
0.00011142
0.0104178
0.000122473
0.0104642
0.000131625
0.0105132
0.000138625
0.010564
0.000143235
0.0106156
0.000145271
0.010667
0.000144597
0.0107172
0.000141143
0.0107653
0.000134934
0.0108101
0.000126039
0.0108508
0.00011471
0.0108866
0.000101133
0.0109168
8.58155e-05
0.0109408
6.89752e-05
0.0109584
5.13912e-05
0.0109693
3.31344e-05
0.0109737
1.52946e-05
0.0109717
-2.45586e-06
0.0109639
-1.85855e-05
0.0109505
-3.42543e-05
0.0109325
-4.70781e-05
0.0109102
-5.95723e-05
0.010885
-6.79193e-05
0.0108567
-7.67942e-05
0.0108274
-7.99041e-05
0.0107964
-8.53298e-05
0.0107663
-8.2726e-05
0.0107354
-8.53919e-05
0.0107077
-7.67659e-05
0.0106796
-7.76807e-05
-6.2936e-05
0.0110698
9.11639e-06
0.0110725
5.03848e-06
0.0110731
7.4373e-07
0.0110714
-3.79936e-06
0.0110673
-8.59911e-06
0.0110607
-1.36628e-05
0.0110515
-1.89817e-05
0.0110394
-2.45316e-05
0.0110244
-3.02726e-05
0.0110063
-3.61499e-05
0.0109853
-4.20946e-05
0.0109612
-4.80255e-05
0.0109341
-5.38517e-05
0.010904
-5.94746e-05
0.0108713
-6.47917e-05
0.0108359
-6.96992e-05
0.0107983
-7.4095e-05
0.0107587
-7.78816e-05
0.0107175
-8.09685e-05
0.0106751
-8.32742e-05
0.0106319
-8.47283e-05
0.0105884
-8.52721e-05
0.010545
-8.48601e-05
0.0105023
-8.34605e-05
0.0104609
-8.1055e-05
0.0104211
-7.76396e-05
0.0103836
-7.32241e-05
0.0103488
-6.78322e-05
0.0103172
-6.15012e-05
0.0102893
-5.42822e-05
0.0102655
-4.62395e-05
0.0102462
-3.74506e-05
0.0102316
-2.80066e-05
0.0102222
-1.80111e-05
0.0102182
-7.58127e-06
0.0102196
3.15389e-06
0.0102266
1.40518e-05
0.0102393
2.49597e-05
0.0102575
3.57122e-05
0.010281
4.61369e-05
0.0103097
5.60502e-05
0.0103432
6.52676e-05
0.010381
7.35961e-05
0.0104227
8.08523e-05
0.0104674
8.68499e-05
0.0105146
9.14258e-05
0.0105634
9.44262e-05
0.010613
9.5734e-05
0.0106623
9.52636e-05
0.0107105
9.29707e-05
0.0107565
8.88783e-05
0.0107995
8.30311e-05
0.0108387
7.55961e-05
0.0108731
6.66942e-05
0.0109022
5.66582e-05
0.0109256
4.56242e-05
0.0109429
3.41047e-05
0.0109539
2.21321e-05
0.0109587
1.04369e-05
0.0109575
-1.22597e-06
0.0109508
-1.18223e-05
0.0109386
-2.21425e-05
0.0109222
-3.05889e-05
0.0109014
-3.88473e-05
0.0108779
-4.43646e-05
0.0108513
-5.02579e-05
0.0108238
-5.23335e-05
0.0107944
-5.59596e-05
0.0107659
-5.42686e-05
0.0107366
-5.6067e-05
0.0107102
-5.03991e-05
0.0106836
-5.10251e-05
-4.13108e-05
0.0110655
4.52585e-06
0.0110681
2.48069e-06
0.0110685
3.29003e-07
0.0110666
-1.9464e-06
0.0110624
-4.34695e-06
0.0110556
-6.8772e-06
0.0110461
-9.53234e-06
0.0110339
-1.23001e-05
0.0110188
-1.51607e-05
0.0110007
-1.80868e-05
0.0109797
-2.10444e-05
0.0109556
-2.39932e-05
0.0109287
-2.68881e-05
0.0108989
-2.96807e-05
0.0108664
-3.23201e-05
0.0108315
-3.4755e-05
0.0107943
-3.69348e-05
0.0107552
-3.88113e-05
0.0107146
-4.03395e-05
0.0106728
-4.14792e-05
0.0106303
-4.21952e-05
0.0105875
-4.24585e-05
0.0105448
-4.22465e-05
0.0105029
-4.15431e-05
0.0104622
-4.03396e-05
0.0104232
-3.86337e-05
0.0103864
-3.64303e-05
0.0103523
-3.37414e-05
0.0103214
-3.05855e-05
0.0102941
-2.69882e-05
0.0102709
-2.29816e-05
0.010252
-1.86043e-05
0.0102379
-1.3902e-05
0.0102288
-8.92644e-06
0.010225
-3.73608e-06
0.0102265
1.60465e-06
0.0102336
7.02457e-06
0.0102461
1.24475e-05
0.010264
1.7791e-05
0.0102872
2.29693e-05
0.0103153
2.7891e-05
0.0103481
3.24643e-05
0.0103851
3.65938e-05
0.0104258
4.01885e-05
0.0104695
4.31566e-05
0.0105155
4.54175e-05
0.010563
4.68964e-05
0.0106112
4.75355e-05
0.0106592
4.72944e-05
0.010706
4.61507e-05
0.0107508
4.41192e-05
0.0107926
4.12192e-05
0.0108306
3.7538e-05
0.0108642
3.31296e-05
0.0108927
2.81658e-05
0.0109156
2.27029e-05
0.0109327
1.70069e-05
0.0109438
1.10767e-05
0.0109489
5.29057e-06
0.0109482
-4.94388e-07
0.0109421
-5.73937e-06
0.0109308
-1.087e-05
0.0109153
-1.50524e-05
0.0108956
-1.91717e-05
0.0108731
-2.19029e-05
0.0108477
-2.48565e-05
0.0108213
-2.588e-05
0.010793
-2.77095e-05
0.0107656
-2.68655e-05
0.0107374
-2.77775e-05
0.0107119
-2.49681e-05
0.0106862
-2.52722e-05
-2.04735e-05
0.0110634
0.0110658
0.0110662
0.0110642
0.0110599
0.011053
0.0110435
0.0110312
0.011016
0.0109979
0.0109769
0.0109529
0.010926
0.0108963
0.010864
0.0108292
0.0107923
0.0107535
0.0107131
0.0106717
0.0106295
0.010587
0.0105448
0.0105032
0.0104629
0.0104243
0.0103878
0.0103541
0.0103235
0.0102965
0.0102735
0.0102549
0.010241
0.0102321
0.0102284
0.01023
0.010237
0.0102494
0.0102672
0.0102902
0.0103181
0.0103505
0.0103871
0.0104273
0.0104705
0.0105159
0.0105628
0.0106103
0.0106576
0.0107038
0.0107479
0.0107891
0.0108267
0.0108598
0.010888
0.0109107
0.0109277
0.0109387
0.010944
0.0109435
0.0109378
0.0109269
0.0109119
0.0108927
0.0108708
0.0108459
0.0108201
0.0107924
0.0107655
0.0107377
0.0107127
0.0106875
)
;

boundaryField
{
    inlet
    {
        type            calculated;
        value           nonuniform 0();
    }
    outlet
    {
        type            calculated;
        value           nonuniform List<scalar> 
50
(
0.00877157
0.00895992
0.00913888
0.00930563
0.00945965
0.00960069
0.00972912
0.00984557
0.00995074
0.0100453
0.01013
0.0102054
0.0102722
0.0103312
0.010383
0.0104285
0.0104682
0.0105028
0.0105328
0.0105587
0.010581
0.0106001
0.0106162
0.0106297
0.0106409
0.0106499
0.0106568
0.010662
0.0106653
0.010667
0.00377015
0.00378776
0.00381089
0.00383908
0.00387187
0.00390883
0.00394955
0.00399364
0.00404074
0.0040905
0.00414259
0.00419669
0.00425248
0.00430966
0.00436792
0.00442696
0.00448646
0.00454614
0.00460568
0.00466478
)
;
    }
    cylinder
    {
        type            calculated;
        value           nonuniform 0();
    }
    top
    {
        type            symmetryPlane;
        value           uniform 0;
    }
    bottom
    {
        type            symmetryPlane;
        value           nonuniform 0();
    }
    defaultFaces
    {
        type            empty;
        value           nonuniform 0();
    }
    procBoundary3to1
    {
        type            processor;
        value           nonuniform List<scalar> 
77
(
-6.91862e-05
-0.00174924
-0.00339088
-0.00483454
-0.00595709
-0.00670735
-0.00710968
-0.00723791
-0.00719535
-0.00710698
-0.00706449
-0.00703139
-0.00681987
-0.00620311
-0.00507498
-0.00350486
-0.00166742
0.000238306
0.00202906
0.00354815
0.00469783
0.00545879
0.00588108
0.00605371
0.00607189
0.00601257
0.00592425
0.00583675
0.00578101
0.0057908
0.00587251
0.00596808
0.00595301
0.00568315
0.00505988
0.00406811
0.00277211
0.00128843
-0.000240363
-0.00167604
-0.00290486
-0.00386168
-0.00453562
-0.00495969
-0.00519135
-0.00529244
-0.00531482
-0.00529589
-0.00526416
-0.00524661
-0.00526623
-0.00532713
-0.00539877
-0.00541572
-0.00529779
-0.00497971
-0.00443132
-0.00366144
-0.00270901
-0.00163385
-0.000507161
0.000594953
0.00160408
0.00246729
0.00315481
0.0036638
0.00400715
0.004218
0.00431789
0.00436286
0.00434401
0.00436806
0.00429115
0.00436372
0.00407854
0.00414618
0.00334723
)
;
    }
    procBoundary3to2
    {
        type            processor;
        value           nonuniform List<scalar> 
54
(
-0.000350722
0.000129369
0.000538067
0.000869436
0.00109713
-0.00228333
0.000813706
0.000857014
0.000736502
0.000431385
-5.07876e-05
-0.000732238
-0.00189424
-0.00123955
-0.00193819
-0.00259828
-0.00315365
-0.000497839
-0.00348071
-0.00383589
-0.00406393
-0.00418208
7.56584e-05
-0.00428636
-0.0101411
-0.0105507
-0.010801
-0.0109712
-0.0110903
-0.0111736
-0.0112306
-0.0112681
-0.0112908
-0.0113023
-0.0113049
-0.0113006
-0.011291
-0.0112774
-0.011261
-0.0112427
-0.0112235
-0.0112038
-0.0111844
-0.0111655
-0.0111475
-0.0111307
-0.0111154
-0.0111016
-0.0110896
-0.0110795
-0.0110713
-0.0110651
-0.0110609
-0.0110588
)
;
    }
}


// ************************************************************************* //
