/*--------------------------------*- C++ -*----------------------------------*\
  =========                 |
  \\      /  F ield         | OpenFOAM: The Open Source CFD Toolbox
   \\    /   O peration     | Website:  https://openfoam.org
    \\  /    A nd           | Version:  7
     \\/     M anipulation  |
\*---------------------------------------------------------------------------*/
FoamFile
{
    version     2.0;
    format      ascii;
    class       volScalarField;
    location    "60";
    object      p;
}
// * * * * * * * * * * * * * * * * * * * * * * * * * * * * * * * * * * * * * //

dimensions      [0 2 -2 0 0 0 0];

internalField   nonuniform List<scalar> 
6000
(
-0.236675
-0.237959
-0.239317
-0.250274
-0.240696
-0.250484
-0.242029
-0.250568
-0.243256
-0.251304
-0.25058
-0.244338
-0.251421
-0.250562
-0.245255
-0.251416
-0.250547
-0.246002
-0.251315
-0.250573
-0.246566
-0.252271
-0.251197
-0.250623
-0.246927
-0.252017
-0.251105
-0.250355
-0.247624
-0.25176
-0.250974
-0.250145
-0.248262
-0.251507
-0.250817
-0.250003
-0.248677
-0.251263
-0.250651
-0.249897
-0.248926
-0.251037
-0.250488
-0.24981
-0.249065
-0.250834
-0.250338
-0.249733
-0.249131
-0.250658
-0.250206
-0.249665
-0.249151
-0.250867
-0.250516
-0.250097
-0.249607
-0.249147
-0.250743
-0.250412
-0.250016
-0.249561
-0.249132
-0.250667
-0.250346
-0.249963
-0.249528
-0.249117
-0.219671
-0.208769
-0.198272
-0.188208
-0.178605
-0.169536
-0.161038
-0.153118
-0.145768
-0.138971
-0.1327
-0.126928
-0.121629
-0.116774
-0.112338
-0.108295
-0.104621
-0.101295
-0.0982976
-0.0956096
-0.0932151
-0.0910993
-0.0892493
-0.087654
-0.0863035
-0.0851898
-0.0843062
-0.083647
-0.0832104
-0.0829891
-0.220134
-0.209186
-0.199006
-0.189389
-0.180232
-0.171568
-0.163423
-0.155803
-0.148703
-0.142108
-0.135998
-0.130353
-0.125151
-0.120369
-0.115986
-0.11198
-0.108332
-0.105021
-0.102031
-0.0993441
-0.096947
-0.094826
-0.0929691
-0.0913661
-0.090008
-0.0888872
-0.0879976
-0.0873341
-0.0868946
-0.0866727
-0.220713
-0.209931
-0.200076
-0.190797
-0.181968
-0.173612
-0.165748
-0.158376
-0.151486
-0.145066
-0.1391
-0.133571
-0.12846
-0.123749
-0.11942
-0.115453
-0.111833
-0.108541
-0.105562
-0.102881
-0.100486
-0.0983638
-0.0965038
-0.0948965
-0.0935337
-0.0924084
-0.0915148
-0.0908482
-0.0904064
-0.0901842
-0.221209
-0.210849
-0.201391
-0.192421
-0.183858
-0.175746
-0.168105
-0.160931
-0.154212
-0.147936
-0.14209
-0.136658
-0.131625
-0.126975
-0.122692
-0.11876
-0.115164
-0.111889
-0.10892
-0.106245
-0.103851
-0.101728
-0.0998652
-0.0982541
-0.096887
-0.0957575
-0.0948602
-0.0941906
-0.0937466
-0.0935238
-0.221456
-0.211602
-0.202575
-0.193926
-0.185626
-0.177749
-0.170316
-0.163324
-0.156762
-0.15062
-0.144886
-0.139547
-0.134589
-0.13
-0.125764
-0.121869
-0.1183
-0.115044
-0.112088
-0.109421
-0.107032
-0.10491
-0.103047
-0.101434
-0.100065
-0.0989329
-0.0980331
-0.0973615
-0.096916
-0.0966928
-0.221421
-0.212035
-0.203419
-0.195096
-0.187076
-0.179446
-0.17223
-0.165426
-0.159027
-0.153024
-0.147408
-0.142169
-0.137295
-0.132774
-0.128594
-0.124742
-0.121208
-0.117979
-0.115044
-0.112392
-0.110013
-0.107899
-0.10604
-0.10443
-0.103062
-0.101931
-0.101031
-0.10036
-0.0999137
-0.0996905
-0.221137
-0.212157
-0.203916
-0.195908
-0.188171
-0.180797
-0.173808
-0.167202
-0.160975
-0.155121
-0.149634
-0.144505
-0.139724
-0.135281
-0.131167
-0.12737
-0.123879
-0.120686
-0.117779
-0.11515
-0.112789
-0.110689
-0.108841
-0.107238
-0.105876
-0.104749
-0.103852
-0.103183
-0.102738
-0.102515
-0.220645
-0.212033
-0.204136
-0.196427
-0.188966
-0.181846
-0.175084
-0.16868
-0.16263
-0.156932
-0.151581
-0.146569
-0.14189
-0.137534
-0.133493
-0.129758
-0.12632
-0.12317
-0.120299
-0.117699
-0.115362
-0.113281
-0.111449
-0.109859
-0.108506
-0.107386
-0.106495
-0.105829
-0.105387
-0.105166
-0.219973
-0.21171
-0.204142
-0.196717
-0.189522
-0.182648
-0.176108
-0.169902
-0.16403
-0.158489
-0.153277
-0.148387
-0.143813
-0.139549
-0.135587
-0.13192
-0.12854
-0.125439
-0.12261
-0.120045
-0.117737
-0.115679
-0.113867
-0.112293
-0.110953
-0.109843
-0.108959
-0.108299
-0.10786
-0.107641
-0.219139
-0.21121
-0.203964
-0.196814
-0.189874
-0.183236
-0.176911
-0.170899
-0.165201
-0.159817
-0.154744
-0.149977
-0.145512
-0.141342
-0.137463
-0.133868
-0.13055
-0.127502
-0.124719
-0.122192
-0.119917
-0.117887
-0.116097
-0.114542
-0.113218
-0.11212
-0.111246
-0.110592
-0.110158
-0.109941
-0.218153
-0.210541
-0.203611
-0.196727
-0.190036
-0.183626
-0.177509
-0.171686
-0.16616
-0.16093
-0.155995
-0.151351
-0.146996
-0.142923
-0.139129
-0.135609
-0.132356
-0.129365
-0.12663
-0.124146
-0.121907
-0.119907
-0.118143
-0.11661
-0.115303
-0.114219
-0.113356
-0.11271
-0.112281
-0.112066
-0.217026
-0.209708
-0.203088
-0.196463
-0.190012
-0.183824
-0.17791
-0.172272
-0.166914
-0.161836
-0.157038
-0.152518
-0.148272
-0.144298
-0.140591
-0.137148
-0.133963
-0.131031
-0.128348
-0.125909
-0.123709
-0.121743
-0.120007
-0.118497
-0.11721
-0.116142
-0.11529
-0.114654
-0.114231
-0.114019
-0.215775
-0.208716
-0.202406
-0.196029
-0.18981
-0.183838
-0.178121
-0.172664
-0.16747
-0.162543
-0.157881
-0.153483
-0.149348
-0.145473
-0.141855
-0.138491
-0.135376
-0.132506
-0.129877
-0.127486
-0.125327
-0.123396
-0.121691
-0.120206
-0.11894
-0.11789
-0.117052
-0.116426
-0.116009
-0.1158
-0.214417
-0.207574
-0.201582
-0.195436
-0.189439
-0.183676
-0.178153
-0.172872
-0.167839
-0.163059
-0.158531
-0.154255
-0.150231
-0.146456
-0.142927
-0.139643
-0.1366
-0.133794
-0.131222
-0.128879
-0.126764
-0.124871
-0.123198
-0.121741
-0.120498
-0.119466
-0.118642
-0.118027
-0.117617
-0.117412
-0.212968
-0.206288
-0.200635
-0.194696
-0.188912
-0.183353
-0.178016
-0.172905
-0.16803
-0.163393
-0.158997
-0.154843
-0.150928
-0.147252
-0.143814
-0.140611
-0.137641
-0.1349
-0.132386
-0.130095
-0.128024
-0.12617
-0.124531
-0.123103
-0.121884
-0.120872
-0.120064
-0.11946
-0.119058
-0.118857
-0.211425
-0.204876
-0.199584
-0.193817
-0.188241
-0.18288
-0.177722
-0.172775
-0.168051
-0.163555
-0.159289
-0.155253
-0.151447
-0.14787
-0.144522
-0.141401
-0.138504
-0.135829
-0.133374
-0.131136
-0.129111
-0.127298
-0.125694
-0.124296
-0.123103
-0.122111
-0.12132
-0.120727
-0.120333
-0.120136
-0.209755
-0.203375
-0.198435
-0.192804
-0.187439
-0.182269
-0.177279
-0.172489
-0.167912
-0.163552
-0.159413
-0.155493
-0.151794
-0.148316
-0.145058
-0.142018
-0.139195
-0.136587
-0.134192
-0.132007
-0.13003
-0.128259
-0.126691
-0.125324
-0.124156
-0.123186
-0.122412
-0.121832
-0.121446
-0.121254
-0.207939
-0.201858
-0.197182
-0.191668
-0.186526
-0.18153
-0.176696
-0.172055
-0.16762
-0.163393
-0.159376
-0.15557
-0.151977
-0.148596
-0.145426
-0.142468
-0.139719
-0.137179
-0.134844
-0.132713
-0.130785
-0.129056
-0.127525
-0.12619
-0.125049
-0.124101
-0.123344
-0.122778
-0.1224
-0.122212
-0.20605
-0.200368
-0.195803
-0.190432
-0.185511
-0.180663
-0.175976
-0.171481
-0.167182
-0.163083
-0.159185
-0.15549
-0.152
-0.148715
-0.145634
-0.142756
-0.140082
-0.137608
-0.135334
-0.133258
-0.131379
-0.129693
-0.1282
-0.126897
-0.125784
-0.124859
-0.12412
-0.123567
-0.123198
-0.123014
-0.204153
-0.19885
-0.194274
-0.189128
-0.184387
-0.179669
-0.175128
-0.170772
-0.166604
-0.162628
-0.158845
-0.155259
-0.15187
-0.148679
-0.145685
-0.142888
-0.140287
-0.137881
-0.135668
-0.133647
-0.131816
-0.130174
-0.12872
-0.12745
-0.126365
-0.125463
-0.124742
-0.124203
-0.123843
-0.123664
-0.202243
-0.19722
-0.192652
-0.187766
-0.183138
-0.178559
-0.174158
-0.169934
-0.165891
-0.162033
-0.158363
-0.154882
-0.151592
-0.148494
-0.145586
-0.142868
-0.14034
-0.138001
-0.135849
-0.133884
-0.132103
-0.130505
-0.129088
-0.127853
-0.126796
-0.125917
-0.125215
-0.12469
-0.124339
-0.124165
-0.200294
-0.195473
-0.190982
-0.186301
-0.181776
-0.177338
-0.173069
-0.168971
-0.165047
-0.161303
-0.157741
-0.154364
-0.151171
-0.148163
-0.14534
-0.142701
-0.140246
-0.137974
-0.135883
-0.133973
-0.132241
-0.130687
-0.12931
-0.128108
-0.12708
-0.126225
-0.125542
-0.125031
-0.12469
-0.12452
-0.198295
-0.193635
-0.189255
-0.184726
-0.180315
-0.176009
-0.171863
-0.167884
-0.164075
-0.160441
-0.156986
-0.153709
-0.150611
-0.147692
-0.144953
-0.142392
-0.140009
-0.137803
-0.135773
-0.133918
-0.132236
-0.130727
-0.129389
-0.128221
-0.127222
-0.126391
-0.125727
-0.12523
-0.124899
-0.124733
-0.196245
-0.191724
-0.187453
-0.18305
-0.178755
-0.17457
-0.170542
-0.166676
-0.162978
-0.159452
-0.1561
-0.152921
-0.149916
-0.147086
-0.144429
-0.141945
-0.139634
-0.137494
-0.135524
-0.133724
-0.132093
-0.130628
-0.129329
-0.128195
-0.127226
-0.126419
-0.125774
-0.125291
-0.12497
-0.124809
-0.194139
-0.189741
-0.185566
-0.181278
-0.177093
-0.173023
-0.169106
-0.16535
-0.16176
-0.158339
-0.155087
-0.152004
-0.149091
-0.146347
-0.143772
-0.141364
-0.139124
-0.13705
-0.135141
-0.133396
-0.131814
-0.130394
-0.129135
-0.128035
-0.127095
-0.126312
-0.125687
-0.125219
-0.124907
-0.124751
-0.19197
-0.187678
-0.183591
-0.179411
-0.175329
-0.171367
-0.167558
-0.163908
-0.160423
-0.157103
-0.15395
-0.150961
-0.148138
-0.14548
-0.142985
-0.140654
-0.138484
-0.136476
-0.134627
-0.132937
-0.131405
-0.13003
-0.12881
-0.127745
-0.126834
-0.126076
-0.12547
-0.125016
-0.124714
-0.124563
-0.189727
-0.185528
-0.181524
-0.177444
-0.173461
-0.169602
-0.165897
-0.162352
-0.158968
-0.155748
-0.152691
-0.149796
-0.147063
-0.144489
-0.142074
-0.139818
-0.137719
-0.135775
-0.133987
-0.132352
-0.13087
-0.129539
-0.128359
-0.127328
-0.126447
-0.125713
-0.125127
-0.124688
-0.124396
-0.124249
-0.187401
-0.183284
-0.179358
-0.175374
-0.171487
-0.167729
-0.164125
-0.160681
-0.157398
-0.154277
-0.151315
-0.148512
-0.145867
-0.143377
-0.141042
-0.138861
-0.136831
-0.134953
-0.133225
-0.131645
-0.130212
-0.128926
-0.127786
-0.12679
-0.125938
-0.125229
-0.124663
-0.124238
-0.123956
-0.123814
-0.184979
-0.180938
-0.177089
-0.173196
-0.169404
-0.165744
-0.162241
-0.158897
-0.155714
-0.15269
-0.149823
-0.147112
-0.144554
-0.142148
-0.139893
-0.137786
-0.135826
-0.134013
-0.132345
-0.13082
-0.129437
-0.128196
-0.127095
-0.126134
-0.125312
-0.124627
-0.124081
-0.123671
-0.123398
-0.123262
-0.18245
-0.178482
-0.174708
-0.170906
-0.167208
-0.163647
-0.160244
-0.157001
-0.153917
-0.15099
-0.148218
-0.145598
-0.143128
-0.140806
-0.13863
-0.136597
-0.134708
-0.13296
-0.131351
-0.129881
-0.128548
-0.127352
-0.126291
-0.125365
-0.124572
-0.123913
-0.123386
-0.122991
-0.122728
-0.122597
-0.179804
-0.175907
-0.17221
-0.1685
-0.164897
-0.161437
-0.158134
-0.154992
-0.152008
-0.149179
-0.146502
-0.143974
-0.141592
-0.139354
-0.137257
-0.135299
-0.13348
-0.131797
-0.130248
-0.128833
-0.12755
-0.126399
-0.125378
-0.124487
-0.123724
-0.123089
-0.122582
-0.122202
-0.121949
-0.121822
-0.177029
-0.173205
-0.169589
-0.165974
-0.162469
-0.159111
-0.155912
-0.152872
-0.149989
-0.147259
-0.144678
-0.142243
-0.139949
-0.137795
-0.135778
-0.133896
-0.132146
-0.130528
-0.12904
-0.12768
-0.126448
-0.125341
-0.12436
-0.123504
-0.122771
-0.122161
-0.121674
-0.121309
-0.121066
-0.120944
-0.174114
-0.170368
-0.16684
-0.163324
-0.159922
-0.15667
-0.153577
-0.150642
-0.147862
-0.145233
-0.142749
-0.140407
-0.138203
-0.136134
-0.134197
-0.13239
-0.130711
-0.129159
-0.127731
-0.126427
-0.125245
-0.124183
-0.123242
-0.122421
-0.121718
-0.121133
-0.120666
-0.120315
-0.120082
-0.119966
-0.171052
-0.167392
-0.163958
-0.160547
-0.157254
-0.154112
-0.151129
-0.148303
-0.145629
-0.143103
-0.140718
-0.138471
-0.136357
-0.134374
-0.132518
-0.130787
-0.129179
-0.127693
-0.126326
-0.125077
-0.123945
-0.122929
-0.122029
-0.121242
-0.120569
-0.120009
-0.119562
-0.119226
-0.119003
-0.118891
-0.167835
-0.16427
-0.16094
-0.157642
-0.154466
-0.15144
-0.148572
-0.145858
-0.143293
-0.140872
-0.138588
-0.136437
-0.134415
-0.132519
-0.130745
-0.129091
-0.127555
-0.126134
-0.124829
-0.123636
-0.122554
-0.121584
-0.120723
-0.119972
-0.119329
-0.118794
-0.118367
-0.118046
-0.117833
-0.117726
-0.164459
-0.161002
-0.157785
-0.15461
-0.151556
-0.148654
-0.145906
-0.143309
-0.140856
-0.138543
-0.136363
-0.134311
-0.132382
-0.130574
-0.128883
-0.127306
-0.125842
-0.124488
-0.123244
-0.122107
-0.121076
-0.120151
-0.119331
-0.118615
-0.118002
-0.117492
-0.117085
-0.116779
-0.116576
-0.116474
-0.160922
-0.157584
-0.154493
-0.15145
-0.148529
-0.145756
-0.143134
-0.140659
-0.138323
-0.136121
-0.134047
-0.132095
-0.130261
-0.128542
-0.126935
-0.125437
-0.124045
-0.122759
-0.121576
-0.120495
-0.119516
-0.118637
-0.117857
-0.117176
-0.116593
-0.116108
-0.115721
-0.11543
-0.115237
-0.11514
-0.157223
-0.15402
-0.151067
-0.148166
-0.145386
-0.142751
-0.140261
-0.137912
-0.135697
-0.13361
-0.131644
-0.129795
-0.128058
-0.12643
-0.124907
-0.123488
-0.122169
-0.12095
-0.11983
-0.118805
-0.117877
-0.117044
-0.116304
-0.115659
-0.115106
-0.114646
-0.114279
-0.114003
-0.11382
-0.113728
-0.153367
-0.150313
-0.14751
-0.144762
-0.142133
-0.139643
-0.137292
-0.135074
-0.132984
-0.131015
-0.12916
-0.127416
-0.125777
-0.12424
-0.122804
-0.121464
-0.120219
-0.119068
-0.11801
-0.117042
-0.116165
-0.115377
-0.114679
-0.114068
-0.113546
-0.113111
-0.112763
-0.112503
-0.112329
-0.112242
-0.149358
-0.146469
-0.143828
-0.141245
-0.138775
-0.136438
-0.134231
-0.132151
-0.130189
-0.128341
-0.1266
-0.124962
-0.123423
-0.12198
-0.12063
-0.11937
-0.1182
-0.117117
-0.116121
-0.11521
-0.114385
-0.113643
-0.112984
-0.112409
-0.111917
-0.111507
-0.111179
-0.110933
-0.110769
-0.110688
-0.145207
-0.142496
-0.140031
-0.137622
-0.13532
-0.133143
-0.131087
-0.129148
-0.127319
-0.125595
-0.12397
-0.122441
-0.121003
-0.119653
-0.11839
-0.117212
-0.116116
-0.115102
-0.114168
-0.113315
-0.11254
-0.111844
-0.111226
-0.110686
-0.110223
-0.109838
-0.10953
-0.109299
-0.109145
-0.109068
-0.140924
-0.138407
-0.136127
-0.133902
-0.131777
-0.129766
-0.127866
-0.126073
-0.12438
-0.122782
-0.121276
-0.119857
-0.118521
-0.117267
-0.116092
-0.114994
-0.113973
-0.113028
-0.112157
-0.11136
-0.110636
-0.109986
-0.109408
-0.108903
-0.10847
-0.108109
-0.107821
-0.107605
-0.107461
-0.107389
-0.136524
-0.134213
-0.13213
-0.130098
-0.128156
-0.126317
-0.124578
-0.122933
-0.121379
-0.119911
-0.118525
-0.117216
-0.115984
-0.114825
-0.113739
-0.112723
-0.111777
-0.1109
-0.110091
-0.109351
-0.108678
-0.108073
-0.107535
-0.107065
-0.106661
-0.106325
-0.106057
-0.105855
-0.105721
-0.105653
-0.132024
-0.129929
-0.128052
-0.126219
-0.124467
-0.122805
-0.12123
-0.119739
-0.118326
-0.116988
-0.115723
-0.114527
-0.113398
-0.112336
-0.111337
-0.110403
-0.109532
-0.108723
-0.107976
-0.107292
-0.10667
-0.10611
-0.105612
-0.105176
-0.104802
-0.10449
-0.104241
-0.104054
-0.103929
-0.103866
-0.127441
-0.125572
-0.123907
-0.122281
-0.120724
-0.119242
-0.117835
-0.116497
-0.115227
-0.114022
-0.112878
-0.111795
-0.11077
-0.109803
-0.108894
-0.10804
-0.107243
-0.106502
-0.105818
-0.105189
-0.104617
-0.104102
-0.103643
-0.103241
-0.102896
-0.102608
-0.102378
-0.102205
-0.10209
-0.102032
-0.122795
-0.12116
-0.119713
-0.118298
-0.116938
-0.115639
-0.114401
-0.113219
-0.112093
-0.11102
-0.109998
-0.109028
-0.108107
-0.107235
-0.106413
-0.10564
-0.104917
-0.104243
-0.10362
-0.103047
-0.102524
-0.102052
-0.101632
-0.101264
-0.100948
-0.100683
-0.100472
-0.100313
-0.100207
-0.100154
-0.118108
-0.116711
-0.115486
-0.114283
-0.113122
-0.112009
-0.11094
-0.109915
-0.108932
-0.107991
-0.107091
-0.106232
-0.105414
-0.104637
-0.103902
-0.103209
-0.102558
-0.101951
-0.101388
-0.100869
-0.100395
-0.099967
-0.099585
-0.0992496
-0.0989614
-0.0987206
-0.0985275
-0.0983825
-0.0982857
-0.0982373
-0.1134
-0.112245
-0.111243
-0.110253
-0.109292
-0.108362
-0.107463
-0.106593
-0.105753
-0.104943
-0.104163
-0.103415
-0.102699
-0.102016
-0.101366
-0.100752
-0.100173
-0.0996309
-0.0991268
-0.0986613
-0.0982354
-0.0978498
-0.0975051
-0.0972022
-0.0969414
-0.0967234
-0.0965485
-0.096417
-0.0963292
-0.0962853
-0.108696
-0.107782
-0.107002
-0.106224
-0.10546
-0.104713
-0.103981
-0.103264
-0.102565
-0.101885
-0.101224
-0.100585
-0.0999684
-0.0993768
-0.0988115
-0.0982739
-0.0977655
-0.0972875
-0.0968414
-0.0964282
-0.0960491
-0.095705
-0.095397
-0.0951257
-0.0948918
-0.094696
-0.0945388
-0.0944205
-0.0943415
-0.094302
-0.104015
-0.10334
-0.102779
-0.10221
-0.101641
-0.101073
-0.100505
-0.0999396
-0.0993785
-0.0988244
-0.0982798
-0.0977471
-0.0972288
-0.096727
-0.0962438
-0.0957814
-0.0953415
-0.094926
-0.0945364
-0.0941741
-0.0938406
-0.0935371
-0.0932646
-0.0930242
-0.0928165
-0.0926424
-0.0925024
-0.092397
-0.0923265
-0.0922912
-0.099381
-0.0989394
-0.098593
-0.0982282
-0.0978488
-0.097455
-0.0970472
-0.0966282
-0.0962015
-0.0957706
-0.095339
-0.09491
-0.0944867
-0.0940721
-0.0936688
-0.0932794
-0.0929061
-0.0925511
-0.0922164
-0.0919036
-0.0916144
-0.0913501
-0.0911122
-0.0909016
-0.0907194
-0.0905663
-0.090443
-0.09035
-0.0902879
-0.0902567
-0.0948136
-0.0945985
-0.0944596
-0.0942919
-0.0940956
-0.0938704
-0.0936172
-0.0933398
-0.093043
-0.0927311
-0.0924087
-0.0920798
-0.0917484
-0.091418
-0.0910919
-0.090773
-0.090464
-0.0901676
-0.0898858
-0.0896208
-0.0893744
-0.0891481
-0.0889435
-0.0887618
-0.0886041
-0.0884713
-0.0883642
-0.0882833
-0.0882291
-0.088202
-0.0903328
-0.090335
-0.0903949
-0.0904157
-0.0903946
-0.0903306
-0.0902254
-0.0900839
-0.0899114
-0.0897137
-0.089496
-0.0892632
-0.08902
-0.0887705
-0.0885184
-0.0882672
-0.0880201
-0.0877798
-0.087549
-0.0873299
-0.0871246
-0.0869349
-0.0867624
-0.0866084
-0.0864743
-0.086361
-0.0862694
-0.0862001
-0.0861537
-0.0861304
-0.085957
-0.0861652
-0.0864135
-0.0866128
-0.0867576
-0.0868464
-0.0868817
-0.0868689
-0.0868147
-0.0867256
-0.0866075
-0.0864663
-0.0863071
-0.0861347
-0.0859533
-0.0857668
-0.0855787
-0.0853922
-0.0852101
-0.0850349
-0.0848689
-0.0847141
-0.0845723
-0.0844449
-0.0843334
-0.0842389
-0.0841621
-0.0841039
-0.0840648
-0.0840452
-0.0817031
-0.0821043
-0.082529
-0.0828954
-0.0831955
-0.0834277
-0.0835948
-0.0837032
-0.0837604
-0.0837735
-0.0837496
-0.0836949
-0.0836152
-0.0835158
-0.0834014
-0.0832762
-0.0831442
-0.0830087
-0.0828728
-0.0827394
-0.0826108
-0.0824893
-0.0823767
-0.0822747
-0.0821847
-0.0821079
-0.0820454
-0.0819978
-0.0819657
-0.0819496
-0.0775859
-0.0781658
-0.0787536
-0.0792745
-0.0797184
-0.0800834
-0.0803729
-0.0805942
-0.0807551
-0.0808639
-0.080928
-0.0809543
-0.0809492
-0.0809184
-0.080867
-0.0807996
-0.0807204
-0.0806331
-0.0805409
-0.0804469
-0.0803538
-0.0802637
-0.0801788
-0.0801008
-0.0800312
-0.0799714
-0.0799222
-0.0798847
-0.0798593
-0.0798465
-0.0736185
-0.0743614
-0.075098
-0.0757597
-0.0763349
-0.0768215
-0.0772234
-0.0775484
-0.0778052
-0.0780023
-0.0781479
-0.0782495
-0.0783137
-0.0783469
-0.0783543
-0.0783409
-0.0783111
-0.0782689
-0.0782177
-0.0781608
-0.0781009
-0.0780405
-0.0779816
-0.0779262
-0.0778759
-0.077832
-0.0777955
-0.0777675
-0.0777484
-0.0777388
-0.0698121
-0.0707013
-0.0715713
-0.0723595
-0.0730528
-0.073649
-0.0741527
-0.0745719
-0.0749159
-0.0751937
-0.075414
-0.0755847
-0.0757129
-0.075805
-0.0758668
-0.0759035
-0.0759196
-0.0759193
-0.0759064
-0.075884
-0.0758552
-0.0758224
-0.075788
-0.0757537
-0.0757214
-0.0756925
-0.0756679
-0.0756487
-0.0756356
-0.0756289
-0.0661755
-0.0671937
-0.0681811
-0.0690807
-0.0698783
-0.0705718
-0.0711661
-0.0716696
-0.0720919
-0.0724425
-0.0727305
-0.072964
-0.0731504
-0.0732964
-0.073408
-0.0734906
-0.073549
-0.0735874
-0.0736098
-0.0736194
-0.0736193
-0.0736122
-0.0736004
-0.0735859
-0.0735704
-0.0735553
-0.0735419
-0.073531
-0.0735233
-0.0735194
-0.0627154
-0.0638447
-0.0649332
-0.0659286
-0.0668164
-0.0675946
-0.068268
-0.0688456
-0.0693371
-0.0697525
-0.0701008
-0.0703905
-0.0706293
-0.070824
-0.0709807
-0.0711051
-0.0712019
-0.0712757
-0.0713304
-0.0713694
-0.0713958
-0.0714123
-0.0714214
-0.0714251
-0.071425
-0.0714228
-0.0714196
-0.0714164
-0.0714139
-0.0714125
-0.0594365
-0.0606589
-0.0618316
-0.0629073
-0.063871
-0.0647208
-0.0654619
-0.0661032
-0.0666547
-0.0671264
-0.0675276
-0.067867
-0.0681522
-0.0683903
-0.0685874
-0.0687493
-0.0688809
-0.0689866
-0.0690706
-0.0691362
-0.0691867
-0.0692249
-0.069253
-0.0692733
-0.0692875
-0.0692972
-0.0693034
-0.0693072
-0.0693094
-0.0693104
-0.0563413
-0.0576388
-0.058879
-0.0600192
-0.0610444
-0.0619529
-0.06275
-0.0634446
-0.0640468
-0.0645666
-0.0650133
-0.0653957
-0.0657214
-0.0659974
-0.0662302
-0.0664253
-0.0665877
-0.0667221
-0.0668323
-0.0669219
-0.0669942
-0.0670518
-0.0670973
-0.0671327
-0.0671598
-0.0671802
-0.067195
-0.0672053
-0.0672118
-0.0672149
-0.0534303
-0.0547849
-0.0560761
-0.0572653
-0.0583378
-0.0592922
-0.0601337
-0.0608714
-0.061515
-0.0620746
-0.0625594
-0.0629781
-0.0633383
-0.0636471
-0.0639107
-0.0641348
-0.0643243
-0.0644837
-0.0646172
-0.0647281
-0.0648198
-0.0648949
-0.0649559
-0.0650048
-0.0650436
-0.0650737
-0.0650963
-0.0651123
-0.0651227
-0.0651277
-0.050702
-0.0520963
-0.0534221
-0.054645
-0.055751
-0.0567387
-0.0576134
-0.0583839
-0.0590599
-0.0596512
-0.0601668
-0.0606153
-0.0610042
-0.0613405
-0.0616302
-0.061879
-0.0620918
-0.0622731
-0.0624268
-0.0625564
-0.0626651
-0.0627556
-0.0628303
-0.0628913
-0.0629404
-0.0629791
-0.0630086
-0.0630299
-0.0630437
-0.0630505
-0.0481528
-0.04957
-0.0509147
-0.0521567
-0.0532827
-0.0542915
-0.0551885
-0.055982
-0.0566815
-0.0572965
-0.0578359
-0.0583078
-0.0587197
-0.0590783
-0.0593896
-0.059659
-0.0598914
-0.0600911
-0.0602621
-0.0604078
-0.0605312
-0.0606351
-0.0607218
-0.0607934
-0.0608516
-0.0608979
-0.0609335
-0.0609594
-0.0609763
-0.0609846
-0.0457777
-0.0472016
-0.0485502
-0.0497973
-0.0509304
-0.0519487
-0.0528574
-0.0536645
-0.054379
-0.0550102
-0.0555664
-0.0560556
-0.0564849
-0.0568609
-0.0571892
-0.0574752
-0.0577237
-0.0579387
-0.0581242
-0.0582833
-0.0584193
-0.0585346
-0.0586316
-0.0587122
-0.0587783
-0.0588312
-0.0588721
-0.058902
-0.0589215
-0.0589312
-0.0435698
-0.0449853
-0.0463235
-0.0475624
-0.0486906
-0.0497073
-0.0506177
-0.0514294
-0.052151
-0.052791
-0.0533576
-0.0538582
-0.0542996
-0.0546881
-0.0550293
-0.0553281
-0.0555891
-0.0558163
-0.0560134
-0.0561837
-0.05633
-0.0564548
-0.0565604
-0.0566487
-0.0567214
-0.05678
-0.0568254
-0.0568587
-0.0568806
-0.0568914
-0.0415207
-0.0429136
-0.0442283
-0.0454467
-0.0465587
-0.0475636
-0.0484665
-0.0492744
-0.0499954
-0.0506374
-0.0512081
-0.0517145
-0.0521631
-0.0525597
-0.0529095
-0.0532175
-0.0534877
-0.0537242
-0.0539304
-0.0541093
-0.0542638
-0.0543963
-0.054509
-0.0546036
-0.0546819
-0.0547451
-0.0547943
-0.0548305
-0.0548542
-0.054866
-0.0396208
-0.0409781
-0.0422572
-0.043444
-0.0445293
-0.045513
-0.0463998
-0.0471961
-0.0479095
-0.0485472
-0.0491163
-0.0496234
-0.0500744
-0.0504747
-0.0508295
-0.051143
-0.0514194
-0.0516623
-0.051875
-0.0520605
-0.0522212
-0.0523597
-0.0524779
-0.0525775
-0.0526602
-0.0527271
-0.0527794
-0.0528179
-0.0528433
-0.0528558
-0.0378593
-0.0391693
-0.040402
-0.0415469
-0.0425963
-0.0435503
-0.0444132
-0.0451909
-0.0458902
-0.0465177
-0.0470799
-0.0475828
-0.0480319
-0.0484322
-0.0487882
-0.0491041
-0.0493837
-0.0496305
-0.0498474
-0.0500372
-0.0502024
-0.0503451
-0.0504673
-0.0505708
-0.0506568
-0.0507266
-0.0507813
-0.0508217
-0.0508482
-0.0508614
-0.0362245
-0.0374767
-0.0386535
-0.0397477
-0.040753
-0.0416696
-0.0425016
-0.0432544
-0.0439339
-0.044546
-0.0450966
-0.0455909
-0.0460341
-0.0464306
-0.0467846
-0.0471
-0.0473801
-0.0476282
-0.0478471
-0.0480393
-0.0482071
-0.0483526
-0.0484776
-0.0485836
-0.048672
-0.048744
-0.0488004
-0.0488421
-0.0488696
-0.0488833
-0.0347039
-0.0358894
-0.037002
-0.0380379
-0.0389919
-0.0398646
-0.0406598
-0.0413821
-0.0420366
-0.0426287
-0.0431633
-0.0436452
-0.0440789
-0.0444684
-0.0448174
-0.0451295
-0.0454077
-0.0456549
-0.0458738
-0.0460666
-0.0462354
-0.0463823
-0.0465087
-0.0466162
-0.0467061
-0.0467794
-0.046837
-0.0468796
-0.0469077
-0.0469217
-0.0332843
-0.0343956
-0.0354373
-0.0364085
-0.0373053
-0.0381287
-0.0388819
-0.0395689
-0.0401942
-0.0407622
-0.0412771
-0.0417432
-0.0421642
-0.0425437
-0.0428851
-0.0431914
-0.0434654
-0.0437098
-0.0439267
-0.0441185
-0.0442869
-0.0444337
-0.0445605
-0.0446686
-0.0447591
-0.044833
-0.0448912
-0.0449342
-0.0449627
-0.0449768
-0.0319524
-0.0329835
-0.0339488
-0.0348504
-0.0356852
-0.0364548
-0.0371619
-0.0378098
-0.0384022
-0.0389426
-0.0394347
-0.0398819
-0.0402875
-0.0406546
-0.040986
-0.0412844
-0.0415523
-0.0417919
-0.0420053
-0.0421945
-0.0423611
-0.0425067
-0.0426328
-0.0427404
-0.0428308
-0.0429047
-0.0429629
-0.0430061
-0.0430346
-0.0430488
-0.0306945
-0.031641
-0.0325261
-0.0333542
-0.0341236
-0.0348359
-0.0354937
-0.0360994
-0.0366559
-0.037166
-0.0376327
-0.0380586
-0.0384465
-0.0387989
-0.0391183
-0.0394069
-0.0396668
-0.0399001
-0.0401086
-0.0402938
-0.0404575
-0.0406008
-0.0407252
-0.0408316
-0.0409211
-0.0409944
-0.0410523
-0.0410952
-0.0411236
-0.0411377
-0.0294973
-0.0303561
-0.0311583
-0.0319106
-0.0326121
-0.0332649
-0.033871
-0.0344323
-0.0349508
-0.0354285
-0.0358676
-0.0362702
-0.0366385
-0.0369744
-0.0372801
-0.0375573
-0.0378079
-0.0380334
-0.0382356
-0.0384158
-0.0385754
-0.0387155
-0.0388373
-0.0389418
-0.0390298
-0.039102
-0.039159
-0.0392013
-0.0392294
-0.0392433
-0.0283473
-0.029117
-0.0298351
-0.0305103
-0.0311428
-0.0317348
-0.0322878
-0.0328031
-0.033282
-0.0337257
-0.0341357
-0.0345136
-0.0348608
-0.0351789
-0.0354694
-0.0357339
-0.0359738
-0.0361905
-0.0363853
-0.0365594
-0.036714
-0.0368501
-0.0369686
-0.0370705
-0.0371564
-0.037227
-0.0372828
-0.0373243
-0.0373518
-0.0373655
-0.027232
-0.0279123
-0.0285464
-0.0291445
-0.0297078
-0.0302385
-0.030738
-0.0312067
-0.0316451
-0.0320539
-0.0324339
-0.0327858
-0.0331108
-0.03341
-0.0336844
-0.0339351
-0.0341633
-0.0343702
-0.0345567
-0.0347239
-0.0348727
-0.035004
-0.0351186
-0.0352173
-0.0353006
-0.0353692
-0.0354235
-0.0354639
-0.0354907
-0.035504
-0.0261391
-0.0267311
-0.0272824
-0.0278045
-0.0282994
-0.0287695
-0.0292156
-0.0296377
-0.0300355
-0.030409
-0.0307583
-0.0310838
-0.0313859
-0.0316654
-0.0319228
-0.032159
-0.0323748
-0.032571
-0.0327485
-0.0329081
-0.0330504
-0.0331763
-0.0332865
-0.0333815
-0.0334618
-0.0335281
-0.0335806
-0.0336196
-0.0336456
-0.0336585
-0.0250573
-0.0255632
-0.0260342
-0.0264824
-0.0269108
-0.0273216
-0.0277154
-0.0280915
-0.028449
-0.0287874
-0.029106
-0.0294048
-0.0296837
-0.029943
-0.0301829
-0.030404
-0.0306068
-0.0307919
-0.0309598
-0.0311111
-0.0312465
-0.0313666
-0.0314718
-0.0315627
-0.0316397
-0.0317033
-0.0317537
-0.0317913
-0.0318162
-0.0318286
-0.0239758
-0.0243992
-0.0247931
-0.0251705
-0.0255349
-0.0258887
-0.0262319
-0.0265632
-0.0268814
-0.0271852
-0.0274735
-0.0277457
-0.0280014
-0.0282404
-0.0284626
-0.0286683
-0.0288578
-0.0290312
-0.0291891
-0.0293318
-0.0294599
-0.0295736
-0.0296735
-0.02976
-0.0298334
-0.029894
-0.0299422
-0.0299781
-0.030002
-0.0300139
-0.0228858
-0.0232308
-0.0235518
-0.0238624
-0.0241663
-0.0244658
-0.0247606
-0.0250491
-0.0253293
-0.0255995
-0.0258583
-0.0261044
-0.0263371
-0.0265559
-0.0267605
-0.0269507
-0.0271265
-0.0272881
-0.0274357
-0.0275695
-0.0276899
-0.0277971
-0.0278914
-0.0279732
-0.0280427
-0.0281002
-0.028146
-0.0281801
-0.0282027
-0.0282141
-0.0217781
-0.02205
-0.0223031
-0.0225513
-0.0227987
-0.0230474
-0.0232967
-0.0235446
-0.0237886
-0.0240267
-0.0242569
-0.0244778
-0.0246881
-0.0248871
-0.0250741
-0.0252489
-0.0254111
-0.0255608
-0.025698
-0.0258227
-0.0259352
-0.0260356
-0.0261241
-0.026201
-0.0262664
-0.0263207
-0.0263638
-0.026396
-0.0264175
-0.0264282
-0.0206464
-0.020851
-0.0210419
-0.0212329
-0.0214283
-0.0216301
-0.0218372
-0.0220471
-0.0222572
-0.0224649
-0.0226679
-0.0228645
-0.0230532
-0.0232329
-0.0234028
-0.0235623
-0.0237111
-0.0238489
-0.0239756
-0.0240911
-0.0241956
-0.0242891
-0.0243717
-0.0244435
-0.0245048
-0.0245556
-0.024596
-0.0246263
-0.0246464
-0.0246564
-0.0194836
-0.0196272
-0.019762
-0.0199015
-0.0200499
-0.020209
-0.0203774
-0.0205525
-0.0207311
-0.0209103
-0.0210878
-0.0212613
-0.0214294
-0.0215905
-0.0217438
-0.0218885
-0.0220241
-0.0221501
-0.0222664
-0.0223728
-0.0224692
-0.0225556
-0.0226322
-0.0226989
-0.0227559
-0.0228032
-0.0228409
-0.0228691
-0.0228879
-0.0228973
-0.0182863
-0.0183757
-0.018461
-0.0185551
-0.0186619
-0.0187829
-0.0189166
-0.01906
-0.0192097
-0.0193627
-0.0195164
-0.0196683
-0.0198167
-0.0199602
-0.0200975
-0.0202279
-0.0203505
-0.0204651
-0.0205711
-0.0206683
-0.0207567
-0.0208362
-0.0209067
-0.0209682
-0.0210208
-0.0210645
-0.0210994
-0.0211256
-0.021143
-0.0211516
-0.0170486
-0.0170911
-0.0171336
-0.0171884
-0.017259
-0.0173468
-0.0174498
-0.0175649
-0.0176886
-0.0178178
-0.0179494
-0.0180813
-0.0182114
-0.0183381
-0.0184603
-0.0185768
-0.0186871
-0.0187904
-0.0188863
-0.0189746
-0.0190551
-0.0191276
-0.019192
-0.0192483
-0.0192965
-0.0193367
-0.0193687
-0.0193928
-0.0194088
-0.0194168
-0.015771
-0.0157741
-0.0157811
-0.015803
-0.0158433
-0.0159027
-0.0159792
-0.0160695
-0.0161701
-0.0162777
-0.0163894
-0.0165028
-0.0166158
-0.0167268
-0.0168346
-0.0169379
-0.0170362
-0.0171286
-0.0172147
-0.0172943
-0.0173669
-0.0174325
-0.0174909
-0.017542
-0.0175858
-0.0176223
-0.0176515
-0.0176734
-0.017688
-0.0176953
-0.0144478
-0.0144189
-0.0143973
-0.0143928
-0.0144082
-0.0144442
-0.0144983
-0.0145673
-0.0146477
-0.0147362
-0.01483
-0.0149265
-0.0150238
-0.0151202
-0.0152143
-0.0153052
-0.015392
-0.015474
-0.0155506
-0.0156216
-0.0156866
-0.0157453
-0.0157978
-0.0158438
-0.0158832
-0.0159161
-0.0159425
-0.0159622
-0.0159754
-0.0159821
-0.0130845
-0.0130318
-0.012989
-0.0129648
-0.0129612
-0.0129785
-0.0130144
-0.0130655
-0.0131285
-0.0132003
-0.0132779
-0.0133591
-0.0134419
-0.0135247
-0.0136061
-0.0136852
-0.013761
-0.0138329
-0.0139003
-0.0139629
-0.0140204
-0.0140725
-0.014119
-0.0141599
-0.014195
-0.0142243
-0.0142478
-0.0142654
-0.0142771
-0.0142829
-0.0116736
-0.0116041
-0.0115468
-0.0115087
-0.0114913
-0.0114946
-0.0115161
-0.0115527
-0.0116011
-0.0116584
-0.011722
-0.0117895
-0.0118591
-0.0119294
-0.0119989
-0.0120668
-0.0121322
-0.0121945
-0.0122531
-0.0123076
-0.0123577
-0.0124033
-0.012444
-0.0124799
-0.0125107
-0.0125365
-0.0125571
-0.0125726
-0.012583
-0.0125883
-0.0102281
-0.0101509
-0.0100869
-0.0100415
-0.0100159
-0.0100095
-0.0100203
-0.0100452
-0.0100815
-0.0101263
-0.0101773
-0.0102325
-0.01029
-0.0103486
-0.010407
-0.0104643
-0.0105197
-0.0105727
-0.0106226
-0.0106693
-0.0107122
-0.0107513
-0.0107864
-0.0108172
-0.0108438
-0.010866
-0.0108838
-0.0108972
-0.0109061
-0.0109104
-0.00873498
-0.00865592
-0.0085906
-0.00854284
-0.00851319
-0.00850109
-0.00850448
-0.00852076
-0.00854734
-0.0085818
-0.00862205
-0.00866626
-0.00871293
-0.00876081
-0.00880885
-0.00885622
-0.00890221
-0.00894629
-0.00898801
-0.00902702
-0.00906303
-0.00909584
-0.00912528
-0.00915123
-0.0091736
-0.00919231
-0.00920733
-0.00921864
-0.00922622
-0.00923023
-0.00722071
-0.00715004
-0.00709171
-0.00704788
-0.00701899
-0.00700471
-0.00700342
-0.00701308
-0.0070316
-0.00705699
-0.00708752
-0.00712167
-0.00715815
-0.0071959
-0.00723403
-0.00727181
-0.00730865
-0.00734407
-0.00737767
-0.00740916
-0.00743829
-0.00746486
-0.00748874
-0.00750981
-0.00752798
-0.00754319
-0.0075554
-0.00756459
-0.0075707
-0.0075735
-0.00565802
-0.00559896
-0.00555012
-0.00551295
-0.00548763
-0.00547392
-0.00547056
-0.00547595
-0.00548847
-0.00550659
-0.00552894
-0.0055543
-0.00558168
-0.00561021
-0.00563917
-0.00566799
-0.00569618
-0.00572336
-0.0057492
-0.00577345
-0.00579592
-0.00581644
-0.0058349
-0.0058512
-0.00586527
-0.00587706
-0.00588652
-0.00589364
-0.00589848
-0.00590138
-0.00409974
-0.00406359
-0.00403307
-0.00400825
-0.00399003
-0.003979
-0.00397479
-0.00397664
-0.00398363
-0.00399478
-0.00400917
-0.00402593
-0.00404433
-0.00406373
-0.0040836
-0.00410349
-0.00412305
-0.00414197
-0.00416003
-0.00417701
-0.00419278
-0.00420721
-0.00422021
-0.0042317
-0.00424162
-0.00424994
-0.00425661
-0.0042616
-0.00426485
-0.0042659
-0.00248239
-0.0024658
-0.00244991
-0.00243616
-0.00242544
-0.0024185
-0.00241533
-0.00241566
-0.00241907
-0.00242502
-0.00243298
-0.00244246
-0.00245301
-0.00246423
-0.00247579
-0.00248743
-0.00249892
-0.00251006
-0.00252072
-0.00253077
-0.00254011
-0.00254867
-0.00255638
-0.00256321
-0.00256911
-0.00257406
-0.00257802
-0.00258096
-0.002583
-0.00258487
-0.000905388
-0.000916169
-0.000923688
-0.000925519
-0.000924021
-0.000921286
-0.00091852
-0.00091644
-0.000915354
-0.000915298
-0.000916166
-0.000917799
-0.00092002
-0.000922667
-0.000925599
-0.000928694
-0.000931856
-0.000935004
-0.000938074
-0.000941012
-0.000943778
-0.000946337
-0.000948662
-0.000950733
-0.000952531
-0.000954047
-0.000955268
-0.000956138
-0.000956335
-0.000954992
-0.225018
-0.225481
-0.225887
-0.226098
-0.226051
-0.225756
-0.22524
-0.224532
-0.223652
-0.222613
-0.221425
-0.220101
-0.218652
-0.217083
-0.215386
-0.213534
-0.211671
-0.209927
-0.208041
-0.206115
-0.204166
-0.20217
-0.200124
-0.198028
-0.195881
-0.193674
-0.191398
-0.18904
-0.18659
-0.184035
-0.181362
-0.17856
-0.175616
-0.172522
-0.16927
-0.165853
-0.162268
-0.158516
-0.154598
-0.150521
-0.146293
-0.141926
-0.137434
-0.132835
-0.128148
-0.123392
-0.118591
-0.113766
-0.108943
-0.104143
-0.0993904
-0.0947067
-0.090113
-0.085629
-0.0812723
-0.0770591
-0.0730033
-0.0691166
-0.0654086
-0.0618866
-0.0585555
-0.0554181
-0.0524748
-0.0497241
-0.0471623
-0.044784
-0.0425818
-0.040547
-0.0386692
-0.0369371
-0.0353381
-0.033859
-0.0324859
-0.0312045
-0.0300005
-0.0288594
-0.0277673
-0.0267106
-0.0256761
-0.0246522
-0.0236272
-0.0225916
-0.0215356
-0.0204527
-0.0193348
-0.0181789
-0.0169776
-0.0157327
-0.0144362
-0.0130957
-0.0117006
-0.0102674
-0.00877799
-0.00726482
-0.00569252
-0.00412565
-0.002485
-0.000903288
-0.228672
-0.228993
-0.229176
-0.22914
-0.228858
-0.228351
-0.227645
-0.226762
-0.225717
-0.224522
-0.223187
-0.221722
-0.22014
-0.218452
-0.216684
-0.214847
-0.212826
-0.210971
-0.209012
-0.207013
-0.204999
-0.202949
-0.200857
-0.198722
-0.196541
-0.194303
-0.191997
-0.189611
-0.187134
-0.18455
-0.181848
-0.179015
-0.176038
-0.172907
-0.169615
-0.166155
-0.162524
-0.158722
-0.154752
-0.150619
-0.146333
-0.141907
-0.137354
-0.132693
-0.127944
-0.123127
-0.118266
-0.113385
-0.108506
-0.103655
-0.0988535
-0.0941255
-0.0894919
-0.0849725
-0.0805856
-0.0763471
-0.0722711
-0.0683693
-0.0646514
-0.0611243
-0.0577929
-0.0546597
-0.0517251
-0.048987
-0.0464417
-0.0440832
-0.0419039
-0.0398948
-0.0380452
-0.0363432
-0.034776
-0.03333
-0.031991
-0.0307444
-0.0295755
-0.0284697
-0.0274125
-0.0263902
-0.0253894
-0.0243981
-0.0234044
-0.0223987
-0.021371
-0.0203148
-0.0192215
-0.0180882
-0.0169075
-0.0156808
-0.0144004
-0.0130733
-0.0116894
-0.010264
-0.00878087
-0.00726864
-0.0056979
-0.00412394
-0.00248166
-0.000889625
-0.231481
-0.231821
-0.231887
-0.231808
-0.231527
-0.231029
-0.230334
-0.229461
-0.228426
-0.22724
-0.225913
-0.224454
-0.222873
-0.221181
-0.21938
-0.217446
-0.215385
-0.213594
-0.21171
-0.209705
-0.207668
-0.205615
-0.20353
-0.201407
-0.199246
-0.19704
-0.194779
-0.192451
-0.190044
-0.187543
-0.184936
-0.182208
-0.179347
-0.176339
-0.173174
-0.169844
-0.166342
-0.162667
-0.158817
-0.154795
-0.150608
-0.146266
-0.141782
-0.13717
-0.13245
-0.127641
-0.122766
-0.117848
-0.112912
-0.107982
-0.103082
-0.0982361
-0.0934678
-0.0887985
-0.0842482
-0.0798352
-0.0755758
-0.0714839
-0.0675713
-0.0638474
-0.0603192
-0.0569912
-0.0538658
-0.0509429
-0.0482205
-0.0456942
-0.0433579
-0.0412037
-0.0392221
-0.037402
-0.0357314
-0.034197
-0.0327849
-0.0314806
-0.0302692
-0.0291356
-0.0280651
-0.0270427
-0.0260547
-0.0250873
-0.0241284
-0.0231659
-0.02219
-0.0211905
-0.0201608
-0.0190924
-0.017982
-0.0168224
-0.0156146
-0.0143512
-0.0130383
-0.0116673
-0.0102502
-0.00877596
-0.00726432
-0.00569942
-0.00411531
-0.00247974
-0.000866981
-0.234874
-0.234728
-0.234545
-0.234231
-0.233734
-0.233049
-0.232192
-0.231174
-0.230005
-0.228694
-0.22725
-0.225681
-0.223998
-0.222211
-0.22033
-0.218389
-0.216384
-0.21443
-0.21244
-0.210375
-0.20829
-0.206197
-0.204076
-0.201925
-0.199738
-0.197509
-0.195227
-0.19288
-0.190454
-0.187934
-0.185307
-0.182557
-0.179671
-0.176637
-0.173443
-0.170081
-0.166544
-0.162829
-0.158936
-0.154869
-0.150635
-0.146242
-0.141705
-0.137039
-0.132264
-0.127401
-0.122471
-0.1175
-0.112512
-0.107532
-0.102585
-0.0976955
-0.0928872
-0.0881818
-0.0835998
-0.0791595
-0.0748773
-0.0707674
-0.0668414
-0.0631087
-0.0595761
-0.0562481
-0.0531269
-0.0502122
-0.0475015
-0.0449905
-0.0426725
-0.0405395
-0.0385815
-0.0367873
-0.0351445
-0.0336394
-0.032258
-0.0309853
-0.0298062
-0.0287054
-0.0276677
-0.0266781
-0.0257225
-0.024787
-0.0238591
-0.0229266
-0.0219797
-0.0210079
-0.0200044
-0.0189606
-0.0178732
-0.0167349
-0.0155462
-0.0143004
-0.0130021
-0.0116447
-0.0102364
-0.00877193
-0.00726088
-0.00570299
-0.00410709
-0.00248068
-0.000839857
-0.238146
-0.23739
-0.236973
-0.236451
-0.235753
-0.234897
-0.233888
-0.232731
-0.231432
-0.23
-0.228441
-0.226764
-0.22498
-0.2231
-0.221132
-0.219011
-0.217062
-0.215083
-0.21304
-0.210938
-0.208819
-0.206692
-0.204543
-0.202366
-0.200158
-0.19791
-0.19561
-0.193246
-0.190803
-0.188266
-0.185621
-0.182852
-0.179945
-0.176887
-0.173667
-0.170275
-0.166706
-0.162956
-0.159025
-0.154916
-0.150638
-0.146199
-0.141613
-0.136898
-0.132073
-0.127158
-0.122178
-0.117157
-0.112121
-0.107095
-0.102104
-0.0971744
-0.0923286
-0.0875895
-0.0829776
-0.0785116
-0.0742079
-0.0700808
-0.0661419
-0.0624005
-0.0588635
-0.0555351
-0.0524173
-0.0495096
-0.0468094
-0.044312
-0.0420107
-0.0398968
-0.0379604
-0.0361899
-0.0345725
-0.0330945
-0.0317413
-0.0304979
-0.0293489
-0.0282786
-0.0272718
-0.0263132
-0.0253883
-0.0244831
-0.0235851
-0.0226817
-0.0217629
-0.0208183
-0.0198407
-0.0188215
-0.0177572
-0.0166405
-0.0154715
-0.014244
-0.0129612
-0.0116184
-0.0102198
-0.00876614
-0.00725626
-0.00570673
-0.00409812
-0.00248285
-0.000808741
-0.241154
-0.239719
-0.239106
-0.238413
-0.237535
-0.236526
-0.235381
-0.234098
-0.232681
-0.231138
-0.229476
-0.227701
-0.225823
-0.223839
-0.221756
-0.21975
-0.217722
-0.215658
-0.213553
-0.211411
-0.20926
-0.207102
-0.204926
-0.202728
-0.2005
-0.198235
-0.195919
-0.19354
-0.191082
-0.18853
-0.185869
-0.183083
-0.180157
-0.177078
-0.173834
-0.170416
-0.166818
-0.163036
-0.15907
-0.154924
-0.150606
-0.146125
-0.141496
-0.136736
-0.131864
-0.126904
-0.121878
-0.116812
-0.111732
-0.106663
-0.101633
-0.0966656
-0.0917856
-0.0870156
-0.0823764
-0.0778867
-0.0735633
-0.0694204
-0.0654696
-0.0617202
-0.0581789
-0.0548499
-0.051735
-0.0488335
-0.0461427
-0.0436575
-0.0413711
-0.0392746
-0.0373576
-0.0356085
-0.0340142
-0.0325608
-0.0312334
-0.0300169
-0.0288955
-0.0278535
-0.0268753
-0.0259455
-0.0250495
-0.0241731
-0.0233034
-0.022428
-0.0215364
-0.0206182
-0.0196661
-0.0186715
-0.0176304
-0.0165358
-0.015387
-0.0141786
-0.0129122
-0.0115851
-0.0101975
-0.0087561
-0.00724829
-0.00570893
-0.00408709
-0.00248541
-0.000773767
-0.24449
-0.243778
-0.241683
-0.240935
-0.24011
-0.239078
-0.237936
-0.236672
-0.235277
-0.233755
-0.232113
-0.230357
-0.228491
-0.226527
-0.224492
-0.222371
-0.220314
-0.218231
-0.216113
-0.213965
-0.211791
-0.209611
-0.207427
-0.205228
-0.20301
-0.200765
-0.198484
-0.196154
-0.193761
-0.19129
-0.188725
-0.186049
-0.183248
-0.180305
-0.177207
-0.173942
-0.170501
-0.166877
-0.163067
-0.159071
-0.154892
-0.150539
-0.146021
-0.141354
-0.136554
-0.131643
-0.126642
-0.121575
-0.116469
-0.11135
-0.106244
-0.101178
-0.0961775
-0.0912669
-0.0864691
-0.0818053
-0.0772943
-0.072953
-0.0687955
-0.0648337
-0.0610767
-0.0575311
-0.0542011
-0.0510882
-0.0481918
-0.0455088
-0.0430339
-0.0407602
-0.0386785
-0.0367785
-0.0350479
-0.0334738
-0.0320419
-0.0307373
-0.0295446
-0.0284479
-0.0274313
-0.0264791
-0.0255757
-0.0247063
-0.0238566
-0.0230135
-0.0221644
-0.0212989
-0.0204063
-0.0194791
-0.0185087
-0.0174908
-0.0164185
-0.0152906
-0.0141021
-0.0128532
-0.0115431
-0.0101678
-0.00874037
-0.0072359
-0.00570865
-0.00407358
-0.0024881
-0.000735244
-0.247409
-0.245933
-0.243294
-0.242474
-0.241547
-0.240385
-0.23913
-0.237764
-0.23627
-0.234655
-0.232925
-0.231088
-0.229149
-0.227129
-0.224942
-0.222883
-0.220781
-0.218639
-0.216472
-0.214285
-0.212082
-0.209876
-0.207668
-0.205448
-0.203212
-0.200952
-0.198656
-0.196313
-0.193907
-0.191424
-0.188846
-0.186158
-0.183342
-0.180384
-0.177269
-0.173986
-0.170525
-0.166879
-0.163045
-0.159023
-0.154817
-0.150434
-0.145885
-0.141185
-0.136352
-0.131406
-0.126371
-0.12127
-0.116129
-0.110977
-0.105839
-0.100743
-0.0957135
-0.0907764
-0.0859547
-0.0812694
-0.0767399
-0.0723828
-0.0682124
-0.0642407
-0.0604766
-0.0569268
-0.0535953
-0.0504836
-0.0475908
-0.0449137
-0.0424471
-0.0401835
-0.038114
-0.0362277
-0.0345126
-0.0329553
-0.0315415
-0.0302562
-0.0290838
-0.0280084
-0.0270139
-0.0260845
-0.0252045
-0.024359
-0.0235336
-0.0227149
-0.0218905
-0.0210494
-0.0201813
-0.0192782
-0.0183315
-0.0173367
-0.016287
-0.0151805
-0.0140128
-0.0127824
-0.0114907
-0.0101293
-0.00871752
-0.00721803
-0.00570496
-0.0040572
-0.0024906
-0.000693413
-0.249884
-0.247548
-0.244586
-0.243745
-0.242732
-0.241463
-0.240115
-0.238662
-0.237084
-0.235389
-0.233583
-0.231668
-0.22964
-0.227489
-0.225421
-0.223295
-0.22113
-0.218942
-0.216736
-0.214516
-0.212288
-0.210059
-0.207829
-0.205591
-0.203338
-0.201062
-0.198753
-0.196396
-0.193979
-0.191483
-0.188893
-0.186192
-0.183364
-0.180392
-0.177262
-0.173963
-0.170485
-0.16682
-0.162966
-0.158923
-0.154694
-0.150287
-0.145713
-0.140987
-0.136127
-0.131153
-0.126089
-0.12096
-0.115793
-0.110613
-0.105449
-0.100328
-0.0952755
-0.0903169
-0.0854754
-0.0807725
-0.0762275
-0.0718571
-0.0676759
-0.0636956
-0.0599252
-0.0563714
-0.053038
-0.0499265
-0.0470359
-0.044363
-0.0419022
-0.0396462
-0.0375858
-0.03571
-0.0340067
-0.0324624
-0.0310629
-0.029793
-0.0286371
-0.0275791
-0.026603
-0.0256929
-0.0248329
-0.0240082
-0.0232041
-0.0224075
-0.0216054
-0.0207871
-0.0199419
-0.0190618
-0.0181383
-0.0171663
-0.0161393
-0.0150546
-0.0139085
-0.0126979
-0.011426
-0.0100801
-0.0086859
-0.00719338
-0.00569668
-0.00403743
-0.0024925
-0.000648436
-0.25187
-0.248635
-0.245611
-0.244778
-0.243683
-0.242329
-0.240907
-0.23938
-0.237731
-0.235967
-0.234098
-0.232125
-0.230046
-0.227896
-0.225757
-0.223584
-0.221379
-0.219153
-0.216914
-0.214667
-0.212415
-0.210165
-0.207915
-0.205659
-0.20339
-0.201099
-0.198776
-0.196407
-0.193976
-0.191468
-0.188866
-0.186153
-0.183311
-0.180326
-0.177183
-0.17387
-0.170377
-0.166698
-0.162827
-0.158767
-0.15452
-0.150095
-0.145501
-0.140755
-0.135875
-0.130881
-0.125796
-0.120647
-0.115458
-0.110259
-0.105076
-0.0999357
-0.0948657
-0.0898908
-0.0850344
-0.0803181
-0.0757612
-0.0713806
-0.0671908
-0.0632035
-0.0594279
-0.0558703
-0.0525348
-0.0494227
-0.046533
-0.0438622
-0.0414049
-0.0391536
-0.0370989
-0.0352301
-0.0335348
-0.0319995
-0.03061
-0.0293512
-0.0282074
-0.0271626
-0.0262007
-0.0253058
-0.0244622
-0.0236547
-0.0228688
-0.0220911
-0.0213089
-0.0205111
-0.0196872
-0.0188288
-0.0179275
-0.0169778
-0.0159734
-0.014911
-0.0137871
-0.0125975
-0.0113468
-0.0100184
-0.00864366
-0.00716047
-0.00568249
-0.00401357
-0.00249329
-0.000600433
-0.25335
-0.249272
-0.246421
-0.245599
-0.244423
-0.243004
-0.241522
-0.239934
-0.238226
-0.236405
-0.23448
-0.232444
-0.230284
-0.228165
-0.225997
-0.223783
-0.221542
-0.219284
-0.217017
-0.214745
-0.212473
-0.210203
-0.207934
-0.20566
-0.203375
-0.201069
-0.198731
-0.196347
-0.193903
-0.191381
-0.188766
-0.18604
-0.183186
-0.180188
-0.177033
-0.173707
-0.170201
-0.166509
-0.162626
-0.158553
-0.154293
-0.149855
-0.145249
-0.140489
-0.135596
-0.130588
-0.12549
-0.120327
-0.115126
-0.109914
-0.104718
-0.0995668
-0.0944858
-0.0895005
-0.0846345
-0.0799094
-0.0753447
-0.0709573
-0.0667616
-0.0627693
-0.0589896
-0.055429
-0.0520912
-0.0489777
-0.0460874
-0.0434168
-0.0409605
-0.0387109
-0.0366587
-0.034793
-0.0331015
-0.031571
-0.030187
-0.0289346
-0.0277982
-0.0267619
-0.0258097
-0.0249256
-0.0240939
-0.0232997
-0.0225283
-0.0217663
-0.021001
-0.0202213
-0.0194164
-0.0185781
-0.0176978
-0.0167698
-0.0157877
-0.0147477
-0.0136467
-0.0124792
-0.011251
-0.00994211
-0.00858888
-0.00711771
-0.00566092
-0.0039848
-0.00249238
-0.000549483
-0.254339
-0.249566
-0.247059
-0.24623
-0.244976
-0.243512
-0.241983
-0.240345
-0.238588
-0.236721
-0.234755
-0.232674
-0.230531
-0.22836
-0.226148
-0.2239
-0.22163
-0.219346
-0.217055
-0.214762
-0.212469
-0.21018
-0.207893
-0.205601
-0.203298
-0.200976
-0.198621
-0.196222
-0.193762
-0.191225
-0.188596
-0.185855
-0.182988
-0.179977
-0.176809
-0.173472
-0.169956
-0.166253
-0.162361
-0.158279
-0.154012
-0.149566
-0.144952
-0.140187
-0.135287
-0.130273
-0.12517
-0.120002
-0.114795
-0.109578
-0.104378
-0.099222
-0.0941367
-0.0891474
-0.0842777
-0.0795491
-0.0749811
-0.0705906
-0.0663921
-0.0623972
-0.058615
-0.0550521
-0.0517123
-0.0485968
-0.0457046
-0.0430324
-0.0405745
-0.0383236
-0.0362704
-0.0344039
-0.032712
-0.0311815
-0.0297982
-0.0285473
-0.0274133
-0.0263804
-0.0254328
-0.0245546
-0.0237304
-0.022945
-0.022184
-0.0214339
-0.0206822
-0.0199175
-0.0191293
-0.0183091
-0.0174482
-0.0165408
-0.0155805
-0.0145629
-0.0134853
-0.0123408
-0.0111366
-0.00984916
-0.00851947
-0.00706332
-0.0056303
-0.00395013
-0.00248902
-0.000495602
-0.254888
-0.249628
-0.247561
-0.246693
-0.24537
-0.243876
-0.242311
-0.240632
-0.238835
-0.23693
-0.234923
-0.232799
-0.230655
-0.228463
-0.226224
-0.223951
-0.221658
-0.219351
-0.217039
-0.214726
-0.212414
-0.210106
-0.2078
-0.205489
-0.203168
-0.200827
-0.198454
-0.196036
-0.193558
-0.191005
-0.188358
-0.185602
-0.182719
-0.179695
-0.176515
-0.173167
-0.169641
-0.16593
-0.162032
-0.157945
-0.153673
-0.149225
-0.144611
-0.139845
-0.134946
-0.129934
-0.124833
-0.119668
-0.114465
-0.109251
-0.104054
-0.0989013
-0.0938192
-0.0888327
-0.0839655
-0.0792391
-0.0746728
-0.0702835
-0.0660856
-0.0620908
-0.0583082
-0.0547442
-0.0514026
-0.0482848
-0.0453897
-0.0427141
-0.0402523
-0.0379972
-0.0359393
-0.034068
-0.0323713
-0.030836
-0.0294484
-0.0281936
-0.0270566
-0.0260218
-0.0250735
-0.024196
-0.0233741
-0.0225927
-0.0218375
-0.0210952
-0.0203532
-0.0196002
-0.0188258
-0.0180212
-0.0171779
-0.0162898
-0.0153504
-0.014355
-0.013301
-0.0121804
-0.0110012
-0.00973739
-0.0084333
-0.00699538
-0.00558885
-0.00390841
-0.00248234
-0.00043873
-0.255076
-0.249553
-0.247948
-0.24701
-0.245633
-0.24412
-0.242526
-0.240813
-0.238986
-0.237054
-0.235027
-0.232904
-0.230729
-0.228507
-0.226243
-0.22395
-0.221636
-0.219311
-0.21698
-0.214648
-0.212318
-0.20999
-0.207664
-0.205333
-0.202991
-0.200629
-0.198234
-0.195796
-0.193297
-0.190723
-0.188058
-0.185283
-0.182384
-0.179344
-0.176151
-0.172792
-0.169257
-0.16554
-0.161637
-0.157549
-0.153278
-0.148832
-0.144223
-0.139464
-0.134573
-0.12957
-0.124479
-0.119325
-0.114133
-0.108931
-0.103746
-0.0986045
-0.0935331
-0.0885568
-0.0836988
-0.0789807
-0.0744216
-0.0700383
-0.065845
-0.0618535
-0.0580727
-0.0545091
-0.0511665
-0.0480463
-0.0451475
-0.0424669
-0.039999
-0.0377366
-0.0356707
-0.0337906
-0.0320845
-0.0305396
-0.0291423
-0.0278783
-0.0267327
-0.0256902
-0.0247355
-0.0238531
-0.0230279
-0.0222453
-0.021491
-0.0207518
-0.0200153
-0.0192702
-0.0185061
-0.0177144
-0.0168865
-0.0160158
-0.0150963
-0.0141225
-0.0130919
-0.0119959
-0.0108429
-0.00960458
-0.00832809
-0.0069118
-0.00553456
-0.00385826
-0.00247126
-0.000378711
-0.254995
-0.249407
-0.248234
-0.2472
-0.245787
-0.244264
-0.242646
-0.240909
-0.239059
-0.237105
-0.235056
-0.232925
-0.230736
-0.228497
-0.226218
-0.223908
-0.221579
-0.219236
-0.216888
-0.214538
-0.212189
-0.209842
-0.207494
-0.205141
-0.202775
-0.200389
-0.19797
-0.195507
-0.192984
-0.190387
-0.187699
-0.184903
-0.181984
-0.178928
-0.17572
-0.172349
-0.168806
-0.165083
-0.161178
-0.157091
-0.152825
-0.148386
-0.143787
-0.139041
-0.134165
-0.129179
-0.124106
-0.118971
-0.1138
-0.108618
-0.103453
-0.0983307
-0.0932782
-0.0883196
-0.0834781
-0.0787747
-0.0742287
-0.0698565
-0.0656722
-0.0616876
-0.0579115
-0.0543502
-0.0510078
-0.0478855
-0.0449824
-0.0422954
-0.0398193
-0.0375471
-0.0354697
-0.0335768
-0.0318568
-0.0302972
-0.028885
-0.0276061
-0.026446
-0.0253899
-0.0244227
-0.0235294
-0.0226953
-0.0219058
-0.0211469
-0.0204058
-0.01967
-0.0189285
-0.0181711
-0.0173889
-0.0165736
-0.0157184
-0.0148172
-0.013864
-0.0128566
-0.0117855
-0.0106595
-0.00944849
-0.00820154
-0.00681037
-0.00546531
-0.00379814
-0.00245452
-0.000315286
-0.254734
-0.249232
-0.24843
-0.247286
-0.245854
-0.244325
-0.242689
-0.240934
-0.239068
-0.237101
-0.235041
-0.23291
-0.230706
-0.228454
-0.226161
-0.223839
-0.221496
-0.219139
-0.216774
-0.214406
-0.212038
-0.209669
-0.207298
-0.20492
-0.202528
-0.200114
-0.197668
-0.195176
-0.192625
-0.19
-0.187286
-0.184466
-0.181525
-0.178449
-0.175225
-0.171841
-0.168289
-0.164562
-0.160656
-0.156572
-0.152314
-0.147887
-0.143303
-0.138576
-0.133721
-0.12876
-0.123713
-0.118606
-0.113462
-0.108309
-0.103173
-0.098079
-0.0930535
-0.0881206
-0.083303
-0.0786214
-0.0740947
-0.0697392
-0.0655689
-0.0615952
-0.0578269
-0.0542704
-0.0509295
-0.0478057
-0.0448982
-0.0422039
-0.0397179
-0.0374332
-0.0353412
-0.0334316
-0.0316931
-0.0301139
-0.0286812
-0.0273816
-0.0262011
-0.0251251
-0.0241392
-0.0232288
-0.0223795
-0.0215771
-0.020808
-0.0200594
-0.0193192
-0.0185767
-0.0178216
-0.0170454
-0.0162396
-0.0153972
-0.0145123
-0.0135785
-0.0125936
-0.0115475
-0.0104491
-0.00926693
-0.00805132
-0.00668878
-0.00537881
-0.00372628
-0.00243068
-0.000248089
-0.254368
-0.249046
-0.24854
-0.247287
-0.245851
-0.244319
-0.242671
-0.240905
-0.23903
-0.237056
-0.23499
-0.232856
-0.230648
-0.228386
-0.226083
-0.223751
-0.221397
-0.219027
-0.216647
-0.214261
-0.211872
-0.209481
-0.207084
-0.204679
-0.202257
-0.199812
-0.197333
-0.194809
-0.192226
-0.18957
-0.186825
-0.183977
-0.18101
-0.177912
-0.174669
-0.171271
-0.167709
-0.163978
-0.160073
-0.155994
-0.151746
-0.147335
-0.142771
-0.138068
-0.133241
-0.128311
-0.123298
-0.118226
-0.11312
-0.108004
-0.102905
-0.0978479
-0.0928581
-0.0879591
-0.083173
-0.0785205
-0.0740198
-0.0696871
-0.0655359
-0.0615776
-0.0578208
-0.0542718
-0.0509345
-0.0478102
-0.0448984
-0.0421961
-0.0396986
-0.0373992
-0.0352895
-0.0333595
-0.0315982
-0.0299942
-0.0285357
-0.0272096
-0.0260025
-0.0249003
-0.0238892
-0.0229551
-0.0220842
-0.0212626
-0.020477
-0.0197151
-0.018965
-0.0182163
-0.017459
-0.0166845
-0.0158846
-0.0150522
-0.0141812
-0.0132651
-0.0123016
-0.0112802
-0.0102096
-0.00905776
-0.00787514
-0.00654467
-0.00527273
-0.00364077
-0.00239809
-0.00017666
-0.253949
-0.248856
-0.248575
-0.247218
-0.245793
-0.244259
-0.242605
-0.240835
-0.238957
-0.23698
-0.234917
-0.232809
-0.230574
-0.228304
-0.225995
-0.223656
-0.221293
-0.218911
-0.216515
-0.214111
-0.211701
-0.209285
-0.206861
-0.204425
-0.20197
-0.199489
-0.196974
-0.194413
-0.191793
-0.189101
-0.186321
-0.183441
-0.180445
-0.177321
-0.174057
-0.170643
-0.16707
-0.163334
-0.159429
-0.155358
-0.151123
-0.146731
-0.142192
-0.137518
-0.132725
-0.127832
-0.12286
-0.117832
-0.11277
-0.107701
-0.102648
-0.0976363
-0.0926906
-0.0878337
-0.0830874
-0.0784714
-0.0740038
-0.0697001
-0.0655737
-0.0616356
-0.0578944
-0.0543562
-0.0510246
-0.0479013
-0.0449857
-0.042275
-0.0397648
-0.0374487
-0.0353186
-0.0333647
-0.0315761
-0.0299425
-0.0284527
-0.0270942
-0.0258543
-0.0247194
-0.0236765
-0.0227121
-0.0218129
-0.0209654
-0.020157
-0.0193755
-0.0186097
-0.0178493
-0.0170846
-0.0163073
-0.0155094
-0.0146836
-0.0138238
-0.0129232
-0.0119797
-0.0109823
-0.00993959
-0.008819
-0.0076708
-0.00637568
-0.00514471
-0.00353956
-0.002355
-0.000100479
-0.253519
-0.248658
-0.248553
-0.247093
-0.245693
-0.244159
-0.242504
-0.240735
-0.238859
-0.236886
-0.234823
-0.232668
-0.230487
-0.228222
-0.225908
-0.223567
-0.221196
-0.218802
-0.216391
-0.213968
-0.211534
-0.209091
-0.206636
-0.204166
-0.201673
-0.199153
-0.196596
-0.193994
-0.191333
-0.1886
-0.18578
-0.182864
-0.179834
-0.176681
-0.173392
-0.16996
-0.166375
-0.162633
-0.15873
-0.154666
-0.150447
-0.146077
-0.141566
-0.136926
-0.132172
-0.127324
-0.1224
-0.117422
-0.112414
-0.107398
-0.1024
-0.0974427
-0.0925497
-0.0877435
-0.0830449
-0.0784732
-0.0740458
-0.0697778
-0.0656822
-0.0617696
-0.0580484
-0.0545244
-0.0512013
-0.0480807
-0.0451621
-0.042443
-0.0399191
-0.0375845
-0.0354315
-0.0334504
-0.0316304
-0.0299623
-0.0284359
-0.0270393
-0.0257602
-0.0245862
-0.0235046
-0.0225033
-0.0215689
-0.0206887
-0.0198508
-0.0190434
-0.0182555
-0.0174777
-0.0167002
-0.015915
-0.015115
-0.014292
-0.0134401
-0.0125526
-0.0116271
-0.0106528
-0.00963752
-0.0085489
-0.00743631
-0.00617958
-0.00499246
-0.00342057
-0.00229952
-1.90051e-05
-0.253112
-0.248412
-0.24849
-0.246923
-0.245561
-0.244029
-0.24238
-0.240617
-0.238748
-0.236782
-0.234728
-0.232599
-0.230422
-0.228142
-0.225809
-0.223474
-0.221098
-0.218693
-0.216266
-0.213822
-0.211363
-0.208892
-0.206405
-0.203901
-0.201371
-0.198809
-0.196207
-0.193559
-0.190851
-0.188072
-0.185209
-0.182251
-0.179184
-0.175998
-0.172682
-0.169228
-0.165629
-0.16188
-0.157977
-0.153923
-0.14972
-0.145374
-0.140895
-0.136293
-0.131584
-0.126785
-0.121916
-0.116997
-0.112049
-0.107096
-0.102161
-0.097266
-0.0924343
-0.0876871
-0.0830444
-0.0785248
-0.0741451
-0.0699196
-0.065861
-0.0619793
-0.0582826
-0.0547767
-0.0514651
-0.0483493
-0.0454288
-0.0427014
-0.0401633
-0.0378088
-0.0356306
-0.0336193
-0.0317637
-0.0300563
-0.0284881
-0.0270477
-0.0257232
-0.0245038
-0.0233762
-0.0223318
-0.0213558
-0.0204363
-0.0195622
-0.018722
-0.0179054
-0.0171037
-0.0163076
-0.015509
-0.0147023
-0.013878
-0.0130306
-0.0121533
-0.0112437
-0.010291
-0.00930238
-0.00824605
-0.00717
-0.00595438
-0.0048139
-0.00328176
-0.00222981
6.82524e-05
-0.252456
-0.248342
-0.248311
-0.246751
-0.245407
-0.243882
-0.242243
-0.240491
-0.238634
-0.236679
-0.234637
-0.232514
-0.230319
-0.228099
-0.225787
-0.223436
-0.221049
-0.218634
-0.216194
-0.213733
-0.211252
-0.20875
-0.206225
-0.203676
-0.201081
-0.198463
-0.1958
-0.19311
-0.190353
-0.187525
-0.184611
-0.181608
-0.178501
-0.175277
-0.17193
-0.168452
-0.164837
-0.161079
-0.157177
-0.153131
-0.148946
-0.144627
-0.140182
-0.135623
-0.130962
-0.126219
-0.121411
-0.116556
-0.111676
-0.106793
-0.101929
-0.0971055
-0.0923433
-0.0876635
-0.0830848
-0.0786251
-0.0743005
-0.0701244
-0.066109
-0.0622638
-0.0585966
-0.0551127
-0.0518157
-0.0487069
-0.0457859
-0.0430507
-0.0404978
-0.0381221
-0.035917
-0.0338729
-0.0319774
-0.0302262
-0.0286112
-0.0271215
-0.0257452
-0.0244753
-0.0232957
-0.0222008
-0.0211764
-0.0202114
-0.0192951
-0.0184152
-0.0175623
-0.0167298
-0.0159092
-0.0150918
-0.0142733
-0.0134427
-0.0125961
-0.0117257
-0.0108295
-0.00989656
-0.0089336
-0.00790949
-0.0068706
-0.00569847
-0.00460728
-0.00312128
-0.00214411
0.000161658
-0.251674
-0.248366
-0.248063
-0.246578
-0.245241
-0.243727
-0.242103
-0.240366
-0.238524
-0.236585
-0.234557
-0.232447
-0.230268
-0.228012
-0.225722
-0.223376
-0.220987
-0.218556
-0.216091
-0.213597
-0.21108
-0.208539
-0.205976
-0.20339
-0.200778
-0.198132
-0.195444
-0.192684
-0.189852
-0.186966
-0.184001
-0.180953
-0.177787
-0.174522
-0.171141
-0.167637
-0.164004
-0.160236
-0.156334
-0.152296
-0.148131
-0.143839
-0.139431
-0.134918
-0.130309
-0.125627
-0.120885
-0.116101
-0.111297
-0.106491
-0.101706
-0.0969609
-0.0922761
-0.0876717
-0.083165
-0.0787728
-0.0745106
-0.0703906
-0.0664247
-0.0626217
-0.0589888
-0.0555311
-0.0522519
-0.0491525
-0.0462325
-0.0434901
-0.0409221
-0.0385241
-0.0362904
-0.0342115
-0.0322718
-0.0304721
-0.0288057
-0.0272623
-0.0258287
-0.0245033
-0.0232688
-0.0221104
-0.0210244
-0.0200011
-0.0190304
-0.0181053
-0.0172166
-0.016353
-0.0155057
-0.0146666
-0.0138303
-0.0129882
-0.0121379
-0.0112706
-0.010385
-0.00946991
-0.00853118
-0.00753882
-0.00653743
-0.00541073
-0.00437132
-0.00293757
-0.00204089
0.000261364
-0.251004
-0.248316
-0.247821
-0.246398
-0.245073
-0.243575
-0.241969
-0.240251
-0.238429
-0.236508
-0.234497
-0.232404
-0.230236
-0.228007
-0.225732
-0.223367
-0.220964
-0.218525
-0.216052
-0.213544
-0.211004
-0.20843
-0.205823
-0.203181
-0.200499
-0.197774
-0.195
-0.19219
-0.189339
-0.186417
-0.183372
-0.180263
-0.177063
-0.173751
-0.170331
-0.166797
-0.163142
-0.159365
-0.155457
-0.151421
-0.147276
-0.143014
-0.138646
-0.134182
-0.129628
-0.125013
-0.120341
-0.115635
-0.110911
-0.106191
-0.101491
-0.0968322
-0.0922326
-0.0877113
-0.0832839
-0.0789667
-0.0747739
-0.0707167
-0.0668064
-0.0630509
-0.0594571
-0.0560296
-0.0527715
-0.0496838
-0.0467663
-0.0440173
-0.041434
-0.0390128
-0.0367492
-0.0346341
-0.0326454
-0.0307929
-0.0290716
-0.0274711
-0.0259774
-0.0245808
-0.023275
-0.0220576
-0.0209134
-0.0198323
-0.0188065
-0.0178286
-0.0168905
-0.0159832
-0.015099
-0.0142311
-0.0133715
-0.0125164
-0.0116583
-0.0107901
-0.00991158
-0.0090119
-0.00809574
-0.00713436
-0.00617052
-0.00509074
-0.00410539
-0.00272961
-0.001919
0.000367222
-0.250438
-0.248227
-0.24759
-0.246224
-0.244913
-0.243434
-0.241851
-0.240154
-0.238353
-0.236454
-0.234463
-0.232388
-0.230234
-0.22801
-0.225724
-0.223372
-0.22097
-0.218522
-0.21603
-0.213499
-0.210928
-0.20832
-0.205674
-0.202989
-0.200262
-0.197493
-0.194674
-0.191778
-0.188821
-0.185794
-0.182737
-0.179587
-0.176322
-0.172957
-0.169496
-0.165929
-0.16225
-0.158457
-0.154548
-0.150527
-0.146398
-0.142165
-0.137837
-0.133427
-0.128922
-0.124378
-0.119784
-0.115159
-0.110523
-0.105893
-0.101287
-0.0967204
-0.0922128
-0.0877819
-0.0834409
-0.0792054
-0.0750887
-0.0711005
-0.0672515
-0.0635487
-0.0599985
-0.056605
-0.053371
-0.0502974
-0.0473838
-0.0446287
-0.0420298
-0.0395844
-0.0372897
-0.035139
-0.033095
-0.031187
-0.0294074
-0.027742
-0.0261741
-0.0247126
-0.0233443
-0.0220541
-0.0208393
-0.0196917
-0.0186032
-0.0175665
-0.0165743
-0.015619
-0.0146937
-0.0137917
-0.0129038
-0.0120276
-0.011157
-0.010287
-0.00941167
-0.00852429
-0.0076287
-0.00669722
-0.0057707
-0.00473891
-0.00380964
-0.00249701
-0.00177778
0.000478709
-0.249958
-0.248117
-0.247379
-0.246064
-0.244769
-0.243314
-0.241754
-0.240082
-0.238305
-0.236429
-0.234461
-0.232407
-0.230267
-0.228054
-0.225776
-0.223429
-0.221024
-0.218566
-0.216059
-0.213503
-0.210901
-0.208255
-0.205563
-0.202826
-0.200041
-0.197207
-0.194319
-0.191369
-0.188356
-0.185266
-0.182102
-0.178865
-0.175601
-0.172155
-0.168651
-0.165049
-0.161343
-0.157533
-0.153619
-0.149604
-0.145494
-0.141291
-0.137004
-0.132643
-0.128211
-0.123736
-0.11922
-0.114681
-0.110137
-0.105601
-0.101094
-0.0966267
-0.0922174
-0.0878837
-0.0836353
-0.0794877
-0.0754533
-0.0715395
-0.0677571
-0.0641116
-0.0606091
-0.0572531
-0.0540459
-0.0509884
-0.04808
-0.0453193
-0.0427045
-0.0402336
-0.0379067
-0.035724
-0.0336174
-0.0316515
-0.0298033
-0.0280626
-0.0264364
-0.0248994
-0.0234534
-0.0220877
-0.0207983
-0.0195786
-0.0184214
-0.0173202
-0.0162687
-0.01526
-0.0142879
-0.013346
-0.0124265
-0.0115266
-0.0106393
-0.00976035
-0.00888723
-0.00800971
-0.00713241
-0.0062294
-0.00533976
-0.00435659
-0.00348514
-0.00224021
-0.00161723
0.000594868
-0.249558
-0.248001
-0.247195
-0.245927
-0.24465
-0.24322
-0.241686
-0.24004
-0.238289
-0.236439
-0.234495
-0.232464
-0.23034
-0.228139
-0.225867
-0.223525
-0.221118
-0.21865
-0.216126
-0.213546
-0.210912
-0.208226
-0.205488
-0.202698
-0.199854
-0.196955
-0.193997
-0.190977
-0.187892
-0.184738
-0.181512
-0.178196
-0.174771
-0.171346
-0.167807
-0.164164
-0.160429
-0.156601
-0.15268
-0.14867
-0.144577
-0.140405
-0.13616
-0.131851
-0.127487
-0.123084
-0.118651
-0.114203
-0.109754
-0.105321
-0.100916
-0.0965531
-0.0922465
-0.0880175
-0.0838667
-0.0798121
-0.0758657
-0.072031
-0.0683196
-0.0647355
-0.0612842
-0.0579685
-0.0547905
-0.0517507
-0.0488485
-0.0460825
-0.0434511
-0.0409532
-0.0385923
-0.0363893
-0.0342068
-0.0321728
-0.0302578
-0.028451
-0.0267458
-0.0251301
-0.023603
-0.0221577
-0.0207894
-0.0194927
-0.0182618
-0.0170911
-0.015975
-0.0149077
-0.0138837
-0.0128968
-0.0119415
-0.0110133
-0.0101068
-0.00921749
-0.00834124
-0.00747031
-0.0066101
-0.00573398
-0.00488048
-0.00394617
-0.00313395
-0.00196059
-0.00143808
0.000714284
-0.249236
-0.247893
-0.247045
-0.245819
-0.244563
-0.243158
-0.241653
-0.240037
-0.238315
-0.236492
-0.23457
-0.232564
-0.230454
-0.228267
-0.226004
-0.223666
-0.221257
-0.218781
-0.216239
-0.213634
-0.210967
-0.208241
-0.205454
-0.202609
-0.199703
-0.196738
-0.193709
-0.190615
-0.187455
-0.184225
-0.180926
-0.177549
-0.174086
-0.170557
-0.166953
-0.163286
-0.159518
-0.155669
-0.151739
-0.147732
-0.143658
-0.139516
-0.135313
-0.131059
-0.126761
-0.122434
-0.118087
-0.113732
-0.109383
-0.105054
-0.100756
-0.0965023
-0.0923057
-0.0881807
-0.0841338
-0.0801759
-0.0763242
-0.0725717
-0.0689352
-0.0654155
-0.0620181
-0.0587449
-0.0555977
-0.052577
-0.0496816
-0.0469102
-0.0442615
-0.0417347
-0.039335
-0.0371371
-0.0348433
-0.0327513
-0.0307684
-0.0288859
-0.0270993
-0.0254021
-0.023791
-0.0222618
-0.0208103
-0.0194324
-0.0181233
-0.0168787
-0.0156937
-0.0145636
-0.0134833
-0.0124476
-0.0114519
-0.0104914
-0.00956199
-0.00865865
-0.00777762
-0.00691137
-0.00606451
-0.00521493
-0.00439675
-0.00351111
-0.00275923
-0.00166058
-0.00124185
0.000835092
-0.248994
-0.247806
-0.246936
-0.245749
-0.244518
-0.243142
-0.241658
-0.240062
-0.238362
-0.236563
-0.234673
-0.232723
-0.230614
-0.22844
-0.226188
-0.223855
-0.221444
-0.218958
-0.216399
-0.213769
-0.211069
-0.2083
-0.205464
-0.202562
-0.199593
-0.196559
-0.193457
-0.190287
-0.187049
-0.183742
-0.180366
-0.176918
-0.173396
-0.169811
-0.166139
-0.162402
-0.158621
-0.154748
-0.150807
-0.146802
-0.142746
-0.138633
-0.134473
-0.130273
-0.126043
-0.121794
-0.117534
-0.113274
-0.109028
-0.104805
-0.100618
-0.0964767
-0.0923926
-0.0883771
-0.0844375
-0.0805825
-0.076822
-0.0731563
-0.0695991
-0.0661459
-0.0628042
-0.059575
-0.0564597
-0.0534587
-0.0505703
-0.0477932
-0.0451266
-0.0425687
-0.0401133
-0.0376573
-0.0355151
-0.0333746
-0.0313213
-0.0293612
-0.0274921
-0.0257099
-0.0240119
-0.0223955
-0.0208575
-0.0193949
-0.0180044
-0.0166823
-0.015425
-0.0142284
-0.0130884
-0.0120006
-0.0109609
-0.00996497
-0.00900914
-0.00808852
-0.00720039
-0.00633699
-0.00550279
-0.00467581
-0.0038934
-0.00305599
-0.00236515
-0.00134362
-0.00103089
0.000955019
-0.248833
-0.247749
-0.246871
-0.245712
-0.244499
-0.24315
-0.241701
-0.24014
-0.238475
-0.236705
-0.234834
-0.232837
-0.230812
-0.228658
-0.226418
-0.224092
-0.22168
-0.219185
-0.216608
-0.213952
-0.211218
-0.208407
-0.205521
-0.202561
-0.199528
-0.196423
-0.193246
-0.189999
-0.186682
-0.183296
-0.179841
-0.176318
-0.172728
-0.169079
-0.165359
-0.161571
-0.157725
-0.153847
-0.149894
-0.14589
-0.141852
-0.137768
-0.13365
-0.129505
-0.125343
-0.121172
-0.117
-0.112837
-0.108695
-0.104581
-0.100506
-0.0964794
-0.0925099
-0.0886066
-0.0847763
-0.0810255
-0.0773609
-0.0737847
-0.070304
-0.0669199
-0.0636355
-0.0604508
-0.0573676
-0.0543868
-0.0515049
-0.0487212
-0.0460358
-0.0434455
-0.040935
-0.0384938
-0.0362394
-0.0340341
-0.0319088
-0.0298696
-0.0279162
-0.0260467
-0.0242597
-0.0225537
-0.0209268
-0.0193772
-0.0179026
-0.0165006
-0.0151684
-0.0139028
-0.0127005
-0.011558
-0.0104716
-0.00943769
-0.00845288
-0.00751269
-0.00661494
-0.0057524
-0.00492943
-0.00412496
-0.00337531
-0.00258629
-0.00195692
-0.00101419
-0.000808358
0.00107147
-0.24875
-0.247724
-0.246855
-0.245726
-0.244541
-0.243222
-0.2418
-0.240268
-0.238632
-0.236892
-0.235048
-0.233094
-0.231059
-0.228924
-0.226699
-0.224379
-0.221965
-0.219461
-0.216867
-0.214185
-0.211417
-0.208563
-0.205626
-0.202608
-0.19951
-0.196334
-0.193082
-0.189756
-0.186358
-0.182891
-0.179357
-0.175759
-0.172098
-0.168382
-0.164607
-0.160777
-0.156895
-0.152969
-0.149012
-0.145005
-0.14099
-0.136933
-0.132856
-0.128765
-0.12467
-0.120577
-0.116494
-0.112429
-0.10839
-0.104386
-0.100425
-0.0965136
-0.0926595
-0.0888696
-0.0851493
-0.0815033
-0.0779359
-0.0744492
-0.0710473
-0.0677311
-0.0645039
-0.0613635
-0.0583117
-0.0553508
-0.0524737
-0.0496827
-0.0469781
-0.0443554
-0.0418094
-0.0393375
-0.0369962
-0.0347215
-0.0325219
-0.0304019
-0.028363
-0.026405
-0.0245276
-0.0227307
-0.0210136
-0.0193757
-0.0178157
-0.0163322
-0.0149235
-0.0135873
-0.0123211
-0.0111221
-0.00998732
-0.00891356
-0.00789795
-0.00693644
-0.0060273
-0.0051638
-0.00435062
-0.00356741
-0.00285076
-0.00210808
-0.00154053
-0.000677576
-0.00057809
0.00118166
)
;

boundaryField
{
    inlet
    {
        type            zeroGradient;
    }
    outlet
    {
        type            fixedValue;
        value           uniform 0;
    }
    cylinder
    {
        type            zeroGradient;
    }
    top
    {
        type            symmetryPlane;
    }
    bottom
    {
        type            symmetryPlane;
    }
    defaultFaces
    {
        type            empty;
    }
    procBoundary1to0
    {
        type            processor;
        value           nonuniform List<scalar> 
67
(
-0.233146
-0.234333
-0.23548
-0.23548
-0.248268
-0.249231
-0.249879
-0.249879
-0.249951
-0.250588
-0.251035
-0.251035
-0.252888
-0.252833
-0.2527
-0.25251
-0.25251
-0.253047
-0.252732
-0.252407
-0.252086
-0.25178
-0.251499
-0.251249
-0.251037
-0.251037
-0.251132
-0.250993
-0.250909
-0.219032
-0.207839
-0.196831
-0.186207
-0.176106
-0.166625
-0.157795
-0.149612
-0.142062
-0.135114
-0.128736
-0.122892
-0.117546
-0.112667
-0.108222
-0.104183
-0.100523
-0.0972167
-0.094243
-0.0915814
-0.0892143
-0.0871257
-0.0853018
-0.0837306
-0.0824017
-0.0813063
-0.0804376
-0.0797893
-0.0793598
-0.0791402
-0.224349
-0.228004
-0.228004
-0.229956
-0.233795
-0.237569
-0.241175
-0.241175
)
;
    }
    procBoundary1to3
    {
        type            processor;
        value           nonuniform List<scalar> 
105
(
-0.250641
-0.250322
-0.249942
-0.249512
-0.249106
-0.248751
-0.247741
-0.24689
-0.245783
-0.244622
-0.243329
-0.241935
-0.240432
-0.238826
-0.237115
-0.2353
-0.233378
-0.231361
-0.229232
-0.227022
-0.224707
-0.222293
-0.219779
-0.217169
-0.214461
-0.211659
-0.208763
-0.205775
-0.202699
-0.199535
-0.196288
-0.192961
-0.189556
-0.186077
-0.182529
-0.178916
-0.17524
-0.171508
-0.167725
-0.163893
-0.160016
-0.156099
-0.152149
-0.148173
-0.144149
-0.140164
-0.136134
-0.132096
-0.128059
-0.124031
-0.120016
-0.116021
-0.112053
-0.108119
-0.104224
-0.100376
-0.0965801
-0.0928413
-0.0891647
-0.0855541
-0.0820126
-0.0785421
-0.0751436
-0.0718202
-0.0685713
-0.0654001
-0.0623024
-0.0592794
-0.0563366
-0.0534634
-0.0506647
-0.0479415
-0.0452874
-0.0427016
-0.0401867
-0.0377717
-0.0354256
-0.0331499
-0.0309485
-0.0288237
-0.0267767
-0.0248087
-0.0229207
-0.0211131
-0.0193865
-0.0177408
-0.0161756
-0.0146899
-0.0132826
-0.0119518
-0.0106955
-0.00951136
-0.00839674
-0.00734925
-0.00636528
-0.00544359
-0.00457784
-0.00377331
-0.00301013
-0.00232582
-0.00162893
-0.00112252
-0.000339769
-0.000344508
0.00128272
)
;
    }
}


// ************************************************************************* //
