/*--------------------------------*- C++ -*----------------------------------*\
  =========                 |
  \\      /  F ield         | OpenFOAM: The Open Source CFD Toolbox
   \\    /   O peration     | Website:  https://openfoam.org
    \\  /    A nd           | Version:  7
     \\/     M anipulation  |
\*---------------------------------------------------------------------------*/
FoamFile
{
    version     2.0;
    format      ascii;
    class       volScalarField;
    location    "55";
    object      p;
}
// * * * * * * * * * * * * * * * * * * * * * * * * * * * * * * * * * * * * * //

dimensions      [0 2 -2 0 0 0 0];

internalField   nonuniform List<scalar> 
6000
(
-0.250922
-0.250601
-0.250217
-0.249782
-0.249372
-0.250949
-0.250616
-0.250219
-0.249764
-0.249338
-0.251025
-0.250671
-0.25025
-0.24976
-0.249303
-0.250764
-0.250309
-0.249769
-0.249259
-0.250891
-0.250392
-0.249787
-0.249191
-0.251047
-0.250494
-0.249816
-0.249078
-0.251227
-0.250609
-0.249856
-0.248892
-0.251425
-0.250729
-0.249918
-0.248599
-0.251635
-0.250843
-0.250016
-0.248141
-0.251851
-0.250933
-0.250183
-0.247466
-0.252066
-0.250987
-0.250405
-0.246752
-0.25107
-0.250324
-0.246348
-0.251138
-0.250268
-0.245756
-0.251117
-0.250257
-0.244986
-0.250978
-0.250256
-0.244051
-0.250229
-0.242956
-0.250136
-0.241721
-0.249926
-0.240386
-0.239011
-0.237663
-0.236395
-0.249009
-0.247988
-0.247125
-0.246005
-0.24483
-0.243521
-0.242113
-0.240596
-0.238978
-0.237257
-0.235433
-0.23351
-0.231489
-0.22937
-0.227156
-0.224846
-0.222442
-0.219945
-0.217355
-0.214673
-0.2119
-0.209036
-0.206082
-0.203041
-0.199916
-0.196708
-0.193422
-0.190055
-0.186611
-0.18309
-0.1795
-0.175843
-0.172117
-0.168334
-0.164497
-0.160611
-0.15668
-0.152711
-0.148709
-0.144679
-0.140629
-0.136566
-0.132496
-0.128427
-0.124363
-0.120313
-0.116282
-0.112267
-0.108287
-0.104344
-0.100442
-0.0965907
-0.0927914
-0.0890488
-0.0853679
-0.0817519
-0.078205
-0.0747348
-0.0713387
-0.0680183
-0.0647843
-0.0616327
-0.0585661
-0.0555857
-0.0526917
-0.0498865
-0.0471703
-0.0445431
-0.0420044
-0.0395539
-0.0371906
-0.0349136
-0.032721
-0.0306086
-0.0285791
-0.0266298
-0.0247581
-0.0229609
-0.0212387
-0.019588
-0.0180065
-0.0164938
-0.0150467
-0.0136638
-0.0123435
-0.0110844
-0.00988541
-0.00874501
-0.00766234
-0.00663614
-0.00566729
-0.00475166
-0.00389695
-0.00308551
-0.00235739
-0.00162313
-0.00108878
-0.000290003
-0.000293675
0.00131034
-0.249046
-0.247977
-0.247121
-0.245991
-0.244813
-0.243501
-0.242093
-0.240577
-0.238962
-0.237246
-0.235432
-0.23352
-0.231512
-0.229409
-0.227212
-0.224922
-0.222539
-0.220064
-0.217497
-0.214838
-0.212087
-0.209244
-0.206306
-0.20328
-0.200181
-0.196993
-0.193713
-0.19035
-0.186906
-0.183381
-0.179782
-0.17611
-0.172367
-0.168562
-0.164697
-0.160779
-0.156814
-0.152806
-0.148763
-0.144692
-0.140598
-0.136491
-0.132378
-0.128266
-0.124163
-0.120074
-0.116008
-0.111966
-0.107961
-0.103999
-0.100083
-0.096221
-0.092418
-0.0886778
-0.0850054
-0.0814044
-0.0778788
-0.0744259
-0.0710543
-0.0677626
-0.0645689
-0.0614573
-0.0584318
-0.0554934
-0.0526428
-0.0498817
-0.047209
-0.044624
-0.0421259
-0.0397137
-0.0373861
-0.0351418
-0.032979
-0.0308914
-0.0288841
-0.0269527
-0.0250945
-0.0233064
-0.0215911
-0.0199424
-0.0183592
-0.016839
-0.0153815
-0.0139851
-0.0126484
-0.0113701
-0.0101495
-0.00898546
-0.00787772
-0.00682521
-0.00582929
-0.00488637
-0.00400458
-0.00316691
-0.00241383
-0.00165756
-0.00110267
-0.00029349
-0.000279802
0.00129487
-0.249163
-0.248002
-0.247164
-0.246019
-0.244838
-0.243523
-0.242114
-0.2406
-0.238988
-0.237279
-0.235473
-0.233573
-0.231579
-0.229492
-0.227313
-0.225042
-0.22268
-0.220227
-0.217683
-0.215049
-0.21232
-0.20949
-0.20658
-0.203592
-0.200495
-0.197316
-0.194047
-0.190689
-0.187245
-0.183717
-0.180109
-0.176423
-0.172664
-0.168835
-0.164944
-0.160994
-0.156994
-0.152948
-0.148865
-0.144751
-0.140614
-0.136464
-0.132307
-0.128153
-0.124009
-0.119882
-0.11578
-0.11171
-0.10768
-0.103696
-0.099765
-0.0958934
-0.092086
-0.0883471
-0.0846814
-0.0810923
-0.0775854
-0.0741595
-0.070821
-0.067572
-0.0643972
-0.0613155
-0.0583242
-0.0554219
-0.0526153
-0.049899
-0.047269
-0.0447251
-0.0422663
-0.0398909
-0.0375973
-0.0353836
-0.0332487
-0.0311857
-0.0292022
-0.0272891
-0.0254449
-0.0236686
-0.0219542
-0.0203045
-0.0187174
-0.0171902
-0.0157219
-0.0143116
-0.0129579
-0.0116602
-0.0104178
-0.00923011
-0.00809729
-0.00701854
-0.00599575
-0.0050257
-0.00411716
-0.00325346
-0.00247591
-0.00169775
-0.00112267
-0.000303676
-0.000269668
0.00126669
-0.249361
-0.248055
-0.247252
-0.246086
-0.244903
-0.243584
-0.242174
-0.240661
-0.239053
-0.23735
-0.235553
-0.233664
-0.231684
-0.229613
-0.227452
-0.2252
-0.222859
-0.220428
-0.217907
-0.215297
-0.212578
-0.209786
-0.206905
-0.203922
-0.200846
-0.197679
-0.194419
-0.191066
-0.187624
-0.184092
-0.180476
-0.176777
-0.173
-0.169149
-0.16523
-0.16125
-0.157215
-0.153132
-0.149009
-0.144853
-0.140674
-0.13648
-0.132281
-0.128084
-0.1239
-0.119736
-0.1156
-0.1115
-0.107444
-0.10344
-0.0994932
-0.0956112
-0.0917989
-0.0880607
-0.0844013
-0.0808234
-0.0773328
-0.0739279
-0.0706128
-0.0673908
-0.0642572
-0.0612165
-0.0582688
-0.0554136
-0.0526423
-0.0499589
-0.047365
-0.0448579
-0.0424353
-0.040095
-0.0378345
-0.0356514
-0.0335419
-0.0315075
-0.0295376
-0.0276365
-0.0258013
-0.0240313
-0.0223212
-0.0206708
-0.0190792
-0.017544
-0.0160644
-0.0146396
-0.0132688
-0.0119513
-0.0106871
-0.00947591
-0.00831819
-0.00721352
-0.00616429
-0.00516758
-0.00423291
-0.00334375
-0.00254251
-0.001743
-0.00114837
-0.000320468
-0.000263735
0.00122642
-0.249639
-0.248129
-0.24738
-0.246187
-0.245002
-0.24368
-0.242268
-0.240757
-0.239152
-0.237456
-0.235668
-0.233791
-0.231824
-0.229769
-0.227625
-0.225393
-0.223072
-0.220663
-0.218163
-0.215562
-0.212889
-0.210119
-0.207251
-0.204289
-0.20123
-0.198075
-0.194824
-0.191477
-0.188035
-0.184501
-0.180876
-0.177164
-0.17337
-0.169497
-0.165553
-0.161543
-0.157474
-0.153354
-0.149192
-0.144996
-0.140774
-0.136538
-0.132297
-0.12806
-0.123837
-0.119636
-0.115467
-0.111337
-0.107256
-0.103231
-0.0992695
-0.0953769
-0.0915593
-0.0878211
-0.0841688
-0.0806013
-0.0771252
-0.0737404
-0.0704494
-0.067254
-0.0641516
-0.0611435
-0.0582289
-0.0554069
-0.0526773
-0.0500363
-0.0474821
-0.0450124
-0.0426247
-0.0403163
-0.0380845
-0.0359264
-0.0338393
-0.0318259
-0.0298757
-0.0279887
-0.0261633
-0.0243985
-0.0226906
-0.0210386
-0.0194413
-0.0178973
-0.0164058
-0.0149661
-0.0135778
-0.0122406
-0.0109548
-0.00972021
-0.00853798
-0.0074079
-0.0063329
-0.00531026
-0.00435036
-0.00343657
-0.00261268
-0.00179269
-0.00117936
-0.000343719
-0.000262378
0.00117501
-0.249995
-0.248211
-0.24754
-0.246316
-0.24513
-0.243805
-0.242392
-0.240882
-0.239282
-0.237592
-0.235813
-0.233947
-0.231994
-0.229955
-0.227828
-0.225615
-0.223315
-0.220925
-0.218437
-0.215882
-0.213223
-0.210473
-0.207628
-0.204684
-0.20164
-0.198498
-0.195256
-0.191914
-0.188474
-0.184936
-0.181304
-0.17758
-0.17377
-0.169876
-0.165906
-0.161867
-0.157766
-0.153611
-0.14941
-0.145175
-0.140913
-0.136637
-0.132355
-0.128079
-0.123818
-0.119582
-0.11538
-0.111222
-0.107117
-0.103071
-0.0990955
-0.0951929
-0.09137
-0.087632
-0.0839834
-0.0804265
-0.0769648
-0.0735991
-0.0703311
-0.0671613
-0.064088
-0.0611114
-0.0582302
-0.0554428
-0.0527481
-0.0501424
-0.047623
-0.045187
-0.0428316
-0.0405536
-0.0383497
-0.0362167
-0.034152
-0.032156
-0.0302212
-0.028346
-0.0265286
-0.0247675
-0.02306
-0.0214049
-0.0198011
-0.0182475
-0.0167435
-0.0152885
-0.0138826
-0.0125257
-0.0112183
-0.00996085
-0.00875467
-0.00759989
-0.00649998
-0.00545236
-0.0044683
-0.003531
-0.00268569
-0.00184634
-0.00121529
-0.000373239
-0.000265842
0.0011137
-0.250431
-0.248286
-0.247727
-0.246466
-0.245281
-0.243952
-0.242539
-0.241031
-0.239435
-0.237752
-0.235983
-0.234129
-0.232189
-0.230165
-0.228056
-0.225862
-0.22358
-0.221204
-0.218761
-0.21621
-0.213581
-0.210852
-0.208026
-0.205099
-0.202071
-0.198941
-0.195708
-0.192372
-0.188933
-0.185393
-0.181754
-0.178019
-0.174192
-0.170278
-0.166285
-0.162218
-0.158085
-0.153897
-0.149661
-0.145387
-0.141087
-0.136772
-0.132452
-0.128138
-0.123841
-0.11957
-0.11534
-0.111154
-0.107026
-0.102962
-0.098971
-0.0950585
-0.091231
-0.087493
-0.083849
-0.0803014
-0.0768532
-0.0735052
-0.0702584
-0.0671129
-0.0640669
-0.0611199
-0.05827
-0.055515
-0.0528524
-0.0502789
-0.0477913
-0.0453862
-0.0430601
-0.0408094
-0.0386306
-0.0365202
-0.0344755
-0.0324943
-0.0305721
-0.0287062
-0.0268947
-0.0251357
-0.0234271
-0.0217677
-0.0201564
-0.0185924
-0.0170753
-0.0156048
-0.0141811
-0.0128046
-0.0114761
-0.0101962
-0.00896682
-0.00778819
-0.00666438
-0.00559289
-0.00458593
-0.00362638
-0.00276098
-0.00190361
-0.00125585
-0.000408808
-0.000274224
0.00104395
-0.250954
-0.24834
-0.247932
-0.246628
-0.245444
-0.244115
-0.242702
-0.241197
-0.239606
-0.23793
-0.236171
-0.234329
-0.232403
-0.230395
-0.228303
-0.226125
-0.223859
-0.221523
-0.219089
-0.216567
-0.213955
-0.211247
-0.208439
-0.20553
-0.202516
-0.199399
-0.196175
-0.192844
-0.189407
-0.185864
-0.182219
-0.178473
-0.174632
-0.170698
-0.166683
-0.16259
-0.158428
-0.154208
-0.149938
-0.14563
-0.141292
-0.13694
-0.132584
-0.128235
-0.123905
-0.119604
-0.115343
-0.111133
-0.106983
-0.102902
-0.0988968
-0.0949754
-0.0911433
-0.0874054
-0.0837657
-0.0802268
-0.0767912
-0.0734595
-0.0702324
-0.0671093
-0.0640886
-0.0611687
-0.0583473
-0.0556217
-0.0529887
-0.0504448
-0.0479861
-0.0456088
-0.0433089
-0.0410825
-0.0389257
-0.0368349
-0.0348068
-0.0328387
-0.0309266
-0.0290678
-0.0272601
-0.0255016
-0.0237905
-0.0221255
-0.0205057
-0.0189305
-0.0173997
-0.0159134
-0.014472
-0.0130762
-0.011727
-0.0104254
-0.00917351
-0.00797201
-0.00682543
-0.00573131
-0.00470278
-0.00372237
-0.00283827
-0.0019643
-0.0013008
-0.00045019
-0.000287473
0.000967389
-0.251582
-0.248355
-0.248149
-0.246793
-0.245612
-0.244284
-0.242873
-0.241372
-0.239787
-0.238119
-0.23637
-0.23454
-0.232629
-0.230635
-0.228559
-0.2264
-0.224162
-0.221844
-0.219432
-0.216931
-0.214338
-0.211649
-0.20886
-0.205968
-0.20297
-0.199864
-0.196649
-0.193324
-0.189889
-0.186344
-0.182693
-0.178938
-0.175085
-0.171128
-0.167093
-0.162976
-0.158788
-0.154538
-0.150237
-0.145896
-0.141526
-0.13714
-0.13275
-0.128368
-0.124007
-0.119677
-0.11539
-0.111157
-0.106987
-0.102889
-0.0988723
-0.0949428
-0.0911067
-0.087369
-0.0837335
-0.0802028
-0.0767789
-0.0734624
-0.0702534
-0.0671509
-0.0641531
-0.0612578
-0.0584623
-0.0557633
-0.053157
-0.0506396
-0.0482066
-0.0458539
-0.0435771
-0.0413718
-0.039234
-0.0371597
-0.0351454
-0.0331879
-0.0312835
-0.0294296
-0.0276237
-0.025864
-0.0241488
-0.022477
-0.0208478
-0.0192608
-0.017716
-0.0162137
-0.0147547
-0.0133398
-0.0119704
-0.0106477
-0.00937437
-0.00815106
-0.00698291
-0.00586747
-0.00481874
-0.00381893
-0.00291748
-0.00202839
-0.00134998
-0.000497146
-0.000305416
0.000885692
-0.252324
-0.248298
-0.24837
-0.246951
-0.245775
-0.244451
-0.243043
-0.241548
-0.239971
-0.238312
-0.236574
-0.234757
-0.232859
-0.230884
-0.228828
-0.226677
-0.224475
-0.222168
-0.219778
-0.217298
-0.214725
-0.212055
-0.209286
-0.206407
-0.203419
-0.200327
-0.197121
-0.193802
-0.190369
-0.186824
-0.183168
-0.179404
-0.175537
-0.17157
-0.167515
-0.163375
-0.159162
-0.154885
-0.150555
-0.146184
-0.141783
-0.137366
-0.132945
-0.128534
-0.124144
-0.119788
-0.115478
-0.111223
-0.107036
-0.102924
-0.0988963
-0.0949598
-0.0911204
-0.0873832
-0.0837518
-0.0802288
-0.0768158
-0.0735132
-0.0703207
-0.0672371
-0.06426
-0.0613869
-0.0586146
-0.0559392
-0.0533566
-0.0508625
-0.0484521
-0.0461208
-0.0438638
-0.0416765
-0.0395545
-0.0374937
-0.0354904
-0.0335409
-0.031642
-0.0297907
-0.0279847
-0.0262221
-0.0245015
-0.0228217
-0.0211822
-0.0195828
-0.0180237
-0.0165054
-0.0150289
-0.0135953
-0.0122063
-0.0108635
-0.00956953
-0.00832553
-0.00713704
-0.00600162
-0.00493407
-0.0039163
-0.00299876
-0.00209597
-0.00140332
-0.000549448
-0.0003278
0.00080054
-0.252931
-0.248348
-0.24852
-0.247107
-0.245923
-0.244607
-0.243204
-0.241717
-0.240148
-0.2385
-0.236773
-0.23497
-0.233086
-0.231122
-0.229066
-0.226982
-0.224772
-0.222487
-0.220117
-0.217657
-0.215104
-0.212452
-0.209698
-0.206838
-0.203868
-0.200786
-0.197589
-0.194276
-0.190846
-0.1873
-0.18364
-0.179868
-0.175991
-0.172011
-0.167938
-0.163779
-0.159543
-0.155242
-0.150886
-0.146488
-0.14206
-0.137615
-0.133167
-0.12873
-0.124315
-0.119936
-0.115604
-0.111331
-0.107128
-0.103004
-0.0989672
-0.0950248
-0.0911831
-0.0874468
-0.0838196
-0.0803038
-0.0769009
-0.073611
-0.0704336
-0.0673668
-0.0644083
-0.0615549
-0.058803
-0.0561484
-0.0535865
-0.0511126
-0.0487215
-0.0464083
-0.0441679
-0.0419955
-0.0398863
-0.0378361
-0.0358409
-0.0338971
-0.0320012
-0.0301505
-0.0283426
-0.0265756
-0.0248481
-0.0231594
-0.0215089
-0.0198966
-0.0183229
-0.0167886
-0.0152949
-0.0138431
-0.0124352
-0.011073
-0.00975953
-0.00849599
-0.00728839
-0.00613433
-0.00504926
-0.00401493
-0.00308245
-0.00216727
-0.0014608
-0.000606881
-0.000354328
0.000713508
-0.253308
-0.248559
-0.248562
-0.247258
-0.246048
-0.24474
-0.243346
-0.241868
-0.24031
-0.238674
-0.236961
-0.235172
-0.233305
-0.231364
-0.229361
-0.227244
-0.225061
-0.222797
-0.220447
-0.218007
-0.215472
-0.212839
-0.210102
-0.207257
-0.204301
-0.20123
-0.198042
-0.194735
-0.191309
-0.187764
-0.184101
-0.180324
-0.176437
-0.172445
-0.168358
-0.164182
-0.159927
-0.155605
-0.151227
-0.146805
-0.142353
-0.137884
-0.133413
-0.128952
-0.124516
-0.120116
-0.115767
-0.111478
-0.107262
-0.103127
-0.0990831
-0.0951363
-0.091293
-0.0875581
-0.0839351
-0.0804262
-0.0770327
-0.0737544
-0.0705904
-0.0675387
-0.0645966
-0.0617604
-0.0590263
-0.0563895
-0.0538453
-0.0513884
-0.0490135
-0.0467153
-0.0444884
-0.0423277
-0.0402284
-0.038186
-0.0361964
-0.0342558
-0.0323608
-0.0305087
-0.0286971
-0.0269242
-0.0251889
-0.0234903
-0.0218281
-0.0202026
-0.0186142
-0.017064
-0.0155534
-0.014084
-0.012658
-0.0112773
-0.00994528
-0.00866335
-0.00743784
-0.00626641
-0.00516505
-0.00411547
-0.00316901
-0.0022426
-0.0015225
-0.000669245
-0.000384705
0.000626015
-0.25371
-0.248731
-0.248563
-0.247366
-0.246139
-0.244841
-0.243459
-0.241993
-0.240448
-0.238825
-0.237127
-0.235353
-0.233497
-0.231558
-0.229572
-0.227493
-0.225332
-0.223088
-0.220757
-0.218336
-0.21582
-0.213205
-0.210485
-0.207655
-0.204712
-0.201653
-0.198475
-0.195175
-0.191753
-0.188209
-0.184545
-0.180764
-0.176871
-0.17287
-0.16877
-0.16458
-0.16031
-0.15597
-0.151572
-0.147131
-0.142659
-0.13817
-0.133678
-0.129198
-0.124743
-0.120327
-0.115963
-0.111662
-0.107435
-0.103292
-0.0992421
-0.0952921
-0.0914482
-0.0877152
-0.0840965
-0.0805942
-0.0772093
-0.0739414
-0.0707894
-0.0677509
-0.0648229
-0.0620016
-0.0592826
-0.056661
-0.0541314
-0.0516886
-0.0493268
-0.0470405
-0.0448241
-0.0426722
-0.04058
-0.0385427
-0.0365561
-0.0346164
-0.0327204
-0.0308651
-0.0290483
-0.0272683
-0.0255241
-0.0238149
-0.0221406
-0.0205015
-0.0188985
-0.0173326
-0.0158056
-0.0143192
-0.0128757
-0.0114774
-0.0101279
-0.00882873
-0.00758646
-0.00639889
-0.00528234
-0.00421867
-0.003259
-0.00232234
-0.00158851
-0.00073635
-0.000418655
0.000539265
-0.254108
-0.248897
-0.248509
-0.24742
-0.246188
-0.244898
-0.243531
-0.242081
-0.240551
-0.238945
-0.237262
-0.235507
-0.233677
-0.231791
-0.229787
-0.22772
-0.225577
-0.223352
-0.22104
-0.218638
-0.216141
-0.213543
-0.210839
-0.208025
-0.205096
-0.202049
-0.19888
-0.195588
-0.192172
-0.188631
-0.184967
-0.181184
-0.177286
-0.173279
-0.16917
-0.164969
-0.160686
-0.156332
-0.151919
-0.147462
-0.142973
-0.138468
-0.13396
-0.129465
-0.124996
-0.120566
-0.11619
-0.111879
-0.107644
-0.103496
-0.0994416
-0.0954899
-0.0916464
-0.0879159
-0.0843016
-0.0808056
-0.0774285
-0.0741699
-0.0710284
-0.0680014
-0.0650855
-0.0622766
-0.0595701
-0.0569608
-0.0544432
-0.0520115
-0.0496599
-0.0473825
-0.0451737
-0.0430279
-0.0409401
-0.0389054
-0.0369196
-0.0349788
-0.0330798
-0.0312197
-0.0293964
-0.0276082
-0.0258542
-0.0241338
-0.022447
-0.0207943
-0.0191768
-0.0175956
-0.0160526
-0.0145498
-0.0130898
-0.0116748
-0.0103088
-0.00899341
-0.00773546
-0.00653285
-0.00540209
-0.00432534
-0.00335303
-0.00240688
-0.00165896
-0.000808007
-0.000455945
0.000454231
-0.254458
-0.249064
-0.248385
-0.247406
-0.246182
-0.2449
-0.243552
-0.242121
-0.24061
-0.239022
-0.237357
-0.235617
-0.233786
-0.231914
-0.22995
-0.227908
-0.225786
-0.223581
-0.221289
-0.218906
-0.216426
-0.213846
-0.211159
-0.20836
-0.205445
-0.20241
-0.199252
-0.195969
-0.192559
-0.189023
-0.185361
-0.181578
-0.177678
-0.173667
-0.169553
-0.165344
-0.161052
-0.156687
-0.152264
-0.147794
-0.143293
-0.138776
-0.134256
-0.129749
-0.125269
-0.120831
-0.116446
-0.112128
-0.107888
-0.103735
-0.0996794
-0.0957273
-0.0918853
-0.0881577
-0.084548
-0.0810578
-0.0776879
-0.0744376
-0.0713051
-0.0682877
-0.0653818
-0.0625832
-0.0598868
-0.0572872
-0.0547787
-0.0523554
-0.0500111
-0.04774
-0.045536
-0.0433937
-0.0413078
-0.0392735
-0.0372864
-0.0353427
-0.033439
-0.0315727
-0.0297417
-0.0279445
-0.02618
-0.024448
-0.0227485
-0.0210822
-0.0194503
-0.0178542
-0.0162958
-0.0147773
-0.0133015
-0.0118709
-0.0104893
-0.00915872
-0.00788607
-0.00666942
-0.00552526
-0.00443629
-0.00345168
-0.00249657
-0.00173397
-0.00088402
-0.000496379
0.000371647
-0.254711
-0.249226
-0.24818
-0.24731
-0.246107
-0.244835
-0.243508
-0.2421
-0.24061
-0.239044
-0.237401
-0.235686
-0.233899
-0.232023
-0.230075
-0.228053
-0.225951
-0.223766
-0.221494
-0.21913
-0.216669
-0.214106
-0.211436
-0.208653
-0.205752
-0.202731
-0.199584
-0.196311
-0.192909
-0.189379
-0.185722
-0.181942
-0.178042
-0.17403
-0.169913
-0.165701
-0.161403
-0.157033
-0.152602
-0.148125
-0.143616
-0.139091
-0.134563
-0.130049
-0.125562
-0.121117
-0.116728
-0.112406
-0.108163
-0.104009
-0.0999528
-0.0960018
-0.0921621
-0.0884381
-0.084833
-0.0813485
-0.077985
-0.0747418
-0.071617
-0.0686075
-0.0657097
-0.0629191
-0.0602303
-0.057638
-0.0551361
-0.0527185
-0.050379
-0.0481114
-0.0459099
-0.0437687
-0.0416825
-0.0396464
-0.0376561
-0.0357078
-0.0337981
-0.0319244
-0.0300847
-0.0282776
-0.0265022
-0.0247583
-0.0230461
-0.0213664
-0.0197204
-0.0181098
-0.0165366
-0.0150032
-0.0135125
-0.012067
-0.0106708
-0.00932594
-0.00803947
-0.00680966
-0.00565276
-0.00455224
-0.00355547
-0.00259173
-0.00181367
-0.000964172
-0.000539793
0.000292028
-0.254792
-0.249365
-0.247888
-0.247114
-0.245947
-0.244686
-0.243385
-0.242004
-0.24054
-0.238999
-0.237381
-0.235685
-0.23391
-0.232059
-0.230139
-0.228141
-0.226062
-0.223898
-0.221646
-0.219302
-0.216861
-0.214316
-0.211663
-0.208896
-0.206011
-0.203004
-0.19987
-0.196608
-0.193216
-0.189694
-0.186044
-0.182269
-0.178374
-0.174364
-0.170248
-0.166035
-0.161737
-0.157364
-0.152931
-0.148451
-0.143939
-0.139409
-0.134878
-0.130361
-0.125871
-0.121424
-0.117033
-0.11271
-0.108467
-0.104314
-0.100259
-0.0963108
-0.0924744
-0.0887544
-0.0851541
-0.0816749
-0.0783172
-0.07508
-0.0719615
-0.0689583
-0.0660667
-0.0632819
-0.0605987
-0.0580112
-0.0555134
-0.0530991
-0.0507619
-0.0484956
-0.0462942
-0.0441518
-0.0420633
-0.0400236
-0.0380285
-0.036074
-0.0341571
-0.032275
-0.0304259
-0.0286084
-0.0268217
-0.0250657
-0.0233408
-0.0216479
-0.0199883
-0.0183637
-0.0167764
-0.0152288
-0.0137239
-0.0122644
-0.0108545
-0.00949626
-0.00819675
-0.00695452
-0.0057854
-0.00467382
-0.00366485
-0.00269258
-0.00189811
-0.00104822
-0.000586037
0.000215693
-0.254611
-0.249441
-0.247501
-0.246796
-0.245681
-0.244438
-0.243165
-0.241817
-0.240385
-0.238874
-0.237284
-0.235615
-0.233856
-0.232031
-0.230138
-0.228165
-0.226109
-0.223968
-0.221738
-0.219414
-0.216993
-0.214467
-0.211833
-0.209084
-0.206215
-0.203222
-0.200103
-0.196854
-0.193474
-0.189963
-0.186323
-0.182556
-0.178668
-0.174664
-0.170553
-0.166345
-0.162049
-0.157679
-0.153248
-0.148769
-0.144258
-0.139729
-0.135199
-0.130683
-0.126194
-0.121748
-0.117359
-0.113038
-0.108797
-0.104647
-0.100596
-0.0966515
-0.0928193
-0.0891039
-0.0855084
-0.0820342
-0.0786816
-0.0754496
-0.072336
-0.0693376
-0.0664503
-0.0636694
-0.0609895
-0.0584047
-0.0559088
-0.0534954
-0.0511583
-0.048891
-0.0466876
-0.0445423
-0.0424496
-0.0404047
-0.0384032
-0.0364415
-0.0345162
-0.0326249
-0.0307658
-0.0289374
-0.0271393
-0.0253712
-0.0236338
-0.0219279
-0.0202551
-0.0186172
-0.0170164
-0.0154554
-0.0139371
-0.0124644
-0.0110415
-0.00967071
-0.00835881
-0.0071048
-0.00592379
-0.00480151
-0.00378012
-0.00279923
-0.00198729
-0.00113589
-0.000634963
0.000142811
-0.254077
-0.249386
-0.247005
-0.246335
-0.245286
-0.24407
-0.242831
-0.241521
-0.240126
-0.238651
-0.237094
-0.235455
-0.233714
-0.231909
-0.230051
-0.228109
-0.226081
-0.223965
-0.221758
-0.219458
-0.217057
-0.214552
-0.211937
-0.209207
-0.206356
-0.203381
-0.200278
-0.197044
-0.193679
-0.190181
-0.186553
-0.182798
-0.178921
-0.174927
-0.170825
-0.166625
-0.162337
-0.157974
-0.153549
-0.149076
-0.144571
-0.140048
-0.135523
-0.131012
-0.126528
-0.122088
-0.117703
-0.113387
-0.109152
-0.105007
-0.100961
-0.0970212
-0.0931942
-0.0894839
-0.0858932
-0.0824238
-0.0790757
-0.0758477
-0.0727378
-0.0697427
-0.0668581
-0.0640793
-0.0614007
-0.0588165
-0.0563203
-0.0539059
-0.0515667
-0.0492966
-0.0470893
-0.0449391
-0.0428407
-0.0407891
-0.0387801
-0.03681
-0.0348756
-0.0329745
-0.0311048
-0.0292654
-0.0274556
-0.0256756
-0.0239259
-0.0222075
-0.020522
-0.0188713
-0.0172578
-0.015684
-0.0141531
-0.012668
-0.0112328
-0.0098501
-0.00852638
-0.00726107
-0.00606841
-0.0049356
-0.00390143
-0.00291164
-0.00208114
-0.00122686
-0.000686405
7.34322e-05
-0.253109
-0.249107
-0.246378
-0.245711
-0.244735
-0.243559
-0.242362
-0.241098
-0.239747
-0.238314
-0.236798
-0.235201
-0.233517
-0.231712
-0.229877
-0.227966
-0.225967
-0.223879
-0.221699
-0.219423
-0.217046
-0.214563
-0.21197
-0.209261
-0.20643
-0.203474
-0.20039
-0.197174
-0.193825
-0.190344
-0.186733
-0.182993
-0.17913
-0.17515
-0.171061
-0.166874
-0.162598
-0.158247
-0.153833
-0.149371
-0.144876
-0.140364
-0.135848
-0.131346
-0.126872
-0.122439
-0.118063
-0.113755
-0.109527
-0.105389
-0.10135
-0.0974174
-0.0935963
-0.0898915
-0.0863059
-0.0828408
-0.0794966
-0.0762719
-0.0731645
-0.0701712
-0.0672877
-0.0645092
-0.0618302
-0.0592446
-0.0567463
-0.0543289
-0.0519859
-0.049711
-0.0474982
-0.0453416
-0.043236
-0.0411766
-0.039159
-0.0371796
-0.0352354
-0.0333239
-0.0314434
-0.0295928
-0.0277716
-0.0259798
-0.024218
-0.0224876
-0.0207899
-0.019127
-0.0175014
-0.0159156
-0.0143727
-0.0128759
-0.0114291
-0.010035
-0.00869995
-0.00742371
-0.0062195
-0.00507622
-0.00402881
-0.00302967
-0.0021795
-0.00132076
-0.000740174
7.53092e-06
-0.251656
-0.248493
-0.245583
-0.244901
-0.244
-0.242882
-0.241737
-0.240527
-0.239229
-0.237846
-0.236377
-0.234819
-0.233156
-0.231357
-0.229579
-0.227717
-0.225756
-0.223701
-0.22155
-0.219301
-0.21695
-0.214493
-0.211924
-0.209238
-0.20643
-0.203496
-0.200433
-0.197238
-0.19391
-0.190449
-0.186856
-0.183136
-0.179291
-0.17533
-0.171259
-0.167089
-0.16283
-0.158495
-0.154098
-0.149652
-0.145172
-0.140673
-0.136172
-0.131683
-0.127221
-0.122802
-0.118437
-0.11414
-0.109922
-0.105793
-0.101762
-0.0978371
-0.0940229
-0.090324
-0.0867435
-0.0832826
-0.0799416
-0.0767193
-0.0736134
-0.0706207
-0.0677369
-0.0649571
-0.0622759
-0.0596873
-0.0571851
-0.054763
-0.0524144
-0.0501332
-0.0479134
-0.0457491
-0.0436352
-0.0415668
-0.0395398
-0.0375504
-0.0355959
-0.0336736
-0.0317821
-0.0299203
-0.0280876
-0.0262843
-0.0245109
-0.0227688
-0.0210595
-0.0193851
-0.0177479
-0.0161507
-0.0145966
-0.0130887
-0.0116308
-0.0102259
-0.00887979
-0.00759289
-0.00637712
-0.00522329
-0.0041621
-0.00315302
-0.00228213
-0.0014172
-0.000796046
-5.4965e-05
-0.249698
-0.247433
-0.244577
-0.243881
-0.243055
-0.242014
-0.240936
-0.23979
-0.238554
-0.23723
-0.235816
-0.234312
-0.232717
-0.231014
-0.229199
-0.227362
-0.22544
-0.223422
-0.221304
-0.219086
-0.216764
-0.214335
-0.211793
-0.209133
-0.206351
-0.203442
-0.200403
-0.197233
-0.193929
-0.190491
-0.186922
-0.183225
-0.179403
-0.175465
-0.171416
-0.167268
-0.163031
-0.158718
-0.154341
-0.149915
-0.145455
-0.140976
-0.136493
-0.132021
-0.127576
-0.123172
-0.118822
-0.114538
-0.110332
-0.106215
-0.102194
-0.0982779
-0.0944712
-0.0907787
-0.0872033
-0.0837465
-0.0804082
-0.0771875
-0.0740821
-0.0710887
-0.0682032
-0.0654208
-0.0627359
-0.0601428
-0.0576351
-0.0552067
-0.0528512
-0.0505623
-0.0483342
-0.046161
-0.0440377
-0.0419595
-0.0399223
-0.0379225
-0.0359571
-0.0340239
-0.0321213
-0.0302482
-0.0284043
-0.0265897
-0.0248051
-0.0230518
-0.0213314
-0.019646
-0.0179979
-0.0163899
-0.0148251
-0.0133066
-0.0118382
-0.0104228
-0.00906595
-0.00776855
-0.00654112
-0.00537655
-0.00430101
-0.00328128
-0.00238868
-0.00151574
-0.000853766
-0.000114148
-0.247255
-0.245851
-0.243306
-0.242625
-0.241877
-0.240933
-0.239938
-0.238869
-0.237707
-0.236452
-0.235103
-0.233659
-0.232114
-0.230438
-0.228604
-0.226858
-0.225
-0.22303
-0.220953
-0.21877
-0.216481
-0.214083
-0.211573
-0.208943
-0.206189
-0.203309
-0.200299
-0.197156
-0.19388
-0.19047
-0.186929
-0.183259
-0.179465
-0.175553
-0.171532
-0.167411
-0.163201
-0.158913
-0.154562
-0.150161
-0.145725
-0.141269
-0.136809
-0.132359
-0.127934
-0.123548
-0.119215
-0.114948
-0.110757
-0.106653
-0.102644
-0.0987369
-0.0949386
-0.091253
-0.0876828
-0.0842297
-0.0808938
-0.077674
-0.0745682
-0.0715731
-0.0686848
-0.0658983
-0.0632085
-0.0606094
-0.0580949
-0.0556589
-0.0532951
-0.0509974
-0.0487598
-0.0465768
-0.0444432
-0.0423545
-0.0403065
-0.0382957
-0.0363193
-0.034375
-0.0324612
-0.030577
-0.028722
-0.0268965
-0.025101
-0.023337
-0.021606
-0.0199101
-0.0182517
-0.0166335
-0.0150585
-0.0135299
-0.0120512
-0.0106258
-0.00925827
-0.00795045
-0.00671119
-0.00553561
-0.00444512
-0.00341394
-0.00249876
-0.00161591
-0.000913057
-0.000170112
-0.244369
-0.243728
-0.241719
-0.241103
-0.240448
-0.239624
-0.23873
-0.237752
-0.236675
-0.2355
-0.234226
-0.232852
-0.231377
-0.229798
-0.228122
-0.226265
-0.22444
-0.222523
-0.220491
-0.218349
-0.216098
-0.213735
-0.211259
-0.208664
-0.205943
-0.203095
-0.200117
-0.197007
-0.193762
-0.190384
-0.186875
-0.183237
-0.179475
-0.175595
-0.171606
-0.167516
-0.163337
-0.159081
-0.15476
-0.150388
-0.145981
-0.141553
-0.137119
-0.132693
-0.128292
-0.123929
-0.119616
-0.115367
-0.111193
-0.107104
-0.103107
-0.0992118
-0.0954226
-0.0917441
-0.0881794
-0.0847299
-0.0813959
-0.0781764
-0.0750694
-0.0720717
-0.0691795
-0.066388
-0.0636919
-0.0610857
-0.0585633
-0.0561185
-0.0537453
-0.0514377
-0.0491897
-0.046996
-0.0448515
-0.0427517
-0.0406924
-0.0386703
-0.0366826
-0.0347271
-0.0328022
-0.030907
-0.0290412
-0.027205
-0.0253991
-0.0236247
-0.0218836
-0.0201777
-0.0185094
-0.0168815
-0.0152967
-0.0137584
-0.0122699
-0.0108345
-0.00945646
-0.00813818
-0.00688687
-0.00569993
-0.00459391
-0.00355042
-0.00261191
-0.00171722
-0.000973629
-0.00022294
-0.241134
-0.239779
-0.239291
-0.238757
-0.238077
-0.237304
-0.236431
-0.235453
-0.234369
-0.233181
-0.231886
-0.230484
-0.228962
-0.227294
-0.225485
-0.223739
-0.22189
-0.219914
-0.21782
-0.21561
-0.213289
-0.210852
-0.208295
-0.205611
-0.2028
-0.199859
-0.196784
-0.193576
-0.190235
-0.186761
-0.18316
-0.179434
-0.175591
-0.171638
-0.167585
-0.163442
-0.159221
-0.154935
-0.150597
-0.146222
-0.141826
-0.137422
-0.133025
-0.128651
-0.124312
-0.120023
-0.115795
-0.111639
-0.107566
-0.103584
-0.0997003
-0.0959208
-0.09225
-0.0886907
-0.0852447
-0.0819123
-0.0786927
-0.0755838
-0.0725827
-0.0696857
-0.0668881
-0.0641849
-0.0615705
-0.059039
-0.0565846
-0.054201
-0.0518826
-0.0496235
-0.0474184
-0.0452624
-0.0431509
-0.04108
-0.0390463
-0.0370472
-0.0350804
-0.0331445
-0.0312385
-0.029362
-0.0275155
-0.0256994
-0.0239151
-0.0221642
-0.0204488
-0.018771
-0.0171337
-0.0155396
-0.0139919
-0.0124937
-0.0110485
-0.00966
-0.00833118
-0.00706758
-0.00586885
-0.00474677
-0.00369004
-0.0027276
-0.00181918
-0.00103518
-0.00027269
-0.238154
-0.237474
-0.237174
-0.236802
-0.236289
-0.235656
-0.234905
-0.234039
-0.233058
-0.231965
-0.230759
-0.22944
-0.228004
-0.226455
-0.224786
-0.222925
-0.221128
-0.219219
-0.217181
-0.21502
-0.212744
-0.210352
-0.207837
-0.205196
-0.202426
-0.199525
-0.196491
-0.193323
-0.190022
-0.18659
-0.183029
-0.179345
-0.175543
-0.171631
-0.167618
-0.163516
-0.159334
-0.155087
-0.150787
-0.146449
-0.142088
-0.137718
-0.133353
-0.129008
-0.124697
-0.120433
-0.116228
-0.112093
-0.108037
-0.104071
-0.1002
-0.0964306
-0.0927677
-0.0892141
-0.0857715
-0.0824404
-0.0792201
-0.0761088
-0.0731037
-0.070201
-0.0673966
-0.0646853
-0.0620619
-0.0595205
-0.0570555
-0.0546609
-0.0523309
-0.0500601
-0.047843
-0.0456749
-0.0435515
-0.0414687
-0.0394233
-0.0374127
-0.0354346
-0.0334877
-0.031571
-0.0296842
-0.0278275
-0.0260016
-0.0242078
-0.0224476
-0.0207229
-0.0190361
-0.0173898
-0.0157865
-0.0142297
-0.0127219
-0.0112671
-0.0098681
-0.00852861
-0.00725246
-0.00604152
-0.0049029
-0.00383201
-0.00284524
-0.00192122
-0.0010974
-0.000319363
-0.234906
-0.234834
-0.23476
-0.234586
-0.234263
-0.233788
-0.233175
-0.232432
-0.231565
-0.230577
-0.22947
-0.228244
-0.226896
-0.225417
-0.223785
-0.222019
-0.220259
-0.218412
-0.216437
-0.214328
-0.212101
-0.209758
-0.207291
-0.204696
-0.201972
-0.199116
-0.196127
-0.193004
-0.189748
-0.186361
-0.182845
-0.179206
-0.175449
-0.171582
-0.167614
-0.163556
-0.159418
-0.155213
-0.150955
-0.146658
-0.142335
-0.138001
-0.133671
-0.129358
-0.125077
-0.120841
-0.11666
-0.112547
-0.108511
-0.104561
-0.100704
-0.0969457
-0.0932912
-0.0897435
-0.0863045
-0.0829747
-0.0797536
-0.0766396
-0.07363
-0.0707214
-0.0679096
-0.0651898
-0.0625567
-0.060005
-0.0575289
-0.0551227
-0.0527807
-0.0504977
-0.0482684
-0.046088
-0.0439523
-0.0418575
-0.0398004
-0.0377783
-0.0357891
-0.0338313
-0.0319042
-0.0300073
-0.0281408
-0.0263054
-0.0245024
-0.0227331
-0.0209997
-0.0193041
-0.017649
-0.0160369
-0.0144711
-0.012954
-0.0114896
-0.01008
-0.00872972
-0.00744076
-0.00621715
-0.00506159
-0.00397564
-0.00296427
-0.00202286
-0.00115996
-0.000362896
-0.231534
-0.231946
-0.232114
-0.232166
-0.232048
-0.231747
-0.231282
-0.23067
-0.229921
-0.229042
-0.228036
-0.226904
-0.225643
-0.224252
-0.22273
-0.221067
-0.219246
-0.217467
-0.215572
-0.21353
-0.211363
-0.209076
-0.206663
-0.204119
-0.201445
-0.198639
-0.195699
-0.192625
-0.189418
-0.18608
-0.182613
-0.179023
-0.175315
-0.171498
-0.167579
-0.163568
-0.159478
-0.15532
-0.151107
-0.146852
-0.142571
-0.138277
-0.133984
-0.129707
-0.125458
-0.121251
-0.117097
-0.113008
-0.108993
-0.10506
-0.101218
-0.0974716
-0.0938261
-0.0902847
-0.0868494
-0.0835209
-0.080299
-0.077182
-0.0741677
-0.0712526
-0.0684329
-0.065704
-0.0630609
-0.0604981
-0.0580104
-0.0555921
-0.0532377
-0.050942
-0.0487
-0.0465071
-0.0443589
-0.0422519
-0.0401828
-0.0381491
-0.0361487
-0.0341801
-0.0322426
-0.0303356
-0.0284594
-0.0266147
-0.0248025
-0.0230244
-0.0212822
-0.0195778
-0.0179141
-0.0162931
-0.0147183
-0.0131917
-0.0117174
-0.010297
-0.00893542
-0.00763318
-0.00639623
-0.00522315
-0.00412113
-0.0030848
-0.00212423
-0.00122294
-0.000403298
-0.228808
-0.229224
-0.229528
-0.229642
-0.229543
-0.229251
-0.228789
-0.228176
-0.227423
-0.226534
-0.225512
-0.224356
-0.223068
-0.221639
-0.220051
-0.218284
-0.216525
-0.214686
-0.212702
-0.21059
-0.20836
-0.206002
-0.203513
-0.200893
-0.198141
-0.195256
-0.192236
-0.189084
-0.1858
-0.182388
-0.178853
-0.1752
-0.171436
-0.167571
-0.163614
-0.159575
-0.155467
-0.151303
-0.147096
-0.142859
-0.138607
-0.134354
-0.130113
-0.125898
-0.121721
-0.117594
-0.113528
-0.109533
-0.105618
-0.101789
-0.0980531
-0.094415
-0.0908781
-0.0874445
-0.0841153
-0.0808903
-0.0777682
-0.0747468
-0.0718231
-0.0689933
-0.0662532
-0.0635978
-0.0610222
-0.0585209
-0.0560887
-0.0537202
-0.0514104
-0.0491542
-0.0469473
-0.0447855
-0.0426652
-0.0405832
-0.038537
-0.0365245
-0.0345444
-0.0325957
-0.030678
-0.0287915
-0.0269368
-0.025115
-0.0233274
-0.0215759
-0.0198624
-0.0181894
-0.0165589
-0.0149745
-0.0134377
-0.0119529
-0.0105209
-0.00914724
-0.00783091
-0.00657966
-0.00538829
-0.00426891
-0.00320723
-0.00222557
-0.00128691
-0.000440392
-0.225176
-0.225729
-0.226248
-0.226598
-0.226721
-0.226624
-0.226336
-0.22588
-0.225272
-0.224519
-0.223626
-0.222591
-0.221415
-0.220096
-0.218647
-0.217039
-0.215209
-0.213461
-0.211577
-0.209556
-0.207409
-0.205128
-0.202711
-0.200159
-0.197473
-0.194652
-0.191696
-0.188606
-0.185384
-0.182033
-0.178558
-0.174965
-0.171261
-0.167454
-0.163553
-0.15957
-0.155517
-0.151405
-0.147247
-0.143059
-0.138852
-0.134641
-0.130439
-0.12626
-0.122116
-0.118019
-0.113979
-0.110006
-0.10611
-0.102297
-0.0985739
-0.0949453
-0.091415
-0.0879852
-0.0846571
-0.0814308
-0.0783053
-0.0752785
-0.0723478
-0.0695094
-0.0667594
-0.0640932
-0.0615059
-0.0589923
-0.0565474
-0.0541659
-0.0518429
-0.0495738
-0.0473539
-0.0451795
-0.0430468
-0.040953
-0.0388953
-0.0368719
-0.0348813
-0.0329226
-0.0309954
-0.0290999
-0.0272365
-0.0254064
-0.0236106
-0.0218512
-0.0201298
-0.0184489
-0.0168104
-0.0152176
-0.013672
-0.0121779
-0.0107355
-0.00935084
-0.00802168
-0.00675668
-0.00554842
-0.0044115
-0.0033266
-0.0023221
-0.00135057
-0.00047185
-0.219861
-0.220413
-0.221101
-0.221727
-0.222131
-0.222281
-0.222209
-0.221951
-0.221534
-0.220967
-0.220256
-0.219402
-0.218411
-0.217282
-0.216014
-0.21459
-0.213008
-0.211249
-0.209348
-0.207349
-0.205245
-0.203018
-0.200661
-0.198172
-0.195552
-0.192799
-0.189912
-0.186893
-0.183744
-0.180469
-0.177072
-0.173558
-0.169936
-0.166214
-0.1624
-0.158506
-0.154543
-0.150523
-0.146458
-0.142363
-0.138249
-0.13413
-0.13002
-0.12593
-0.121872
-0.117859
-0.113899
-0.110002
-0.106178
-0.102431
-0.0987696
-0.0951972
-0.0917175
-0.0883328
-0.0850444
-0.0818523
-0.0787557
-0.0757527
-0.072841
-0.0700173
-0.0672778
-0.0646183
-0.0620343
-0.0595212
-0.0570743
-0.0546887
-0.05236
-0.0500837
-0.0478558
-0.0456727
-0.043531
-0.041428
-0.0393614
-0.0373293
-0.0353303
-0.0333638
-0.0314294
-0.029527
-0.0276573
-0.0258213
-0.0240199
-0.0222549
-0.0205279
-0.0188412
-0.0171963
-0.0155963
-0.0140424
-0.0125383
-0.0110843
-0.00968532
-0.00833919
-0.0070533
-0.00582034
-0.00465304
-0.00353278
-0.00248405
-0.00146286
-0.000517121
-0.209063
-0.209571
-0.210422
-0.211461
-0.212356
-0.212953
-0.213259
-0.213333
-0.213221
-0.212938
-0.212485
-0.211859
-0.211057
-0.210081
-0.208935
-0.207635
-0.206215
-0.204737
-0.203212
-0.201545
-0.199694
-0.197675
-0.195508
-0.193203
-0.190761
-0.188183
-0.18547
-0.182626
-0.179652
-0.176555
-0.17334
-0.170012
-0.166579
-0.16305
-0.159432
-0.155737
-0.151975
-0.148157
-0.144294
-0.1404
-0.136485
-0.132562
-0.128642
-0.124738
-0.120859
-0.117017
-0.11322
-0.109477
-0.105796
-0.102183
-0.0986444
-0.0951841
-0.0918056
-0.0885113
-0.0853028
-0.0821805
-0.0791438
-0.0761917
-0.0733221
-0.0705327
-0.0678202
-0.0651814
-0.0626125
-0.0601095
-0.0576686
-0.0552856
-0.0529568
-0.0506784
-0.048447
-0.0462593
-0.0441126
-0.0420044
-0.0399327
-0.0378959
-0.0358929
-0.0339228
-0.0319853
-0.0300805
-0.0282088
-0.0263708
-0.0245676
-0.0228005
-0.0210707
-0.0193802
-0.0177302
-0.0161232
-0.01456
-0.0130439
-0.0115742
-0.0101558
-0.00878481
-0.00746937
-0.00619916
-0.00498906
-0.00381508
-0.00270686
-0.00161034
-0.000582663
-0.198637
-0.199455
-0.200619
-0.202042
-0.20335
-0.204335
-0.204987
-0.205374
-0.205555
-0.205555
-0.205378
-0.205026
-0.204503
-0.20382
-0.202988
-0.202016
-0.200899
-0.199616
-0.198137
-0.196473
-0.194689
-0.192794
-0.190774
-0.188618
-0.186325
-0.183898
-0.18134
-0.178654
-0.175844
-0.172913
-0.169868
-0.166714
-0.163459
-0.160111
-0.156677
-0.153168
-0.149594
-0.145964
-0.142289
-0.138581
-0.134851
-0.131109
-0.127366
-0.123633
-0.119919
-0.116235
-0.112588
-0.108987
-0.105439
-0.101949
-0.098524
-0.0951675
-0.091883
-0.0886731
-0.0855392
-0.0824823
-0.0795022
-0.0765982
-0.0737691
-0.0710128
-0.0683269
-0.0657088
-0.0631555
-0.0606636
-0.0582299
-0.0558511
-0.0535239
-0.0512451
-0.0490119
-0.0468214
-0.0446714
-0.0425596
-0.0404843
-0.0384442
-0.0364381
-0.0344654
-0.0325257
-0.0306189
-0.0287454
-0.0269057
-0.0251004
-0.0233308
-0.0215977
-0.0199027
-0.0182467
-0.0166317
-0.015058
-0.0135286
-0.0120418
-0.0106026
-0.00920573
-0.00785971
-0.00655193
-0.00529901
-0.00407279
-0.00290731
-0.00174023
-0.000638247
-0.188622
-0.189879
-0.191372
-0.193092
-0.194705
-0.195998
-0.196942
-0.1976
-0.198036
-0.198279
-0.198336
-0.198207
-0.197895
-0.197403
-0.196737
-0.195899
-0.19489
-0.193723
-0.192428
-0.191033
-0.189498
-0.187801
-0.18595
-0.183959
-0.181831
-0.17957
-0.177179
-0.17466
-0.172019
-0.16926
-0.166389
-0.163412
-0.160337
-0.15717
-0.15392
-0.150595
-0.147206
-0.143761
-0.140271
-0.136746
-0.133195
-0.12963
-0.126059
-0.122492
-0.118939
-0.115408
-0.111907
-0.108444
-0.105025
-0.101656
-0.0983421
-0.0950875
-0.0918956
-0.0887691
-0.0857096
-0.0827183
-0.0797955
-0.0769409
-0.0741537
-0.0714325
-0.0687755
-0.0661807
-0.0636456
-0.0611677
-0.0587442
-0.0563725
-0.0540497
-0.0517735
-0.0495411
-0.0473505
-0.0451994
-0.0430862
-0.0410092
-0.0389673
-0.0369595
-0.0349852
-0.0330439
-0.0311357
-0.0292606
-0.027419
-0.0256115
-0.0238388
-0.0221017
-0.0204014
-0.0187383
-0.0171143
-0.0155289
-0.013985
-0.0124802
-0.0110193
-0.00959605
-0.00821922
-0.00687453
-0.00557984
-0.00430415
-0.00308461
-0.00185356
-0.000684213
-0.179054
-0.18075
-0.182563
-0.184537
-0.1864
-0.187954
-0.189161
-0.190073
-0.190749
-0.19122
-0.191496
-0.191577
-0.191467
-0.191171
-0.190695
-0.190049
-0.189248
-0.188303
-0.187215
-0.185968
-0.184555
-0.182996
-0.181297
-0.17946
-0.177488
-0.175383
-0.17315
-0.170791
-0.168312
-0.165718
-0.163014
-0.160206
-0.157303
-0.154309
-0.151234
-0.148086
-0.144874
-0.141605
-0.13829
-0.134938
-0.131558
-0.12816
-0.124752
-0.121343
-0.117942
-0.114557
-0.111195
-0.107863
-0.104568
-0.101314
-0.0981066
-0.0949503
-0.0918481
-0.0888028
-0.0858162
-0.0828898
-0.0800241
-0.0772194
-0.0744751
-0.0717905
-0.0691643
-0.0665949
-0.0640805
-0.0616191
-0.0592086
-0.0568467
-0.0545312
-0.0522601
-0.0500312
-0.0478427
-0.0456928
-0.04358
-0.041503
-0.0394608
-0.0374524
-0.0354773
-0.0335351
-0.0316257
-0.0297491
-0.0279055
-0.0260953
-0.0243191
-0.0225772
-0.0208708
-0.0191998
-0.0175658
-0.015968
-0.0144089
-0.0128856
-0.0114027
-0.00995321
-0.00854612
-0.00716595
-0.00583146
-0.00450976
-0.00324023
-0.0019519
-0.000722303
-0.170009
-0.172103
-0.174216
-0.176424
-0.178509
-0.180294
-0.18174
-0.182886
-0.183785
-0.18447
-0.18495
-0.18523
-0.185313
-0.185205
-0.184917
-0.184456
-0.183833
-0.18305
-0.182102
-0.180997
-0.179746
-0.178347
-0.176804
-0.175121
-0.173302
-0.171351
-0.169272
-0.167068
-0.164747
-0.162311
-0.159768
-0.157123
-0.154383
-0.151555
-0.148647
-0.145665
-0.142619
-0.139517
-0.136367
-0.133178
-0.129958
-0.126716
-0.123461
-0.120201
-0.116943
-0.113695
-0.110464
-0.107256
-0.104077
-0.100933
-0.0978271
-0.0947648
-0.0917488
-0.088782
-0.0858664
-0.0830036
-0.0801945
-0.0774395
-0.0747388
-0.0720918
-0.0694977
-0.0669555
-0.0644638
-0.0620211
-0.0596258
-0.057276
-0.0549702
-0.0527064
-0.0504832
-0.0482988
-0.0461519
-0.0440412
-0.0419656
-0.0399241
-0.0379161
-0.0359408
-0.0339981
-0.0320876
-0.0302094
-0.0283636
-0.0265503
-0.02477
-0.0230227
-0.0213094
-0.0196298
-0.0179852
-0.0163743
-0.0147996
-0.0132575
-0.0117528
-0.0102777
-0.0088414
-0.0074276
-0.00605575
-0.00469174
-0.00337659
-0.00203723
-0.000754258
-0.161526
-0.163967
-0.166352
-0.168775
-0.171056
-0.173045
-0.174702
-0.176059
-0.177162
-0.178042
-0.178711
-0.179175
-0.179438
-0.179507
-0.179391
-0.179098
-0.178633
-0.178
-0.177204
-0.176253
-0.175153
-0.173904
-0.172509
-0.170973
-0.169301
-0.167496
-0.165565
-0.163511
-0.161339
-0.159055
-0.156665
-0.154174
-0.151589
-0.148917
-0.146165
-0.14334
-0.14045
-0.137504
-0.134508
-0.131471
-0.128401
-0.125306
-0.122194
-0.119073
-0.115949
-0.112829
-0.109721
-0.106629
-0.103561
-0.10052
-0.0975109
-0.0945381
-0.0916047
-0.0887134
-0.0858666
-0.0830658
-0.0803123
-0.0776068
-0.0749497
-0.0723409
-0.0697799
-0.0672662
-0.0647987
-0.0623765
-0.0599982
-0.0576626
-0.0553682
-0.0531138
-0.050898
-0.0487195
-0.0465771
-0.0444698
-0.0423967
-0.0403569
-0.0383499
-0.036375
-0.034432
-0.0325206
-0.0306407
-0.0287924
-0.0269756
-0.0251907
-0.0234376
-0.0217169
-0.0200281
-0.0183724
-0.0167482
-0.0151577
-0.0135972
-0.0120711
-0.0105713
-0.00910716
-0.00766183
-0.00625531
-0.00485266
-0.00349621
-0.00211152
-0.000781483
-0.153615
-0.15635
-0.158975
-0.161586
-0.16404
-0.166206
-0.168047
-0.169591
-0.170878
-0.171937
-0.17278
-0.173413
-0.173843
-0.174075
-0.174118
-0.17398
-0.173665
-0.173182
-0.172535
-0.17173
-0.170772
-0.169665
-0.168411
-0.167016
-0.165484
-0.163821
-0.162031
-0.160119
-0.15809
-0.15595
-0.153704
-0.151359
-0.14892
-0.146395
-0.14379
-0.141112
-0.138369
-0.135568
-0.132717
-0.129822
-0.126892
-0.123935
-0.120956
-0.117964
-0.114965
-0.111966
-0.108973
-0.105991
-0.103026
-0.100083
-0.0971653
-0.0942776
-0.091423
-0.0886042
-0.0858236
-0.0830831
-0.0803839
-0.0777272
-0.0751135
-0.072543
-0.0700156
-0.0675312
-0.0650891
-0.0626885
-0.0603287
-0.0580087
-0.0557274
-0.0534838
-0.0512768
-0.0491055
-0.0469689
-0.0448662
-0.0427965
-0.0407592
-0.0387537
-0.0367797
-0.0348366
-0.0329244
-0.0310428
-0.0291919
-0.0273714
-0.0255816
-0.0238223
-0.0220939
-0.0203956
-0.0187287
-0.0170911
-0.015485
-0.0139063
-0.0123596
-0.0108363
-0.00934602
-0.00787136
-0.00643292
-0.00499514
-0.00360151
-0.00217652
-0.000805042
-0.146269
-0.149247
-0.152076
-0.154851
-0.157453
-0.159771
-0.161774
-0.163483
-0.164935
-0.166155
-0.167157
-0.167946
-0.168529
-0.168912
-0.169104
-0.169111
-0.16894
-0.168599
-0.168092
-0.167425
-0.166603
-0.16563
-0.16451
-0.16325
-0.161852
-0.160323
-0.158668
-0.156891
-0.154998
-0.152994
-0.150885
-0.148678
-0.146377
-0.14399
-0.141523
-0.138983
-0.136378
-0.133713
-0.130996
-0.128234
-0.125435
-0.122605
-0.119751
-0.11688
-0.113998
-0.111112
-0.108226
-0.105347
-0.10248
-0.0996283
-0.0967973
-0.0939903
-0.0912107
-0.0884612
-0.0857443
-0.0830619
-0.0804155
-0.0778065
-0.0752355
-0.0727031
-0.0702096
-0.0677549
-0.0653387
-0.0629608
-0.0606204
-0.0583171
-0.05605
-0.0538183
-0.0516214
-0.0494583
-0.0473285
-0.0452312
-0.0431657
-0.0411315
-0.0391282
-0.0371553
-0.0352125
-0.0332996
-0.0314163
-0.0295626
-0.0277383
-0.0259435
-0.0241777
-0.0224415
-0.0207338
-0.0190556
-0.0174048
-0.0157835
-0.0141874
-0.012621
-0.0110755
-0.00956073
-0.00805894
-0.00659127
-0.00512162
-0.00369459
-0.00223373
-0.000825691
-0.139471
-0.142647
-0.145645
-0.148557
-0.151285
-0.153734
-0.155876
-0.157731
-0.15933
-0.160696
-0.161842
-0.162773
-0.163497
-0.16402
-0.164349
-0.164492
-0.164457
-0.164249
-0.163873
-0.163336
-0.162643
-0.161798
-0.160806
-0.159673
-0.158404
-0.157002
-0.155475
-0.153826
-0.152061
-0.150186
-0.148207
-0.146129
-0.143958
-0.1417
-0.139363
-0.136952
-0.134475
-0.131937
-0.129346
-0.126709
-0.124031
-0.121321
-0.118583
-0.115825
-0.113052
-0.110271
-0.107486
-0.104703
-0.101927
-0.0991626
-0.0964131
-0.0936825
-0.0909741
-0.0882907
-0.0856347
-0.0830082
-0.0804129
-0.0778502
-0.0753211
-0.0728263
-0.0703663
-0.0679414
-0.0655516
-0.0631967
-0.0608765
-0.0585905
-0.0563384
-0.0541196
-0.0519335
-0.0497796
-0.0476572
-0.045566
-0.0435053
-0.0414748
-0.039474
-0.0375026
-0.0355603
-0.0336468
-0.0317619
-0.0299056
-0.0280774
-0.0262775
-0.0245053
-0.0227613
-0.0210442
-0.0193549
-0.0176913
-0.0160554
-0.0144427
-0.0128577
-0.0112914
-0.00975386
-0.00822709
-0.00673273
-0.00523424
-0.0037772
-0.00228435
-0.000843955
-0.133197
-0.136529
-0.139665
-0.142691
-0.145524
-0.148085
-0.150348
-0.15233
-0.154059
-0.155556
-0.156831
-0.157892
-0.158744
-0.159396
-0.159853
-0.160123
-0.160213
-0.160129
-0.159877
-0.159463
-0.158891
-0.158167
-0.157297
-0.156284
-0.155135
-0.153855
-0.152448
-0.15092
-0.149277
-0.147524
-0.145666
-0.143709
-0.14166
-0.139525
-0.137309
-0.135019
-0.132661
-0.130243
-0.127769
-0.125247
-0.122683
-0.120084
-0.117454
-0.114801
-0.11213
-0.109447
-0.106757
-0.104064
-0.101374
-0.0986911
-0.0960184
-0.09336
-0.090719
-0.0880984
-0.0855005
-0.0829276
-0.0803815
-0.0778636
-0.0753752
-0.0729172
-0.0704903
-0.0680949
-0.0657314
-0.0633997
-0.0611
-0.0588319
-0.0565953
-0.0543898
-0.0522152
-0.0500709
-0.0479567
-0.0458721
-0.0438167
-0.0417902
-0.0397923
-0.0378227
-0.035881
-0.0339671
-0.0320808
-0.0302218
-0.0283898
-0.026585
-0.0248065
-0.0230548
-0.0213285
-0.0196287
-0.0179528
-0.0163029
-0.0146744
-0.0130719
-0.0114863
-0.00992775
-0.00837806
-0.00685939
-0.00533479
-0.0038508
-0.00232935
-0.000860208
-0.127421
-0.130875
-0.134122
-0.13724
-0.14016
-0.142814
-0.14518
-0.147273
-0.149117
-0.150729
-0.152121
-0.153299
-0.154269
-0.155037
-0.155612
-0.155999
-0.156206
-0.156238
-0.156102
-0.155802
-0.155345
-0.154736
-0.153979
-0.153081
-0.152046
-0.150879
-0.149586
-0.148172
-0.146643
-0.145004
-0.143261
-0.141418
-0.139484
-0.137462
-0.13536
-0.133183
-0.130937
-0.128629
-0.126265
-0.123851
-0.121392
-0.118896
-0.116368
-0.113813
-0.111237
-0.108646
-0.106043
-0.103435
-0.100826
-0.0982187
-0.0956183
-0.0930278
-0.0904506
-0.0878895
-0.0853469
-0.0828252
-0.0803261
-0.0778514
-0.0754024
-0.0729802
-0.0705856
-0.0682192
-0.0658817
-0.0635732
-0.0612939
-0.0590439
-0.056823
-0.0546313
-0.0524684
-0.0503343
-0.0482285
-0.0461509
-0.0441011
-0.042079
-0.0400843
-0.0381166
-0.0361759
-0.0342618
-0.0323741
-0.0305126
-0.028677
-0.0268673
-0.0250828
-0.0233236
-0.0215886
-0.0198786
-0.018191
-0.016528
-0.0148847
-0.0132659
-0.0116623
-0.0100844
-0.00851377
-0.00697298
-0.00542478
-0.00391655
-0.00236948
-0.000874724
-0.122115
-0.125662
-0.128996
-0.132187
-0.135178
-0.13791
-0.140364
-0.142552
-0.144496
-0.146211
-0.147707
-0.14899
-0.150066
-0.150942
-0.151625
-0.15212
-0.152434
-0.152574
-0.152545
-0.152353
-0.152003
-0.151501
-0.150851
-0.15006
-0.149132
-0.148072
-0.146886
-0.145579
-0.144157
-0.142626
-0.140989
-0.139254
-0.137426
-0.135511
-0.133515
-0.131443
-0.129302
-0.127097
-0.124835
-0.122521
-0.120161
-0.117761
-0.115326
-0.112863
-0.110375
-0.107869
-0.105349
-0.10282
-0.100285
-0.09775
-0.0952173
-0.0926908
-0.0901736
-0.0876687
-0.0851785
-0.0827054
-0.0802513
-0.077818
-0.0754068
-0.0730191
-0.0706559
-0.0683179
-0.0660058
-0.0637201
-0.0614611
-0.0592291
-0.0570241
-0.0548462
-0.0526953
-0.0505714
-0.0484744
-0.046404
-0.0443601
-0.0423426
-0.0403512
-0.0383858
-0.0364461
-0.0345319
-0.032643
-0.0307793
-0.0289403
-0.027126
-0.0253356
-0.0235694
-0.0218261
-0.0201064
-0.0184078
-0.0167324
-0.0150754
-0.0134415
-0.0118213
-0.0102257
-0.00863588
-0.00707501
-0.00550547
-0.00397542
-0.00240537
-0.000887713
-0.117253
-0.120869
-0.124271
-0.127519
-0.130566
-0.133361
-0.135889
-0.138159
-0.14019
-0.141995
-0.143583
-0.144961
-0.146133
-0.147107
-0.147887
-0.148481
-0.148895
-0.149135
-0.149206
-0.149114
-0.148864
-0.148461
-0.147911
-0.14722
-0.146392
-0.145432
-0.144347
-0.14314
-0.141818
-0.140387
-0.13885
-0.137215
-0.135487
-0.133671
-0.131774
-0.1298
-0.127755
-0.125647
-0.123479
-0.121258
-0.11899
-0.116679
-0.114332
-0.111953
-0.109548
-0.107121
-0.104678
-0.102222
-0.0997574
-0.0972888
-0.0948195
-0.092353
-0.0898923
-0.0874404
-0.0849997
-0.0825726
-0.0801612
-0.0777672
-0.0753923
-0.0730378
-0.0707047
-0.0683942
-0.0661069
-0.0638435
-0.0616044
-0.0593901
-0.0572008
-0.0550367
-0.0528978
-0.0507843
-0.048696
-0.046633
-0.0445951
-0.0425824
-0.0405945
-0.0386314
-0.0366929
-0.0347789
-0.032889
-0.0310232
-0.0291809
-0.0273623
-0.0255665
-0.0237937
-0.0220425
-0.0203138
-0.0186049
-0.016918
-0.0152481
-0.0136003
-0.0119649
-0.010353
-0.00874578
-0.0071667
-0.00557788
-0.0040282
-0.00243751
-0.000899346
-0.112809
-0.116475
-0.119927
-0.123219
-0.126309
-0.129156
-0.131744
-0.134084
-0.13619
-0.138074
-0.139745
-0.141206
-0.142465
-0.143527
-0.144396
-0.145081
-0.145586
-0.145918
-0.146081
-0.146081
-0.145923
-0.145614
-0.145157
-0.144559
-0.143824
-0.142958
-0.141966
-0.140853
-0.139624
-0.138286
-0.136843
-0.135301
-0.133665
-0.131942
-0.130136
-0.128253
-0.126299
-0.124279
-0.122199
-0.120064
-0.117881
-0.115653
-0.113387
-0.111086
-0.108758
-0.106405
-0.104032
-0.101644
-0.0992453
-0.0968389
-0.0944288
-0.0920183
-0.0896106
-0.0872083
-0.0848142
-0.0824305
-0.0800595
-0.0777029
-0.0753624
-0.0730395
-0.0707354
-0.0684513
-0.0661879
-0.063946
-0.0617264
-0.0595294
-0.0573554
-0.0552048
-0.0530778
-0.0509746
-0.0488951
-0.0468395
-0.0448077
-0.0427997
-0.0408154
-0.0388548
-0.0369177
-0.0350039
-0.0331132
-0.0312455
-0.0294003
-0.0275777
-0.0257767
-0.0239977
-0.0222392
-0.0205021
-0.0187836
-0.0170861
-0.0154044
-0.0137438
-0.0120945
-0.0104678
-0.00884469
-0.00724911
-0.00564289
-0.00407553
-0.00246631
-0.000909766
-0.108757
-0.112459
-0.115948
-0.11927
-0.122394
-0.125281
-0.127921
-0.130319
-0.13249
-0.134443
-0.136185
-0.137722
-0.139058
-0.140198
-0.141149
-0.141916
-0.142504
-0.14292
-0.143167
-0.143253
-0.143181
-0.142957
-0.142587
-0.142075
-0.141426
-0.140647
-0.139741
-0.138715
-0.137574
-0.136322
-0.134966
-0.13351
-0.13196
-0.130322
-0.128601
-0.126802
-0.124932
-0.122994
-0.120995
-0.118941
-0.116835
-0.114684
-0.112492
-0.110265
-0.108006
-0.105722
-0.103415
-0.10109
-0.098752
-0.0964035
-0.0940485
-0.0916902
-0.0893318
-0.086976
-0.0846255
-0.0822826
-0.0799496
-0.0776282
-0.0753204
-0.0730275
-0.0707509
-0.0684919
-0.0662514
-0.0640303
-0.0618293
-0.0596491
-0.05749
-0.0553527
-0.0532373
-0.051144
-0.0490732
-0.0470249
-0.0449991
-0.042996
-0.0410154
-0.0390573
-0.0371216
-0.0352082
-0.0333169
-0.0314476
-0.0295997
-0.0277733
-0.0259676
-0.0241829
-0.0224176
-0.0206727
-0.0189455
-0.0172381
-0.0155456
-0.0138732
-0.0122113
-0.0105711
-0.00893363
-0.00732314
-0.00570124
-0.00411798
-0.00249212
-0.000919093
-0.105076
-0.1088
-0.112314
-0.115659
-0.118806
-0.121726
-0.124407
-0.126855
-0.12908
-0.131093
-0.132898
-0.134501
-0.135906
-0.137117
-0.138141
-0.138982
-0.139646
-0.140138
-0.140464
-0.140627
-0.140634
-0.140489
-0.140198
-0.139766
-0.139198
-0.138498
-0.137673
-0.136727
-0.135666
-0.134494
-0.133218
-0.131842
-0.130371
-0.128812
-0.127169
-0.125448
-0.123654
-0.121793
-0.119869
-0.117887
-0.115854
-0.113773
-0.111651
-0.10949
-0.107297
-0.105075
-0.102829
-0.100563
-0.0982805
-0.0959856
-0.0936816
-0.0913718
-0.0890592
-0.0867466
-0.0844368
-0.082132
-0.0798345
-0.0775463
-0.075269
-0.0730044
-0.0707539
-0.0685187
-0.0663
-0.0640986
-0.0619155
-0.0597513
-0.0576067
-0.055482
-0.0533778
-0.0512944
-0.049232
-0.0471908
-0.045171
-0.0431726
-0.0411956
-0.0392401
-0.037306
-0.0353931
-0.0335013
-0.0316305
-0.0297802
-0.0279505
-0.0261405
-0.0243505
-0.022579
-0.0208269
-0.0190916
-0.0173752
-0.0156729
-0.0139898
-0.0123163
-0.0106639
-0.00901349
-0.00738955
-0.00575354
-0.004156
-0.00251523
-0.000927431
-0.101742
-0.10548
-0.109011
-0.112369
-0.115534
-0.118478
-0.121192
-0.123681
-0.125954
-0.128018
-0.129878
-0.131539
-0.133004
-0.134279
-0.135369
-0.136277
-0.137009
-0.137571
-0.137967
-0.138202
-0.13828
-0.138208
-0.13799
-0.137631
-0.137136
-0.13651
-0.135759
-0.134886
-0.133899
-0.132801
-0.131598
-0.130295
-0.128898
-0.127411
-0.12584
-0.124191
-0.122467
-0.120675
-0.11882
-0.116906
-0.114939
-0.112923
-0.110863
-0.108764
-0.106631
-0.104467
-0.102277
-0.100064
-0.0978333
-0.0955877
-0.0933308
-0.0910657
-0.0887955
-0.086523
-0.0842509
-0.0819815
-0.0797171
-0.0774597
-0.0752111
-0.072973
-0.0707469
-0.0685342
-0.0663359
-0.0641533
-0.0619871
-0.0598381
-0.0577071
-0.0555947
-0.0535012
-0.0514272
-0.0493729
-0.0473387
-0.0453246
-0.0433308
-0.0413574
-0.0394045
-0.0374719
-0.0355597
-0.0336675
-0.0317955
-0.029943
-0.0281103
-0.0262963
-0.0245015
-0.0227243
-0.0209657
-0.019223
-0.0174986
-0.0157873
-0.0140945
-0.0124106
-0.0107471
-0.00908502
-0.007449
-0.00580033
-0.00418999
-0.00253587
-0.000934871
-0.0987373
-0.10248
-0.106021
-0.109388
-0.112563
-0.115526
-0.118267
-0.12079
-0.123102
-0.12521
-0.127118
-0.12883
-0.130349
-0.13168
-0.132828
-0.133796
-0.13459
-0.135215
-0.135674
-0.135974
-0.136118
-0.136112
-0.13596
-0.135667
-0.135239
-0.134681
-0.133997
-0.133192
-0.132272
-0.131242
-0.130106
-0.12887
-0.12754
-0.126119
-0.124614
-0.12303
-0.121371
-0.119642
-0.11785
-0.115997
-0.11409
-0.112134
-0.110132
-0.108089
-0.10601
-0.103899
-0.10176
-0.0995963
-0.0974127
-0.0952123
-0.0929985
-0.0907745
-0.0885433
-0.0863077
-0.0840704
-0.0818336
-0.0795998
-0.077371
-0.075149
-0.0729355
-0.0707322
-0.0685404
-0.0663614
-0.0641962
-0.0620459
-0.0599113
-0.0577932
-0.0556923
-0.053609
-0.051544
-0.0494974
-0.0474697
-0.0454612
-0.0434719
-0.041502
-0.0395515
-0.0376205
-0.035709
-0.0338166
-0.0319435
-0.0300892
-0.0282537
-0.0264362
-0.0246371
-0.0228547
-0.0210903
-0.0193409
-0.017609
-0.0158896
-0.0141881
-0.0124948
-0.0108215
-0.00914891
-0.00750206
-0.00584207
-0.00422029
-0.00255426
-0.00094149
-0.0960424
-0.0997852
-0.10333
-0.106701
-0.109883
-0.112859
-0.115621
-0.118172
-0.120517
-0.122663
-0.124612
-0.126368
-0.127934
-0.129315
-0.130514
-0.131536
-0.132385
-0.133066
-0.133583
-0.133941
-0.134144
-0.134198
-0.134106
-0.133874
-0.133507
-0.13301
-0.132387
-0.131643
-0.130785
-0.129815
-0.128741
-0.127566
-0.126296
-0.124936
-0.123491
-0.121965
-0.120365
-0.118694
-0.116958
-0.115162
-0.11331
-0.111407
-0.109457
-0.107465
-0.105436
-0.103373
-0.10128
-0.0991613
-0.0970206
-0.0948614
-0.092687
-0.0905004
-0.0883049
-0.086103
-0.0838974
-0.0816907
-0.079485
-0.0772824
-0.0750849
-0.0728941
-0.0707118
-0.0685394
-0.0663782
-0.0642292
-0.0620937
-0.0599726
-0.0578665
-0.0557764
-0.0537027
-0.051646
-0.0496067
-0.0475853
-0.045582
-0.0435969
-0.0416304
-0.0396824
-0.0377529
-0.0358421
-0.0339497
-0.0320757
-0.0302197
-0.0283818
-0.0265611
-0.0247581
-0.0229712
-0.0212014
-0.019446
-0.0177075
-0.0159809
-0.0142715
-0.0125698
-0.0108876
-0.00920571
-0.00754921
-0.00587915
-0.00424719
-0.00257059
-0.000947356
-0.0936414
-0.0973804
-0.100926
-0.104297
-0.107482
-0.110467
-0.113245
-0.115819
-0.118192
-0.120369
-0.122354
-0.124148
-0.125756
-0.12718
-0.128425
-0.129494
-0.130392
-0.131123
-0.131691
-0.132101
-0.132357
-0.132464
-0.132427
-0.132249
-0.131937
-0.131495
-0.130927
-0.130239
-0.129435
-0.128522
-0.127502
-0.126382
-0.125167
-0.123861
-0.122469
-0.120997
-0.11945
-0.117831
-0.116146
-0.1144
-0.112598
-0.110743
-0.10884
-0.106895
-0.10491
-0.10289
-0.100839
-0.0987608
-0.0966589
-0.0945369
-0.0923981
-0.0902455
-0.0880821
-0.0859108
-0.0837342
-0.0815546
-0.0793745
-0.0771959
-0.0750207
-0.0728507
-0.0706876
-0.068533
-0.0663881
-0.0642541
-0.0621322
-0.0600234
-0.0579285
-0.0558483
-0.0537835
-0.0517346
-0.0497022
-0.0476866
-0.0456881
-0.0437071
-0.0417437
-0.039798
-0.0378701
-0.03596
-0.0340676
-0.0321929
-0.0303355
-0.0284954
-0.0266719
-0.0248654
-0.0230744
-0.0212999
-0.0195392
-0.0177948
-0.0160617
-0.0143454
-0.0126362
-0.0109461
-0.00925593
-0.00759088
-0.0059119
-0.00427095
-0.002585
-0.000952527
-0.0915198
-0.0952524
-0.0987955
-0.102164
-0.10535
-0.108341
-0.111132
-0.113724
-0.11612
-0.118324
-0.120339
-0.122166
-0.123809
-0.125271
-0.126556
-0.127667
-0.128608
-0.129383
-0.129996
-0.130452
-0.130755
-0.13091
-0.130921
-0.130792
-0.130528
-0.130135
-0.129617
-0.128978
-0.128224
-0.127359
-0.126389
-0.125318
-0.124152
-0.122894
-0.121551
-0.120126
-0.118625
-0.117053
-0.115414
-0.113713
-0.111955
-0.110143
-0.108283
-0.106378
-0.104433
-0.102452
-0.100438
-0.0983963
-0.0963292
-0.0942405
-0.0921335
-0.0900113
-0.0878769
-0.0857331
-0.0835824
-0.0814274
-0.0792702
-0.0771132
-0.0749581
-0.0728069
-0.0706613
-0.0685227
-0.0663926
-0.0642723
-0.0621628
-0.0600652
-0.0579805
-0.0559095
-0.0538528
-0.051811
-0.0497848
-0.0477746
-0.0457806
-0.0438033
-0.0418428
-0.0398993
-0.0379729
-0.0360636
-0.0341712
-0.0322959
-0.0304373
-0.0285954
-0.0267695
-0.0249599
-0.0231652
-0.0213865
-0.0196211
-0.0178715
-0.0161327
-0.0144102
-0.0126945
-0.0109975
-0.0093
-0.00762744
-0.00594063
-0.00429178
-0.00259763
-0.000957053
-0.0896646
-0.0933893
-0.0969283
-0.100293
-0.103478
-0.106472
-0.109273
-0.11188
-0.114295
-0.116521
-0.118561
-0.120416
-0.12209
-0.123585
-0.124904
-0.126051
-0.127029
-0.127843
-0.128496
-0.128992
-0.129337
-0.129533
-0.129586
-0.1295
-0.129279
-0.128929
-0.128454
-0.127859
-0.127149
-0.126328
-0.125401
-0.124373
-0.12325
-0.122035
-0.120734
-0.119352
-0.117893
-0.116361
-0.114763
-0.113101
-0.111382
-0.109608
-0.107785
-0.105917
-0.104007
-0.10206
-0.100079
-0.0980692
-0.0960328
-0.0939735
-0.0918948
-0.0897995
-0.0876908
-0.0855713
-0.0834437
-0.0813104
-0.0791737
-0.0770359
-0.0748988
-0.0727644
-0.0706343
-0.0685101
-0.0663933
-0.0642851
-0.0621867
-0.0600993
-0.0580237
-0.0559609
-0.0539115
-0.0518763
-0.0498557
-0.0478503
-0.0458605
-0.0438865
-0.0419287
-0.0399872
-0.0380622
-0.0361536
-0.0342614
-0.0323856
-0.0305259
-0.0286824
-0.0268543
-0.0250421
-0.0232443
-0.0214619
-0.0196924
-0.0179382
-0.0161944
-0.0144666
-0.0127452
-0.0110421
-0.00933831
-0.0076592
-0.00596558
-0.00430986
-0.00260859
-0.000960976
-0.0880647
-0.0917809
-0.0953149
-0.0986751
-0.101857
-0.104854
-0.107662
-0.11028
-0.112711
-0.114955
-0.117016
-0.118895
-0.120595
-0.122117
-0.123465
-0.124643
-0.125654
-0.126501
-0.127188
-0.127719
-0.128099
-0.128332
-0.128421
-0.128372
-0.128189
-0.127877
-0.127439
-0.126882
-0.12621
-0.125426
-0.124537
-0.123548
-0.122461
-0.121284
-0.12002
-0.118674
-0.117251
-0.115755
-0.114192
-0.112565
-0.110879
-0.109139
-0.107348
-0.105511
-0.103632
-0.101715
-0.099763
-0.0977806
-0.0957709
-0.0937373
-0.0916832
-0.0896114
-0.0875251
-0.0854268
-0.0833194
-0.0812051
-0.0790864
-0.0769654
-0.074844
-0.0727243
-0.0706079
-0.0684963
-0.0663912
-0.0642937
-0.0622052
-0.0601267
-0.0580592
-0.0560037
-0.0539608
-0.0519312
-0.0499157
-0.0479146
-0.0459285
-0.0439575
-0.0420021
-0.0400625
-0.0381386
-0.0362308
-0.0343387
-0.0324626
-0.030602
-0.0287572
-0.0269273
-0.0251128
-0.0233122
-0.0215267
-0.0197536
-0.0179956
-0.0162475
-0.0145151
-0.0127886
-0.0110804
-0.00937116
-0.00768643
-0.00598697
-0.00432536
-0.00261798
-0.000964335
-0.0867103
-0.0904182
-0.0939468
-0.0973022
-0.100481
-0.103479
-0.106292
-0.108919
-0.111362
-0.113622
-0.1157
-0.117598
-0.119319
-0.120865
-0.122238
-0.123442
-0.124479
-0.125354
-0.12607
-0.126631
-0.127041
-0.127305
-0.127425
-0.127408
-0.127257
-0.126976
-0.126571
-0.126046
-0.125406
-0.124655
-0.123798
-0.12284
-0.121786
-0.120641
-0.119408
-0.118093
-0.116701
-0.115236
-0.113702
-0.112105
-0.110448
-0.108735
-0.106972
-0.105162
-0.103309
-0.101417
-0.0994901
-0.0975314
-0.0955445
-0.0935329
-0.0914998
-0.0894481
-0.0873809
-0.0853009
-0.0832107
-0.0811127
-0.0790094
-0.0769028
-0.074795
-0.0726879
-0.0705832
-0.0684826
-0.0663875
-0.0642993
-0.0622192
-0.0601484
-0.0580879
-0.0560386
-0.0540014
-0.0519768
-0.0499656
-0.0479683
-0.0459853
-0.0440171
-0.0420638
-0.0401257
-0.038203
-0.0362957
-0.0344038
-0.0325274
-0.0306662
-0.0288202
-0.0269888
-0.0251723
-0.0233695
-0.0215814
-0.0198053
-0.0180439
-0.0162922
-0.0145559
-0.0128253
-0.0111127
-0.00939883
-0.00770937
-0.00600498
-0.0043384
-0.00262589
-0.000967158
-0.0855933
-0.0892937
-0.0928172
-0.0961678
-0.0993437
-0.102341
-0.105158
-0.107792
-0.110245
-0.112517
-0.114609
-0.116523
-0.118261
-0.119826
-0.121219
-0.122444
-0.123504
-0.124402
-0.125142
-0.125727
-0.126162
-0.126451
-0.126597
-0.126606
-0.126481
-0.126227
-0.125849
-0.12535
-0.124737
-0.124013
-0.123183
-0.122252
-0.121224
-0.120105
-0.118898
-0.117609
-0.116242
-0.114802
-0.113294
-0.11172
-0.110087
-0.108399
-0.106658
-0.10487
-0.103039
-0.101168
-0.0992616
-0.0973226
-0.0953547
-0.0933613
-0.0913456
-0.0893106
-0.0872593
-0.0851945
-0.0831186
-0.0810342
-0.0789437
-0.0768491
-0.0747526
-0.0726561
-0.0705612
-0.0684697
-0.066383
-0.0643025
-0.0622296
-0.0601653
-0.0581106
-0.0560666
-0.0540341
-0.0520137
-0.0500062
-0.0480121
-0.0460318
-0.0440657
-0.0421142
-0.0401775
-0.0382557
-0.036349
-0.0344573
-0.0325807
-0.0307189
-0.028872
-0.0270393
-0.0252213
-0.0234166
-0.0216262
-0.0198477
-0.0180836
-0.0163289
-0.0145894
-0.0128554
-0.0111392
-0.00942155
-0.00772819
-0.00601976
-0.0043491
-0.00263237
-0.000969472
-0.084707
-0.0884011
-0.0919202
-0.0952666
-0.0984398
-0.101437
-0.104256
-0.106896
-0.109356
-0.111637
-0.11374
-0.115666
-0.117418
-0.118997
-0.120406
-0.121648
-0.122725
-0.123642
-0.1244
-0.125005
-0.12546
-0.125769
-0.125936
-0.125965
-0.125861
-0.125629
-0.125271
-0.124794
-0.124202
-0.123499
-0.122691
-0.121781
-0.120774
-0.119676
-0.11849
-0.117222
-0.115875
-0.114456
-0.112966
-0.111413
-0.109799
-0.108129
-0.106407
-0.104637
-0.102823
-0.100969
-0.099078
-0.0971547
-0.0952019
-0.0932231
-0.0912213
-0.0891997
-0.0871611
-0.0851084
-0.083044
-0.0809705
-0.0788902
-0.0768053
-0.0747178
-0.0726297
-0.0705427
-0.0684584
-0.0663785
-0.0643043
-0.062237
-0.0601779
-0.058128
-0.0560883
-0.0540595
-0.0520425
-0.050038
-0.0480464
-0.0460683
-0.044104
-0.042154
-0.0402184
-0.0382974
-0.0363911
-0.0344996
-0.0326228
-0.0307605
-0.0289129
-0.0270793
-0.02526
-0.0234538
-0.0216618
-0.0198813
-0.018115
-0.0163579
-0.0146159
-0.0128792
-0.0111602
-0.00943952
-0.00774306
-0.00603144
-0.00435754
-0.00263748
-0.000971298
-0.0840459
-0.0877352
-0.0912509
-0.0945942
-0.097765
-0.100762
-0.103583
-0.106226
-0.108691
-0.110979
-0.11309
-0.115025
-0.116787
-0.118377
-0.119798
-0.121052
-0.122143
-0.123073
-0.123846
-0.124465
-0.124935
-0.125259
-0.125441
-0.125486
-0.125397
-0.12518
-0.124839
-0.124378
-0.123802
-0.123115
-0.122322
-0.121428
-0.120437
-0.119354
-0.118184
-0.116931
-0.1156
-0.114195
-0.112721
-0.111182
-0.109582
-0.107926
-0.106218
-0.104461
-0.10266
-0.100818
-0.0989399
-0.0970283
-0.0950869
-0.0931189
-0.0911276
-0.089116
-0.0870869
-0.0850432
-0.0829874
-0.0809221
-0.0788495
-0.0767718
-0.0746911
-0.0726093
-0.0705282
-0.0684495
-0.0663746
-0.0643051
-0.0622421
-0.0601869
-0.0581406
-0.056104
-0.0540782
-0.0520637
-0.0500614
-0.0480717
-0.0460953
-0.0441324
-0.0421834
-0.0402487
-0.0383283
-0.0364224
-0.0345309
-0.0326541
-0.0307915
-0.0289433
-0.027109
-0.0252888
-0.0234815
-0.0216881
-0.0199062
-0.0181383
-0.0163795
-0.0146356
-0.0128969
-0.0111757
-0.00945287
-0.00775411
-0.00604011
-0.00436378
-0.00264123
-0.000972605
-0.0836079
-0.0872942
-0.0908074
-0.0941483
-0.0973174
-0.100314
-0.103136
-0.105781
-0.10825
-0.110542
-0.112658
-0.114599
-0.116368
-0.117965
-0.119394
-0.120656
-0.121755
-0.122694
-0.123476
-0.124105
-0.124585
-0.124919
-0.125111
-0.125166
-0.125088
-0.124882
-0.124551
-0.1241
-0.123535
-0.122858
-0.122076
-0.121193
-0.120213
-0.11914
-0.11798
-0.116738
-0.115417
-0.114022
-0.112557
-0.111028
-0.109438
-0.107791
-0.106091
-0.104344
-0.102551
-0.100718
-0.0988476
-0.0969438
-0.0950099
-0.0930492
-0.0910649
-0.0890599
-0.0870372
-0.0849995
-0.0829495
-0.0808896
-0.0788221
-0.0767492
-0.074673
-0.0725955
-0.0705183
-0.0684433
-0.0663718
-0.0643054
-0.0622453
-0.0601927
-0.0581487
-0.0561143
-0.0540904
-0.0520776
-0.0500768
-0.0480885
-0.0461131
-0.0441511
-0.0422029
-0.0402687
-0.0383487
-0.0364431
-0.0345517
-0.0326748
-0.030812
-0.0289635
-0.0271286
-0.0253079
-0.0234998
-0.0217056
-0.0199227
-0.0181538
-0.0163938
-0.0146486
-0.0129086
-0.011186
-0.00946175
-0.00776142
-0.00604593
-0.00436783
-0.00264378
-0.0009731
-0.083386
-0.0870716
-0.0905844
-0.0939246
-0.0970931
-0.10009
-0.102912
-0.105559
-0.108029
-0.110323
-0.112442
-0.114386
-0.116158
-0.117759
-0.119191
-0.120458
-0.121561
-0.122505
-0.123292
-0.123925
-0.12441
-0.124749
-0.124946
-0.125006
-0.124934
-0.124732
-0.124407
-0.123962
-0.123401
-0.12273
-0.121953
-0.121075
-0.1201
-0.119033
-0.117878
-0.116641
-0.115325
-0.113935
-0.112475
-0.110951
-0.109365
-0.107723
-0.106028
-0.104285
-0.102497
-0.100668
-0.0988014
-0.0969015
-0.0949714
-0.0930143
-0.0910334
-0.0890318
-0.0870122
-0.0849776
-0.0829304
-0.0808732
-0.0788083
-0.0767378
-0.0746639
-0.0725885
-0.0705133
-0.0684401
-0.0663703
-0.0643054
-0.0622468
-0.0601955
-0.0581527
-0.0561194
-0.0540964
-0.0520845
-0.0500845
-0.0480968
-0.0461219
-0.0441605
-0.0422126
-0.0402787
-0.0383589
-0.0364534
-0.034562
-0.0326851
-0.0308222
-0.0289735
-0.0271384
-0.0253173
-0.023509
-0.0217143
-0.019931
-0.0181614
-0.016401
-0.0146551
-0.0129146
-0.011191
-0.00946638
-0.0077648
-0.00604929
-0.0043693
-0.00264586
-0.000971965
)
;

boundaryField
{
    inlet
    {
        type            zeroGradient;
    }
    outlet
    {
        type            fixedValue;
        value           uniform 0;
    }
    cylinder
    {
        type            zeroGradient;
    }
    top
    {
        type            symmetryPlane;
    }
    bottom
    {
        type            symmetryPlane;
    }
    defaultFaces
    {
        type            empty;
    }
    procBoundary3to1
    {
        type            processor;
        value           nonuniform List<scalar> 
105
(
-0.250944
-0.250626
-0.250247
-0.249816
-0.24941
-0.249053
-0.248037
-0.247179
-0.246062
-0.24489
-0.243582
-0.242173
-0.240652
-0.239033
-0.237305
-0.235474
-0.233539
-0.231504
-0.22937
-0.227138
-0.224809
-0.222385
-0.219866
-0.217253
-0.214549
-0.211753
-0.208868
-0.205896
-0.202839
-0.199699
-0.196476
-0.193177
-0.189803
-0.186356
-0.182839
-0.17926
-0.175616
-0.171908
-0.168148
-0.16434
-0.160485
-0.15659
-0.152659
-0.148697
-0.144711
-0.140702
-0.136682
-0.132655
-0.128626
-0.124602
-0.120588
-0.116591
-0.112603
-0.108648
-0.104725
-0.100836
-0.0969958
-0.0932006
-0.089456
-0.0857671
-0.0821375
-0.0785713
-0.0750748
-0.0716494
-0.0682968
-0.0650245
-0.0618325
-0.0587237
-0.0556996
-0.0527618
-0.0499124
-0.0471523
-0.0444822
-0.0419021
-0.0394123
-0.0370122
-0.0347013
-0.0324779
-0.03034
-0.028288
-0.0263201
-0.024434
-0.0226268
-0.0208983
-0.0192457
-0.0176664
-0.0161591
-0.0147214
-0.0133514
-0.0120471
-0.0108068
-0.00962903
-0.0085119
-0.00745418
-0.00645415
-0.00551231
-0.00462382
-0.00379619
-0.00301082
-0.00230778
-0.00159522
-0.0010814
-0.000293252
-0.000310789
0.00131278
)
;
    }
    procBoundary3to2
    {
        type            processor;
        value           nonuniform List<scalar> 
67
(
-0.251165
-0.251203
-0.251295
-0.251148
-0.251148
-0.251314
-0.251517
-0.251754
-0.252015
-0.252294
-0.252579
-0.252857
-0.25227
-0.25227
-0.252428
-0.252534
-0.252567
-0.250693
-0.250693
-0.250236
-0.249594
-0.249536
-0.249536
-0.2489
-0.247954
-0.23522
-0.23522
-0.234098
-0.232942
-0.241087
-0.241087
-0.237513
-0.233768
-0.22996
-0.228072
-0.228072
-0.224441
-0.219154
-0.20806
-0.197126
-0.186557
-0.176495
-0.167044
-0.158234
-0.150066
-0.142523
-0.13558
-0.129202
-0.123357
-0.118008
-0.113125
-0.108675
-0.10463
-0.100964
-0.097652
-0.0946725
-0.0920054
-0.0896331
-0.0875398
-0.0857116
-0.0841365
-0.0828043
-0.0817062
-0.0808352
-0.0801853
-0.0797546
-0.0795344
)
;
    }
}


// ************************************************************************* //
