/*--------------------------------*- C++ -*----------------------------------*\
  =========                 |
  \\      /  F ield         | OpenFOAM: The Open Source CFD Toolbox
   \\    /   O peration     | Website:  https://openfoam.org
    \\  /    A nd           | Version:  7
     \\/     M anipulation  |
\*---------------------------------------------------------------------------*/
FoamFile
{
    version     2.0;
    format      ascii;
    class       volScalarField;
    location    "65";
    object      p;
}
// * * * * * * * * * * * * * * * * * * * * * * * * * * * * * * * * * * * * * //

dimensions      [0 2 -2 0 0 0 0];

internalField   nonuniform List<scalar> 
6000
(
0.675429
0.655833
0.646593
0.633679
0.618215
0.600645
0.581692
0.562003
0.542056
0.522191
0.50265
0.483598
0.465146
0.447364
0.430293
0.413955
0.398352
0.38348
0.369324
0.355865
0.343077
0.330939
0.319448
0.308566
0.298129
0.673345
0.653834
0.644719
0.631953
0.616637
0.599202
0.580371
0.560793
0.540944
0.521168
0.501707
0.482727
0.46434
0.446617
0.4296
0.41331
0.397752
0.38292
0.368801
0.355376
0.342619
0.330509
0.319042
0.308184
0.297781
0.669173
0.649831
0.640968
0.6285
0.613478
0.596314
0.577727
0.558368
0.538716
0.519117
0.499816
0.48098
0.462724
0.445119
0.428209
0.412017
0.396548
0.381797
0.367752
0.354395
0.3417
0.329647
0.318228
0.307417
0.297082
0.66293
0.643841
0.635352
0.62333
0.608747
0.591989
0.573768
0.554737
0.53538
0.516046
0.496984
0.478364
0.460303
0.442875
0.426126
0.41008
0.394743
0.380114
0.36618
0.352924
0.340323
0.328353
0.317007
0.306267
0.296034
0.654638
0.635885
0.627892
0.61646
0.602461
0.586241
0.568506
0.549911
0.530945
0.511963
0.493219
0.474885
0.457083
0.439891
0.423355
0.407502
0.392343
0.377874
0.364087
0.350966
0.338489
0.326632
0.315382
0.304736
0.294638
0.64433
0.625992
0.618614
0.607914
0.594641
0.57909
0.561958
0.543904
0.525425
0.506881
0.488531
0.470554
0.453075
0.436174
0.419904
0.404293
0.389353
0.375085
0.361481
0.348527
0.336205
0.324487
0.313357
0.302828
0.292896
0.632042
0.614198
0.607551
0.597721
0.585311
0.570557
0.554144
0.536736
0.518836
0.500815
0.482935
0.465383
0.448288
0.431736
0.415782
0.400458
0.385781
0.371751
0.358365
0.345612
0.333474
0.321923
0.310936
0.300546
0.29081
0.617822
0.600547
0.59474
0.585916
0.574502
0.56067
0.545089
0.528428
0.5112
0.493782
0.476447
0.459387
0.442737
0.426588
0.411
0.39601
0.381635
0.367883
0.35475
0.342228
0.330304
0.318946
0.308125
0.297895
0.288385
0.601722
0.585088
0.580229
0.572537
0.562251
0.549461
0.534822
0.519006
0.502538
0.485804
0.469085
0.452582
0.436436
0.420744
0.405571
0.390958
0.376928
0.363489
0.350642
0.338383
0.326701
0.315563
0.304931
0.294881
0.285623
0.583802
0.56788
0.564066
0.557631
0.548597
0.536966
0.523374
0.5085
0.492876
0.476904
0.460871
0.444988
0.429403
0.41422
0.39951
0.385317
0.37167
0.35858
0.346052
0.334087
0.322674
0.31178
0.30136
0.29151
0.282529
0.564131
0.548984
0.54631
0.541248
0.533585
0.523225
0.510782
0.49694
0.482245
0.467108
0.451829
0.436627
0.421659
0.407035
0.392832
0.379101
0.365874
0.353169
0.340992
0.329348
0.318232
0.307608
0.29742
0.287789
0.279108
0.542781
0.528472
0.527023
0.523443
0.517264
0.508282
0.497086
0.484364
0.470676
0.456446
0.441985
0.427522
0.413223
0.399206
0.385555
0.372326
0.359556
0.347268
0.335473
0.324178
0.313386
0.303055
0.293121
0.283726
0.275367
0.519833
0.506418
0.506274
0.504277
0.499689
0.492185
0.482327
0.47081
0.458204
0.444948
0.431367
0.417699
0.40412
0.390756
0.377698
0.365009
0.352732
0.340893
0.329508
0.31859
0.308145
0.298131
0.288472
0.279329
0.27131
0.495374
0.482904
0.484135
0.483815
0.480916
0.474985
0.466554
0.456318
0.444866
0.432649
0.420006
0.407186
0.394374
0.381707
0.369282
0.357169
0.345418
0.334059
0.323112
0.312596
0.302522
0.292847
0.283483
0.274608
0.266945
0.469495
0.458018
0.460686
0.462127
0.461008
0.456739
0.449814
0.440935
0.430703
0.419585
0.407934
0.396011
0.384013
0.372083
0.360329
0.348827
0.337632
0.326782
0.3163
0.30621
0.296529
0.287215
0.278165
0.269572
0.26228
0.442295
0.431852
0.43601
0.439287
0.44003
0.437504
0.432161
0.424706
0.415756
0.405794
0.395186
0.384207
0.373064
0.361911
0.350863
0.340003
0.329395
0.31908
0.309088
0.299447
0.290181
0.281247
0.272529
0.264231
0.257323
0.413876
0.404504
0.410194
0.415371
0.418052
0.417341
0.413649
0.407682
0.400072
0.391317
0.381799
0.371807
0.361558
0.351217
0.340907
0.330721
0.320726
0.310972
0.301493
0.292322
0.28349
0.274955
0.266588
0.258597
0.252082
0.384345
0.376076
0.383332
0.390464
0.395145
0.396316
0.394337
0.389915
0.383695
0.376195
0.367811
0.358844
0.349526
0.34003
0.330488
0.321002
0.311647
0.302477
0.293532
0.284852
0.276472
0.268354
0.260353
0.252679
0.246566
0.353816
0.346675
0.355519
0.364648
0.371386
0.374495
0.374285
0.371458
0.366676
0.360472
0.35326
0.345355
0.337
0.328378
0.319633
0.310873
0.30218
0.293616
0.285225
0.277053
0.269142
0.261457
0.253837
0.246491
0.240785
0.322404
0.31641
0.326854
0.338014
0.346852
0.351949
0.353554
0.352367
0.349064
0.344195
0.338189
0.331377
0.324013
0.316294
0.308369
0.300357
0.292348
0.284409
0.27659
0.268942
0.261516
0.254279
0.247054
0.240043
0.234748
0.290229
0.285395
0.297443
0.310651
0.321625
0.32875
0.33221
0.332701
0.330911
0.327409
0.32264
0.316949
0.310602
0.303807
0.296725
0.289482
0.282175
0.274878
0.267647
0.260538
0.253609
0.246834
0.240017
0.233348
0.228466
0.257412
0.253748
0.267389
0.282656
0.295787
0.30497
0.310319
0.312519
0.312271
0.310163
0.306656
0.302109
0.296801
0.290952
0.284731
0.278274
0.271685
0.265046
0.258417
0.25186
0.245441
0.239138
0.23274
0.226418
0.221948
0.22408
0.221587
0.236802
0.254122
0.269424
0.280686
0.287947
0.29188
0.293199
0.292507
0.290282
0.286897
0.282647
0.27776
0.272416
0.26676
0.260904
0.254935
0.24892
0.242926
0.237027
0.231206
0.225237
0.219263
0.215202
0.190359
0.189033
0.205793
0.22515
0.242622
0.255975
0.265165
0.270848
0.27375
0.27449
0.273562
0.271356
0.268177
0.264265
0.259812
0.254969
0.249856
0.244569
0.239178
0.233756
0.228385
0.223056
0.217522
0.211896
0.208237
0.156378
0.156211
0.174474
0.195838
0.21547
0.230916
0.242041
0.249485
0.253979
0.256162
0.256543
0.255526
0.253428
0.250502
0.246949
0.242928
0.238568
0.233971
0.229213
0.22437
0.219535
0.214706
0.209612
0.204326
0.201056
0.122267
0.123243
0.142959
0.166287
0.188056
0.205586
0.218646
0.227853
0.233945
0.237576
0.239271
0.239449
0.238439
0.236505
0.233858
0.230667
0.227067
0.223166
0.219046
0.214788
0.210494
0.206173
0.201524
0.196561
0.19366
0.0881552
0.0902535
0.111362
0.136601
0.160471
0.180066
0.195052
0.206016
0.213705
0.218783
0.221793
0.223167
0.223248
0.222309
0.220573
0.218214
0.215378
0.212178
0.208701
0.205031
0.20128
0.197477
0.193284
0.188618
0.186036
0.054173
0.0573669
0.0797991
0.10688
0.132805
0.154435
0.171328
0.184039
0.193314
0.199834
0.204155
0.206723
0.207893
0.207949
0.207123
0.205599
0.203528
0.201031
0.198201
0.19512
0.191911
0.188634
0.18492
0.180515
0.178144
0.0204493
0.0247065
0.0483852
0.0772269
0.105148
0.128774
0.147547
0.161984
0.172832
0.180781
0.186404
0.190158
0.192412
0.19346
0.193541
0.192849
0.191543
0.18975
0.187568
0.185078
0.182406
0.179655
0.176477
0.172354
0.169942
-0.0128884
-0.00760548
0.0172348
0.0477441
0.0775897
0.103161
0.123779
0.139915
0.152314
0.161676
0.168586
0.173516
0.176844
0.178875
0.179859
0.179996
0.17945
0.178359
0.176825
0.174928
0.172786
0.170546
0.167965
0.164258
0.161205
-0.0457137
-0.0394479
-0.0135391
0.018532
0.0502192
0.0776749
0.100094
0.117895
0.131816
0.142568
0.150747
0.156836
0.161225
0.16423
0.166107
0.167065
0.167276
0.166882
0.165994
0.164693
0.163076
0.161299
0.159315
0.156502
0.152374
-0.0779002
-0.0706992
-0.0438269
-0.0103098
0.0231246
0.0523938
0.0765594
0.0959844
0.111395
0.123508
0.132932
0.140161
0.145595
0.149559
0.152317
0.154087
0.155046
0.155342
0.155096
0.154393
0.15331
0.15199
0.150558
0.148728
0.14534
-0.109342
-0.101224
-0.0735248
-0.0386837
-0.00360783
0.0273932
0.0532444
0.0742443
0.091104
0.104545
0.115185
0.12353
0.129988
0.134893
0.138519
0.141088
0.142785
0.143764
0.144152
0.144045
0.143513
0.142668
0.141751
0.140836
0.138453
-0.140023
-0.130847
-0.102539
-0.0664935
-0.0298935
0.0027475
0.0302144
0.0527337
0.0709968
0.0857272
0.0975507
0.106982
0.11444
0.120267
0.124741
0.128095
0.130517
0.132168
0.133182
0.133665
0.133687
0.133334
0.132885
0.132651
0.131155
-0.169745
-0.15955
-0.130799
-0.0936438
-0.0556507
-0.0214712
0.00753377
0.0315102
0.0511249
0.0671006
0.0800702
0.0905567
0.0989872
0.105711
0.111014
0.115134
0.118267
0.120577
0.122205
0.123265
0.123833
0.123975
0.123969
0.124246
0.12341
-0.198361
-0.187158
-0.158284
-0.120042
-0.0808004
-0.045193
-0.0147355
0.0106291
0.0315382
0.0487108
0.0627847
0.0742904
0.0836621
0.0912559
0.0973649
0.102231
0.106057
0.109011
0.111238
0.11286
0.113959
0.11459
0.115021
0.115738
0.115399
-0.225785
-0.21365
-0.184767
-0.145613
-0.105264
-0.0683501
-0.0365336
-0.00985586
0.012285
0.0306011
0.0457336
0.0582189
0.0684977
0.076932
0.0838205
0.0894109
0.0939095
0.0974895
0.1003
0.102468
0.10408
0.105188
0.106047
0.107172
0.107274
-0.251931
-0.238982
-0.209987
-0.170383
-0.128962
-0.090878
-0.0578034
-0.0298936
-0.0065889
0.0128132
0.0289547
0.0423767
0.0535253
0.0627675
0.0704071
0.0766963
0.0818457
0.0860322
0.0894076
0.0921044
0.0942138
0.0957839
0.097057
0.0985608
0.0990834
-0.276721
-0.263057
-0.233993
-0.194167
-0.151817
-0.112717
-0.0784895
-0.0494352
-0.0250396
-0.00461334
0.012484
0.0267965
0.0387746
0.0487898
0.0571497
0.0641106
0.0698867
0.0746582
0.0785795
0.0817865
0.0843749
0.0863916
0.0880626
0.0899185
0.0908423
-0.300084
-0.285784
-0.256784
-0.216705
-0.173893
-0.133808
-0.0985394
-0.068435
-0.0430256
-0.021641
-0.00364456
0.0115094
0.0242742
0.0350247
0.044072
0.0516755
0.0580526
0.0633861
0.0678325
0.0715302
0.0745794
0.077027
0.0790811
0.0812673
0.0825728
-0.321966
-0.307082
-0.278291
-0.238131
-0.194961
-0.154081
-0.117905
-0.0868496
-0.0605083
-0.0382348
-0.0193989
-0.00345548
0.0100507
0.0214969
0.0311968
0.0394121
0.0463627
0.0522336
0.0571832
0.0613515
0.0648428
0.0677054
0.0701291
0.0726289
0.0743021
-0.342317
-0.326893
-0.298437
-0.258401
-0.214961
-0.173504
-0.136541
-0.104638
-0.0774517
-0.0543619
-0.0347492
-0.0180707
-0.00387066
0.00822961
0.0185453
0.02734
0.0348353
0.0412181
0.0466478
0.0512657
0.0551802
0.0584417
0.0612219
0.0640216
0.0660514
-0.361091
-0.34517
-0.317163
-0.277435
-0.233897
-0.192016
-0.154406
-0.121765
-0.0938226
-0.0699925
-0.0496681
-0.032311
-0.0174666
-0.00475573
0.00613755
0.0154778
0.0234878
0.0303556
0.0362415
0.0412878
0.045606
0.04925
0.0523738
0.0554606
0.0578363
-0.378253
-0.36188
-0.334424
-0.295177
-0.251732
-0.209581
-0.171465
-0.138195
-0.109591
-0.0850992
-0.0641303
-0.0461532
-0.0307158
-0.0174392
-0.00600786
0.00384284
0.0123364
0.0196615
0.0259791
0.0314316
0.036134
0.0401433
0.0435973
0.0469591
0.0496692
-0.393777
-0.376996
-0.35019
-0.311585
-0.26842
-0.226167
-0.187685
-0.153904
-0.124729
-0.0996574
-0.0781132
-0.0595762
-0.0435987
-0.0298025
-0.0178739
-0.00754881
0.0013962
0.00915017
0.0158741
0.0217104
0.0267767
0.0311339
0.0349044
0.0385292
0.0415615
-0.407652
-0.390504
-0.364439
-0.326628
-0.283926
-0.241742
-0.203037
-0.168867
-0.139217
-0.113644
-0.0915966
-0.0725609
-0.0560982
-0.0418291
-0.0294449
-0.0186825
-0.00931884
-0.0011652
0.0059392
0.0121363
0.0175458
0.0222329
0.0263055
0.0301812
0.0335235
-0.419873
-0.4024
-0.377155
-0.340284
-0.298221
-0.256278
-0.217497
-0.183058
-0.153039
-0.127046
-0.104561
-0.0850902
-0.0681994
-0.053504
-0.040707
-0.029545
-0.0197961
-0.0112725
-0.00381407
0.00272044
0.00845214
0.0134504
0.0178102
0.0219245
0.0255639
-0.43045
-0.412695
-0.388336
-0.352536
-0.311287
-0.269756
-0.231045
-0.196459
-0.166171
-0.139847
-0.117001
-0.0971462
-0.0798891
-0.0648136
-0.0516479
-0.0401244
-0.0300242
-0.0211608
-0.0133752
-0.00652708
-0.00049452
0.00479575
0.00942681
0.0137669
0.0176906
-0.439404
-0.421409
-0.397987
-0.363379
-0.323109
-0.282158
-0.243666
-0.209055
-0.178601
-0.152032
-0.128901
-0.10874
-0.0911428
-0.0757462
-0.0622571
-0.0504103
-0.0399931
-0.0308204
-0.0227347
-0.0155971
-0.00928542
-0.00372264
0.00116263
0.00571458
0.00991111
-0.446765
-0.428574
-0.406127
-0.372816
-0.33368
-0.293474
-0.25535
-0.220839
-0.190319
-0.163591
-0.140246
-0.11984
-0.101972
-0.0862989
-0.0725232
-0.0603937
-0.049694
-0.0402427
-0.0318843
-0.0244815
-0.0179129
-0.012097
-0.00697556
-0.00222871
0.0022326
-0.452575
-0.434234
-0.412785
-0.380861
-0.343002
-0.303699
-0.266091
-0.231803
-0.201321
-0.174518
-0.15103
-0.130442
-0.112364
-0.0964622
-0.0824457
-0.070068
-0.0591186
-0.0494202
-0.0408168
-0.033173
-0.0263703
-0.0203201
-0.0149804
-0.0100625
-0.00533943
-0.456887
-0.438442
-0.418002
-0.387535
-0.351083
-0.312835
-0.275885
-0.241945
-0.211603
-0.18481
-0.161252
-0.140542
-0.12231
-0.106228
-0.0920148
-0.0794287
-0.068265
-0.0583478
-0.0495251
-0.0416651
-0.0346521
-0.0283862
-0.0228428
-0.0177863
-0.0128066
-0.459763
-0.44126
-0.421827
-0.392871
-0.35794
-0.320888
-0.284735
-0.251266
-0.221165
-0.194468
-0.170912
-0.150142
-0.131808
-0.115594
-0.101226
-0.0884698
-0.0771257
-0.0670209
-0.0580071
-0.049956
-0.0427504
-0.0362925
-0.030554
-0.025389
-0.020194
-0.461273
-0.442763
-0.424322
-0.39691
-0.363595
-0.32787
-0.29265
-0.259769
-0.230012
-0.203494
-0.18001
-0.159241
-0.140858
-0.124557
-0.110077
-0.0971884
-0.0856971
-0.0754348
-0.0662569
-0.058038
-0.0506643
-0.0440388
-0.0381229
-0.0328161
-0.0275684
-0.461496
-0.44303
-0.425556
-0.399704
-0.368082
-0.3338
-0.299639
-0.267465
-0.238148
-0.211892
-0.18855
-0.167841
-0.149461
-0.133121
-0.118568
-0.105583
-0.0939774
-0.083587
-0.0742711
-0.0659077
-0.0583878
-0.0516144
-0.0455395
-0.040093
-0.0349239
-0.460519
-0.442148
-0.425608
-0.401311
-0.371438
-0.338703
-0.305719
-0.274363
-0.245585
-0.21967
-0.196538
-0.175948
-0.15762
-0.141285
-0.126701
-0.113655
-0.101966
-0.0914764
-0.0820481
-0.0735632
-0.0659168
-0.0590144
-0.0528017
-0.0472235
-0.0420204
-0.458433
-0.440211
-0.424565
-0.401801
-0.373711
-0.342608
-0.31091
-0.280479
-0.252333
-0.226839
-0.203982
-0.183567
-0.165342
-0.149055
-0.134477
-0.121405
-0.109665
-0.0991032
-0.0895876
-0.0810034
-0.0732495
-0.0662347
-0.0599
-0.0541885
-0.0488678
-0.455336
-0.437318
-0.422517
-0.401249
-0.374955
-0.345551
-0.315236
-0.28583
-0.258407
-0.233411
-0.210894
-0.190708
-0.172632
-0.156435
-0.141901
-0.128837
-0.117075
-0.106468
-0.0968899
-0.088228
-0.0803853
-0.0732732
-0.0668295
-0.0609935
-0.0555426
-0.451327
-0.433568
-0.419564
-0.399738
-0.375232
-0.347574
-0.318726
-0.290438
-0.263824
-0.2394
-0.217285
-0.197381
-0.1795
-0.163433
-0.148978
-0.135954
-0.124199
-0.113574
-0.103956
-0.0952382
-0.0873251
-0.0801313
-0.0735931
-0.0676516
-0.0620877
-0.44651
-0.429065
-0.415806
-0.397356
-0.374608
-0.348725
-0.321411
-0.294326
-0.268602
-0.244822
-0.223169
-0.203597
-0.185956
-0.170057
-0.155716
-0.142762
-0.131042
-0.120424
-0.11079
-0.102036
-0.0940712
-0.0868125
-0.080196
-0.0741689
-0.0685138
-0.440987
-0.423911
-0.411346
-0.394196
-0.373157
-0.349055
-0.323328
-0.29752
-0.272763
-0.249694
-0.228561
-0.209372
-0.192011
-0.176317
-0.162122
-0.149267
-0.13761
-0.127023
-0.117394
-0.108624
-0.100626
-0.0933201
-0.0866419
-0.0805469
-0.0748216
-0.434861
-0.418207
-0.406287
-0.390355
-0.370958
-0.348622
-0.324517
-0.300049
-0.276329
-0.254037
-0.233479
-0.214718
-0.197677
-0.182223
-0.168206
-0.155478
-0.143908
-0.133375
-0.123773
-0.115007
-0.106994
-0.0996574
-0.0929334
-0.0867866
-0.0810133
-0.428234
-0.412055
-0.400733
-0.38593
-0.368094
-0.347488
-0.325023
-0.301946
-0.279325
-0.257869
-0.23794
-0.219652
-0.20297
-0.187788
-0.173977
-0.161403
-0.149944
-0.139487
-0.129932
-0.121188
-0.113178
-0.105827
-0.0990732
-0.0928888
-0.08709
-0.421204
-0.405547
-0.394782
-0.381021
-0.364649
-0.34572
-0.324893
-0.303242
-0.281775
-0.261211
-0.241962
-0.22419
-0.207902
-0.193025
-0.179447
-0.167052
-0.155727
-0.145366
-0.135877
-0.127174
-0.119182
-0.111833
-0.105064
-0.0988542
-0.0930482
-0.413864
-0.398777
-0.38853
-0.375722
-0.360713
-0.343388
-0.324177
-0.303976
-0.283706
-0.264087
-0.245564
-0.228349
-0.212491
-0.197946
-0.184629
-0.172435
-0.161264
-0.15102
-0.141614
-0.132968
-0.125011
-0.117678
-0.110908
-0.104683
-0.0988844
-0.406303
-0.391827
-0.382066
-0.370129
-0.356373
-0.340564
-0.322931
-0.304185
-0.285148
-0.266517
-0.248765
-0.232146
-0.21675
-0.202567
-0.189533
-0.177563
-0.166567
-0.156456
-0.147151
-0.138577
-0.130669
-0.123366
-0.116608
-0.110378
-0.104598
-0.398605
-0.384776
-0.375476
-0.364329
-0.351716
-0.337324
-0.321212
-0.30391
-0.286128
-0.268524
-0.251584
-0.235598
-0.220697
-0.206902
-0.194175
-0.182448
-0.171644
-0.161684
-0.152495
-0.144008
-0.136162
-0.128901
-0.122168
-0.115942
-0.11019
-0.390846
-0.377696
-0.368835
-0.358407
-0.346826
-0.333742
-0.319078
-0.303196
-0.286679
-0.270132
-0.254041
-0.238723
-0.224346
-0.210964
-0.198566
-0.187102
-0.176507
-0.166713
-0.157654
-0.149267
-0.141495
-0.134289
-0.127592
-0.121377
-0.115663
-0.383095
-0.37065
-0.362211
-0.352437
-0.341784
-0.329895
-0.316592
-0.302086
-0.286832
-0.271364
-0.256154
-0.241537
-0.227713
-0.21477
-0.20272
-0.191536
-0.181166
-0.171552
-0.162636
-0.154362
-0.146676
-0.139534
-0.132884
-0.126689
-0.12102
-0.375415
-0.363694
-0.355664
-0.346488
-0.336664
-0.325855
-0.313816
-0.300629
-0.286621
-0.272245
-0.257941
-0.244056
-0.230814
-0.218332
-0.206651
-0.195763
-0.185632
-0.176212
-0.167451
-0.1593
-0.151711
-0.144642
-0.138049
-0.131881
-0.126265
-0.36786
-0.356876
-0.349247
-0.34062
-0.331534
-0.321692
-0.310813
-0.298873
-0.286081
-0.272798
-0.259422
-0.246295
-0.233661
-0.221664
-0.210372
-0.199796
-0.189918
-0.180703
-0.172108
-0.16409
-0.156606
-0.149619
-0.143092
-0.136958
-0.131399
-0.360477
-0.350235
-0.343001
-0.334884
-0.326456
-0.317472
-0.307645
-0.29687
-0.285248
-0.273049
-0.260614
-0.248269
-0.236268
-0.22478
-0.213894
-0.203646
-0.194034
-0.185035
-0.176616
-0.16874
-0.16137
-0.154472
-0.148019
-0.141925
-0.136428
-0.353305
-0.343806
-0.336962
-0.329321
-0.32148
-0.313255
-0.30437
-0.294669
-0.284162
-0.273024
-0.261535
-0.249991
-0.238648
-0.227689
-0.21723
-0.207325
-0.197991
-0.189218
-0.180984
-0.173258
-0.16601
-0.159207
-0.152835
-0.146786
-0.141356
-0.346377
-0.337615
-0.331158
-0.323965
-0.316652
-0.309095
-0.301046
-0.292323
-0.282861
-0.272752
-0.262203
-0.251474
-0.240809
-0.230403
-0.220389
-0.210844
-0.2018
-0.193263
-0.185222
-0.177653
-0.170533
-0.16383
-0.157545
-0.151548
-0.146186
-0.339719
-0.331681
-0.325608
-0.318841
-0.312005
-0.305035
-0.297724
-0.289879
-0.281387
-0.272261
-0.262639
-0.252731
-0.242763
-0.232931
-0.223382
-0.214211
-0.205471
-0.19718
-0.189339
-0.181934
-0.174948
-0.16835
-0.162157
-0.156215
-0.150923
-0.333351
-0.326018
-0.320325
-0.313967
-0.307566
-0.301115
-0.294449
-0.287386
-0.27978
-0.271581
-0.26286
-0.253773
-0.244516
-0.235278
-0.226214
-0.217435
-0.209012
-0.200978
-0.193345
-0.186109
-0.179262
-0.172774
-0.166675
-0.160793
-0.155572
-0.327286
-0.320636
-0.315319
-0.309354
-0.303355
-0.297363
-0.291262
-0.284888
-0.27808
-0.270745
-0.26289
-0.254614
-0.246077
-0.23745
-0.228891
-0.220523
-0.212431
-0.204664
-0.197247
-0.190187
-0.183483
-0.177108
-0.171108
-0.165287
-0.160138
-0.321534
-0.31554
-0.310591
-0.305007
-0.299384
-0.293803
-0.288194
-0.282422
-0.276328
-0.269785
-0.26275
-0.255267
-0.247451
-0.239451
-0.231417
-0.223479
-0.215734
-0.208246
-0.201055
-0.194176
-0.18762
-0.18136
-0.175461
-0.169705
-0.164626
-0.316099
-0.310729
-0.306142
-0.300927
-0.295657
-0.290447
-0.285271
-0.280025
-0.274559
-0.268734
-0.262465
-0.255747
-0.248648
-0.241284
-0.233794
-0.226305
-0.218924
-0.21173
-0.204774
-0.198083
-0.19168
-0.185537
-0.17974
-0.174051
-0.16904
-0.310982
-0.306203
-0.301968
-0.29711
-0.292175
-0.287306
-0.282512
-0.277723
-0.272808
-0.267625
-0.262061
-0.25607
-0.249673
-0.242951
-0.236019
-0.228999
-0.222003
-0.215117
-0.208409
-0.201914
-0.195669
-0.189647
-0.183953
-0.178331
-0.173387
-0.306181
-0.301956
-0.29806
-0.293549
-0.288935
-0.284382
-0.27993
-0.275539
-0.271104
-0.266488
-0.261565
-0.256254
-0.250536
-0.244453
-0.238092
-0.23156
-0.224968
-0.21841
-0.211963
-0.205674
-0.199593
-0.193696
-0.188106
-0.182552
-0.17767
-0.30169
-0.29798
-0.294412
-0.290235
-0.28593
-0.281672
-0.27753
-0.27349
-0.269472
-0.265352
-0.261003
-0.25632
-0.251249
-0.245794
-0.240009
-0.233982
-0.227815
-0.221604
-0.215435
-0.209365
-0.203457
-0.197689
-0.192206
-0.18672
-0.181896
-0.297502
-0.294267
-0.291012
-0.287158
-0.283149
-0.279173
-0.275314
-0.271585
-0.26793
-0.264244
-0.260402
-0.256289
-0.251824
-0.246977
-0.241768
-0.236259
-0.230537
-0.224695
-0.218824
-0.212987
-0.207264
-0.201632
-0.196259
-0.190842
-0.186072
-0.293607
-0.290807
-0.28785
-0.284305
-0.280583
-0.276874
-0.27328
-0.269831
-0.266494
-0.263183
-0.259786
-0.256184
-0.252278
-0.248009
-0.243366
-0.238381
-0.233122
-0.227671
-0.22212
-0.216536
-0.211011
-0.205526
-0.200269
-0.194924
-0.190205
-0.289993
-0.287589
-0.284912
-0.281663
-0.278218
-0.274768
-0.271422
-0.268229
-0.265173
-0.262189
-0.259179
-0.256027
-0.252628
-0.248901
-0.244805
-0.240343
-0.23556
-0.230521
-0.225313
-0.220003
-0.214696
-0.209372
-0.20424
-0.198971
-0.194309
-0.286647
-0.284599
-0.282186
-0.27922
-0.276042
-0.272841
-0.269733
-0.266776
-0.263972
-0.261273
-0.258598
-0.255841
-0.252894
-0.249663
-0.246086
-0.242139
-0.237837
-0.233228
-0.228387
-0.223376
-0.218308
-0.213164
-0.208174
-0.202991
-0.198395
-0.283554
-0.281824
-0.27966
-0.276961
-0.274041
-0.271081
-0.268201
-0.265467
-0.262892
-0.260445
-0.25806
-0.255645
-0.253095
-0.250312
-0.247218
-0.243764
-0.239942
-0.235775
-0.231322
-0.226635
-0.221833
-0.216891
-0.212067
-0.206984
-0.202501
-0.2807
-0.279251
-0.277318
-0.274874
-0.272202
-0.269476
-0.266816
-0.264293
-0.26193
-0.259708
-0.257576
-0.255455
-0.25325
-0.250864
-0.24821
-0.245221
-0.241867
-0.238145
-0.234096
-0.229758
-0.225248
-0.220535
-0.215909
-0.210955
-0.206629
-0.278066
-0.276865
-0.275147
-0.272944
-0.27051
-0.268011
-0.265566
-0.263246
-0.261081
-0.259064
-0.257154
-0.255287
-0.253379
-0.251338
-0.249076
-0.246515
-0.243606
-0.240323
-0.236688
-0.232718
-0.228524
-0.224072
-0.219671
-0.214891
-0.210859
-0.275636
-0.274651
-0.273133
-0.271157
-0.268951
-0.266673
-0.264436
-0.262313
-0.260337
-0.258507
-0.256795
-0.255148
-0.253495
-0.251752
-0.249832
-0.247656
-0.24516
-0.2423
-0.239077
-0.235487
-0.23163
-0.227462
-0.223327
-0.218747
-0.215054
-0.27339
-0.272595
-0.271261
-0.2695
-0.267513
-0.265448
-0.263414
-0.261482
-0.259687
-0.258033
-0.2565
-0.255046
-0.25361
-0.252121
-0.250496
-0.248658
-0.246535
-0.244072
-0.241246
-0.238041
-0.234527
-0.230687
-0.226735
-0.222771
-0.218452
-0.271307
-0.270684
-0.269517
-0.267958
-0.26618
-0.264322
-0.262486
-0.26074
-0.25912
-0.257632
-0.256264
-0.254981
-0.253733
-0.252459
-0.251085
-0.249538
-0.247744
-0.245641
-0.243189
-0.240362
-0.237176
-0.233719
-0.229858
-0.226716
-0.221494
-0.269376
-0.268898
-0.267887
-0.266519
-0.26494
-0.263281
-0.261637
-0.260073
-0.258622
-0.257294
-0.256079
-0.254951
-0.253867
-0.252776
-0.251614
-0.250313
-0.248803
-0.247019
-0.244905
-0.24244
-0.239554
-0.23651
-0.232646
-0.230217
-0.224143
-0.267576
-0.267225
-0.266359
-0.265169
-0.26378
-0.262312
-0.260855
-0.259466
-0.258179
-0.257005
-0.255936
-0.254949
-0.254011
-0.253077
-0.252093
-0.250999
-0.249729
-0.24822
-0.246403
-0.244273
-0.241652
-0.239024
-0.235092
-0.233306
-0.226327
-0.265888
-0.265653
-0.264919
-0.263897
-0.262688
-0.261403
-0.260125
-0.258907
-0.25778
-0.256753
-0.255822
-0.254968
-0.254161
-0.253364
-0.252532
-0.25161
-0.25054
-0.249264
-0.247702
-0.245871
-0.243479
-0.241251
-0.23722
-0.236096
-0.228099
-0.264296
-0.264166
-0.263555
-0.262691
-0.261652
-0.260542
-0.259435
-0.258381
-0.257408
-0.256525
-0.255726
-0.254996
-0.25431
-0.253635
-0.252932
-0.252156
-0.251252
-0.250169
-0.248822
-0.247248
-0.245058
-0.243196
-0.239068
-0.238636
-0.22955
-0.262786
-0.262751
-0.26226
-0.261541
-0.260663
-0.259718
-0.258775
-0.257879
-0.257053
-0.256307
-0.255635
-0.255023
-0.254448
-0.253883
-0.253294
-0.252641
-0.251876
-0.250952
-0.249785
-0.248424
-0.246419
-0.244869
-0.240685
-0.240908
-0.230766
-0.261343
-0.261401
-0.26102
-0.260438
-0.25971
-0.258922
-0.258134
-0.257387
-0.256703
-0.256088
-0.255537
-0.255036
-0.254566
-0.254102
-0.253614
-0.253066
-0.252418
-0.251627
-0.250611
-0.249422
-0.247592
-0.246279
-0.242121
-0.242872
-0.231846
-0.259956
-0.260106
-0.259828
-0.259375
-0.258786
-0.258145
-0.257504
-0.256899
-0.256348
-0.255857
-0.25542
-0.255025
-0.254653
-0.254282
-0.253885
-0.253431
-0.252883
-0.252202
-0.251313
-0.25026
-0.248601
-0.24744
-0.243423
-0.24449
-0.232901
-0.258615
-0.258857
-0.258676
-0.258343
-0.257888
-0.257382
-0.256878
-0.256405
-0.25598
-0.255606
-0.255277
-0.254981
-0.254701
-0.254416
-0.254102
-0.253731
-0.25327
-0.252681
-0.251902
-0.250954
-0.249463
-0.248374
-0.244618
-0.245744
-0.257312
-0.25765
-0.25756
-0.257338
-0.257006
-0.256628
-0.25625
-0.255901
-0.255592
-0.255327
-0.255099
-0.254896
-0.254701
-0.254496
-0.254258
-0.253962
-0.253577
-0.253068
-0.252381
-0.251518
-0.250184
-0.249111
-0.245707
-0.246652
-0.256042
-0.256478
-0.256476
-0.256358
-0.25614
-0.255879
-0.255618
-0.255382
-0.255182
-0.255018
-0.254882
-0.254764
-0.254649
-0.254517
-0.254348
-0.254119
-0.253801
-0.253361
-0.252754
-0.251961
-0.250768
-0.249679
-0.246672
-0.247261
-0.254799
-0.25534
-0.255419
-0.2554
-0.255287
-0.255134
-0.25498
-0.254848
-0.254746
-0.254674
-0.254624
-0.254584
-0.25454
-0.254475
-0.254369
-0.254199
-0.253941
-0.253562
-0.253021
-0.252288
-0.251215
-0.250102
-0.247485
-0.253584
-0.254233
-0.254391
-0.254464
-0.254447
-0.254392
-0.254336
-0.254298
-0.254285
-0.254296
-0.254323
-0.254354
-0.254375
-0.25437
-0.25432
-0.254203
-0.253997
-0.25367
-0.253185
-0.252505
-0.251527
-0.250398
-0.248128
-0.252395
-0.253157
-0.25339
-0.253549
-0.25362
-0.253655
-0.253686
-0.253733
-0.2538
-0.253886
-0.253982
-0.254076
-0.254155
-0.254203
-0.254202
-0.254133
-0.253971
-0.253688
-0.25325
-0.252616
-0.251712
-0.250581
-0.248596
-0.251235
-0.252114
-0.252418
-0.252657
-0.25281
-0.252924
-0.253035
-0.253157
-0.253296
-0.253448
-0.253605
-0.253755
-0.253885
-0.253979
-0.254022
-0.253992
-0.253868
-0.253623
-0.253223
-0.252629
-0.251783
-0.250665
-0.250108
-0.251106
-0.251479
-0.251792
-0.252018
-0.252205
-0.252386
-0.252575
-0.252777
-0.252987
-0.253197
-0.253396
-0.25357
-0.253705
-0.253784
-0.253789
-0.253697
-0.253484
-0.253116
-0.252556
-0.251756
-0.250668
-0.249019
-0.250137
-0.250575
-0.250956
-0.25125
-0.251501
-0.251744
-0.251992
-0.252249
-0.252509
-0.252766
-0.253007
-0.25322
-0.253389
-0.2535
-0.253533
-0.253469
-0.253281
-0.252941
-0.252412
-0.251654
-0.25061
-0.247973
-0.249212
-0.24971
-0.250156
-0.250509
-0.250819
-0.251116
-0.251415
-0.251719
-0.252024
-0.25232
-0.252598
-0.252843
-0.253042
-0.253178
-0.253236
-0.253195
-0.25303
-0.252714
-0.252215
-0.251499
-0.250511
-0.246978
-0.248336
-0.248892
-0.249396
-0.249803
-0.250163
-0.250508
-0.250852
-0.251197
-0.251539
-0.251869
-0.252177
-0.25245
-0.252673
-0.252833
-0.252911
-0.252889
-0.252745
-0.252453
-0.251984
-0.25131
-0.246042
-0.247515
-0.248124
-0.248681
-0.249137
-0.249541
-0.249928
-0.250309
-0.250689
-0.251063
-0.251423
-0.251756
-0.252052
-0.252297
-0.252475
-0.252571
-0.252567
-0.252442
-0.252173
-0.251736
-0.251106
-0.245172
-0.246755
-0.247413
-0.248018
-0.248517
-0.248959
-0.249382
-0.249796
-0.250206
-0.250607
-0.25099
-0.251346
-0.251661
-0.251923
-0.252118
-0.25223
-0.252241
-0.252135
-0.25189
-0.251486
-0.250904
-0.244378
-0.246063
-0.246765
-0.247413
-0.247949
-0.248425
-0.248878
-0.24932
-0.249755
-0.250178
-0.250582
-0.250956
-0.251288
-0.251565
-0.251774
-0.2519
-0.251927
-0.251839
-0.251618
-0.251249
-0.250717
-0.243666
-0.245445
-0.246187
-0.246872
-0.24744
-0.247945
-0.248423
-0.248888
-0.249344
-0.249786
-0.250207
-0.250597
-0.250943
-0.251233
-0.251455
-0.251593
-0.251635
-0.251566
-0.251371
-0.251037
-0.250556
-0.243045
-0.244907
-0.245683
-0.246401
-0.246996
-0.247525
-0.248024
-0.248509
-0.248981
-0.24944
-0.249875
-0.250277
-0.250636
-0.250937
-0.251171
-0.251322
-0.251378
-0.251327
-0.251157
-0.250858
-0.250427
-0.242521
-0.244455
-0.245259
-0.246005
-0.246622
-0.24717
-0.247687
-0.248187
-0.248674
-0.249145
-0.249593
-0.250006
-0.250375
-0.250687
-0.250931
-0.251094
-0.251165
-0.251132
-0.250986
-0.250722
-0.250336
-0.242101
-0.244093
-0.244921
-0.245688
-0.246323
-0.246887
-0.247417
-0.24793
-0.248428
-0.24891
-0.249367
-0.24979
-0.250168
-0.25049
-0.250744
-0.250918
-0.251003
-0.250988
-0.250866
-0.250632
-0.250289
-0.24179
-0.243826
-0.244671
-0.245454
-0.246103
-0.246678
-0.247219
-0.247741
-0.248248
-0.248738
-0.249204
-0.249635
-0.250021
-0.250352
-0.250615
-0.250801
-0.250899
-0.2509
-0.2508
-0.250595
-0.241592
-0.243657
-0.244513
-0.245306
-0.245964
-0.246547
-0.247095
-0.247624
-0.248138
-0.248634
-0.249106
-0.249545
-0.249939
-0.250277
-0.25055
-0.250746
-0.250857
-0.250874
-0.250793
-0.250613
-0.241509
-0.243587
-0.244448
-0.245247
-0.245909
-0.246496
-0.247048
-0.247581
-0.248099
-0.248601
-0.249078
-0.249522
-0.249923
-0.250269
-0.25055
-0.250757
-0.25088
-0.250911
-0.250848
-0.250688
0.277524
0.255476
0.235559
0.221377
0.208139
0.198674
0.189638
0.183146
0.176866
0.172333
0.167943
0.16479
0.161759
0.159604
0.157571
0.156178
0.15492
0.154152
0.153529
0.153322
0.277261
0.255303
0.235428
0.221286
0.208067
0.198621
0.189594
0.183111
0.176838
0.172309
0.167922
0.164771
0.161743
0.159588
0.157557
0.156165
0.154908
0.154141
0.153518
0.153311
0.276733
0.254954
0.235165
0.221102
0.207921
0.198512
0.189505
0.183041
0.17678
0.172259
0.167879
0.164733
0.161709
0.159558
0.15753
0.156139
0.154884
0.154117
0.153495
0.153289
0.27594
0.254429
0.23477
0.220825
0.207702
0.198349
0.189372
0.182934
0.176692
0.172185
0.167815
0.164676
0.161659
0.159511
0.157487
0.156099
0.154847
0.154081
0.153461
0.153254
0.274881
0.253729
0.234242
0.220456
0.20741
0.198131
0.189194
0.182792
0.176575
0.172086
0.167729
0.164599
0.161592
0.159449
0.157431
0.156045
0.154797
0.154033
0.153415
0.153209
0.273559
0.252854
0.233583
0.219994
0.207045
0.197858
0.188971
0.182614
0.176429
0.171961
0.167622
0.164503
0.161507
0.159371
0.157361
0.155979
0.154735
0.153972
0.153357
0.153152
0.271973
0.251807
0.232794
0.219441
0.206608
0.19753
0.188704
0.1824
0.176253
0.171812
0.167494
0.164389
0.161407
0.159277
0.157276
0.155899
0.15466
0.1539
0.153288
0.153083
0.270125
0.250587
0.231874
0.218796
0.2061
0.197149
0.188394
0.182151
0.176048
0.171638
0.167345
0.164255
0.161289
0.159169
0.157178
0.155806
0.154574
0.153816
0.153208
0.153003
0.268016
0.249195
0.230826
0.21806
0.205521
0.196713
0.188041
0.181867
0.175814
0.171438
0.167176
0.164103
0.161155
0.159045
0.157066
0.155699
0.154475
0.153721
0.153116
0.152912
0.265649
0.247633
0.22965
0.217234
0.204872
0.196224
0.187645
0.181547
0.175551
0.171219
0.166986
0.163932
0.161005
0.158906
0.15694
0.15558
0.154364
0.153613
0.153014
0.15281
0.263026
0.245901
0.228349
0.216317
0.204154
0.195681
0.187208
0.181193
0.175257
0.170956
0.166776
0.163743
0.160839
0.158752
0.156801
0.155449
0.154242
0.153495
0.1529
0.152697
0.260149
0.244
0.226922
0.21531
0.203368
0.195085
0.186729
0.180804
0.174934
0.170707
0.166551
0.163537
0.160657
0.158584
0.156649
0.155305
0.154107
0.153365
0.152775
0.152574
0.257021
0.241932
0.225372
0.214214
0.202516
0.194436
0.186209
0.180381
0.174582
0.170404
0.166302
0.163314
0.16046
0.158402
0.156484
0.155148
0.153961
0.153224
0.15264
0.152439
0.253646
0.239698
0.223702
0.21303
0.201598
0.193734
0.18565
0.179924
0.174206
0.170081
0.166029
0.163074
0.160248
0.158205
0.156306
0.15498
0.153804
0.153071
0.152494
0.152294
0.250028
0.237299
0.221912
0.211756
0.200616
0.192981
0.185051
0.179434
0.173802
0.169732
0.165763
0.16282
0.16002
0.157995
0.156115
0.154799
0.153636
0.152909
0.152338
0.152139
0.246172
0.234737
0.220005
0.210395
0.19957
0.192176
0.184414
0.178912
0.173374
0.169361
0.165443
0.162546
0.159778
0.157771
0.155912
0.154608
0.153457
0.152735
0.152171
0.151973
0.242082
0.232012
0.217983
0.208946
0.198462
0.19132
0.183739
0.178357
0.17292
0.16897
0.165116
0.162253
0.159522
0.157535
0.155697
0.154404
0.153267
0.152552
0.151995
0.151798
0.237764
0.229126
0.215849
0.20741
0.197294
0.190414
0.183026
0.177771
0.172441
0.168556
0.164768
0.161947
0.159251
0.157285
0.15547
0.15419
0.153067
0.152358
0.151808
0.151613
0.233224
0.226079
0.213605
0.205787
0.196065
0.189459
0.182277
0.177153
0.171937
0.168121
0.164397
0.161603
0.158969
0.157023
0.155232
0.153965
0.152857
0.152155
0.151613
0.151419
0.228469
0.222873
0.211254
0.204079
0.194778
0.188455
0.181492
0.176505
0.171409
0.167665
0.164006
0.161301
0.158668
0.156749
0.154983
0.15373
0.152636
0.151942
0.151407
0.151215
0.223505
0.219508
0.208799
0.202285
0.193434
0.187403
0.180671
0.175828
0.170857
0.16719
0.163599
0.160919
0.158373
0.156467
0.154722
0.153485
0.152406
0.15172
0.151193
0.151002
0.218341
0.215985
0.206241
0.200407
0.192032
0.186304
0.179815
0.175121
0.170282
0.166694
0.163177
0.160545
0.15805
0.156174
0.154452
0.15323
0.152167
0.151489
0.15097
0.150781
0.212984
0.212305
0.203584
0.198446
0.190575
0.185159
0.178925
0.174386
0.169683
0.166179
0.162739
0.160154
0.157704
0.155838
0.154171
0.152965
0.151919
0.151249
0.150738
0.150551
0.207443
0.208469
0.200829
0.196404
0.189063
0.18397
0.178001
0.173623
0.169063
0.165646
0.162285
0.15975
0.157346
0.15557
0.153875
0.152692
0.151663
0.151001
0.150498
0.150313
0.201726
0.204477
0.197979
0.194281
0.187496
0.182737
0.177043
0.172834
0.16842
0.165094
0.161816
0.159333
0.156977
0.155208
0.153601
0.152412
0.151397
0.150745
0.15025
0.150066
0.195841
0.200329
0.195034
0.192081
0.185875
0.181461
0.176054
0.172019
0.167755
0.164524
0.161332
0.158904
0.156599
0.154863
0.153279
0.152118
0.151124
0.150481
0.149994
0.149813
0.189797
0.196023
0.191993
0.1898
0.184198
0.180142
0.175029
0.171176
0.167068
0.163936
0.160831
0.15846
0.156208
0.154508
0.152955
0.15183
0.150845
0.150209
0.149731
0.149551
0.183612
0.191586
0.188872
0.18745
0.18247
0.178783
0.173973
0.170309
0.166361
0.163331
0.160317
0.158006
0.155808
0.154144
0.152623
0.151515
0.150562
0.149929
0.14946
0.149283
0.177188
0.187037
0.185688
0.185084
0.180731
0.177432
0.172922
0.16945
0.165658
0.162732
0.159804
0.157552
0.155406
0.153777
0.152289
0.151201
0.150264
0.149651
0.149184
0.149009
0.170361
0.181913
0.182132
0.182416
0.178814
0.17594
0.17177
0.16851
0.164892
0.162079
0.15925
0.157062
0.154976
0.153385
0.151935
0.150871
0.149956
0.149352
0.148899
0.148727
0.156891
0.170351
0.17434
0.175766
0.173871
0.171768
0.168589
0.165818
0.162783
0.160274
0.157797
0.155798
0.15393
0.152458
0.151143
0.150151
0.149316
0.148746
0.148336
0.14818
0.145837
0.157684
0.16399
0.166869
0.16676
0.16585
0.1638
0.161839
0.159524
0.157542
0.155524
0.153866
0.15229
0.151036
0.149905
0.149047
0.14832
0.14782
0.14746
0.14733
0.134449
0.146614
0.154369
0.158434
0.159846
0.160009
0.159021
0.157821
0.156206
0.154741
0.153179
0.151864
0.150585
0.149554
0.148611
0.147891
0.147276
0.14685
0.146544
0.146436
0.12394
0.136643
0.145442
0.150519
0.153196
0.154317
0.154305
0.153819
0.152877
0.151907
0.150797
0.149816
0.148836
0.148025
0.147275
0.146693
0.146192
0.145843
0.145592
0.145504
0.114689
0.127691
0.13723
0.143159
0.146872
0.148844
0.1497
0.149878
0.149568
0.149072
0.148398
0.147744
0.147058
0.146466
0.145907
0.145464
0.145078
0.144806
0.144611
0.144542
0.106602
0.119695
0.129723
0.136345
0.140896
0.143618
0.145238
0.146029
0.146302
0.146258
0.146
0.145665
0.145264
0.144888
0.144518
0.144211
0.14394
0.143745
0.143606
0.143557
0.0994721
0.112549
0.122882
0.130053
0.13528
0.138655
0.140941
0.142295
0.143101
0.143486
0.14362
0.143592
0.143466
0.143302
0.143115
0.142945
0.142787
0.142669
0.142584
0.142554
0.0931623
0.106147
0.11666
0.124256
0.130024
0.133965
0.136828
0.138693
0.139983
0.140771
0.141272
0.141539
0.141676
0.141718
0.141709
0.141673
0.141625
0.141583
0.141551
0.14154
0.0875735
0.100405
0.111006
0.118924
0.125124
0.129549
0.132911
0.135238
0.136965
0.138128
0.13897
0.139519
0.139906
0.140146
0.140309
0.140403
0.140463
0.140494
0.140514
0.140522
0.08262
0.0952537
0.105875
0.114029
0.120572
0.125407
0.129199
0.131939
0.134059
0.135569
0.136727
0.137542
0.138164
0.138596
0.138922
0.139143
0.139305
0.13941
0.139479
0.139507
0.0782251
0.0906332
0.101222
0.109542
0.116355
0.121535
0.125696
0.128803
0.131275
0.133104
0.134553
0.135618
0.13646
0.137075
0.137556
0.1379
0.138161
0.138335
0.138452
0.138499
0.0743219
0.0864886
0.097006
0.105437
0.112459
0.117928
0.122403
0.125836
0.128621
0.130742
0.132456
0.133756
0.134804
0.135591
0.136219
0.13668
0.137035
0.137277
0.137439
0.137506
0.0708527
0.0827711
0.0931897
0.101688
0.108869
0.114577
0.11932
0.123039
0.126103
0.128488
0.130446
0.131963
0.133202
0.134152
0.134918
0.135491
0.135935
0.136241
0.136445
0.136531
0.067768
0.0794378
0.0897389
0.0982698
0.10557
0.111474
0.116445
0.120413
0.123725
0.126349
0.128528
0.130245
0.131661
0.132764
0.133659
0.134337
0.134865
0.135233
0.135477
0.135581
0.0650251
0.076451
0.0866227
0.0951601
0.102546
0.108611
0.113774
0.11796
0.12149
0.124329
0.126708
0.128609
0.130188
0.131433
0.132448
0.133225
0.133831
0.134257
0.13454
0.134662
0.0625868
0.0737772
0.0838134
0.0923377
0.0997824
0.105978
0.111302
0.115677
0.119399
0.122431
0.12499
0.127059
0.128787
0.130163
0.13129
0.13216
0.132839
0.133319
0.133637
0.133776
0.0604214
0.0713873
0.0812863
0.0897831
0.0972658
0.103566
0.109025
0.113564
0.117453
0.120657
0.123378
0.125599
0.127463
0.12896
0.130191
0.131146
0.131893
0.132424
0.132775
0.13293
0.0585014
0.0692557
0.0790193
0.0874785
0.0949828
0.101366
0.106938
0.111617
0.115653
0.119009
0.121875
0.124233
0.126221
0.127829
0.129153
0.130187
0.130997
0.131575
0.131956
0.132126
0.056803
0.0673601
0.0769928
0.0854079
0.0929211
0.0993703
0.105035
0.109834
0.113998
0.117488
0.120482
0.122964
0.125063
0.126772
0.128182
0.129289
0.130156
0.130776
0.131186
0.13137
0.0553059
0.0656812
0.0751894
0.0835568
0.0910695
0.0975698
0.103311
0.108213
0.112486
0.116095
0.119203
0.121794
0.123993
0.125793
0.12728
0.128453
0.129372
0.130032
0.130467
0.130664
0.0539926
0.064202
0.0735938
0.0819124
0.0894178
0.0959572
0.101761
0.10675
0.111118
0.114829
0.118037
0.120726
0.123014
0.124894
0.126452
0.127684
0.12865
0.129346
0.129804
0.130012
0.0528481
0.062908
0.0721927
0.0804631
0.0879568
0.0945258
0.10038
0.105443
0.109892
0.113692
0.116986
0.119761
0.122127
0.12408
0.125699
0.126984
0.127992
0.128719
0.129198
0.129417
0.0518597
0.0617867
0.0709745
0.079199
0.0866783
0.0932693
0.0991644
0.104288
0.108805
0.112682
0.116051
0.118901
0.121335
0.12335
0.125024
0.126356
0.127401
0.128156
0.128653
0.128882
0.0510166
0.0608273
0.0699291
0.0781113
0.085575
0.0921821
0.0981096
0.103284
0.107859
0.111799
0.115233
0.118146
0.120639
0.122708
0.124429
0.125801
0.126878
0.127658
0.128171
0.128408
0.0503099
0.060021
0.0690482
0.0771925
0.0846407
0.0912592
0.0972123
0.102428
0.107049
0.111044
0.114531
0.117498
0.12004
0.122156
0.123916
0.125323
0.126427
0.127228
0.127754
0.127998
0.0497322
0.0593603
0.0683247
0.0764364
0.0838701
0.0904967
0.0964692
0.101718
0.106377
0.110415
0.113945
0.116957
0.119539
0.121693
0.123486
0.124921
0.126049
0.126867
0.127404
0.127654
0.0492773
0.0588391
0.0677526
0.0758376
0.0832588
0.0898908
0.0958779
0.101152
0.105841
0.109913
0.113477
0.116523
0.119138
0.121322
0.123141
0.124599
0.125744
0.126576
0.127122
0.127377
0.0489406
0.0584526
0.0673275
0.0753922
0.0828033
0.0894389
0.0954362
0.100729
0.105439
0.109536
0.113126
0.116197
0.118836
0.121042
0.122881
0.124356
0.125515
0.126357
0.12691
0.127168
0.0487183
0.0581976
0.067046
0.0750972
0.082501
0.0891388
0.0951425
0.100447
0.105171
0.109286
0.112891
0.11598
0.118635
0.120856
0.122708
0.124194
0.125361
0.12621
0.126768
0.127028
0.0486076
0.0580723
0.0669052
0.0749509
0.0823496
0.0889897
0.0949955
0.100307
0.105037
0.10916
0.112774
0.115872
0.118534
0.120763
0.122621
0.124113
0.125285
0.126137
0.126697
0.126959
0.145896
0.134941
0.123827
0.113818
0.104958
0.0971269
0.0902096
0.0841163
0.0787532
0.0740303
0.0698662
0.0661905
0.0629424
0.0600699
0.0575282
0.0552791
0.05329
0.0515328
0.0499837
0.0486222
0.0474308
0.0463949
0.0455017
0.0447407
0.0441032
0.0435821
0.0431715
0.0428671
0.0426652
0.0425661
0.1392
0.127304
0.116611
0.107223
0.0989568
0.0916488
0.0851947
0.0795158
0.0745216
0.0701253
0.0662497
0.0628284
0.0598044
0.0571289
0.0547603
0.0526628
0.0508062
0.0491645
0.0477156
0.0464406
0.0453234
0.0443502
0.0435095
0.0427915
0.0421881
0.0416927
0.0412999
0.041006
0.0408072
0.0407053
0.130885
0.117954
0.107797
0.0990635
0.0915034
0.084877
0.0790574
0.0739533
0.0694705
0.0655254
0.062046
0.0589715
0.0562503
0.053839
0.0517002
0.0498027
0.0481195
0.0466279
0.0453086
0.0441448
0.0431226
0.0422298
0.0414564
0.0407937
0.0402345
0.0397731
0.0394048
0.0391264
0.0389341
0.0388295
0.123618
0.110676
0.101142
0.0928227
0.085706
0.0795142
0.0741131
0.0693951
0.0652609
0.0616276
0.0584257
0.0555975
0.0530944
0.0508755
0.0489064
0.047158
0.0456057
0.0442286
0.043009
0.0419316
0.0409837
0.0401543
0.0394341
0.0388153
0.0382914
0.037857
0.0375079
0.0372413
0.0370534
0.0369434
0.116476
0.104218
0.0955842
0.0877116
0.080991
0.0751318
0.0700318
0.0655831
0.0616889
0.05827
0.0552598
0.0526028
0.0502528
0.0481706
0.0463235
0.0446837
0.0432279
0.0419362
0.0407918
0.0397804
0.0388897
0.0381095
0.0374309
0.0368465
0.0363502
0.035937
0.0356027
0.0353449
0.03516
0.0350432
0.108925
0.0973665
0.0896887
0.0823604
0.0761466
0.0706893
0.0659337
0.0617789
0.0581385
0.0549403
0.0521234
0.0496364
0.0474362
0.0454865
0.0437567
0.0422207
0.0408568
0.0396462
0.0385731
0.0376241
0.0367876
0.0360539
0.0354147
0.034863
0.0343931
0.0340001
0.03368
0.0334308
0.0332494
0.0331263
0.101214
0.0902612
0.0833764
0.0765641
0.0708994
0.0658964
0.0615403
0.0577275
0.0543825
0.0514401
0.0488452
0.0465518
0.0445208
0.0427191
0.0411191
0.0396972
0.0384332
0.0373103
0.0363138
0.0354315
0.0346527
0.0339685
0.0333712
0.0328544
0.0324126
0.0320413
0.031737
0.0314975
0.0313209
0.0311924
0.0935309
0.08325
0.0770497
0.0706943
0.0655447
0.0609778
0.0570195
0.0535541
0.0505134
0.0478371
0.045475
0.0433852
0.0415324
0.039887
0.0384241
0.0371223
0.0359638
0.0349332
0.0340174
0.0332052
0.0324872
0.031855
0.0313019
0.0308218
0.0304099
0.0300621
0.0297748
0.0295462
0.0293757
0.029243
0.085867
0.0763596
0.0708394
0.0649416
0.0602839
0.0561224
0.0525377
0.0494001
0.0466499
0.0442295
0.0420928
0.0402016
0.0385239
0.0370327
0.0357057
0.0345237
0.0334705
0.0325324
0.0316977
0.0309563
0.0302996
0.0297203
0.0292121
0.0287696
0.0283884
0.0280649
0.0277956
0.0275787
0.0274152
0.0272793
0.0781995
0.0695041
0.0646679
0.0592617
0.0551033
0.0513395
0.0481171
0.0452937
0.0428213
0.0406458
0.0387253
0.0370251
0.0355162
0.0341744
0.0329794
0.0319142
0.0309641
0.030117
0.0293622
0.0286908
0.0280951
0.0275684
0.0271052
0.0267005
0.0263503
0.0260514
0.0258007
0.0255962
0.0254404
0.0253024
0.0705454
0.0626595
0.0584798
0.0535864
0.0499357
0.0465741
0.0437154
0.0412037
0.0390055
0.0370705
0.0353619
0.0338487
0.0325051
0.0313097
0.0302442
0.0292937
0.0284451
0.0276877
0.0270119
0.0264099
0.0258747
0.0254004
0.0249821
0.0246153
0.0242965
0.0240226
0.0237909
0.0235993
0.0234521
0.023313
0.0629257
0.0558445
0.0522863
0.0479099
0.0447605
0.0418011
0.0393072
0.0371072
0.0351829
0.0334876
0.0319898
0.0306623
0.0294828
0.0284325
0.0274957
0.026659
0.0259112
0.0252429
0.0246458
0.0241129
0.0236382
0.0232164
0.0228432
0.0225146
0.0222275
0.0219791
0.021767
0.0215889
0.021451
0.0213119
0.0553491
0.049071
0.046112
0.0422546
0.0395926
0.037029
0.0348958
0.0330042
0.0313519
0.0298945
0.0286062
0.0274635
0.0264472
0.0255413
0.0247324
0.0240091
0.0233619
0.0227825
0.0222639
0.0218002
0.021386
0.0210169
0.0206891
0.020399
0.020144
0.0199217
0.0197298
0.0195657
0.0194378
0.0192999
0.0478193
0.0423389
0.0399668
0.0366333
0.0344462
0.0322716
0.0304922
0.0289034
0.0275191
0.0262964
0.0252151
0.0242551
0.0234005
0.0226379
0.021956
0.0213454
0.0207982
0.0203074
0.0198673
0.0194727
0.0191191
0.0188029
0.0185206
0.0182695
0.018047
0.0178511
0.0176801
0.0175307
0.0174134
0.0172779
0.0403418
0.0356474
0.0338531
0.0310468
0.029325
0.0275345
0.0261025
0.0248108
0.0236896
0.0226978
0.0218203
0.0210404
0.0203455
0.0197245
0.0191685
0.0186698
0.0182219
0.0178193
0.0174573
0.0171316
0.0168388
0.0165755
0.016339
0.0161271
0.0159375
0.0157686
0.0156189
0.0154848
0.0153788
0.0152467
0.032925
0.0289997
0.0277751
0.0254945
0.0242285
0.0228177
0.0217274
0.0207276
0.0198653
0.0191003
0.0184235
0.0178213
0.017284
0.0168031
0.0163716
0.0159837
0.0156344
0.0153194
0.0150352
0.0147784
0.0145461
0.0143358
0.0141454
0.0139728
0.0138165
0.013675
0.0135471
0.013429
0.0133347
0.0132073
0.0255749
0.0224006
0.0217385
0.0199782
0.0191574
0.0181211
0.0173663
0.0166536
0.0160462
0.0155047
0.0150257
0.0145988
0.0142171
0.0138746
0.0135665
0.0132884
0.0130369
0.0128091
0.0126023
0.012414
0.0122423
0.0120851
0.0119408
0.0118079
0.0116851
0.0115713
0.0114658
0.0113641
0.0112823
0.0111605
0.0182946
0.015854
0.0157484
0.0144999
0.014114
0.013446
0.0130202
0.0125896
0.012233
0.0119116
0.0116276
0.0113736
0.0111457
0.0109403
0.0107542
0.010585
0.0104306
0.0102893
0.0101596
0.0100398
0.00992846
0.00982433
0.00972627
0.00963327
0.00954434
0.00945865
0.00937594
0.00929125
0.00922234
0.00910715
0.0110864
0.00936186
0.00980899
0.0090611
0.00910113
0.0087941
0.00869061
0.00853693
0.00842706
0.00832218
0.00823054
0.00814715
0.00807116
0.00800116
0.00793606
0.00787475
0.00781656
0.0077614
0.00770843
0.00765681
0.00760581
0.00755476
0.00750305
0.0074501
0.00739528
0.00733802
0.00727854
0.0072113
0.00715584
0.00704822
0.00395204
0.00292626
0.00392379
0.00366297
0.00412152
0.00416728
0.0043793
0.00449716
0.00462993
0.00473801
0.0048358
0.00492068
0.00499472
0.00505866
0.00511328
0.00515891
0.00519615
0.00522655
0.00524996
0.0052663
0.00527551
0.00527753
0.00527224
0.00525948
0.00523901
0.00521048
0.00517463
0.00512528
0.00508378
0.00498458
-0.00310874
-0.0034486
-0.00190363
-0.00169276
-0.000822169
-0.000433024
8.77369e-05
0.00047177
0.00084312
0.00116051
0.00144488
0.00169564
0.00191779
0.00211413
0.00228726
0.00243884
0.00257056
0.00268605
0.00278547
0.00286951
0.0029388
0.00299384
0.003035
0.00306257
0.00307666
0.00307711
0.00306527
0.00303418
0.00300712
0.00291717
-0.0100986
-0.00975477
-0.00767096
-0.00700299
-0.00572755
-0.00500511
-0.00418273
-0.00353774
-0.00293182
-0.00240885
-0.00194076
-0.00152656
-0.00115822
-0.000831042
-0.00054061
-0.000284053
-5.89617e-05
0.000141206
0.000316249
0.000467733
0.000596928
0.000704907
0.000792541
0.000860523
0.000909342
0.000938993
0.000951521
0.000939001
0.000926864
0.000846908
-0.0170248
-0.0159742
-0.013379
-0.012261
-0.010593
-0.00954643
-0.00843099
-0.00752964
-0.00669332
-0.00596856
-0.00531965
-0.00474448
-0.00423188
-0.00377544
-0.00336891
-0.00300831
-0.00269117
-0.00240659
-0.00215636
-0.00193773
-0.00174883
-0.00158801
-0.00145393
-0.00134548
-0.00126178
-0.00120277
-0.00116554
-0.00115924
-0.00115602
-0.00122523
-0.0238957
-0.0220773
-0.0190353
-0.0174564
-0.0154211
-0.0140533
-0.0126552
-0.011501
-0.0104393
-0.00951665
-0.00869004
-0.00795646
-0.00730162
-0.00671753
-0.00619612
-0.00573236
-0.00532483
-0.00495588
-0.00463099
-0.00434551
-0.00409714
-0.00388363
-0.00370315
-0.00355422
-0.00343553
-0.00334704
-0.00328481
-0.00325946
-0.0032406
-0.0032982
-0.0307465
-0.0280147
-0.0246542
-0.0225767
-0.0202209
-0.0185221
-0.0168531
-0.0154481
-0.014168
-0.0130511
-0.0120503
-0.011161
-0.010366
-0.00965594
-0.00902091
-0.00845477
-0.00795814
-0.00750488
-0.00710599
-0.00675406
-0.00644655
-0.00618055
-0.00595378
-0.00576441
-0.00561068
-0.00549262
-0.00540522
-0.00536047
-0.00532604
-0.00537082
-0.0374413
-0.0339315
-0.0302647
-0.0276695
-0.0250323
-0.0229679
-0.0210131
-0.0193651
-0.0178771
-0.0165699
-0.0153992
-0.0143568
-0.013424
-0.0125897
-0.0118425
-0.0111746
-0.0105884
-0.0100516
-0.00957954
-0.00916173
-0.0087955
-0.0084773
-0.00820442
-0.0079747
-0.00778595
-0.00763821
-0.00752572
-0.00746086
-0.00741168
-0.00744172
-0.0439389
-0.0398197
-0.0358128
-0.0327372
-0.029805
-0.0273965
-0.025176
-0.0232827
-0.0215859
-0.0200877
-0.0187476
-0.0175524
-0.0164825
-0.0155248
-0.0146668
-0.0138959
-0.013208
-0.0125928
-0.0120488
-0.0115663
-0.0111421
-0.0107722
-0.0104535
-0.0101836
-0.00996004
-0.0097824
-0.00964537
-0.009559
-0.00949704
-0.00950949
-0.0502832
-0.0456434
-0.0412756
-0.0377642
-0.034524
-0.0317995
-0.0293284
-0.0271942
-0.0252879
-0.0235997
-0.0220908
-0.0207435
-0.0195369
-0.0184559
-0.0174869
-0.016615
-0.0158321
-0.0151368
-0.0145199
-0.0139721
-0.0134894
-0.0130675
-0.0127028
-0.0123924
-0.0121338
-0.0119259
-0.0117643
-0.0116557
-0.0115814
-0.0115758
-0.0565164
-0.0513923
-0.0466559
-0.042741
-0.0391929
-0.0361701
-0.0334538
-0.0310859
-0.0289732
-0.0270983
-0.0254228
-0.0239252
-0.0225832
-0.0213798
-0.0203002
-0.0193294
-0.0184577
-0.0176815
-0.0169911
-0.0163776
-0.0158363
-0.0153621
-0.0149511
-0.0146002
-0.0143064
-0.0140682
-0.0138817
-0.0137513
-0.0136634
-0.0136424
-0.0626547
-0.0570718
-0.0519608
-0.0476656
-0.0438155
-0.0405056
-0.0375458
-0.0349511
-0.0326367
-0.0305793
-0.0287399
-0.0270943
-0.0256187
-0.0242945
-0.0231056
-0.0220372
-0.0210782
-0.0202217
-0.0194583
-0.0187794
-0.0181795
-0.0176533
-0.0171963
-0.0168049
-0.0164759
-0.0162075
-0.0159959
-0.0158443
-0.0157414
-0.0157076
-0.068702
-0.0626865
-0.057192
-0.0525384
-0.0483915
-0.044805
-0.0416038
-0.0387883
-0.0362766
-0.0340407
-0.0320404
-0.0302493
-0.028642
-0.0271986
-0.0259018
-0.0247364
-0.0236902
-0.022754
-0.0219184
-0.0211747
-0.0205168
-0.0199389
-0.019436
-0.0190043
-0.0186403
-0.0183419
-0.0181052
-0.0179328
-0.0178141
-0.0177683
-0.0746645
-0.0682321
-0.062351
-0.0573579
-0.0529208
-0.0490669
-0.0456286
-0.0425978
-0.0398926
-0.0374817
-0.0353232
-0.0333887
-0.0316516
-0.0300906
-0.0286872
-0.0274254
-0.0262921
-0.0252769
-0.0243699
-0.023562
-0.0228466
-0.0222172
-0.0216689
-0.0211972
-0.0207983
-0.02047
-0.0202083
-0.0200153
-0.0198805
-0.0198225
-0.0805448
-0.0736969
-0.0674419
-0.0621234
-0.0574051
-0.0532908
-0.0496213
-0.0463798
-0.043485
-0.040902
-0.0385878
-0.036512
-0.0346468
-0.0329695
-0.0314606
-0.0301032
-0.0288834
-0.0277899
-0.026812
-0.0259404
-0.0251678
-0.0244875
-0.0238939
-0.0233824
-0.022949
-0.0225909
-0.0223043
-0.022091
-0.0219403
-0.0218691
-0.0863365
-0.0790785
-0.0724671
-0.0668361
-0.0618455
-0.0574773
-0.0535824
-0.0501347
-0.0470538
-0.0443016
-0.0418339
-0.0396187
-0.0376269
-0.0358345
-0.0342212
-0.0327691
-0.0314635
-0.0302922
-0.029244
-0.0283092
-0.0274798
-0.0267488
-0.0261102
-0.0255592
-0.0250914
-0.0247038
-0.0243924
-0.0241588
-0.0239926
-0.0239078
-0.0920334
-0.0843793
-0.0774284
-0.0714973
-0.0662423
-0.061627
-0.057512
-0.0538623
-0.0505986
-0.04768
-0.045061
-0.0427081
-0.0405911
-0.0386849
-0.0369681
-0.0354222
-0.0340314
-0.0327829
-0.0316649
-0.0306672
-0.0297814
-0.0290001
-0.0283169
-0.0277266
-0.0272246
-0.0268078
-0.0264719
-0.0262182
-0.0260368
-0.0259381
-0.0976335
-0.0896025
-0.0823269
-0.0761074
-0.0705957
-0.06574
-0.0614098
-0.0575623
-0.0541191
-0.0510365
-0.0482683
-0.0457795
-0.0435387
-0.0415197
-0.0397004
-0.0380613
-0.0365861
-0.0352609
-0.0340737
-0.0330135
-0.0320717
-0.0312403
-0.0305128
-0.0298836
-0.0293477
-0.0289019
-0.0285417
-0.0282681
-0.0280719
-0.0279596
-0.103137
-0.0947503
-0.0871635
-0.0806667
-0.0749059
-0.0698165
-0.0652758
-0.0612342
-0.0576145
-0.0543705
-0.0514551
-0.0488319
-0.0464686
-0.044338
-0.0424171
-0.0406856
-0.0391265
-0.0377253
-0.0364692
-0.0353471
-0.0343496
-0.0334686
-0.0326971
-0.0320291
-0.0314597
-0.0309852
-0.0306009
-0.0303077
-0.030097
-0.0299714
-0.108546
-0.0998243
-0.0919384
-0.0851753
-0.0791732
-0.0738563
-0.0691096
-0.0648778
-0.0610845
-0.0576814
-0.0546207
-0.0518647
-0.0493801
-0.047139
-0.0451172
-0.0432941
-0.0416517
-0.0401749
-0.0388505
-0.0376668
-0.0366141
-0.0356838
-0.0348686
-0.0341624
-0.0335597
-0.0330568
-0.0326488
-0.0323363
-0.0321114
-0.0319728
-0.113862
-0.104826
-0.0966524
-0.0896337
-0.0833978
-0.0778596
-0.0729112
-0.0684928
-0.0645287
-0.0609688
-0.0577645
-0.0548771
-0.0522724
-0.0499216
-0.0477999
-0.0458857
-0.0441606
-0.0426089
-0.0412166
-0.0399718
-0.0388642
-0.037885
-0.0370265
-0.0362823
-0.0356468
-0.0351158
-0.0346845
-0.034353
-0.0341144
-0.0339632
-0.119086
-0.109756
-0.101306
-0.0940422
-0.0875801
-0.0818264
-0.0766805
-0.0720789
-0.0679468
-0.0642321
-0.0608859
-0.0578684
-0.0551448
-0.0526853
-0.0504643
-0.0484598
-0.0466526
-0.0450263
-0.0435666
-0.042261
-0.0410991
-0.0400713
-0.0391699
-0.0383881
-0.0377201
-0.0371615
-0.0367072
-0.036357
-0.0361051
-0.0359419
-0.12422
-0.114616
-0.1059
-0.0984016
-0.0917205
-0.0857569
-0.0804175
-0.0756361
-0.0713383
-0.0674708
-0.0639843
-0.0608381
-0.0579965
-0.0554292
-0.0531097
-0.0510154
-0.0491265
-0.0474262
-0.0458996
-0.0445337
-0.0433177
-0.0422418
-0.0412979
-0.0404789
-0.0397787
-0.0391928
-0.038716
-0.0383476
-0.0380829
-0.0379082
-0.129267
-0.119408
-0.110435
-0.102712
-0.0958195
-0.0896513
-0.0841222
-0.079164
-0.074703
-0.0706847
-0.0670593
-0.0637855
-0.060827
-0.0581525
-0.0557353
-0.0535518
-0.0515818
-0.0498079
-0.0482147
-0.046789
-0.0455193
-0.0443957
-0.0434096
-0.0425538
-0.0418219
-0.0412092
-0.0407103
-0.0403241
-0.040047
-0.0398615
-0.134229
-0.124133
-0.114913
-0.106975
-0.0998776
-0.0935097
-0.0877945
-0.0826626
-0.0780407
-0.0738732
-0.0701104
-0.0667102
-0.0636356
-0.0608548
-0.0583403
-0.0560682
-0.0540175
-0.0521704
-0.0505111
-0.0490259
-0.047703
-0.046532
-0.0455042
-0.044612
-0.0438488
-0.0432097
-0.0426893
-0.0422858
-0.0419968
-0.0418011
-0.139108
-0.128793
-0.119334
-0.11119
-0.103895
-0.0973325
-0.0914346
-0.0861319
-0.0813511
-0.0770363
-0.0731373
-0.0696116
-0.0664218
-0.0635353
-0.0609242
-0.0585639
-0.0564331
-0.0545132
-0.0527882
-0.0512439
-0.049868
-0.0486501
-0.047581
-0.0466528
-0.0458588
-0.0451938
-0.0446522
-0.0442319
-0.0439316
-0.0437265
-0.143908
-0.133388
-0.123698
-0.115359
-0.107873
-0.10112
-0.0950425
-0.0895719
-0.0846343
-0.0801735
-0.0761396
-0.0724894
-0.069185
-0.0661935
-0.0634863
-0.0610383
-0.0588277
-0.0568355
-0.0550451
-0.053442
-0.0520137
-0.0507492
-0.0496392
-0.0486754
-0.0478511
-0.0471606
-0.0465985
-0.046162
-0.0458509
-0.0456371
-0.148631
-0.13792
-0.128009
-0.119483
-0.111812
-0.104872
-0.0986186
-0.0929825
-0.08789
-0.0832847
-0.0791169
-0.0753432
-0.0719249
-0.068829
-0.0660261
-0.0634907
-0.0612007
-0.0591365
-0.0572811
-0.0556197
-0.0541393
-0.0528286
-0.051678
-0.0506792
-0.0498249
-0.0491095
-0.0485274
-0.0480752
-0.0477539
-0.0475324
-0.15328
-0.14239
-0.132265
-0.123562
-0.115713
-0.108589
-0.102163
-0.096364
-0.0911183
-0.0863697
-0.0820691
-0.0781725
-0.0746411
-0.0714411
-0.068543
-0.0659208
-0.0635517
-0.0614158
-0.0594957
-0.0577762
-0.0562441
-0.0548876
-0.0536969
-0.0526635
-0.0517797
-0.05104
-0.0504383
-0.0499711
-0.0496402
-0.0494117
-0.157857
-0.146801
-0.13647
-0.127599
-0.119575
-0.112273
-0.105676
-0.0997165
-0.0943191
-0.0894285
-0.0849961
-0.0809773
-0.0773332
-0.0740297
-0.0710367
-0.0683278
-0.0658799
-0.0636727
-0.0616883
-0.0599111
-0.0583275
-0.0569256
-0.0556953
-0.0546276
-0.0537149
-0.0529512
-0.0523307
-0.0518491
-0.0515092
-0.0512747
-0.162367
-0.151152
-0.140623
-0.131593
-0.123401
-0.115922
-0.109158
-0.10304
-0.0974925
-0.0924611
-0.0878976
-0.0837573
-0.0800009
-0.0765942
-0.0735066
-0.0707115
-0.0681851
-0.0659067
-0.0638582
-0.0620236
-0.0603889
-0.058942
-0.0576724
-0.0565709
-0.0556298
-0.0548428
-0.054204
-0.0537085
-0.0533604
-0.0531207
-0.16681
-0.155446
-0.144727
-0.135546
-0.127191
-0.119537
-0.112609
-0.106335
-0.100639
-0.0954673
-0.0907736
-0.0865122
-0.082644
-0.0791344
-0.0759526
-0.0730713
-0.0704666
-0.0681174
-0.0660051
-0.0641133
-0.0624279
-0.0609363
-0.0596277
-0.058493
-0.0575239
-0.0567141
-0.0560576
-0.0555489
-0.0551931
-0.0549493
-0.171189
-0.159682
-0.148783
-0.139461
-0.130945
-0.12312
-0.11603
-0.109602
-0.103758
-0.0984474
-0.093624
-0.0892421
-0.0852624
-0.0816501
-0.0783742
-0.075407
-0.0727242
-0.0703043
-0.0681284
-0.0661797
-0.0644438
-0.0629079
-0.0615608
-0.0603932
-0.0593966
-0.0585645
-0.0578909
-0.0573699
-0.0570071
-0.05676
-0.175505
-0.163863
-0.152795
-0.143338
-0.134664
-0.12667
-0.119422
-0.112841
-0.10685
-0.101401
-0.096449
-0.0919468
-0.0878558
-0.0841411
-0.0807711
-0.0777181
-0.0749574
-0.072467
-0.0702277
-0.0682224
-0.0664363
-0.0648564
-0.0634712
-0.0622711
-0.0612476
-0.0603937
-0.0597037
-0.0591708
-0.0588017
-0.0585525
-0.17976
-0.167987
-0.15676
-0.147179
-0.138349
-0.130187
-0.122785
-0.116053
-0.109915
-0.10433
-0.0992486
-0.0946264
-0.0904243
-0.0866072
-0.0831434
-0.0800046
-0.077166
-0.0746052
-0.0723027
-0.070241
-0.0684049
-0.0667813
-0.0653584
-0.0641262
-0.0630762
-0.0622012
-0.0614952
-0.0609513
-0.0605766
-0.0603263
-0.183956
-0.172063
-0.160689
-0.150988
-0.142
-0.133674
-0.12612
-0.119237
-0.112954
-0.107232
-0.102023
-0.0972806
-0.0929676
-0.0890482
-0.0854905
-0.0822661
-0.0793497
-0.0767186
-0.0743529
-0.072235
-0.0703493
-0.0686822
-0.0672219
-0.0659581
-0.0648821
-0.0639864
-0.0632652
-0.0627109
-0.0623314
-0.062081
-0.188089
-0.176075
-0.164569
-0.154761
-0.145616
-0.137131
-0.129428
-0.122394
-0.115967
-0.11011
-0.104772
-0.0999103
-0.0954863
-0.0914645
-0.0878128
-0.0845027
-0.0815084
-0.0788071
-0.0763784
-0.0742043
-0.0722691
-0.0705589
-0.0690615
-0.0677665
-0.0666649
-0.0657491
-0.0650133
-0.0644492
-0.0640656
-0.0638162
-0.192184
-0.18006
-0.168432
-0.158514
-0.149201
-0.140561
-0.132709
-0.125524
-0.118954
-0.112962
-0.107496
-0.102514
-0.0979795
-0.0938552
-0.0901095
-0.0867136
-0.0836415
-0.08087
-0.0783784
-0.0761484
-0.0741639
-0.0724108
-0.0708766
-0.0695508
-0.0684241
-0.0674887
-0.0667389
-0.0661659
-0.0657788
-0.0655317
-0.196215
-0.183946
-0.17224
-0.16223
-0.152751
-0.143967
-0.135969
-0.128633
-0.12192
-0.115792
-0.110198
-0.105096
-0.10045
-0.0962227
-0.0923826
-0.0889006
-0.0857504
-0.0829084
-0.0803538
-0.0780678
-0.0760341
-0.0742382
-0.0726675
-0.0713112
-0.0701597
-0.0692052
-0.0684419
-0.0678606
-0.0674708
-0.0672273
-0.200352
-0.187887
-0.176098
-0.165947
-0.156285
-0.147356
-0.139204
-0.131716
-0.124862
-0.118598
-0.112875
-0.107653
-0.102895
-0.0985645
-0.0946297
-0.0910614
-0.087833
-0.0849205
-0.0823029
-0.0799611
-0.0778784
-0.07604
-0.0744331
-0.0730466
-0.0718709
-0.0708979
-0.0701216
-0.0695328
-0.0691409
-0.0689025
-0.204413
-0.191662
-0.179937
-0.169657
-0.159833
-0.150768
-0.142456
-0.134813
-0.127812
-0.121406
-0.11555
-0.110205
-0.105331
-0.100895
-0.0968634
-0.0932068
-0.0898985
-0.0869142
-0.0842324
-0.0818338
-0.0797013
-0.0778199
-0.0761764
-0.0747596
-0.0735596
-0.072568
-0.0717791
-0.0711833
-0.0707896
-0.0705579
-0.209283
-0.195992
-0.184107
-0.173536
-0.163512
-0.154265
-0.145766
-0.137952
-0.130791
-0.124234
-0.118236
-0.112759
-0.107765
-0.103218
-0.0990848
-0.0953367
-0.0919459
-0.0888879
-0.0861405
-0.0836841
-0.0815011
-0.0795762
-0.0778959
-0.0764487
-0.0752244
-0.0742146
-0.0734133
-0.0728113
-0.0724159
-0.072193
-0.21487
-0.202478
-0.19097
-0.180177
-0.169984
-0.160495
-0.151715
-0.14362
-0.136181
-0.129361
-0.123117
-0.117411
-0.112204
-0.107459
-0.103145
-0.0992297
-0.0956866
-0.0924901
-0.0896176
-0.087049
-0.0847661
-0.0827532
-0.0809963
-0.0794835
-0.0782044
-0.0771503
-0.0763144
-0.0756896
-0.0752769
-0.0750592
-0.217456
-0.206562
-0.195798
-0.185378
-0.175445
-0.166102
-0.157384
-0.149292
-0.141814
-0.134923
-0.128589
-0.122778
-0.117458
-0.112596
-0.108164
-0.104133
-0.100477
-0.0971726
-0.0941985
-0.0915352
-0.0891652
-0.0870732
-0.0852457
-0.0836707
-0.0823382
-0.0812397
-0.0803683
-0.0797179
-0.0792869
-0.0790665
-0.220925
-0.222639
-0.224435
-0.226186
-0.228115
-0.231834
-0.235485
-0.238962
)
;

boundaryField
{
    inlet
    {
        type            zeroGradient;
    }
    outlet
    {
        type            fixedValue;
        value           nonuniform 0();
    }
    cylinder
    {
        type            zeroGradient;
    }
    top
    {
        type            symmetryPlane;
    }
    bottom
    {
        type            symmetryPlane;
    }
    defaultFaces
    {
        type            empty;
    }
    procBoundary0to1
    {
        type            processor;
        value           nonuniform List<scalar> 
67
(
-0.242147
-0.244942
-0.23402
-0.247301
-0.23402
-0.235244
-0.236562
-0.247636
-0.247636
-0.247845
-0.24795
-0.248906
-0.248906
-0.249082
-0.249155
-0.24915
-0.250379
-0.250379
-0.250247
-0.250125
-0.250018
-0.249932
-0.249873
-0.249845
-0.249851
-0.250289
-0.250289
-0.250338
-0.250437
-0.218089
-0.207521
-0.197289
-0.18744
-0.178013
-0.169087
-0.160703
-0.152873
-0.145593
-0.138849
-0.132618
-0.126876
-0.121597
-0.116755
-0.112327
-0.108287
-0.104614
-0.101286
-0.0982842
-0.0955911
-0.0931908
-0.091069
-0.089213
-0.087612
-0.0862563
-0.0851379
-0.0842505
-0.0835884
-0.0831498
-0.0829275
-0.223277
-0.226802
-0.22955
-0.22955
-0.232821
-0.235961
-0.238831
-0.242147
)
;
    }
    procBoundary0to2
    {
        type            processor;
        value           nonuniform List<scalar> 
65
(
-0.241543
-0.243617
-0.244478
-0.245276
-0.245938
-0.246525
-0.247079
-0.247613
-0.248134
-0.248639
-0.24912
-0.249569
-0.249975
-0.250329
-0.250618
-0.250835
-0.250968
-0.251013
-0.250964
-0.25082
0.675418
0.655823
0.646583
0.63367
0.618207
0.600637
0.581685
0.561997
0.542049
0.522185
0.502644
0.483593
0.465141
0.447359
0.430288
0.41395
0.398347
0.383475
0.36932
0.355861
0.343073
0.330935
0.319444
0.308562
0.298125
0.277521
0.255474
0.235557
0.221375
0.208137
0.198673
0.189637
0.183145
0.176865
0.172332
0.167942
0.164789
0.161758
0.159603
0.15757
0.156178
0.15492
0.154152
0.153528
0.153322
)
;
    }
}


// ************************************************************************* //
