/*--------------------------------*- C++ -*----------------------------------*\
  =========                 |
  \\      /  F ield         | OpenFOAM: The Open Source CFD Toolbox
   \\    /   O peration     | Website:  https://openfoam.org
    \\  /    A nd           | Version:  7
     \\/     M anipulation  |
\*---------------------------------------------------------------------------*/
FoamFile
{
    version     2.0;
    format      ascii;
    class       volScalarField;
    location    "60";
    object      p;
}
// * * * * * * * * * * * * * * * * * * * * * * * * * * * * * * * * * * * * * //

dimensions      [0 2 -2 0 0 0 0];

internalField   nonuniform List<scalar> 
6000
(
-0.241663
-0.243739
-0.2446
-0.245398
-0.246061
-0.246647
-0.2472
-0.247733
-0.248252
-0.248755
-0.249234
-0.249679
-0.250082
-0.250431
-0.250716
-0.250926
-0.251054
-0.251091
-0.251034
-0.250882
-0.241767
-0.243827
-0.244682
-0.245474
-0.246131
-0.246714
-0.247263
-0.247793
-0.248309
-0.248808
-0.249284
-0.249728
-0.250128
-0.250475
-0.250758
-0.250967
-0.251093
-0.251128
-0.251068
-0.250911
-0.241987
-0.244015
-0.244857
-0.245638
-0.246285
-0.24686
-0.247402
-0.247926
-0.248437
-0.248932
-0.249404
-0.249844
-0.250241
-0.250586
-0.250866
-0.251072
-0.251195
-0.251226
-0.25116
-0.250996
-0.242318
-0.244299
-0.245123
-0.245886
-0.24652
-0.247084
-0.247615
-0.24813
-0.248634
-0.249122
-0.249588
-0.250023
-0.250417
-0.250758
-0.251035
-0.251239
-0.251358
-0.251384
-0.251309
-0.251132
-0.250853
-0.242757
-0.244677
-0.245476
-0.246218
-0.246833
-0.247381
-0.247899
-0.248402
-0.248895
-0.249375
-0.249834
-0.250262
-0.250651
-0.250987
-0.251261
-0.251461
-0.251575
-0.251595
-0.25151
-0.251316
-0.251012
-0.243298
-0.245144
-0.245914
-0.246627
-0.24722
-0.247748
-0.248249
-0.248737
-0.249217
-0.249685
-0.250134
-0.250555
-0.250936
-0.251267
-0.251537
-0.251732
-0.251841
-0.251852
-0.251755
-0.251542
-0.251208
-0.243936
-0.245696
-0.24643
-0.247111
-0.247675
-0.248179
-0.248659
-0.249128
-0.249592
-0.250045
-0.250482
-0.250893
-0.251266
-0.25159
-0.251853
-0.252043
-0.252146
-0.252148
-0.252038
-0.251803
-0.251435
-0.244662
-0.246326
-0.24702
-0.247662
-0.248194
-0.248669
-0.249123
-0.24957
-0.250013
-0.250449
-0.250871
-0.251268
-0.25163
-0.251945
-0.252201
-0.252384
-0.25248
-0.252473
-0.252348
-0.25209
-0.251686
-0.245469
-0.247029
-0.247678
-0.248276
-0.24877
-0.249211
-0.249635
-0.250054
-0.250473
-0.250887
-0.25129
-0.251671
-0.25202
-0.252323
-0.252569
-0.252744
-0.252831
-0.252815
-0.252675
-0.252394
-0.251952
-0.24635
-0.247797
-0.248397
-0.248946
-0.249397
-0.249799
-0.250187
-0.250573
-0.250963
-0.251351
-0.251731
-0.252092
-0.252423
-0.252713
-0.252946
-0.25311
-0.253188
-0.25316
-0.253005
-0.252701
-0.252224
-0.247295
-0.248626
-0.249171
-0.249666
-0.250068
-0.250425
-0.250771
-0.25112
-0.251474
-0.251831
-0.252183
-0.25252
-0.25283
-0.253101
-0.253319
-0.25347
-0.253535
-0.253495
-0.253325
-0.252998
-0.252487
-0.248296
-0.249507
-0.249995
-0.250431
-0.250778
-0.251083
-0.251381
-0.251685
-0.251998
-0.252318
-0.252636
-0.252943
-0.253228
-0.253476
-0.253675
-0.253809
-0.253859
-0.253804
-0.253617
-0.253268
-0.252723
-0.251931
-0.249346
-0.250436
-0.250862
-0.251233
-0.251519
-0.251767
-0.252009
-0.252261
-0.252526
-0.252802
-0.253081
-0.253353
-0.253606
-0.253827
-0.254002
-0.254115
-0.254146
-0.254072
-0.253866
-0.253494
-0.252915
-0.252075
-0.250437
-0.251406
-0.251767
-0.252069
-0.252287
-0.252469
-0.252649
-0.252841
-0.253051
-0.253276
-0.253509
-0.253739
-0.253955
-0.254142
-0.254288
-0.254374
-0.254381
-0.254285
-0.254056
-0.253657
-0.253043
-0.252167
-0.251564
-0.252414
-0.252706
-0.252933
-0.253077
-0.253186
-0.253294
-0.253419
-0.253565
-0.253731
-0.25391
-0.254092
-0.254263
-0.254412
-0.254521
-0.254575
-0.254552
-0.254428
-0.25417
-0.253742
-0.253086
-0.252186
-0.252721
-0.253455
-0.253676
-0.253822
-0.253884
-0.253912
-0.25394
-0.253988
-0.254062
-0.254162
-0.254279
-0.254404
-0.254525
-0.254627
-0.254695
-0.25471
-0.254651
-0.254491
-0.254198
-0.253733
-0.253023
-0.252113
-0.250373
-0.253906
-0.254527
-0.254673
-0.254733
-0.254706
-0.254643
-0.254583
-0.254545
-0.254538
-0.254561
-0.254609
-0.254671
-0.254734
-0.254783
-0.254801
-0.254771
-0.254668
-0.254466
-0.254128
-0.253619
-0.252837
-0.251933
-0.249907
-0.255116
-0.25563
-0.255697
-0.255665
-0.25554
-0.255378
-0.255219
-0.255086
-0.254988
-0.254928
-0.254898
-0.254888
-0.254885
-0.254874
-0.254837
-0.254754
-0.254601
-0.254348
-0.253955
-0.253396
-0.252519
-0.251633
-0.249259
-0.256351
-0.256762
-0.256747
-0.256617
-0.256386
-0.256115
-0.255848
-0.255609
-0.255412
-0.255258
-0.255142
-0.255054
-0.254978
-0.254901
-0.254801
-0.254659
-0.254447
-0.254134
-0.253676
-0.253058
-0.252062
-0.251199
-0.248433
-0.249293
-0.257613
-0.257927
-0.257825
-0.257589
-0.257245
-0.256856
-0.25647
-0.256116
-0.25581
-0.255555
-0.255344
-0.255169
-0.255015
-0.254863
-0.254695
-0.254486
-0.254207
-0.253826
-0.25329
-0.252601
-0.251464
-0.250616
-0.24745
-0.248658
-0.258906
-0.259127
-0.258934
-0.258586
-0.258118
-0.2576
-0.257087
-0.256609
-0.256185
-0.255819
-0.255507
-0.255238
-0.254998
-0.254767
-0.254522
-0.254239
-0.253885
-0.253424
-0.252796
-0.252022
-0.250727
-0.24986
-0.246336
-0.247716
-0.260237
-0.260367
-0.260077
-0.259609
-0.259009
-0.258354
-0.257702
-0.257091
-0.25654
-0.256056
-0.255635
-0.255267
-0.254934
-0.254616
-0.254289
-0.253923
-0.253483
-0.25293
-0.252192
-0.251312
-0.249847
-0.248902
-0.245112
-0.24642
-0.235099
-0.261613
-0.261653
-0.261262
-0.260665
-0.259923
-0.259121
-0.258322
-0.257568
-0.256883
-0.256273
-0.255737
-0.255263
-0.254831
-0.254421
-0.254003
-0.253544
-0.253004
-0.252341
-0.251475
-0.250458
-0.248818
-0.247715
-0.243776
-0.244753
-0.233978
-0.263044
-0.262995
-0.262493
-0.26176
-0.260867
-0.259908
-0.258953
-0.258048
-0.257221
-0.25648
-0.255822
-0.255236
-0.2547
-0.254189
-0.25367
-0.253105
-0.252449
-0.251654
-0.250636
-0.249444
-0.247624
-0.246275
-0.2423
-0.242734
-0.232823
-0.264544
-0.264401
-0.26378
-0.262902
-0.261849
-0.260724
-0.259604
-0.258541
-0.257565
-0.256687
-0.255902
-0.255198
-0.25455
-0.253929
-0.253297
-0.25261
-0.251815
-0.25086
-0.249659
-0.24825
-0.246239
-0.244569
-0.240639
-0.2404
-0.231524
-0.266125
-0.265879
-0.265136
-0.264101
-0.262877
-0.261577
-0.260285
-0.259058
-0.257927
-0.256905
-0.255988
-0.25516
-0.254392
-0.25365
-0.252889
-0.252056
-0.251095
-0.249945
-0.248527
-0.246855
-0.244635
-0.242587
-0.23874
-0.237794
-0.229985
-0.267802
-0.267444
-0.266569
-0.265367
-0.263963
-0.26248
-0.261009
-0.25961
-0.25832
-0.25715
-0.256095
-0.255134
-0.254236
-0.253357
-0.252445
-0.25144
-0.250277
-0.248892
-0.247216
-0.245238
-0.24278
-0.24032
-0.236558
-0.234934
-0.228122
-0.269593
-0.26911
-0.268091
-0.26671
-0.265117
-0.263443
-0.261786
-0.260212
-0.258757
-0.257433
-0.256233
-0.255131
-0.254088
-0.253052
-0.251962
-0.25075
-0.249346
-0.247683
-0.245704
-0.243384
-0.240651
-0.237762
-0.234053
-0.231772
-0.22585
-0.271516
-0.27089
-0.269714
-0.268144
-0.266353
-0.26448
-0.262631
-0.260875
-0.259251
-0.257769
-0.256415
-0.255159
-0.253953
-0.252734
-0.251433
-0.249973
-0.248284
-0.246298
-0.243974
-0.241284
-0.238239
-0.234922
-0.231202
-0.228194
-0.223111
-0.273591
-0.272795
-0.271453
-0.269682
-0.267682
-0.265603
-0.263557
-0.261616
-0.259818
-0.258169
-0.256652
-0.255225
-0.253831
-0.252398
-0.250845
-0.249094
-0.247072
-0.244721
-0.242017
-0.238938
-0.235554
-0.231841
-0.228014
-0.224165
-0.219971
-0.275832
-0.274847
-0.273322
-0.271336
-0.269118
-0.266827
-0.264578
-0.262447
-0.260468
-0.258645
-0.256949
-0.25533
-0.253719
-0.252032
-0.250184
-0.248093
-0.245694
-0.242941
-0.239831
-0.236359
-0.23262
-0.228566
-0.22454
-0.220058
-0.216453
-0.278257
-0.277057
-0.275333
-0.273121
-0.270676
-0.268165
-0.265708
-0.263381
-0.261215
-0.259204
-0.257312
-0.255474
-0.253609
-0.251625
-0.249432
-0.246954
-0.244137
-0.240956
-0.237426
-0.233563
-0.229476
-0.225125
-0.22082
-0.216123
-0.212162
-0.280888
-0.279441
-0.277503
-0.275051
-0.272368
-0.269631
-0.266961
-0.264432
-0.262068
-0.259855
-0.257741
-0.255649
-0.253488
-0.251158
-0.248571
-0.245662
-0.242396
-0.238768
-0.234817
-0.230576
-0.226162
-0.221539
-0.216996
-0.212113
-0.207847
-0.283741
-0.282012
-0.279844
-0.277138
-0.274209
-0.271238
-0.268349
-0.26561
-0.263036
-0.260598
-0.258232
-0.255847
-0.25334
-0.250613
-0.247585
-0.244207
-0.240468
-0.236388
-0.232025
-0.227427
-0.22271
-0.217848
-0.213097
-0.208076
-0.203645
-0.286833
-0.284787
-0.282371
-0.279398
-0.276212
-0.273001
-0.269885
-0.266925
-0.264123
-0.261434
-0.258779
-0.256053
-0.253149
-0.249972
-0.246459
-0.242583
-0.23836
-0.233831
-0.229072
-0.224141
-0.21915
-0.214077
-0.209151
-0.204022
-0.199473
-0.290179
-0.287777
-0.285097
-0.281843
-0.278391
-0.274932
-0.27158
-0.268384
-0.265332
-0.262359
-0.25937
-0.25625
-0.252893
-0.249218
-0.245183
-0.240789
-0.236078
-0.231114
-0.22598
-0.220743
-0.215505
-0.210244
-0.205169
-0.199947
-0.195326
-0.293794
-0.290997
-0.288037
-0.284487
-0.280759
-0.277044
-0.273444
-0.269994
-0.266661
-0.263363
-0.259988
-0.256417
-0.252553
-0.248335
-0.243749
-0.238828
-0.233636
-0.228253
-0.222769
-0.21725
-0.211788
-0.20636
-0.201153
-0.195849
-0.191168
-0.297691
-0.294459
-0.291202
-0.287343
-0.283329
-0.279347
-0.275484
-0.271756
-0.268107
-0.264434
-0.260614
-0.256533
-0.252109
-0.24731
-0.242155
-0.236705
-0.231045
-0.225266
-0.219456
-0.213678
-0.208011
-0.202429
-0.197101
-0.191722
-0.186985
-0.301882
-0.298174
-0.294604
-0.290424
-0.286114
-0.281852
-0.277707
-0.273669
-0.269658
-0.265553
-0.261227
-0.256575
-0.251543
-0.246134
-0.240401
-0.234429
-0.228318
-0.222164
-0.216051
-0.210034
-0.204176
-0.198453
-0.193011
-0.187559
-0.182763
-0.306377
-0.302153
-0.298256
-0.293742
-0.289124
-0.284568
-0.280115
-0.275727
-0.2713
-0.266699
-0.2618
-0.25652
-0.25084
-0.2448
-0.238487
-0.232006
-0.225465
-0.218959
-0.212562
-0.206321
-0.200286
-0.194429
-0.188876
-0.183352
-0.178496
-0.311182
-0.306404
-0.302167
-0.297307
-0.292369
-0.287498
-0.282705
-0.27792
-0.273014
-0.267847
-0.262307
-0.256345
-0.249985
-0.243304
-0.236416
-0.229443
-0.222494
-0.215656
-0.208993
-0.202541
-0.196337
-0.190352
-0.184691
-0.179095
-0.174174
-0.316303
-0.310934
-0.306346
-0.301129
-0.295856
-0.290646
-0.285471
-0.28023
-0.274775
-0.268967
-0.262721
-0.256032
-0.248967
-0.241642
-0.234193
-0.226746
-0.219409
-0.212258
-0.205343
-0.198692
-0.192325
-0.186216
-0.180448
-0.174782
-0.169793
-0.321742
-0.315749
-0.310799
-0.305213
-0.299588
-0.294007
-0.288401
-0.282636
-0.276553
-0.270028
-0.263016
-0.255561
-0.247778
-0.239813
-0.231818
-0.223919
-0.216213
-0.208764
-0.201611
-0.194767
-0.188244
-0.182014
-0.176141
-0.170407
-0.165347
-0.3275
-0.32085
-0.315531
-0.309565
-0.303566
-0.297575
-0.291477
-0.28511
-0.278315
-0.270997
-0.263165
-0.254916
-0.246409
-0.237816
-0.229292
-0.22096
-0.212904
-0.205172
-0.19779
-0.190762
-0.184088
-0.177739
-0.171763
-0.165962
-0.16083
-0.33357
-0.326237
-0.320543
-0.314183
-0.307783
-0.301333
-0.294672
-0.287618
-0.280024
-0.271843
-0.263144
-0.254082
-0.244854
-0.235646
-0.226615
-0.217869
-0.209478
-0.201476
-0.193875
-0.186668
-0.179848
-0.173384
-0.167307
-0.161442
-0.156237
-0.339944
-0.331904
-0.32583
-0.319063
-0.312227
-0.30526
-0.297954
-0.290119
-0.28164
-0.272531
-0.26293
-0.253046
-0.243105
-0.233302
-0.223782
-0.214642
-0.205931
-0.19767
-0.189857
-0.182478
-0.175516
-0.168941
-0.162766
-0.15684
-0.151562
-0.346608
-0.337844
-0.331386
-0.324192
-0.31688
-0.309327
-0.301285
-0.292571
-0.283123
-0.27303
-0.262502
-0.251796
-0.241156
-0.230776
-0.220789
-0.211271
-0.202255
-0.193745
-0.185728
-0.178184
-0.171086
-0.164403
-0.158135
-0.152152
-0.146802
-0.353541
-0.344041
-0.337196
-0.329555
-0.321716
-0.313495
-0.304617
-0.294926
-0.284432
-0.27331
-0.26184
-0.250318
-0.238998
-0.228063
-0.217629
-0.207749
-0.19844
-0.189691
-0.18148
-0.173776
-0.166547
-0.159762
-0.153406
-0.14737
-0.14195
-0.360719
-0.350476
-0.343241
-0.335124
-0.326698
-0.317719
-0.307899
-0.297134
-0.285526
-0.273342
-0.260925
-0.2486
-0.236621
-0.225155
-0.214292
-0.204067
-0.194477
-0.1855
-0.177102
-0.169246
-0.161894
-0.155012
-0.148573
-0.14249
-0.137003
-0.368109
-0.357123
-0.349493
-0.340867
-0.331783
-0.321946
-0.311075
-0.299145
-0.286366
-0.273098
-0.259739
-0.246631
-0.234016
-0.22204
-0.210768
-0.200213
-0.190356
-0.18116
-0.172585
-0.164584
-0.157117
-0.150144
-0.14363
-0.137506
-0.131956
-0.375671
-0.363947
-0.355917
-0.346742
-0.33692
-0.326116
-0.314086
-0.300908
-0.286913
-0.272551
-0.258263
-0.244395
-0.231171
-0.218708
-0.207046
-0.196177
-0.186065
-0.176663
-0.167919
-0.159784
-0.152209
-0.145153
-0.138572
-0.132414
-0.126805
-0.383358
-0.37091
-0.36247
-0.352697
-0.342047
-0.330164
-0.316869
-0.302373
-0.287131
-0.271676
-0.25648
-0.241879
-0.228072
-0.215146
-0.203113
-0.191946
-0.181593
-0.171996
-0.163096
-0.154836
-0.147163
-0.140033
-0.133393
-0.127207
-0.121545
-0.391115
-0.377963
-0.369101
-0.358674
-0.347097
-0.334019
-0.319362
-0.303489
-0.286984
-0.270449
-0.254371
-0.239068
-0.224706
-0.21134
-0.198957
-0.187509
-0.176929
-0.16715
-0.158105
-0.149731
-0.141972
-0.134776
-0.128088
-0.121882
-0.116174
-0.398882
-0.38505
-0.375749
-0.364604
-0.351994
-0.337608
-0.321503
-0.304211
-0.286439
-0.268846
-0.251918
-0.235946
-0.221058
-0.207277
-0.194564
-0.182852
-0.172062
-0.162115
-0.152938
-0.144463
-0.136628
-0.129377
-0.122652
-0.116433
-0.110687
-0.406587
-0.392108
-0.382347
-0.370411
-0.356659
-0.340855
-0.323229
-0.304491
-0.285463
-0.266843
-0.249102
-0.232495
-0.217112
-0.202942
-0.189921
-0.177964
-0.16698
-0.156881
-0.147587
-0.139024
-0.131126
-0.123832
-0.117081
-0.110858
-0.105083
-0.414155
-0.399065
-0.388818
-0.376012
-0.361007
-0.343686
-0.324482
-0.304288
-0.284027
-0.264417
-0.245904
-0.2287
-0.212853
-0.19832
-0.185014
-0.172833
-0.161673
-0.151439
-0.142044
-0.133407
-0.125459
-0.118134
-0.111371
-0.105152
-0.0993579
-0.421503
-0.405843
-0.395078
-0.381318
-0.36495
-0.346025
-0.325204
-0.30356
-0.2821
-0.261545
-0.242305
-0.224542
-0.208265
-0.193398
-0.179831
-0.167447
-0.156131
-0.14578
-0.1363
-0.127606
-0.119622
-0.11228
-0.105517
-0.0993131
-0.093511
-0.428541
-0.412358
-0.401036
-0.386235
-0.368402
-0.3478
-0.32534
-0.302268
-0.279654
-0.258206
-0.238285
-0.220006
-0.203333
-0.188161
-0.174359
-0.161795
-0.150345
-0.139896
-0.130349
-0.121614
-0.113611
-0.106266
-0.099518
-0.0933382
-0.0875429
-0.435176
-0.418519
-0.406599
-0.390667
-0.371273
-0.34894
-0.32484
-0.300377
-0.276663
-0.254377
-0.233827
-0.215073
-0.19804
-0.182595
-0.168585
-0.155867
-0.144305
-0.133779
-0.124185
-0.115426
-0.10742
-0.100089
-0.0933699
-0.0872272
-0.0814571
-0.44131
-0.42423
-0.411665
-0.394516
-0.373479
-0.349379
-0.323656
-0.297852
-0.273101
-0.250037
-0.228911
-0.209728
-0.192374
-0.176687
-0.1625
-0.149653
-0.138003
-0.127423
-0.117801
-0.109037
-0.101045
-0.0937443
-0.0870706
-0.0809794
-0.0752569
-0.44684
-0.429391
-0.416133
-0.397683
-0.374937
-0.349056
-0.321744
-0.294663
-0.268943
-0.245167
-0.22352
-0.203954
-0.186319
-0.170427
-0.156092
-0.143144
-0.131432
-0.12082
-0.111192
-0.102443
-0.0944839
-0.0872298
-0.0806174
-0.0745938
-0.0689412
-0.451666
-0.433902
-0.419898
-0.400072
-0.375567
-0.347911
-0.319064
-0.290779
-0.264168
-0.239748
-0.217637
-0.197738
-0.179863
-0.163802
-0.149353
-0.136334
-0.124585
-0.113966
-0.104354
-0.0956403
-0.0877319
-0.0805423
-0.0740077
-0.0680693
-0.0625078
-0.455682
-0.43766
-0.422859
-0.401591
-0.375297
-0.345893
-0.315579
-0.286175
-0.258754
-0.233761
-0.211247
-0.191066
-0.172995
-0.156803
-0.142273
-0.129214
-0.117457
-0.106856
-0.0972824
-0.0886251
-0.0807865
-0.0736782
-0.0672377
-0.0614046
-0.0559557
-0.458786
-0.440561
-0.424913
-0.402149
-0.374059
-0.342955
-0.311257
-0.280827
-0.252682
-0.227191
-0.204337
-0.183925
-0.165704
-0.149421
-0.134847
-0.12178
-0.110044
-0.0994872
-0.0899759
-0.0813956
-0.0736455
-0.066634
-0.0603023
-0.0545932
-0.0492744
-0.460879
-0.442505
-0.425964
-0.401666
-0.371791
-0.339055
-0.30607
-0.274714
-0.245937
-0.220024
-0.196893
-0.176306
-0.157982
-0.14165
-0.127069
-0.114028
-0.102343
-0.0918568
-0.0824323
-0.0739509
-0.0663079
-0.0594083
-0.0531983
-0.0476224
-0.0424208
-0.461863
-0.443393
-0.425919
-0.400065
-0.36844
-0.334157
-0.299994
-0.267819
-0.238502
-0.212247
-0.188906
-0.1682
-0.149822
-0.133485
-0.118935
-0.105954
-0.0943511
-0.083964
-0.0746514
-0.0662911
-0.0587741
-0.0520034
-0.0459308
-0.0404864
-0.0353183
-0.461647
-0.443134
-0.424691
-0.397277
-0.363959
-0.328231
-0.293008
-0.260126
-0.230368
-0.20385
-0.180367
-0.1596
-0.141218
-0.12492
-0.110442
-0.0975564
-0.086068
-0.0758086
-0.0666336
-0.0584174
-0.0510462
-0.044423
-0.0385092
-0.0332042
-0.0279569
-0.460143
-0.441638
-0.422202
-0.393243
-0.358308
-0.321252
-0.285097
-0.251625
-0.221523
-0.194825
-0.171269
-0.150501
-0.132168
-0.115955
-0.101589
-0.0888357
-0.077494
-0.0673916
-0.0583803
-0.0503315
-0.0431281
-0.0366722
-0.0309356
-0.0257721
-0.0205776
-0.457274
-0.438825
-0.418383
-0.387912
-0.351456
-0.313203
-0.276249
-0.242306
-0.211962
-0.185168
-0.16161
-0.140901
-0.122669
-0.106588
-0.0923766
-0.0797923
-0.0686307
-0.0587155
-0.0498949
-0.0420369
-0.0350258
-0.0287617
-0.0232199
-0.0181646
-0.0131856
-0.452968
-0.434623
-0.413172
-0.381243
-0.343379
-0.304071
-0.266457
-0.232166
-0.201681
-0.174877
-0.151388
-0.130799
-0.112722
-0.0968212
-0.0828059
-0.0704295
-0.0594817
-0.0497851
-0.0411834
-0.0335413
-0.0267403
-0.0206916
-0.0153533
-0.0104364
-0.00571396
-0.447163
-0.428969
-0.406518
-0.373203
-0.33406
-0.293848
-0.255719
-0.221204
-0.190681
-0.16395
-0.140604
-0.120198
-0.10233
-0.0866566
-0.0728817
-0.0607532
-0.0500547
-0.0406048
-0.0322478
-0.0248465
-0.0182792
-0.0124646
-0.00734443
-0.00259844
0.00186231
-0.439807
-0.421809
-0.398383
-0.36377
-0.323492
-0.282534
-0.244037
-0.209421
-0.178963
-0.152392
-0.129259
-0.109097
-0.0914992
-0.0761026
-0.0626138
-0.0507678
-0.0403514
-0.0311798
-0.0230953
-0.0159589
-0.00964834
-0.00408666
0.000797589
0.00534882
0.00954488
-0.430859
-0.413099
-0.388736
-0.35293
-0.311673
-0.270135
-0.231417
-0.196826
-0.166534
-0.140207
-0.117359
-0.0975026
-0.0802444
-0.0651686
-0.052003
-0.0404799
-0.0303802
-0.0215176
-0.0137329
-0.00688574
-0.000854134
0.00443521
0.00906541
0.0134049
0.0173283
-0.420285
-0.402809
-0.37756
-0.340681
-0.29861
-0.256659
-0.21787
-0.183426
-0.153402
-0.127406
-0.104919
-0.0854458
-0.0685537
-0.0538576
-0.0410604
-0.0298984
-0.0201499
-0.0116268
-0.00416902
0.00236475
0.0080957
0.0130932
0.0174523
0.0215661
0.0252052
-0.408068
-0.390916
-0.364846
-0.327028
-0.284316
-0.242124
-0.203412
-0.169236
-0.139581
-0.114004
-0.0919536
-0.0729157
-0.0564515
-0.0421814
-0.0297966
-0.019034
-0.0096704
-0.00151705
0.00558691
0.0117835
0.0171924
0.0218789
0.0259509
0.0298263
0.0331683
-0.394197
-0.377412
-0.350601
-0.311987
-0.268813
-0.226551
-0.188061
-0.154273
-0.125093
-0.100017
-0.0784697
-0.0599302
-0.0439508
-0.0301533
-0.0182239
-0.00789836
0.00104682
0.00880071
0.0155244
0.0213604
0.0264262
0.030783
0.034553
0.0381776
0.0412098
-0.378675
-0.362299
-0.334837
-0.295581
-0.252126
-0.209966
-0.171841
-0.138564
-0.109955
-0.0854585
-0.0644861
-0.0465062
-0.0310667
-0.0177885
-0.00635615
0.00349523
0.0119891
0.0193144
0.0256319
0.0310843
0.0357864
0.0397954
0.0432491
0.0466108
0.0493207
-0.361516
-0.345592
-0.317578
-0.277841
-0.234292
-0.192401
-0.154783
-0.122134
-0.0941862
-0.0703513
-0.0500231
-0.032663
-0.0178162
-0.00510358
0.00579098
0.0151321
0.0231427
0.0300108
0.0358968
0.040943
0.0452612
0.0489049
0.0520285
0.0551153
0.057491
-0.342744
-0.327316
-0.298854
-0.258807
-0.215357
-0.17389
-0.136918
-0.105008
-0.0778149
-0.0547201
-0.0351033
-0.0184215
-0.00421894
0.00788331
0.0182005
0.0269962
0.0344923
0.0408755
0.0463055
0.0509235
0.054838
0.0580995
0.0608795
0.0636793
0.0657092
-0.322395
-0.307508
-0.278709
-0.238538
-0.195358
-0.154468
-0.118282
-0.0872186
-0.060871
-0.0385921
-0.019752
-0.00380511
0.00970382
0.0211522
0.0308537
0.0390703
0.0460218
0.0518933
0.0568433
0.0610118
0.0645032
0.0673659
0.0697895
0.0722895
0.0739627
-0.300514
-0.286211
-0.257203
-0.217113
-0.174289
-0.134194
-0.0989157
-0.0688034
-0.0433875
-0.0219974
-0.00399652
0.011161
0.0239287
0.0346816
0.0437307
0.0513357
0.0577138
0.063048
0.067495
0.071193
0.0742423
0.0766901
0.0787442
0.0809307
0.0822364
-0.277152
-0.263485
-0.234412
-0.194576
-0.152213
-0.113102
-0.0788653
-0.0498029
-0.0254005
-0.00496868
0.0121333
0.0264496
0.0384307
0.0484484
0.0568102
0.0637726
0.06955
0.0743223
0.0782443
0.0814517
0.0840403
0.0860573
0.0877284
0.0895847
0.0905086
-0.252363
-0.239409
-0.210406
-0.170791
-0.129358
-0.0912626
-0.0581783
-0.0302603
-0.00694876
0.0124591
0.0286053
0.0420313
0.053183
0.0624279
0.0700695
0.0763603
0.081511
0.0856984
0.0890746
0.091772
0.0938817
0.095452
0.0967254
0.0982296
0.0987524
-0.226216
-0.214077
-0.185187
-0.14602
-0.105659
-0.0687338
-0.0369075
-0.0102215
0.0119263
0.0302483
0.0453857
0.057875
0.0681571
0.0765941
0.0834848
0.0890769
0.0935769
0.0971579
0.0999688
0.102138
0.103751
0.104859
0.105718
0.106844
0.106945
-0.198793
-0.187585
-0.158702
-0.120448
-0.0811942
-0.0455756
-0.0151082
0.0102648
0.031181
0.0483595
0.0624383
0.0739481
0.0833233
0.0909198
0.097031
0.101899
0.105727
0.108682
0.110909
0.112533
0.113632
0.114263
0.114694
0.115412
0.115073
-0.170175
-0.159976
-0.131216
-0.0940489
-0.0560432
-0.0218524
0.00716249
0.0311473
0.0507692
0.0667509
0.0797255
0.0902162
0.0986501
0.105376
0.110682
0.114804
0.117939
0.12025
0.121879
0.12294
0.123508
0.12365
0.123645
0.123923
0.123086
-0.140452
-0.131272
-0.102955
-0.0668971
-0.0302845
0.00236791
0.0298448
0.0523725
0.0706428
0.0853791
0.0972078
0.106643
0.114105
0.119934
0.124412
0.127767
0.130191
0.131843
0.132858
0.133342
0.133364
0.133012
0.132563
0.13233
0.130835
-0.109769
-0.101647
-0.0739386
-0.0390854
-0.00399703
0.0270154
0.0528765
0.0738848
0.0907517
0.104199
0.114844
0.123193
0.129654
0.134563
0.138191
0.140762
0.14246
0.143441
0.14383
0.143724
0.143193
0.142349
0.141431
0.140517
0.138134
-0.0783258
-0.0711208
-0.0442386
-0.0107095
0.0227374
0.052018
0.0761935
0.0956269
0.111044
0.123164
0.132593
0.139826
0.145263
0.14923
0.151991
0.153763
0.154724
0.155022
0.154777
0.154074
0.152992
0.151672
0.150241
0.148412
0.145023
-0.046137
-0.0398672
-0.0139486
0.0181347
0.0498344
0.0773014
0.0997298
0.117539
0.131468
0.142226
0.15041
0.156503
0.160896
0.163904
0.165784
0.166744
0.166956
0.166564
0.165677
0.164377
0.16276
0.160983
0.159
0.156188
0.152059
-0.0133091
-0.00802208
0.016828
0.0473494
0.0772074
0.10279
0.123418
0.139562
0.151967
0.161336
0.168251
0.173185
0.176516
0.178551
0.179537
0.179676
0.179133
0.178043
0.17651
0.174614
0.172473
0.170233
0.167653
0.163946
0.160893
0.0200316
0.0242929
0.0479814
0.0768351
0.104768
0.128405
0.147188
0.161633
0.172488
0.180444
0.186071
0.18983
0.192087
0.193138
0.193222
0.192532
0.191228
0.189436
0.187255
0.184766
0.182094
0.179345
0.176167
0.172045
0.169632
0.0537585
0.0569566
0.0793984
0.106491
0.132429
0.154069
0.170972
0.183691
0.192973
0.199499
0.203825
0.206397
0.20757
0.20763
0.206806
0.205284
0.203214
0.200719
0.19789
0.194811
0.191603
0.188325
0.184612
0.180207
0.177837
0.0877442
0.0898466
0.110965
0.136215
0.160098
0.179703
0.194698
0.205671
0.213366
0.21845
0.221465
0.222843
0.222927
0.221992
0.220258
0.217901
0.215067
0.211868
0.208393
0.204724
0.200974
0.197171
0.192978
0.188312
0.185731
0.12186
0.12284
0.142565
0.165905
0.187686
0.205226
0.218296
0.22751
0.233609
0.237246
0.238946
0.239127
0.238121
0.23619
0.233546
0.230356
0.226758
0.222859
0.21874
0.214483
0.210189
0.205869
0.201221
0.196258
0.193357
0.155975
0.155812
0.174084
0.195459
0.215103
0.230559
0.241693
0.249144
0.253646
0.255834
0.25622
0.255207
0.253112
0.250189
0.246639
0.24262
0.238262
0.233666
0.228909
0.224068
0.219233
0.214405
0.209311
0.204025
0.200756
0.18996
0.188639
0.205408
0.224775
0.242259
0.255622
0.26482
0.270511
0.273419
0.274164
0.273242
0.271039
0.267864
0.263955
0.259504
0.254663
0.249552
0.244266
0.238877
0.233456
0.228086
0.222758
0.217224
0.211597
0.207939
0.223686
0.221196
0.236421
0.253752
0.269064
0.280337
0.287606
0.291546
0.292871
0.292184
0.289964
0.286584
0.282336
0.277452
0.272111
0.266457
0.260602
0.254635
0.248621
0.242628
0.236729
0.23091
0.224941
0.218967
0.214906
0.257023
0.253362
0.267012
0.28229
0.295432
0.304624
0.309981
0.312188
0.311947
0.309844
0.306341
0.301798
0.296493
0.290646
0.284428
0.277973
0.271386
0.264748
0.25812
0.251564
0.245146
0.238844
0.232447
0.226124
0.221655
0.289845
0.285015
0.297071
0.31029
0.321274
0.328407
0.331876
0.332374
0.33059
0.327093
0.322328
0.31664
0.310297
0.303505
0.296425
0.289184
0.281878
0.274583
0.267353
0.260245
0.253317
0.246542
0.239726
0.233057
0.228175
0.322025
0.316034
0.326488
0.337657
0.346505
0.351611
0.353224
0.352043
0.348745
0.343881
0.33788
0.331072
0.323711
0.315994
0.308072
0.300062
0.292054
0.284116
0.276298
0.268651
0.261226
0.253989
0.246765
0.239754
0.23446
0.353443
0.346305
0.355157
0.364296
0.371043
0.374161
0.373958
0.371137
0.366361
0.360162
0.352954
0.345053
0.3367
0.328081
0.319338
0.31058
0.301888
0.293325
0.284936
0.276764
0.268854
0.26117
0.25355
0.246204
0.240499
0.383978
0.375712
0.382975
0.390116
0.394807
0.395986
0.394014
0.389598
0.383384
0.375888
0.367507
0.358545
0.349229
0.339735
0.330196
0.320712
0.311358
0.302189
0.293246
0.284566
0.276187
0.268069
0.260068
0.252395
0.246283
0.413514
0.404146
0.409843
0.415029
0.417718
0.417015
0.41333
0.407369
0.399764
0.391013
0.381499
0.37151
0.361264
0.350925
0.340618
0.330433
0.32044
0.310687
0.301209
0.292039
0.283207
0.274673
0.266306
0.258315
0.251801
0.441939
0.4315
0.435664
0.438949
0.439701
0.437182
0.431846
0.424397
0.415452
0.405494
0.39489
0.383914
0.372773
0.361622
0.350576
0.339718
0.329111
0.318797
0.308806
0.299166
0.289901
0.280967
0.27225
0.263952
0.257045
0.469145
0.457672
0.460346
0.461795
0.460684
0.456422
0.449503
0.440629
0.430402
0.419288
0.40764
0.395721
0.383725
0.371798
0.360045
0.348545
0.337351
0.326502
0.316021
0.305932
0.296252
0.286937
0.277888
0.269295
0.262004
0.49503
0.482564
0.483801
0.483489
0.480597
0.474673
0.466247
0.456017
0.444569
0.432356
0.419715
0.406898
0.394089
0.381424
0.369001
0.35689
0.345139
0.333781
0.322836
0.31232
0.302247
0.292572
0.283209
0.274334
0.266672
0.519496
0.506084
0.505946
0.503956
0.499374
0.491877
0.482025
0.470512
0.457911
0.444658
0.43108
0.417415
0.403838
0.390476
0.37742
0.364732
0.352456
0.340618
0.329234
0.318317
0.307872
0.297858
0.2882
0.279057
0.271039
0.542451
0.528144
0.526701
0.523128
0.516955
0.507979
0.496788
0.484071
0.470387
0.456159
0.441701
0.427241
0.412944
0.398929
0.385279
0.372052
0.359283
0.346996
0.335201
0.323908
0.313115
0.302785
0.292852
0.283456
0.275098
0.563807
0.548663
0.545994
0.540938
0.533281
0.522927
0.510489
0.496651
0.48196
0.466825
0.451549
0.436349
0.421383
0.406761
0.392559
0.37883
0.365604
0.352899
0.340723
0.32908
0.317965
0.307341
0.297153
0.287522
0.278842
0.583486
0.567566
0.563757
0.557327
0.548299
0.536673
0.523085
0.508215
0.492595
0.476625
0.460595
0.444714
0.429131
0.41395
0.39924
0.385049
0.371402
0.358313
0.345787
0.333821
0.322409
0.311516
0.301095
0.291245
0.282265
0.601412
0.584781
0.579925
0.572239
0.561958
0.549173
0.534537
0.518726
0.50226
0.485529
0.468812
0.452311
0.436167
0.420477
0.405305
0.390693
0.376663
0.363225
0.350379
0.338121
0.326439
0.3153
0.304669
0.294619
0.285361
0.617519
0.600246
0.594444
0.585624
0.574215
0.560387
0.54481
0.528152
0.510926
0.493511
0.476178
0.459119
0.442471
0.426323
0.410737
0.395747
0.381374
0.367622
0.354489
0.341968
0.330044
0.318686
0.307866
0.297635
0.288126
0.631747
0.613905
0.607261
0.597436
0.585029
0.570279
0.553869
0.536464
0.518567
0.500548
0.48267
0.465119
0.448026
0.431475
0.415522
0.400199
0.385522
0.371493
0.358108
0.345355
0.333217
0.321666
0.310679
0.300289
0.290554
0.644042
0.625706
0.618331
0.607635
0.594365
0.578817
0.561688
0.543637
0.52516
0.506618
0.488269
0.470294
0.452816
0.435916
0.419647
0.404036
0.389097
0.374829
0.361226
0.348273
0.33595
0.324233
0.313102
0.302573
0.292641
0.654358
0.635606
0.627616
0.616187
0.602191
0.585974
0.568241
0.549648
0.530684
0.511704
0.492961
0.474629
0.456828
0.439636
0.423101
0.407249
0.39209
0.377622
0.363835
0.350714
0.338238
0.32638
0.31513
0.304484
0.294386
0.662657
0.64357
0.635083
0.623063
0.608483
0.591727
0.573508
0.554479
0.535123
0.515791
0.49673
0.478111
0.460051
0.442623
0.425875
0.409829
0.394493
0.379864
0.36593
0.352674
0.340073
0.328104
0.316758
0.306018
0.295785
0.668908
0.649568
0.640705
0.628239
0.613219
0.596057
0.577472
0.558114
0.538464
0.518866
0.499566
0.480731
0.462475
0.444871
0.427962
0.41177
0.396301
0.38155
0.367506
0.354148
0.341454
0.3294
0.317981
0.30717
0.296835
0.673087
0.653577
0.644464
0.6317
0.616385
0.598951
0.580121
0.560544
0.540696
0.520921
0.50146
0.482481
0.464095
0.446372
0.429356
0.413066
0.397508
0.382676
0.368558
0.355132
0.342375
0.330265
0.318798
0.307939
0.297537
0.67518
0.655585
0.646345
0.633431
0.617969
0.600399
0.581447
0.561759
0.541812
0.521949
0.502408
0.483357
0.464904
0.447123
0.430052
0.413714
0.398111
0.383239
0.369083
0.355624
0.342836
0.330698
0.319206
0.308324
0.297887
-0.241087
-0.237506
-0.233753
-0.22994
-0.226167
-0.228153
-0.222585
-0.22451
-0.216444
-0.219212
-0.20388
-0.208143
-0.19224
-0.197218
-0.181324
-0.186642
-0.171015
-0.176566
-0.16142
-0.167095
-0.152544
-0.158262
-0.144363
-0.150068
-0.136847
-0.142501
-0.129959
-0.135533
-0.123656
-0.129131
-0.117898
-0.123262
-0.112646
-0.117892
-0.107862
-0.112988
-0.103514
-0.10852
-0.09957
-0.104458
-0.0960023
-0.100776
-0.0927849
-0.0974506
-0.0898947
-0.0944585
-0.0873112
-0.0917802
-0.0850159
-0.0893979
-0.0829926
-0.0872959
-0.0812272
-0.0854601
-0.0797075
-0.0838786
-0.0784228
-0.082541
-0.0773643
-0.0814384
-0.0765252
-0.080564
-0.075898
-0.0799114
-0.0754837
-0.079479
-0.0752653
-0.079258
-0.210719
-0.197258
-0.185258
-0.174587
-0.164462
-0.155123
-0.146541
-0.138653
-0.131424
-0.124808
-0.118758
-0.113235
-0.1082
-0.103618
-0.0994544
-0.0956799
-0.0922664
-0.089189
-0.086425
-0.0839545
-0.0817596
-0.0798248
-0.0781362
-0.0766822
-0.0754524
-0.0744383
-0.0736337
-0.0730292
-0.0726322
-0.0724086
-0.20577
-0.192864
-0.181029
-0.17066
-0.160743
-0.151593
-0.143206
-0.135493
-0.12843
-0.121969
-0.116064
-0.110675
-0.105763
-0.101294
-0.0972332
-0.0935515
-0.0902214
-0.0872185
-0.0845207
-0.0821084
-0.0799644
-0.0780733
-0.0764217
-0.0749981
-0.0737927
-0.0727968
-0.0720046
-0.0714064
-0.0710111
-0.0707787
-0.201625
-0.189029
-0.177134
-0.166905
-0.157158
-0.148152
-0.13993
-0.132378
-0.125467
-0.119151
-0.113382
-0.108119
-0.103325
-0.0989627
-0.0950004
-0.091408
-0.0881587
-0.0852282
-0.0825951
-0.08024
-0.078146
-0.0762981
-0.0746832
-0.0732901
-0.0721091
-0.0711317
-0.0703522
-0.069761
-0.0693675
-0.0691284
-0.19741
-0.185034
-0.173226
-0.163147
-0.153591
-0.144736
-0.136673
-0.129278
-0.122512
-0.116335
-0.110698
-0.105558
-0.100878
-0.0966205
-0.0927541
-0.089249
-0.0860788
-0.0832194
-0.0806497
-0.0783509
-0.0763061
-0.0745009
-0.0729224
-0.0715595
-0.0704027
-0.069444
-0.0686774
-0.0680937
-0.0677024
-0.0674582
-0.193307
-0.181095
-0.169373
-0.159392
-0.15001
-0.141304
-0.133393
-0.126153
-0.119534
-0.113496
-0.10799
-0.102972
-0.0984053
-0.0942525
-0.0904818
-0.0870638
-0.0839724
-0.0811841
-0.0786779
-0.0764354
-0.0744402
-0.0726779
-0.071136
-0.0698038
-0.0686718
-0.0677322
-0.0669791
-0.0664038
-0.0660152
-0.0657676
-0.189147
-0.17706
-0.165469
-0.155603
-0.146396
-0.137851
-0.130093
-0.123009
-0.116535
-0.110636
-0.10526
-0.100365
-0.0959102
-0.0918613
-0.0881857
-0.0848545
-0.0818417
-0.0791241
-0.0766814
-0.0744951
-0.0725494
-0.0708303
-0.0693253
-0.068024
-0.0669171
-0.0659972
-0.0652582
-0.0646919
-0.0643067
-0.0640568
-0.184954
-0.173
-0.161551
-0.151796
-0.142753
-0.134372
-0.126767
-0.119837
-0.113511
-0.10775
-0.102505
-0.0977314
-0.0933896
-0.0894445
-0.085864
-0.0826194
-0.0796852
-0.0770385
-0.0746592
-0.0725294
-0.0706335
-0.0689577
-0.0674899
-0.0662199
-0.0651388
-0.064239
-0.0635147
-0.0629581
-0.0625771
-0.0623261
-0.180704
-0.16888
-0.157587
-0.147955
-0.139076
-0.130864
-0.123415
-0.11664
-0.110462
-0.10484
-0.0997261
-0.0950737
-0.0908444
-0.087003
-0.0835174
-0.0803593
-0.0775036
-0.0749278
-0.072612
-0.0705388
-0.0686929
-0.0670607
-0.0656305
-0.0643922
-0.0633372
-0.0624581
-0.0617491
-0.0612029
-0.0608268
-0.0605758
-0.1764
-0.164715
-0.153589
-0.144086
-0.135367
-0.127327
-0.120036
-0.113416
-0.107387
-0.101905
-0.0969214
-0.0923908
-0.0882741
-0.0845362
-0.0811456
-0.0780741
-0.0752969
-0.072792
-0.07054
-0.0685236
-0.0667278
-0.0651395
-0.0637472
-0.0625412
-0.0615127
-0.0606549
-0.0599617
-0.0594266
-0.0590562
-0.0588064
-0.172038
-0.160495
-0.149546
-0.140181
-0.131625
-0.123759
-0.11663
-0.110165
-0.104286
-0.0989442
-0.0940915
-0.0896829
-0.0856789
-0.0820446
-0.0787489
-0.0757641
-0.0730655
-0.0706317
-0.0684434
-0.066484
-0.0647387
-0.0631946
-0.0618407
-0.0606672
-0.0596657
-0.0588297
-0.0581531
-0.0576298
-0.0572657
-0.0570181
-0.167618
-0.156223
-0.145461
-0.136242
-0.12785
-0.120159
-0.113195
-0.106887
-0.101159
-0.0959575
-0.0912363
-0.0869498
-0.0830587
-0.0795283
-0.0763276
-0.0734294
-0.0708096
-0.068447
-0.0663228
-0.0644206
-0.062726
-0.0612265
-0.0599112
-0.0587707
-0.0577968
-0.0569832
-0.0563237
-0.0558129
-0.0554557
-0.0552113
-0.163137
-0.151897
-0.14133
-0.132265
-0.124041
-0.116527
-0.10973
-0.103581
-0.0980041
-0.0929449
-0.0883558
-0.0841918
-0.0804138
-0.0769873
-0.0738818
-0.0710705
-0.0685296
-0.0662384
-0.0641784
-0.0623337
-0.0606901
-0.0592355
-0.0579593
-0.0568522
-0.0559064
-0.0551157
-0.0544739
-0.0539763
-0.0536268
-0.0533866
-0.158594
-0.147515
-0.137151
-0.12825
-0.120196
-0.112863
-0.106236
-0.100248
-0.0948227
-0.0899064
-0.0854499
-0.0814089
-0.0777443
-0.074422
-0.071412
-0.0686877
-0.0662259
-0.0640063
-0.0620108
-0.0602238
-0.0586316
-0.0572223
-0.0559855
-0.0549123
-0.0539951
-0.0532277
-0.0526044
-0.0521206
-0.0517795
-0.0515444
-0.153984
-0.143076
-0.132923
-0.124194
-0.116316
-0.109165
-0.102711
-0.0968855
-0.0916144
-0.0868418
-0.0825187
-0.0786012
-0.0750504
-0.0718327
-0.0689183
-0.0662814
-0.063899
-0.0617512
-0.0598204
-0.0580915
-0.056551
-0.0551873
-0.0539903
-0.0529515
-0.0520633
-0.0513199
-0.0507155
-0.0502462
-0.0499141
-0.049685
-0.149307
-0.13858
-0.128645
-0.120095
-0.1124
-0.105434
-0.0991555
-0.093495
-0.0883789
-0.0837512
-0.0795624
-0.0757689
-0.0723325
-0.0692197
-0.0664014
-0.063852
-0.0615492
-0.0594736
-0.0576079
-0.0559373
-0.0544488
-0.0531311
-0.0519745
-0.0509704
-0.0501118
-0.0493929
-0.048808
-0.0483538
-0.0480312
-0.0478092
-0.144557
-0.134024
-0.124314
-0.115954
-0.108446
-0.101669
-0.0955689
-0.0900757
-0.0851163
-0.0806346
-0.076581
-0.0729124
-0.0695908
-0.0665834
-0.0638615
-0.0614001
-0.0591773
-0.0571741
-0.0553738
-0.0537619
-0.0523258
-0.0510545
-0.0499385
-0.0489697
-0.0481411
-0.0474472
-0.0468823
-0.0464438
-0.0461315
-0.0459172
-0.139733
-0.129407
-0.11993
-0.111768
-0.104453
-0.0978698
-0.0919509
-0.0866275
-0.0818265
-0.0774923
-0.0735749
-0.0700319
-0.0668258
-0.0639243
-0.0612992
-0.0589261
-0.0567836
-0.0548532
-0.0531187
-0.0515659
-0.0501825
-0.048958
-0.047883
-0.0469499
-0.0461518
-0.0454834
-0.0449392
-0.044517
-0.0442154
-0.0440098
-0.134832
-0.124727
-0.115492
-0.107537
-0.100422
-0.0940357
-0.0883013
-0.0831504
-0.0785098
-0.0743243
-0.0705443
-0.0671278
-0.0640379
-0.0612428
-0.0587151
-0.0564308
-0.054369
-0.0525118
-0.0508433
-0.0493499
-0.0480197
-0.0468423
-0.0458089
-0.0449119
-0.0441447
-0.0435023
-0.0429792
-0.0425738
-0.0422836
-0.0420874
-0.129849
-0.119983
-0.110998
-0.10326
-0.0963517
-0.0901665
-0.0846199
-0.0796443
-0.075166
-0.071131
-0.0674896
-0.0642005
-0.0612276
-0.0585396
-0.0561098
-0.0539147
-0.0519341
-0.0501504
-0.0485484
-0.0471148
-0.0458381
-0.0447083
-0.0437167
-0.0428563
-0.0421204
-0.0415045
-0.0410031
-0.0406151
-0.0403367
-0.0401507
-0.124783
-0.115174
-0.106447
-0.098936
-0.0922408
-0.086262
-0.0809067
-0.0761093
-0.0717956
-0.0679126
-0.0644111
-0.0612505
-0.0583954
-0.0558152
-0.0534839
-0.0513785
-0.0494795
-0.0477698
-0.0462347
-0.0448613
-0.0436385
-0.0425566
-0.0416074
-0.0407839
-0.0400798
-0.0394908
-0.0390116
-0.0386413
-0.0383754
-0.0382002
-0.119632
-0.110297
-0.101839
-0.094564
-0.0880893
-0.0823219
-0.0771616
-0.0725454
-0.0683985
-0.0646694
-0.0613093
-0.0582784
-0.0555419
-0.0530704
-0.0508381
-0.0488231
-0.0470061
-0.0453709
-0.0439031
-0.0425902
-0.0414217
-0.0403881
-0.0394816
-0.0386954
-0.0380237
-0.037462
-0.0370053
-0.0366533
-0.0364003
-0.0362366
-0.114392
-0.105352
-0.0971716
-0.0901435
-0.0838965
-0.078346
-0.0733846
-0.0689528
-0.0649752
-0.0614019
-0.0581846
-0.0552846
-0.0526679
-0.0503057
-0.0481733
-0.0462491
-0.0445147
-0.0429544
-0.0415543
-0.0403025
-0.0391886
-0.0382038
-0.0373403
-0.0365919
-0.0359527
-0.0354188
-0.0349851
-0.0346518
-0.0344121
-0.0342604
-0.109061
-0.100337
-0.0924451
-0.085674
-0.079662
-0.0743341
-0.0695757
-0.0653317
-0.0615259
-0.0581105
-0.0550376
-0.0522698
-0.0497739
-0.047522
-0.0454901
-0.0436574
-0.0420061
-0.0405213
-0.0391894
-0.0379989
-0.0369401
-0.0360044
-0.0351844
-0.034474
-0.0338679
-0.033362
-0.0329518
-0.0326375
-0.0324116
-0.0322725
-0.103638
-0.0952502
-0.0876585
-0.0811548
-0.0753855
-0.0702862
-0.0657349
-0.0616822
-0.058051
-0.0547956
-0.0518689
-0.0492347
-0.0468607
-0.04472
-0.0427894
-0.0410489
-0.0394813
-0.0380723
-0.0368091
-0.0356804
-0.0346771
-0.0337908
-0.0330147
-0.0323427
-0.0317699
-0.0312926
-0.0309061
-0.0306112
-0.0303995
-0.0302733
-0.098122
-0.0900905
-0.0828111
-0.0765857
-0.0710665
-0.0662021
-0.0618623
-0.0580046
-0.0545509
-0.0514577
-0.048679
-0.0461799
-0.0439291
-0.0419006
-0.0400721
-0.0384244
-0.0369412
-0.0356086
-0.0344145
-0.0333481
-0.0324006
-0.0315642
-0.0308321
-0.030199
-0.0296599
-0.0292113
-0.0288489
-0.0285737
-0.0283765
-0.0282636
-0.0925102
-0.0848563
-0.0779023
-0.0719663
-0.0667048
-0.0620818
-0.0579581
-0.0542993
-0.051026
-0.0480975
-0.0454688
-0.0431063
-0.0409799
-0.0390647
-0.0373392
-0.0357851
-0.0343867
-0.0331311
-0.0320065
-0.0310028
-0.0301116
-0.0293253
-0.0286378
-0.0280438
-0.0275386
-0.0271191
-0.0267811
-0.0265258
-0.0263434
-0.0262442
-0.0868024
-0.0795452
-0.0729315
-0.0672965
-0.0623002
-0.0579252
-0.0540226
-0.0505666
-0.0474768
-0.0447156
-0.0422388
-0.0400147
-0.038014
-0.0362132
-0.0345917
-0.0331318
-0.0318189
-0.0306408
-0.0295863
-0.0286457
-0.0278111
-0.0270754
-0.0264327
-0.025878
-0.0254071
-0.025017
-0.0247035
-0.0244684
-0.0243012
-0.0242158
-0.0810007
-0.074154
-0.0678974
-0.0625756
-0.0578525
-0.0537322
-0.0500557
-0.0468067
-0.0439038
-0.0413126
-0.0389899
-0.0369058
-0.0350323
-0.033347
-0.0318304
-0.0304656
-0.0292388
-0.0281389
-0.027155
-0.0262779
-0.0255002
-0.0248154
-0.0242178
-0.0237027
-0.0232663
-0.0229058
-0.0226171
-0.0224023
-0.0222506
-0.022179
-0.0751111
-0.0686802
-0.0627982
-0.0578025
-0.0533613
-0.0495021
-0.0460576
-0.04302
-0.0403074
-0.0378889
-0.0357226
-0.0337803
-0.0320355
-0.0304669
-0.0290562
-0.0277874
-0.0266475
-0.0256262
-0.0247134
-0.0239003
-0.02318
-0.0225463
-0.021994
-0.0215189
-0.0211172
-0.0207864
-0.0205228
-0.0203284
-0.0201926
-0.0201341
-0.06914
-0.0631263
-0.0576313
-0.0529757
-0.0488254
-0.0452343
-0.0420277
-0.039206
-0.0366875
-0.0344446
-0.0324371
-0.0306387
-0.0290242
-0.0275737
-0.02627
-0.0250979
-0.0240455
-0.0231035
-0.0222624
-0.0215136
-0.0208511
-0.0202689
-0.0197623
-0.0193274
-0.0189605
-0.0186597
-0.0184212
-0.0182474
-0.0181278
-0.0180815
-0.0630846
-0.0575037
-0.0523928
-0.0480962
-0.0442431
-0.0409292
-0.0379647
-0.0353644
-0.0330439
-0.0309801
-0.0291341
-0.0274818
-0.0259994
-0.0246685
-0.023473
-0.0223982
-0.0214334
-0.0205714
-0.0198026
-0.0191189
-0.0185146
-0.0179843
-0.0175237
-0.0171291
-0.0167974
-0.0165267
-0.0163134
-0.0161603
-0.0160566
-0.0160223
-0.0569389
-0.051817
-0.047081
-0.0431651
-0.0396146
-0.0365882
-0.0338679
-0.0314951
-0.0293768
-0.0274961
-0.0258144
-0.0243106
-0.0229622
-0.0217526
-0.0206667
-0.0196897
-0.0188127
-0.0180314
-0.0173358
-0.0167177
-0.0161721
-0.015694
-0.0152796
-0.0149256
-0.0146291
-0.0143887
-0.0142005
-0.0140687
-0.01398
-0.0139585
-0.0506987
-0.0460614
-0.0416942
-0.0381823
-0.0349401
-0.0322124
-0.0297379
-0.0275995
-0.0256881
-0.0239945
-0.02248
-0.0211269
-0.0199144
-0.0188276
-0.0178525
-0.0169746
-0.0161869
-0.0154868
-0.0148649
-0.0143127
-0.0138259
-0.0134002
-0.0130321
-0.0127188
-0.0124576
-0.0122476
-0.0120843
-0.0119744
-0.0118993
-0.0118932
-0.0443477
-0.0402314
-0.0362253
-0.0331496
-0.0302157
-0.0278044
-0.025581
-0.0236842
-0.0219828
-0.0204797
-0.0191344
-0.0179338
-0.0168583
-0.0158953
-0.0150315
-0.0142556
-0.0135623
-0.0129426
-0.012394
-0.0119072
-0.011479
-0.0111055
-0.0107836
-0.0105109
-0.0102849
-0.0101052
-0.00996649
-0.00987888
-0.00981607
-0.00982811
-0.0378438
-0.0343371
-0.0306713
-0.0280766
-0.0254378
-0.0233718
-0.0214138
-0.0197629
-0.0182707
-0.0169591
-0.0157835
-0.0147361
-0.0137982
-0.0129589
-0.012206
-0.0115351
-0.0109419
-0.0104013
-0.0099247
-0.00950287
-0.00913286
-0.00881122
-0.00853525
-0.0083028
-0.00811169
-0.00796196
-0.00784788
-0.0077818
-0.00773182
-0.00776144
-0.0311432
-0.0284145
-0.0250553
-0.0229785
-0.0206212
-0.0189228
-0.0172495
-0.0158423
-0.0145584
-0.0134375
-0.0124323
-0.0115384
-0.0107386
-0.0100239
-0.00938364
-0.00881437
-0.00831145
-0.00785433
-0.00745119
-0.0070954
-0.00678428
-0.00651499
-0.00628525
-0.00609324
-0.00593724
-0.00581726
-0.00572832
-0.00568239
-0.00564719
-0.00569155
-0.0242876
-0.0224716
-0.0194312
-0.0178533
-0.015817
-0.0144497
-0.0130481
-0.0118917
-0.0108267
-0.00990039
-0.00906977
-0.00833195
-0.00767269
-0.00708418
-0.00655807
-0.00609087
-0.00567794
-0.00530507
-0.00497619
-0.004687
-0.00443518
-0.00421851
-0.00403517
-0.00388371
-0.00376284
-0.00367249
-0.00360878
-0.00358228
-0.00356268
-0.00361986
-0.0174115
-0.0163635
-0.0137701
-0.0126532
-0.0109848
-0.00993845
-0.00882036
-0.00791698
-0.00707776
-0.00634973
-0.00569718
-0.0051181
-0.00460141
-0.00414082
-0.00373001
-0.00336578
-0.00304397
-0.00275551
-0.0025015
-0.00227932
-0.00208712
-0.00192327
-0.00178644
-0.00167556
-0.00158975
-0.00152895
-0.00149028
-0.00148288
-0.00147894
-0.00154774
-0.0104804
-0.0101394
-0.0080575
-0.00739078
-0.00611534
-0.00539299
-0.00456873
-0.00392189
-0.00331344
-0.00278753
-0.00231613
-0.00189834
-0.00152622
-0.00119516
-0.000900781
-0.000640581
-0.000411316
-0.000207404
-2.87678e-05
0.000126104
0.000258457
0.000369342
0.000459607
0.000529931
0.000580785
0.000612156
0.000626071
0.000614616
0.000603178
0.000523619
-0.0034859
-0.00382879
-0.0022858
-0.00207635
-0.00120609
-0.000817029
-0.000294951
9.06894e-05
0.000464237
0.000784258
0.00107163
0.00132568
0.00155132
0.00175127
0.00192807
0.0020832
0.00221873
0.00233779
0.00244063
0.0025279
0.00260021
0.00265803
0.00270172
0.00273154
0.00274758
0.00274969
0.00273919
0.00270913
0.00268275
0.00259318
0.00357925
0.00255029
0.00354577
0.00328338
0.00374133
0.00378692
0.00399984
0.00411905
0.0042537
0.00436412
0.00446463
0.00455251
0.00462976
0.00469706
0.0047551
0.00480413
0.00484489
0.00487868
0.00490534
0.00492476
0.00493686
0.00494154
0.00493867
0.00492808
0.00490949
0.00488256
0.004848
0.00479963
0.00475879
0.00465996
0.0107177
0.00898992
0.00943492
0.00868532
0.00872453
0.0084172
0.00831427
0.00816168
0.00805342
0.0079506
0.00786139
0.00778074
0.0077077
0.00764082
0.00757892
0.00752083
0.00746593
0.00741397
0.00736408
0.00731539
0.00726715
0.00721865
0.00716926
0.00711838
0.00706538
0.00700965
0.00695142
0.00688513
0.00683031
0.00672303
0.0179298
0.0154859
0.0153781
0.0141277
0.0137408
0.0130723
0.0126469
0.0122171
0.0118619
0.0115422
0.0112605
0.011009
0.0107838
0.0105812
0.0103981
0.010232
0.0100806
0.00994236
0.00981557
0.00969855
0.00958985
0.00948816
0.00939232
0.00930131
0.00921412
0.0091299
0.00904839
0.00896462
0.00889632
0.00878147
0.0252138
0.0220361
0.0213718
0.0196095
0.0187876
0.0177507
0.0169959
0.0162839
0.0156775
0.0151376
0.0146605
0.0142358
0.0138566
0.0135168
0.0132115
0.0129362
0.0126876
0.0124626
0.0122586
0.012073
0.0119038
0.0117489
0.0116067
0.0114757
0.0113546
0.0112422
0.0111379
0.0110371
0.0109559
0.0108344
0.0325675
0.0286388
0.0274118
0.0251292
0.0238619
0.0224503
0.0213598
0.0203604
0.019499
0.0187354
0.0180602
0.0174601
0.016925
0.0164465
0.0160177
0.0156324
0.0152858
0.0149735
0.0146919
0.0144376
0.0142077
0.0139997
0.0138113
0.0136406
0.0134858
0.0133456
0.0132189
0.0131016
0.013008
0.0128808
0.0399877
0.0352899
0.0334931
0.0306847
0.0289614
0.02717
0.0257377
0.0244462
0.0233256
0.0223349
0.0214589
0.0206808
0.0199879
0.0193692
0.0188156
0.0183194
0.017874
0.0174739
0.0171144
0.0167912
0.0165006
0.0162394
0.0160049
0.0157947
0.0156066
0.0154391
0.0152904
0.0151572
0.0150517
0.01492
0.0474684
0.0419846
0.03961
0.0362743
0.0340856
0.0319099
0.03013
0.0285412
0.0271573
0.0259356
0.0248556
0.0238972
0.0230444
0.0222838
0.0216042
0.0209959
0.0204511
0.0199627
0.0195249
0.0191325
0.0187812
0.018467
0.0181866
0.0179371
0.0177161
0.0175215
0.0173514
0.0172029
0.0170861
0.0169509
0.0550013
0.0487198
0.0457583
0.0418986
0.0392349
0.03667
0.0345361
0.0326444
0.0309924
0.0295357
0.0282485
0.0271072
0.0260925
0.0251885
0.0243817
0.0236605
0.0230155
0.0224384
0.021922
0.0214604
0.0210483
0.0206812
0.0203551
0.0200667
0.019813
0.0195919
0.019401
0.0192377
0.0191103
0.0189727
0.062581
0.0554963
0.0519355
0.0475568
0.0444055
0.0414448
0.0389501
0.0367497
0.0348255
0.0331307
0.0316338
0.0303076
0.0291296
0.028081
0.027146
0.0263113
0.0255657
0.0248994
0.0243044
0.0237736
0.0233008
0.0228809
0.0225093
0.0221823
0.0218965
0.0216493
0.0214382
0.0212607
0.0211233
0.0209845
0.0702035
0.0623142
0.0581318
0.0532361
0.0495834
0.0462204
0.0433607
0.0408485
0.0386502
0.0367156
0.0350077
0.0334956
0.0321533
0.0309594
0.0298957
0.028947
0.0281004
0.0273449
0.0266711
0.026071
0.0255376
0.0250651
0.0246484
0.0242831
0.0239656
0.0236928
0.023462
0.0232711
0.0231244
0.0229855
0.0778605
0.0691616
0.0643227
0.0589141
0.0547536
0.0509883
0.0477647
0.0449407
0.0424681
0.0402927
0.0383728
0.0366735
0.0351658
0.0338254
0.032632
0.0315684
0.0306202
0.0297749
0.0290219
0.0283524
0.0277584
0.0272334
0.0267717
0.0263684
0.0260195
0.0257217
0.0254718
0.0252679
0.0251126
0.0249749
0.0855308
0.0760199
0.0704968
0.0645966
0.0599368
0.0557736
0.0521876
0.0490493
0.0462986
0.0438783
0.0417421
0.0398516
0.0381748
0.0366849
0.0353593
0.0341788
0.0331273
0.032191
0.031358
0.0306183
0.0299633
0.0293856
0.0288789
0.0284377
0.0280577
0.0277352
0.0274667
0.0272505
0.0270874
0.0269518
0.0931973
0.0829129
0.0767097
0.0703518
0.0652
0.0606314
0.0566716
0.0532053
0.0501642
0.0474878
0.0451259
0.0430366
0.0411847
0.0395404
0.0380788
0.0367785
0.0356215
0.0345925
0.0336783
0.0328678
0.0321513
0.0315207
0.0309689
0.0304901
0.0300794
0.0297325
0.029446
0.0292181
0.0290479
0.0289155
0.100883
0.0899267
0.0830389
0.0762242
0.0705571
0.0655523
0.0611946
0.0573809
0.0540351
0.0510925
0.0484978
0.0462048
0.0441744
0.0423738
0.0407749
0.0393543
0.0380918
0.0369703
0.0359754
0.0350946
0.0343173
0.0336345
0.0330386
0.0325229
0.0320822
0.0317119
0.0314083
0.0311694
0.0309932
0.0308649
0.108596
0.0970346
0.0893537
0.0820229
0.0758067
0.0703474
0.0655903
0.0614342
0.057793
0.0545945
0.0517775
0.0492908
0.0470912
0.0451424
0.0434135
0.0418788
0.0405162
0.039307
0.0382354
0.0372877
0.0364527
0.0357203
0.0350824
0.0345319
0.034063
0.0336709
0.0333515
0.0331029
0.0329218
0.0327989
0.11615
0.103889
0.0952516
0.0873763
0.0806533
0.074792
0.0696903
0.0652403
0.0613453
0.0579259
0.0549155
0.0522588
0.0499092
0.0478277
0.0459815
0.0443428
0.0428882
0.0415978
0.0404548
0.0394447
0.0385554
0.0377764
0.037099
0.0365157
0.0360204
0.035608
0.0352744
0.0350171
0.0348326
0.034716
0.123295
0.110349
0.100811
0.0924895
0.0853703
0.0791764
0.0737736
0.0690542
0.064919
0.0612851
0.0580831
0.0552549
0.0527521
0.0505338
0.0485655
0.0468181
0.0452669
0.043891
0.0426726
0.0415965
0.0406498
0.0398216
0.0391026
0.0384848
0.0379619
0.0375283
0.0371798
0.0369137
0.0367262
0.0366163
0.130564
0.11763
0.107469
0.0987326
0.09117
0.0845414
0.0787199
0.0736144
0.0691305
0.0651847
0.0617048
0.0586302
0.0559093
0.0534984
0.0513603
0.0494636
0.0477814
0.0462909
0.0449727
0.0438102
0.0427891
0.0418975
0.0411251
0.0404634
0.0399052
0.0394446
0.039077
0.038799
0.0386071
0.0385026
0.138882
0.126983
0.116286
0.106895
0.0986261
0.0913158
0.0848596
0.079179
0.0741835
0.0697862
0.06591
0.0624884
0.0594645
0.0567893
0.0544211
0.0523244
0.0504687
0.048828
0.0473802
0.0461063
0.0449902
0.0440182
0.0431786
0.0424616
0.0418591
0.0413644
0.0409723
0.0406789
0.0404804
0.0403787
0.14558
0.134622
0.123505
0.113493
0.104629
0.0967961
0.0898767
0.0837815
0.078417
0.0736929
0.0695281
0.065852
0.0626038
0.0597314
0.0571901
0.0549416
0.0529533
0.0511971
0.049649
0.0482885
0.0470982
0.0460633
0.0451712
0.0444112
0.0437746
0.0432541
0.0428441
0.0425403
0.0423387
0.0422398
0.156579
0.145523
0.134132
0.123619
0.114366
0.106276
0.0991446
0.0928329
0.0872427
0.082288
0.0778923
0.0739885
0.070519
0.0674343
0.0646915
0.0622536
0.0600887
0.0581692
0.0564715
0.0549752
0.0536626
0.0525189
0.0515312
0.0506889
0.0499828
0.0494056
0.0489513
0.0486149
0.0483928
0.0482822
0.170048
0.157378
0.146305
0.136331
0.127376
0.119378
0.11223
0.105826
0.100082
0.0949296
0.090308
0.0861626
0.0824445
0.0791109
0.0761239
0.07345
0.0710602
0.0689289
0.0670336
0.065355
0.0638762
0.0625826
0.0614617
0.0605028
0.0596969
0.0590365
0.0585156
0.0581293
0.0578744
0.0577493
0.174044
0.16369
0.154067
0.145137
0.136923
0.129413
0.12257
0.116346
0.110691
0.105558
0.100904
0.0966868
0.0928697
0.0894182
0.0863015
0.083492
0.0809647
0.0786975
0.076671
0.0748676
0.0732721
0.0718712
0.0706531
0.069608
0.0687273
0.0680038
0.0674319
0.0670069
0.0667255
0.0665848
0.175476
0.166575
0.158138
0.150219
0.142857
0.13604
0.129746
0.123947
0.118614
0.113718
0.10923
0.105124
0.101373
0.0979544
0.0948441
0.0920211
0.0894661
0.0871612
0.0850904
0.0832392
0.0815947
0.0801454
0.0788813
0.0777936
0.0768748
0.0761187
0.07552
0.0750746
0.0747796
0.0746333
0.173585
0.16647
0.159554
0.152902
0.146575
0.140597
0.134979
0.129721
0.12482
0.120266
0.116048
0.11215
0.108559
0.105259
0.102234
0.0994704
0.0969533
0.0946698
0.0926077
0.0907558
0.0891039
0.0876427
0.086364
0.0852606
0.0843262
0.0835555
0.0829442
0.0824887
0.0821864
0.082035
0.171485
0.165564
0.15972
0.154027
0.148551
0.143323
0.138358
0.133666
0.129249
0.125105
0.121232
0.117623
0.114271
0.111168
0.108304
0.10567
0.103257
0.101057
0.0990606
0.0972596
0.0956468
0.0942151
0.0929583
0.0918709
0.0909479
0.0901852
0.0895793
0.0891273
0.0888272
0.088678
0.168308
0.163518
0.158736
0.154018
0.149411
0.144946
0.140648
0.136533
0.132615
0.128901
0.125397
0.122103
0.119019
0.116143
0.11347
0.110998
0.10872
0.106632
0.104729
0.103004
0.101454
0.100073
0.0988566
0.0978016
0.096904
0.0961608
0.0955693
0.0951275
0.0948338
0.0946867
0.165541
0.161559
0.157539
0.153534
0.149592
0.145741
0.142005
0.138402
0.134945
0.131645
0.128508
0.125539
0.12274
0.120114
0.11766
0.115376
0.113262
0.111314
0.109531
0.107909
0.106446
0.105138
0.103983
0.102979
0.102123
0.101412
0.100846
0.100423
0.100141
0.100001
0.162507
0.159246
0.155926
0.152596
0.149284
0.146016
0.142813
0.139694
0.136675
0.133767
0.130982
0.128327
0.125808
0.123429
0.121193
0.119101
0.117154
0.115354
0.113697
0.112186
0.110817
0.10959
0.108503
0.107556
0.106747
0.106074
0.105537
0.105135
0.104868
0.104734
0.16
0.157266
0.154463
0.151627
0.14879
0.145975
0.143201
0.140484
0.13784
0.13528
0.132813
0.13045
0.128196
0.126056
0.124035
0.122136
0.120361
0.118712
0.11719
0.115796
0.11453
0.113392
0.112382
0.111499
0.110744
0.110115
0.109612
0.109235
0.108985
0.108859
0.157524
0.155249
0.152903
0.150519
0.148119
0.145719
0.143337
0.140988
0.138684
0.13644
0.134264
0.132167
0.130156
0.128237
0.126416
0.124697
0.123084
0.12158
0.120187
0.118907
0.11774
0.116689
0.115754
0.114935
0.114232
0.113647
0.113178
0.112827
0.112593
0.112475
0.155526
0.153592
0.151589
0.149539
0.147466
0.145385
0.143311
0.141257
0.139235
0.137257
0.135332
0.133469
0.131674
0.129956
0.128318
0.126767
0.125307
0.12394
0.122671
0.1215
0.120432
0.119466
0.118606
0.11785
0.117202
0.11666
0.116226
0.115901
0.115683
0.115575
0.153659
0.152018
0.150311
0.14856
0.146781
0.144986
0.143187
0.141395
0.139623
0.13788
0.136176
0.134518
0.132915
0.131373
0.129899
0.128497
0.127173
0.12593
0.124772
0.123701
0.122721
0.121834
0.121041
0.120345
0.119746
0.119245
0.118843
0.118541
0.11834
0.118239
0.152188
0.150765
0.149281
0.147751
0.14619
0.144611
0.143023
0.141438
0.139865
0.138314
0.136792
0.135307
0.133867
0.132478
0.131145
0.129875
0.128672
0.127539
0.126481
0.125502
0.124603
0.123788
0.123058
0.122416
0.121863
0.1214
0.121028
0.120749
0.120562
0.120469
0.150874
0.149635
0.148339
0.147002
0.145632
0.144241
0.142838
0.141431
0.140029
0.138641
0.137274
0.135936
0.134634
0.133374
0.132162
0.131004
0.129903
0.128865
0.127893
0.126991
0.126162
0.125408
0.124733
0.124138
0.123624
0.123194
0.122849
0.122589
0.122415
0.122328
0.149882
0.148777
0.14762
0.14642
0.145189
0.143936
0.142668
0.141395
0.140124
0.138863
0.137618
0.136398
0.135207
0.134053
0.13294
0.131874
0.130859
0.1299
0.129001
0.128165
0.127395
0.126695
0.126066
0.125511
0.125032
0.124631
0.124308
0.124065
0.123903
0.123821
0.149048
0.148051
0.147005
0.14592
0.144804
0.143666
0.142511
0.141348
0.140184
0.139026
0.13788
0.136754
0.135652
0.134582
0.133547
0.132554
0.131607
0.130711
0.129869
0.129085
0.128362
0.127704
0.127112
0.126589
0.126138
0.125759
0.125454
0.125224
0.125071
0.124994
0.148478
0.147551
0.14658
0.145571
0.144532
0.143471
0.142393
0.141306
0.140216
0.139131
0.138055
0.136996
0.135959
0.13495
0.133974
0.133035
0.132139
0.131289
0.13049
0.129745
0.129058
0.128431
0.127868
0.12737
0.126939
0.126577
0.126286
0.126067
0.125921
0.125847
0.148068
0.147191
0.146274
0.145321
0.144338
0.143332
0.142308
0.141274
0.140236
0.1392
0.138172
0.137158
0.136164
0.135195
0.134257
0.133353
0.13249
0.131671
0.1309
0.130181
0.129516
0.12891
0.128365
0.127883
0.127465
0.127115
0.126833
0.126621
0.126478
0.126407
0.147912
0.147061
0.146166
0.145233
0.14427
0.143283
0.142279
0.141264
0.140245
0.139228
0.13822
0.137225
0.13625
0.135299
0.134379
0.133492
0.132645
0.131841
0.131084
0.130378
0.129725
0.12913
0.128594
0.12812
0.12771
0.127365
0.127088
0.126879
0.126739
0.126669
0.170053
0.181614
0.181838
0.182128
0.17853
0.175659
0.171492
0.168233
0.164618
0.161806
0.158978
0.156791
0.154706
0.153117
0.151667
0.150603
0.149689
0.149085
0.148632
0.14846
0.176882
0.18674
0.185396
0.184798
0.180448
0.177152
0.172644
0.169175
0.165385
0.16246
0.159534
0.157282
0.155137
0.153509
0.152021
0.150934
0.149997
0.149384
0.148917
0.148742
0.183309
0.191292
0.188582
0.187166
0.182188
0.178505
0.173697
0.170034
0.166088
0.16306
0.160047
0.157737
0.15554
0.153876
0.152356
0.151249
0.150295
0.149663
0.149195
0.149018
0.189496
0.195731
0.191705
0.189516
0.183917
0.179865
0.174754
0.170903
0.166796
0.163666
0.160562
0.158192
0.155941
0.154241
0.152688
0.151564
0.150579
0.149943
0.149466
0.149286
0.195543
0.200039
0.194747
0.191799
0.185596
0.181185
0.175779
0.171746
0.167484
0.164255
0.161063
0.158636
0.156332
0.154597
0.153013
0.151853
0.150859
0.150216
0.14973
0.149548
0.201431
0.204188
0.197694
0.194001
0.187218
0.182462
0.17677
0.172563
0.16815
0.164825
0.161548
0.159066
0.15671
0.154942
0.153336
0.152147
0.151133
0.15048
0.149986
0.149802
0.207149
0.208182
0.200546
0.196125
0.188786
0.183696
0.177729
0.173353
0.168793
0.165378
0.162018
0.159484
0.157081
0.155302
0.15361
0.152428
0.151399
0.150737
0.150235
0.150049
0.212693
0.212021
0.203302
0.198169
0.1903
0.184887
0.178654
0.174116
0.169415
0.165912
0.162473
0.159888
0.157439
0.155576
0.153908
0.152701
0.151656
0.150986
0.150475
0.150288
0.218052
0.215702
0.205961
0.200131
0.191758
0.186032
0.179545
0.174852
0.170014
0.166428
0.162911
0.16028
0.157785
0.155909
0.154188
0.152966
0.151904
0.151226
0.150707
0.150518
0.223219
0.219227
0.208521
0.202011
0.193161
0.187133
0.180402
0.17556
0.17059
0.166924
0.163334
0.160655
0.15811
0.156204
0.15446
0.153222
0.152144
0.151458
0.150931
0.15074
0.228185
0.222594
0.210978
0.203806
0.194507
0.188186
0.181224
0.176239
0.171143
0.167401
0.163742
0.161036
0.158404
0.156487
0.15472
0.153468
0.152374
0.15168
0.151146
0.150953
0.232943
0.225802
0.213331
0.205516
0.195795
0.189191
0.18201
0.176888
0.171672
0.167857
0.164133
0.161342
0.158706
0.156761
0.15497
0.153704
0.152595
0.151894
0.151351
0.151158
0.237485
0.22885
0.215576
0.20714
0.197025
0.190148
0.18276
0.177506
0.172176
0.168293
0.164505
0.161684
0.158989
0.157024
0.155209
0.153929
0.152806
0.152098
0.151548
0.151353
0.241805
0.231738
0.217712
0.208678
0.198195
0.191055
0.183474
0.178093
0.172656
0.168707
0.164854
0.161992
0.159261
0.157274
0.155436
0.154144
0.153007
0.152292
0.151734
0.151538
0.245897
0.234465
0.219735
0.210128
0.199304
0.191912
0.18415
0.178649
0.173111
0.1691
0.165182
0.162285
0.159518
0.157511
0.155652
0.154348
0.153197
0.152476
0.151911
0.151714
0.249755
0.23703
0.221644
0.211491
0.200351
0.192718
0.184789
0.179173
0.173541
0.169471
0.165501
0.16256
0.15976
0.157736
0.155855
0.15454
0.153377
0.15265
0.152078
0.15188
0.253375
0.23943
0.223436
0.212766
0.201335
0.193472
0.185388
0.179663
0.173945
0.169821
0.165772
0.162815
0.159989
0.157946
0.156047
0.154721
0.153545
0.152813
0.152235
0.152036
0.256752
0.241666
0.225108
0.213952
0.202254
0.194175
0.185949
0.180121
0.174322
0.170142
0.166042
0.163055
0.160202
0.158143
0.156225
0.15489
0.153703
0.152965
0.152382
0.152181
0.259882
0.243736
0.226659
0.215049
0.203108
0.194825
0.186469
0.180545
0.174674
0.170453
0.166293
0.163279
0.1604
0.158326
0.156391
0.155047
0.15385
0.153107
0.152518
0.152316
0.262761
0.245639
0.228088
0.216057
0.203895
0.195422
0.186949
0.180935
0.174999
0.170696
0.166518
0.163486
0.160582
0.158495
0.156544
0.155192
0.153984
0.153238
0.152643
0.15244
0.265387
0.247373
0.229391
0.216975
0.204614
0.195966
0.187388
0.18129
0.175294
0.170963
0.16673
0.163675
0.160749
0.158649
0.156684
0.155324
0.154108
0.153357
0.152757
0.152554
0.267756
0.248937
0.230568
0.217803
0.205264
0.196457
0.187785
0.181611
0.175557
0.171181
0.16692
0.163847
0.160899
0.158789
0.15681
0.155443
0.154219
0.153465
0.15286
0.152656
0.269867
0.25033
0.231618
0.21854
0.205844
0.196894
0.188139
0.181896
0.175793
0.171383
0.16709
0.164
0.161034
0.158913
0.156923
0.15555
0.154318
0.153561
0.152952
0.152748
0.271717
0.251552
0.232539
0.219187
0.206354
0.197276
0.18845
0.182146
0.175999
0.171558
0.16724
0.164134
0.161152
0.159023
0.157021
0.155644
0.154406
0.153645
0.153033
0.152828
0.273305
0.252601
0.233331
0.219742
0.206792
0.197605
0.188718
0.182361
0.176175
0.171708
0.167369
0.164249
0.161253
0.159117
0.157106
0.155724
0.154481
0.153718
0.153103
0.152897
0.27463
0.253478
0.233991
0.220205
0.207158
0.197879
0.188941
0.18254
0.176323
0.171833
0.167476
0.164346
0.161338
0.159195
0.157177
0.155792
0.154543
0.153779
0.153161
0.152955
0.275691
0.254179
0.23452
0.220575
0.207452
0.198098
0.189121
0.182683
0.17644
0.171933
0.167563
0.164423
0.161406
0.159258
0.157234
0.155846
0.154593
0.153827
0.153207
0.153001
0.276486
0.254706
0.234917
0.220853
0.207672
0.198263
0.189255
0.18279
0.176529
0.172008
0.167628
0.164481
0.161457
0.159305
0.157277
0.155886
0.154631
0.153864
0.153242
0.153036
0.277017
0.255058
0.235182
0.221039
0.207819
0.198372
0.189345
0.182862
0.176588
0.172058
0.167671
0.16452
0.161491
0.159337
0.157306
0.155913
0.154656
0.153888
0.153266
0.153059
0.277281
0.255233
0.235314
0.221131
0.207892
0.198427
0.18939
0.182898
0.176617
0.172083
0.167693
0.164539
0.161508
0.159353
0.15732
0.155927
0.154669
0.1539
0.153277
0.15307
)
;

boundaryField
{
    inlet
    {
        type            zeroGradient;
    }
    outlet
    {
        type            fixedValue;
        value           nonuniform 0();
    }
    cylinder
    {
        type            zeroGradient;
    }
    top
    {
        type            symmetryPlane;
    }
    bottom
    {
        type            symmetryPlane;
    }
    defaultFaces
    {
        type            empty;
    }
    procBoundary2to0
    {
        type            processor;
        value           nonuniform List<scalar> 
65
(
-0.241675
-0.243751
-0.244613
-0.245411
-0.246074
-0.246661
-0.247214
-0.247749
-0.248269
-0.248773
-0.249253
-0.2497
-0.250104
-0.250454
-0.25074
-0.250952
-0.25108
-0.251118
-0.251062
-0.250909
0.675177
0.655582
0.646342
0.633429
0.617966
0.600397
0.581445
0.561757
0.54181
0.521947
0.502406
0.483355
0.464903
0.447121
0.430051
0.413712
0.39811
0.383237
0.369082
0.355623
0.342834
0.330696
0.319205
0.308323
0.297886
0.27728
0.255232
0.235314
0.221131
0.207892
0.198427
0.18939
0.182897
0.176617
0.172083
0.167693
0.164539
0.161508
0.159352
0.15732
0.155927
0.154669
0.1539
0.153277
0.15307
)
;
    }
    procBoundary2to3
    {
        type            processor;
        value           nonuniform List<scalar> 
67
(
-0.250641
-0.250664
-0.250736
-0.250736
-0.250487
-0.250612
-0.250765
-0.25094
-0.251131
-0.251333
-0.251539
-0.251742
-0.251742
-0.250798
-0.250853
-0.250819
-0.250668
-0.250668
-0.249997
-0.249898
-0.249684
-0.249684
-0.238896
-0.237545
-0.236275
-0.236275
-0.249706
-0.247262
-0.244374
-0.244374
-0.241303
-0.238306
-0.235038
-0.231643
-0.231643
-0.229032
-0.225376
-0.220039
-0.209258
-0.198825
-0.188789
-0.179192
-0.170116
-0.161601
-0.153656
-0.146278
-0.139449
-0.133146
-0.127342
-0.12201
-0.117125
-0.112659
-0.108589
-0.10489
-0.101541
-0.0985219
-0.0958148
-0.093403
-0.091272
-0.0894087
-0.0878019
-0.0864418
-0.08532
-0.0844301
-0.0837662
-0.0833265
-0.0831037
)
;
    }
}


// ************************************************************************* //
