/*--------------------------------*- C++ -*----------------------------------*\
  =========                 |
  \\      /  F ield         | OpenFOAM: The Open Source CFD Toolbox
   \\    /   O peration     | Website:  https://openfoam.org
    \\  /    A nd           | Version:  7
     \\/     M anipulation  |
\*---------------------------------------------------------------------------*/
FoamFile
{
    version     2.0;
    format      ascii;
    class       surfaceScalarField;
    location    "65.001";
    object      phi;
}
// * * * * * * * * * * * * * * * * * * * * * * * * * * * * * * * * * * * * * //

dimensions      [0 3 -1 0 0 0 0];

internalField   nonuniform List<scalar> 
7273
(
0.000537231
0.012201
-0.000471277
0.000570331
0.0125897
0.000581011
0.0127185
0.000579745
0.0127284
0.000572328
0.0126917
0.000561231
0.012638
0.000547493
0.0125788
0.000531687
0.0125192
0.000514205
0.0124618
0.000495333
0.0124075
0.00047527
0.0123565
0.00045417
0.0123084
0.00043216
0.012263
0.000409361
0.0122201
0.000385885
0.0121796
0.000361836
0.0121416
0.000337309
0.0121061
0.000312385
0.012073
0.000287136
0.0120424
0.000261623
0.0120143
0.000235899
0.0119888
0.000210006
0.0119658
0.00018398
0.0119453
0.000157852
0.0119274
0.000131645
0.0119121
0.000105379
0.0118993
7.90697e-05
0.011889
5.27271e-05
0.0118813
2.63639e-05
0.0118762
0.0118737
0.000451696
0.0121351
-0.000385784
0.000487727
0.0125536
0.000502235
0.012704
0.000504689
0.012726
0.000500823
0.0126956
0.000493227
0.0126456
0.000482992
0.012589
0.000470676
0.0125316
0.000456647
0.0124759
0.000441172
0.012423
0.000424444
0.0123732
0.000406612
0.0123262
0.000387799
0.0122818
0.000368124
0.0122398
0.000347695
0.0122001
0.000326615
0.0121627
0.000304978
0.0121277
0.000282869
0.0120951
0.000260361
0.0120649
0.00023752
0.0120372
0.000214401
0.0120119
0.000191053
0.0119891
0.000167519
0.0119689
0.000143833
0.0119511
0.000120027
0.0119359
9.61266e-05
0.0119232
7.21542e-05
0.011913
4.81281e-05
0.0119054
2.40678e-05
0.0119003
0.0118978
0.000370214
0.0120699
-0.000304996
0.000408751
0.0125151
0.000426787
0.0126859
0.000432743
0.01272
0.000432204
0.0126961
0.000427862
0.0126499
0.000420868
0.012596
0.000411786
0.0125406
0.00040097
0.0124867
0.000388674
0.0124353
0.000375083
0.0123868
0.000360338
0.0123409
0.000344559
0.0122976
0.000327859
0.0122565
0.000310344
0.0122176
0.000292114
0.012181
0.000273262
0.0121466
0.000253874
0.0121145
0.000234025
0.0120848
0.000213783
0.0120574
0.000193208
0.0120325
0.000172352
0.01201
0.000151261
0.0119899
0.000129978
0.0119724
0.000108537
0.0119573
8.6972e-05
0.0119447
6.53097e-05
0.0119347
4.35754e-05
0.0119271
2.1795e-05
0.0119221
0.0119196
0.000292915
0.0120058
-0.000228787
0.000333443
0.0124746
0.000354608
0.0126648
0.000363796
0.0127108
0.000366388
0.0126935
0.00036511
0.0126512
0.000361148
0.0126
0.000355079
0.0125467
0.000347258
0.0124945
0.000337935
0.0124446
0.000327288
0.0123974
0.000315453
0.0123528
0.000302546
0.0123105
0.000288673
0.0122703
0.000273936
0.0122323
0.000258434
0.0121965
0.000242258
0.0121627
0.000225493
0.0121313
0.000208216
0.012102
0.000190495
0.0120751
0.000172394
0.0120506
0.000153968
0.0120284
0.000135268
0.0120086
0.000116339
0.0119913
9.72205e-05
0.0119764
7.79507e-05
0.011964
5.85626e-05
0.011954
3.90866e-05
0.0119466
1.95539e-05
0.0119416
0.0119391
0.000219523
0.0119434
-0.000157096
0.000261763
0.0124323
0.000285654
0.0126409
0.000297758
0.0126987
0.000303294
0.012688
0.000304906
0.0126496
0.000303789
0.0126011
0.000300539
0.01255
0.000295522
0.0124995
0.000288985
0.0124512
0.000281105
0.0124053
0.000272013
0.0123619
0.00026182
0.0123207
0.00025063
0.0122815
0.000238539
0.0122444
0.000225644
0.0122093
0.000212034
0.0121764
0.000197793
0.0121455
0.000182997
0.0121168
0.000167717
0.0120904
0.000152017
0.0120663
0.000135956
0.0120445
0.000119586
0.012025
0.000102956
0.0120079
8.61102e-05
0.0119933
6.90904e-05
0.011981
5.19337e-05
0.0119712
3.46753e-05
0.0119638
1.73512e-05
0.0119589
0.0119565
0.000150578
0.0118821
-8.93409e-05
0.000193912
0.012389
0.000219877
0.0126149
0.000234633
0.012684
0.000242932
0.0126797
0.00024723
0.0126453
0.000248755
0.0125996
0.000248136
0.0125506
0.000245744
0.0125019
0.000241823
0.0124551
0.000236546
0.0124106
0.000230041
0.0123684
0.000222416
0.0123283
0.00021377
0.0122902
0.000204199
0.012254
0.000193793
0.0122198
0.00018264
0.0121875
0.000170823
0.0121573
0.000158418
0.0121292
0.000145495
0.0121033
0.000132121
0.0120797
0.000118354
0.0120582
0.00010425
0.0120391
8.98613e-05
0.0120223
7.52341e-05
0.0120079
6.04132e-05
0.0119958
4.54397e-05
0.0119862
3.03529e-05
0.0119789
1.51925e-05
0.0119741
0.0119717
8.57264e-05
0.011823
-2.66478e-05
0.000129725
0.012345
0.00015719
0.0125874
0.000174489
0.0126667
0.000185317
0.0126688
0.000192064
0.0126385
0.000196022
0.0125956
0.00019785
0.0125488
0.000197913
0.0125018
0.000196446
0.0124566
0.000193616
0.0124134
0.00018955
0.0123724
0.000184353
0.0123335
0.000178121
0.0122964
0.000170946
0.0122612
0.000162915
0.0122278
0.000154113
0.0121963
0.000144622
0.0121668
0.000134517
0.0121393
0.000123868
0.012114
0.000112741
0.0120908
0.000101197
0.0120698
8.9293e-05
0.012051
7.70824e-05
0.0120345
6.4615e-05
0.0120204
5.19378e-05
0.0120085
3.90949e-05
0.011999
2.61288e-05
0.0119919
1.30824e-05
0.0119871
0.0119848
2.6812e-05
0.0117654
3.08783e-05
6.90503e-05
0.0123028
9.79084e-05
0.0125586
0.00011746
0.0126471
0.000130457
0.0126558
0.000139384
0.0126296
0.000145573
0.0125894
0.000149672
0.0125447
0.000152022
0.0124995
0.00015285
0.0124557
0.000152317
0.0124139
0.000150549
0.0123742
0.000147647
0.0123364
0.000143703
0.0123003
0.000138805
0.0122661
0.000133037
0.0122336
0.000126483
0.0122029
0.000119221
0.0121741
0.000111325
0.0121472
0.000102865
0.0121224
9.39068e-05
0.0120997
8.45121e-05
0.0120792
7.47388e-05
0.0120608
6.46417e-05
0.0120446
5.42725e-05
0.0120307
4.36802e-05
0.0120191
3.29114e-05
0.0120098
2.20112e-05
0.0120028
1.10253e-05
0.0119981
0.0119958
-2.99735e-05
0.0117114
8.39081e-05
1.11032e-05
0.0122617
4.22762e-05
0.0125274
6.34216e-05
0.012626
7.82158e-05
0.0126411
8.91208e-05
0.0126187
9.73819e-05
0.0125812
0.000103586
0.0125385
0.00010806
0.012495
0.000111027
0.0124528
0.000112647
0.0124123
0.000113041
0.0123738
0.000112306
0.0123371
0.000110529
0.0123021
0.000107794
0.0122688
0.000104182
0.0122372
9.97734e-05
0.0122073
9.46444e-05
0.0121792
8.88677e-05
0.012153
8.25122e-05
0.0121288
7.56433e-05
0.0121066
6.83227e-05
0.0120865
6.06091e-05
0.0120685
5.25581e-05
0.0120527
4.42227e-05
0.0120391
3.56536e-05
0.0120277
2.68994e-05
0.0120185
1.80071e-05
0.0120117
9.02463e-06
0.0120071
0.0120048
-8.42841e-05
0.0116609
0.000134831
-4.19554e-05
0.0122194
-1.02177e-05
0.0124957
1.20022e-05
0.0126037
2.84809e-05
0.0126246
4.124e-05
0.0126059
5.14116e-05
0.012571
5.95508e-05
0.0125303
6.59932e-05
0.0124886
7.09571e-05
0.0124478
7.45955e-05
0.0124087
7.70226e-05
0.0123714
7.83311e-05
0.0123358
7.86041e-05
0.0123019
7.79212e-05
0.0122695
7.63607e-05
0.0122387
7.39987e-05
0.0122096
7.09091e-05
0.0121823
6.7163e-05
0.0121568
6.28279e-05
0.0121331
5.79686e-05
0.0121115
5.26465e-05
0.0120918
4.69204e-05
0.0120742
4.08465e-05
0.0120588
3.44788e-05
0.0120454
2.7869e-05
0.0120343
2.10671e-05
0.0120253
1.41221e-05
0.0120186
7.08325e-06
0.0120141
0.0120119
-0.000134493
0.0116128
0.000182521
-9.27739e-05
0.0121776
-6.09396e-05
0.0124638
-3.70044e-05
0.0125798
-1.88002e-05
0.0126064
-4.29894e-06
0.0125914
7.59251e-06
0.0125591
1.75109e-05
0.0125204
2.57824e-05
0.0124803
3.26105e-05
0.012441
3.81397e-05
0.0124032
4.24782e-05
0.012367
4.5714e-05
0.0123326
4.7926e-05
0.0122996
4.91896e-05
0.0122682
4.95792e-05
0.0122383
4.91675e-05
0.01221
4.80257e-05
0.0121834
4.62228e-05
0.0121586
4.38251e-05
0.0121355
4.08959e-05
0.0121144
3.74963e-05
0.0120952
3.36849e-05
0.012078
2.95182e-05
0.0120629
2.50505e-05
0.0120499
2.03345e-05
0.012039
1.54211e-05
0.0120303
1.03605e-05
0.0120237
5.20337e-06
0.0120193
0.0120171
-0.000181565
0.0115674
0.000226958
-0.000140872
0.0121369
-0.000108423
0.0124314
-8.3432e-05
0.0125548
-6.37881e-05
0.0125867
-4.77445e-05
0.0125754
-3.42037e-05
0.0125456
-2.26061e-05
0.0125088
-1.26243e-05
0.0124703
-4.05268e-06
0.0124324
3.24922e-06
0.0123959
9.3852e-06
0.0123609
1.44388e-05
0.0123275
1.84845e-05
0.0122956
2.15934e-05
0.0122651
2.38362e-05
0.0122361
2.52818e-05
0.0122086
2.59987e-05
0.0121827
2.60538e-05
0.0121585
2.55114e-05
0.0121361
2.44338e-05
0.0121155
2.2881e-05
0.0120968
2.09114e-05
0.01208
1.85812e-05
0.0120653
1.59451e-05
0.0120525
1.30562e-05
0.0120419
9.96599e-06
0.0120333
6.72566e-06
0.0120269
3.3866e-06
0.0120226
0.0120205
-0.000225728
0.0115247
0.000268427
-0.000186001
0.0120972
-0.000153274
0.0123987
-0.000127362
0.0125289
-0.000106477
0.0125658
-8.90228e-05
0.0125579
-7.4002e-05
0.0125305
-6.08594e-05
0.0124957
-4.92838e-05
0.0124588
-3.90799e-05
0.0124222
-3.01135e-05
0.0123869
-2.22855e-05
0.0123531
-1.55165e-05
0.0123207
-9.73646e-06
0.0122898
-4.87849e-06
0.0122603
-8.76314e-07
0.0122321
2.33734e-06
0.0122054
4.82735e-06
0.0121802
6.65746e-06
0.0121567
7.89026e-06
0.0121348
8.58667e-06
0.0121148
8.80583e-06
0.0120965
8.60527e-06
0.0120802
8.041e-06
0.0120658
7.16759e-06
0.0120534
6.03825e-06
0.012043
4.70511e-06
0.0120347
3.21976e-06
0.0120284
1.63413e-06
0.0120242
0.0120221
-0.000267126
0.0114847
0.000307192
-0.00022844
0.0120585
-0.000195663
0.0123659
-0.000168976
0.0125022
-0.000146981
0.0125438
-0.00012826
0.0125392
-0.000111879
0.0125142
-9.73081e-05
0.0124811
-8.42495e-05
0.0124457
-7.25185e-05
0.0124105
-6.19888e-05
0.0123764
-5.2567e-05
0.0123437
-4.41784e-05
0.0123124
-3.6757e-05
0.0122824
-3.024e-05
0.0122537
-2.45647e-05
0.0122264
-1.96689e-05
0.0122005
-1.54901e-05
0.012176
-1.19663e-05
0.0121532
-9.03707e-06
0.0121319
-6.64311e-06
0.0121124
-4.72646e-06
0.0120946
-3.23045e-06
0.0120787
-2.09957e-06
0.0120647
-1.27953e-06
0.0120526
-7.17122e-07
0.0120425
-3.60007e-07
0.0120343
-1.56138e-07
0.0120282
-5.32982e-08
0.0120241
0.0120221
-0.000305979
0.0114472
0.0003435
-0.00026845
0.012021
-0.000235737
0.0123332
-0.000208415
0.0124749
-0.000185432
0.0125209
-0.000165555
0.0125193
-0.000147919
0.0124965
-0.000132022
0.0124652
-0.00011758
0.0124313
-0.000104419
0.0123973
-9.24193e-05
0.0123644
-8.14951e-05
0.0123327
-7.15761e-05
0.0123024
-6.26011e-05
0.0122734
-5.45112e-05
0.0122456
-4.72479e-05
0.0122192
-4.07517e-05
0.012194
-3.49634e-05
0.0121703
-2.98237e-05
0.012148
-2.52741e-05
0.0121274
-2.12568e-05
0.0121084
-1.77153e-05
0.0120911
-1.45938e-05
0.0120756
-1.18375e-05
0.0120619
-9.39252e-06
0.0120502
-7.20597e-06
0.0120403
-5.22557e-06
0.0120323
-3.39929e-06
0.0120264
-1.6748e-06
0.0120224
0.0120204
-0.000342541
0.0114121
0.000377604
-0.000306229
0.0119847
-0.000273664
0.0123006
-0.000245819
0.0124471
-0.000221956
0.012497
-0.000201017
0.0124984
-0.000182215
0.0124777
-0.000165079
0.0124481
-0.00014934
0.0124155
-0.000134834
0.0123828
-0.00012145
0.012351
-0.000109107
0.0123204
-9.77411e-05
0.0122911
-8.72943e-05
0.012263
-7.77124e-05
0.0122361
-6.89404e-05
0.0122104
-6.09223e-05
0.012186
-5.36017e-05
0.0121629
-4.69217e-05
0.0121413
-4.0826e-05
0.0121213
-3.52585e-05
0.0121028
-3.01639e-05
0.012086
-2.54875e-05
0.0120709
-2.11753e-05
0.0120576
-1.71739e-05
0.0120461
-1.34309e-05
0.0120365
-9.89401e-06
0.0120288
-6.51137e-06
0.012023
-3.23065e-06
0.0120191
0.0120172
-0.000377061
0.0113794
0.000409768
-0.000341969
0.0119496
-0.000309616
0.0122683
-0.000281334
0.0124188
-0.000256675
0.0124723
-0.000234752
0.0124765
-0.000214858
0.0124578
-0.000196556
0.0124298
-0.000179595
0.0123986
-0.00016382
0.012367
-0.000149128
0.0123363
-0.000135443
0.0123067
-0.000122706
0.0122783
-0.000110864
0.0122511
-9.98656e-05
0.0122251
-8.96602e-05
0.0122002
-8.01949e-05
0.0121765
-7.14159e-05
0.0121542
-6.32688e-05
0.0121332
-5.56992e-05
0.0121137
-4.86527e-05
0.0120958
-4.20753e-05
0.0120794
-3.59133e-05
0.0120648
-3.01137e-05
0.0120518
-2.46237e-05
0.0120407
-1.93913e-05
0.0120313
-1.43646e-05
0.0120238
-9.49178e-06
0.0120181
-4.72081e-06
0.0120143
0.0120125
-0.000409774
0.0113489
0.00044025
-0.00037587
0.0119157
-0.000343763
0.0122362
-0.000315101
0.0123901
-0.000289708
0.0124469
-0.000266862
0.0124536
-0.000245936
0.0124369
-0.000226531
0.0124103
-0.000208411
0.0123804
-0.000191433
0.01235
-0.0001755
0.0123204
-0.000160542
0.0122918
-0.000146504
0.0122643
-0.000133337
0.012238
-0.000120994
0.0122127
-0.000109426
0.0121886
-9.8585e-05
0.0121657
-8.84185e-05
0.012144
-7.88748e-05
0.0121236
-6.99013e-05
0.0121047
-6.14452e-05
0.0120873
-5.34538e-05
0.0120714
-4.58745e-05
0.0120572
-3.86551e-05
0.0120446
-3.17437e-05
0.0120337
-2.50884e-05
0.0120246
-1.8638e-05
0.0120173
-1.2341e-05
0.0120118
-6.14542e-06
0.0120081
0.0120063
-0.000440899
0.0113205
0.000469299
-0.000408123
0.0118829
-0.000376265
0.0122043
-0.000347256
0.0123611
-0.000321169
0.0124209
-0.000297443
0.0124299
-0.000275533
0.012415
-0.000255074
0.0123899
-0.00023585
0.0123612
-0.000217726
0.0123319
-0.000200611
0.0123032
-0.000184442
0.0122756
-0.000169167
0.012249
-0.000154741
0.0122235
-0.00014112
0.0121991
-0.000128258
0.0121757
-0.000116108
0.0121535
-0.000104622
0.0121325
-9.37501e-05
0.0121128
-8.34406e-05
0.0120944
-7.36427e-05
0.0120775
-6.43047e-05
0.0120621
-5.53752e-05
0.0120483
-4.68027e-05
0.012036
-3.8536e-05
0.0120255
-3.05239e-05
0.0120166
-2.27155e-05
0.0120095
-1.50596e-05
0.0120042
-7.50482e-06
0.0120006
0.0119988
-0.000470639
0.011294
0.00049714
-0.000438902
0.0118512
-0.00040727
0.0121727
-0.000377922
0.0123318
-0.000351163
0.0123941
-0.000326586
0.0124053
-0.000303725
0.0123921
-0.000282252
0.0123684
-0.000261968
0.0123409
-0.000242746
0.0123127
-0.000224503
0.012285
-0.00020718
0.0122583
-0.000190727
0.0122326
-0.000175102
0.0122079
-0.000160265
0.0121843
-0.000146173
0.0121617
-0.00013278
0.0121401
-0.00012004
0.0121198
-0.000107905
0.0121006
-9.6326e-05
0.0120828
-8.52522e-05
0.0120664
-7.46337e-05
0.0120515
-6.44198e-05
0.012038
-5.45599e-05
0.0120262
-4.50034e-05
0.0120159
-3.56998e-05
0.0120073
-2.65985e-05
0.0120004
-1.76487e-05
0.0119952
-8.79945e-06
0.0119917
0.01199
-0.000499175
0.0112692
0.000523975
-0.000468361
0.0118204
-0.000436907
0.0121412
-0.000407208
0.0123021
-0.000379782
0.0123667
-0.000354367
0.0123799
-0.000330578
0.0123683
-0.000308122
0.012346
-0.000286814
0.0123196
-0.000266537
0.0122924
-0.000247213
0.0122657
-0.000228786
0.0122398
-0.000211209
0.012215
-0.000194444
0.0121911
-0.00017845
0.0121683
-0.000163188
0.0121464
-0.000148615
0.0121256
-0.000134684
0.0121058
-0.000121351
0.0120873
-0.000108566
0.01207
-9.62809e-05
0.0120541
-8.44466e-05
0.0120396
-7.30131e-05
0.0120266
-6.19305e-05
0.0120151
-5.11489e-05
0.0120051
-4.06183e-05
0.0119968
-3.02885e-05
0.0119901
-2.01092e-05
0.011985
-1.00298e-05
0.0119817
0.01198
-0.000526652
0.0112459
0.000549969
-0.000496627
0.0117903
-0.000465282
0.0121099
-0.000435201
0.012272
-0.000407099
0.0123386
-0.000380853
0.0123537
-0.000356149
0.0123436
-0.000332731
0.0123225
-0.00031043
0.0122973
-0.000289135
0.0122711
-0.000268772
0.0122453
-0.000249288
0.0122203
-0.000230639
0.0121963
-0.000212786
0.0121733
-0.000195693
0.0121512
-0.00017932
0.01213
-0.000163626
0.0121099
-0.000148566
0.0120908
-0.000134096
0.0120728
-0.000120169
0.0120561
-0.000106736
0.0120407
-9.37491e-05
0.0120266
-8.11597e-05
0.012014
-6.89183e-05
0.0120029
-5.69755e-05
0.0119932
-4.52817e-05
0.0119851
-3.37873e-05
0.0119786
-2.24423e-05
0.0119737
-1.11965e-05
0.0119704
0.0119688
-0.000553185
0.0112238
0.000575253
-0.000523796
0.011761
-0.000492474
0.0120785
-0.000461969
0.0122415
-0.000433173
0.0123098
-0.00040609
0.0123266
-0.00038048
0.012318
-0.000356118
0.0122982
-0.000332849
0.012274
-0.000310568
0.0122488
-0.000289206
0.0122239
-0.000268709
0.0121998
-0.000249035
0.0121767
-0.000230147
0.0121544
-0.000212009
0.012133
-0.000194581
0.0121126
-0.000177825
0.0120931
-0.000161696
0.0120746
-0.00014615
0.0120573
-0.000131141
0.0120411
-0.000116623
0.0120262
-0.000102547
0.0120126
-8.88643e-05
0.0120003
-7.55271e-05
0.0119895
-6.24862e-05
0.0119802
-4.96924e-05
0.0119723
-3.70965e-05
0.011966
-2.4649e-05
0.0119612
-1.23e-05
0.0119581
0.0119565
-0.000578847
0.0112028
0.000599909
-0.000549929
0.011732
-0.000518534
0.0120471
-0.000487554
0.0122105
-0.000458038
0.0122803
-0.000430111
0.0122987
-0.000403599
0.0122915
-0.000378307
0.0122729
-0.000354093
0.0122498
-0.000330858
0.0122256
-0.000308532
0.0122016
-0.000287065
0.0121784
-0.000266413
0.012156
-0.00024654
0.0121345
-0.000227409
0.0121139
-0.000208983
0.0120942
-0.000191221
0.0120753
-0.000174082
0.0120575
-0.00015752
0.0120407
-0.000141491
0.0120251
-0.000125948
0.0120106
-0.000110844
0.0119975
-9.61312e-05
0.0119856
-8.17605e-05
0.0119751
-6.76839e-05
0.0119661
-5.38527e-05
0.0119585
-4.02179e-05
0.0119524
-2.67305e-05
0.0119478
-1.33409e-05
0.0119447
0.0119431
-0.000603668
0.0111825
0.000623974
-0.000575052
0.0117034
-0.000543485
0.0120156
-0.000511973
0.012179
-0.000481711
0.01225
-0.00045293
0.0122699
-0.000425519
0.0122641
-0.000399311
0.0122467
-0.000374175
0.0122247
-0.000350015
0.0122014
-0.000326763
0.0121784
-0.000304367
0.012156
-0.000282783
0.0121344
-0.000261975
0.0121137
-0.000241904
0.0120938
-0.000222534
0.0120748
-0.000203823
0.0120566
-0.000185731
0.0120394
-0.000168213
0.0120232
-0.000151224
0.0120081
-0.000134717
0.0119941
-0.000118647
0.0119814
-0.000102964
0.0119699
-8.76218e-05
0.0119598
-7.25714e-05
0.011951
-5.77647e-05
0.0119437
-4.31531e-05
0.0119377
-2.86878e-05
0.0119333
-1.43197e-05
0.0119303
0.0119288
-0.00062764
0.0111627
0.00064744
-0.000599157
0.0116749
-0.000567315
0.0119837
-0.000535217
0.0121469
-0.000504184
0.012219
-0.000474542
0.0122402
-0.000446238
0.0122358
-0.00041913
0.0122196
-0.000393097
0.0121987
-0.000368044
0.0121764
-0.000343903
0.0121542
-0.00032062
0.0121327
-0.000298151
0.012112
-0.000276457
0.012092
-0.000255499
0.0120729
-0.000235239
0.0120545
-0.000215637
0.012037
-0.00019665
0.0120204
-0.000178234
0.0120048
-0.000160344
0.0119902
-0.000142934
0.0119767
-0.000125958
0.0119644
-0.000109367
0.0119533
-9.3114e-05
0.0119435
-7.71513e-05
0.0119351
-6.14306e-05
0.011928
-4.59036e-05
0.0119222
-3.0522e-05
0.0119179
-1.52369e-05
0.011915
0.0119136
-0.00065071
0.0111431
0.000670246
-0.000622197
0.0116464
-0.000589986
0.0119515
-0.000557255
0.0121141
-0.00052543
0.0121871
-0.000494927
0.0122097
-0.00046574
0.0122066
-0.000437753
0.0121916
-0.00041085
0.0121718
-0.000384939
0.0121505
-0.000359949
0.0121292
-0.000335824
0.0121086
-0.000312518
0.0120887
-0.000289988
0.0120695
-0.000268197
0.0120511
-0.000247103
0.0120334
-0.000226665
0.0120166
-0.000206841
0.0120006
-0.000187587
0.0119855
-0.000168856
0.0119715
-0.000150603
0.0119585
-0.000132781
0.0119466
-0.000115343
0.0119359
-9.82402e-05
0.0119264
-8.1426e-05
0.0119183
-6.48523e-05
0.0119114
-4.84711e-05
0.0119058
-3.22341e-05
0.0119017
-1.60931e-05
0.0118989
0.0118975
-0.00067279
0.0111236
0.000692292
-0.000644097
0.0116177
-0.000611433
0.0119189
-0.00057803
0.0120807
-0.000545405
0.0121545
-0.000514047
0.0121784
-0.000483997
0.0121766
-0.000455157
0.0121627
-0.000427419
0.012144
-0.000400689
0.0121238
-0.000374894
0.0121034
-0.000349974
0.0120837
-0.00032588
0.0120646
-0.000302569
0.0120462
-0.000279998
0.0120285
-0.000258126
0.0120116
-0.000236911
0.0119954
-0.000216309
0.01198
-0.000196275
0.0119655
-0.000176764
0.011952
-0.000157728
0.0119394
-0.00013912
0.011928
-0.000120895
0.0119177
-0.000103003
0.0119086
-8.53979e-05
0.0119007
-6.80318e-05
0.011894
-5.08568e-05
0.0118887
-3.38252e-05
0.0118846
-1.68888e-05
0.0118819
0.0118806
-0.000693756
0.0111039
0.000713433
-0.000664751
0.0115887
-0.000631566
0.0118857
-0.000597468
0.0120466
-0.000564045
0.0121211
-0.000531852
0.0121462
-0.000500967
0.0121457
-0.000471311
0.0121331
-0.000442778
0.0121155
-0.000415274
0.0120963
-0.000388722
0.0120769
-0.000363059
0.012058
-0.000338232
0.0120397
-0.000314194
0.0120221
-0.000290902
0.0120052
-0.00026831
0.011989
-0.000246376
0.0119734
-0.000225056
0.0119587
-0.000204302
0.0119448
-0.000184069
0.0119317
-0.00016431
0.0119197
-0.000144978
0.0119087
-0.000126025
0.0118987
-0.000107405
0.0118899
-8.90693e-05
0.0118823
-7.09709e-05
0.0118759
-5.30624e-05
0.0118708
-3.52961e-05
0.0118669
-1.76244e-05
0.0118643
0.011863
-0.000713456
0.0110839
0.000733492
-0.000684031
0.0115593
-0.000650278
0.0118519
-0.000615479
0.0120118
-0.000581278
0.0120869
-0.000548282
0.0121132
-0.000516603
0.012114
-0.000486176
0.0121027
-0.000456898
0.0120862
-0.000428672
0.012068
-0.000401418
0.0120496
-0.000375068
0.0120316
-0.000349565
0.0120142
-0.000324859
0.0119974
-0.000300904
0.0119813
-0.000277653
0.0119657
-0.00025506
0.0119509
-0.000233081
0.0119367
-0.000211668
0.0119233
-0.000190775
0.0119108
-0.000170354
0.0118993
-0.000150357
0.0118887
-0.000130738
0.0118791
-0.000111449
0.0118706
-9.24425e-05
0.0118633
-7.36717e-05
0.0118571
-5.50893e-05
0.0118522
-3.6648e-05
0.0118484
-1.83006e-05
0.0118459
0.0118447
-0.000731719
0.0110634
0.000752266
-0.00070179
0.0115294
-0.000667446
0.0118176
-0.000631961
0.0119764
-0.000597018
0.012052
-0.000563268
0.0120794
-0.00053085
0.0120816
-0.000499709
0.0120715
-0.000469745
0.0120562
-0.000440857
0.0120391
-0.000412962
0.0120217
-0.000385986
0.0120047
-0.000359869
0.0119881
-0.000334557
0.0119721
-0.000310001
0.0119567
-0.000286152
0.0119419
-0.000262963
0.0119277
-0.000240387
0.0119141
-0.000218377
0.0119013
-0.000196884
0.0118893
-0.000175861
0.0118782
-0.000155261
0.0118681
-0.000135035
0.0118589
-0.000115137
0.0118507
-9.55199e-05
0.0118437
-7.61362e-05
0.0118378
-5.69392e-05
0.011833
-3.7882e-05
0.0118294
-1.89178e-05
0.011827
0.0118258
-0.000748357
0.0110422
0.000769535
-0.000717875
0.0114989
-0.000682941
0.0117826
-0.000646807
0.0119402
-0.000611179
0.0120163
-0.00057674
0.012045
-0.000543649
0.0120485
-0.000511864
0.0120397
-0.000481282
0.0120257
-0.000451801
0.0120097
-0.000423332
0.0119933
-0.000395798
0.0119771
-0.000369133
0.0119615
-0.000343281
0.0119463
-0.000318189
0.0119316
-0.000293807
0.0119175
-0.000270085
0.0119039
-0.000246976
0.011891
-0.00022443
0.0118788
-0.000202399
0.0118673
-0.000180836
0.0118567
-0.000159692
0.0118469
-0.00013892
0.0118381
-0.000118473
0.0118303
-9.83044e-05
0.0118235
-7.83668e-05
0.0118178
-5.86139e-05
0.0118132
-3.89993e-05
0.0118098
-1.94766e-05
0.0118074
0.0118063
-0.000763183
0.0110203
0.000785072
-0.000732127
0.0114678
-0.000696632
0.0117472
-0.000659908
0.0119035
-0.000623671
0.0119801
-0.000588624
0.0120099
-0.000554944
0.0120148
-0.000522595
0.0120074
-0.000491474
0.0119945
-0.000461477
0.0119797
-0.000432509
0.0119643
-0.000404489
0.0119491
-0.000377348
0.0119343
-0.000351025
0.01192
-0.000325465
0.0119061
-0.000300616
0.0118926
-0.000276427
0.0118798
-0.000252848
0.0118674
-0.00022983
0.0118558
-0.000207324
0.0118448
-0.000185282
0.0118346
-0.000163655
0.0118253
-0.000142397
0.0118169
-0.000121461
0.0118094
-0.000100799
0.0118029
-8.03659e-05
0.0117974
-6.01152e-05
0.011793
-4.00012e-05
0.0117896
-1.99779e-05
0.0117874
0.0117863
-0.000776008
0.0109977
0.000798652
-0.000744393
0.0114362
-0.000708393
0.0117112
-0.000671163
0.0118663
-0.000634411
0.0119433
-0.000598854
0.0119744
-0.000564681
0.0119806
-0.000531861
0.0119746
-0.00050029
0.011963
-0.000469862
0.0119492
-0.000440476
0.0119349
-0.000412048
0.0119207
-0.000384506
0.0119068
-0.000357785
0.0118932
-0.000331828
0.0118801
-0.000306581
0.0118674
-0.000281991
0.0118552
-0.000258008
0.0118435
-0.000234582
0.0118323
-0.000211664
0.0118219
-0.000189204
0.0118122
-0.000167155
0.0118032
-0.000145471
0.0117952
-0.000124104
0.011788
-0.000103008
0.0117818
-8.21367e-05
0.0117765
-6.14457e-05
0.0117723
-4.08893e-05
0.0117691
-2.04223e-05
0.011767
0.0117659
-0.000786662
0.0109743
0.000810063
-0.000754532
0.0114041
-0.00071811
0.0116747
-0.000680477
0.0118286
-0.000643323
0.0119062
-0.00060737
0.0119384
-0.000572813
0.0119461
-0.000539625
0.0119414
-0.000507702
0.011931
-0.000476934
0.0119185
-0.000447218
0.0119052
-0.000418466
0.0118919
-0.000390602
0.0118789
-0.000363559
0.0118662
-0.000337279
0.0118538
-0.000311704
0.0118418
-0.000286782
0.0118302
-0.000262462
0.0118191
-0.000238692
0.0118086
-0.000215423
0.0117986
-0.000192608
0.0117894
-0.000170198
0.0117808
-0.000148146
0.0117731
-0.000126407
0.0117663
-0.000104934
0.0117603
-8.36827e-05
0.0117553
-6.2608e-05
0.0117512
-4.16655e-05
0.0117481
-2.08108e-05
0.0117461
0.0117451
-0.000794989
0.0109501
0.000819114
-0.000762421
0.0113715
-0.000725684
0.011638
-0.000687772
0.0117907
-0.000650346
0.0118688
-0.000614123
0.0119022
-0.000579303
0.0119113
-0.000545859
0.0119079
-0.000513691
0.0118989
-0.000482682
0.0118875
-0.000452729
0.0118752
-0.00042374
0.0118629
-0.000395636
0.0118508
-0.000368351
0.0118389
-0.000341822
0.0118273
-0.000315992
0.011816
-0.000290807
0.0118051
-0.000266216
0.0117945
-0.000242167
0.0117845
-0.000218612
0.0117751
-0.000195502
0.0117662
-0.00017279
0.0117581
-0.00015043
0.0117508
-0.000128376
0.0117442
-0.000106584
0.0117385
-8.50081e-05
0.0117337
-6.36053e-05
0.0117298
-4.23319e-05
0.0117269
-2.11444e-05
0.0117249
0.0117239
-0.000800866
0.0109253
0.000825645
-0.000767963
0.0113386
-0.000731038
0.0116011
-0.000692989
0.0117527
-0.000655433
0.0118312
-0.000619078
0.0118659
-0.000584124
0.0118763
-0.000550548
0.0118744
-0.000518245
0.0118666
-0.0004871
0.0118563
-0.000457006
0.0118452
-0.000427871
0.0118338
-0.000399614
0.0118225
-0.000372167
0.0118115
-0.000345465
0.0118006
-0.000319453
0.01179
-0.000294075
0.0117797
-0.00026928
0.0117697
-0.000245018
0.0117603
-0.000221239
0.0117513
-0.000197895
0.0117429
-0.000174941
0.0117352
-0.000152331
0.0117281
-0.000130019
0.0117219
-0.000107963
0.0117164
-8.61176e-05
0.0117118
-6.44413e-05
0.0117081
-4.2891e-05
0.0117053
-2.14245e-05
0.0117034
0.0117025
-0.000804199
0.0109
0.000829533
-0.000771088
0.0113055
-0.000734122
0.0115641
-0.000696089
0.0117146
-0.000658557
0.0117937
-0.000622217
0.0118295
-0.000587268
0.0118413
-0.000553685
0.0118408
-0.000521365
0.0118343
-0.000490192
0.0118251
-0.000460058
0.011815
-0.00043087
0.0118046
-0.000402547
0.0117942
-0.000375019
0.0117839
-0.000348223
0.0117738
-0.000322102
0.0117639
-0.000296601
0.0117542
-0.00027167
0.0117448
-0.000247258
0.0117358
-0.000223316
0.0117273
-0.000199799
0.0117194
-0.000176661
0.011712
-0.000153857
0.0117053
-0.000131343
0.0116994
-0.000109078
0.0116942
-8.7017e-05
0.0116898
-6.51202e-05
0.0116862
-4.33457e-05
0.0116835
-2.16525e-05
0.0116817
0.0116808
-0.000804933
0.0108743
0.000830695
-0.00077176
0.0112723
-0.000734914
0.0115273
-0.000697062
0.0116768
-0.000659715
0.0117563
-0.000623543
0.0117933
-0.000588739
0.0118065
-0.00055528
0.0118073
-0.000523063
0.011802
-0.000491972
0.011794
-0.000461901
0.0117849
-0.000432754
0.0117755
-0.000404453
0.0117659
-0.000376927
0.0117564
-0.000350114
0.011747
-0.000323957
0.0117377
-0.000298403
0.0117286
-0.000273401
0.0117198
-0.000248902
0.0117113
-0.000224859
0.0117033
-0.000201228
0.0116958
-0.000177962
0.0116888
-0.00015502
0.0116824
-0.000132359
0.0116767
-0.000109936
0.0116718
-8.77126e-05
0.0116676
-6.56468e-05
0.0116642
-4.36992e-05
0.0116616
-2.18299e-05
0.0116599
0.011659
-0.000803054
0.0108482
0.000829097
-0.000769981
0.0112393
-0.000733422
0.0114907
-0.000695921
0.0116393
-0.000658924
0.0117193
-0.000623075
0.0117575
-0.000588562
0.011772
-0.000555358
0.0117741
-0.000523365
0.01177
-0.000492468
0.0117631
-0.00046256
0.011755
-0.00043355
0.0117465
-0.000405358
0.0117377
-0.000377915
0.011729
-0.000351162
0.0117202
-0.000325041
0.0117116
-0.000299501
0.0117031
-0.000274493
0.0116948
-0.00024997
0.0116868
-0.000225886
0.0116792
-0.000202197
0.0116721
-0.000178859
0.0116654
-0.000155833
0.0116594
-0.000133076
0.011654
-0.000110549
0.0116492
-8.82118e-05
0.0116452
-6.60268e-05
0.011642
-4.39551e-05
0.0116395
-2.19587e-05
0.0116379
0.0116371
-0.000798587
0.010822
0.000824749
-0.000765784
0.0112065
-0.000729688
0.0114546
-0.00069271
0.0116023
-0.000656227
0.0116828
-0.000620857
0.0117221
-0.000586776
0.011738
-0.00055396
0.0117413
-0.00052231
0.0117384
-0.000491716
0.0117326
-0.000462073
0.0117254
-0.000433291
0.0117177
-0.000405294
0.0117097
-0.000378016
0.0117017
-0.000351396
0.0116936
-0.000325381
0.0116856
-0.000299923
0.0116776
-0.000274972
0.0116699
-0.000250484
0.0116623
-0.000226416
0.0116552
-0.000202724
0.0116484
-0.000179369
0.0116421
-0.000156309
0.0116363
-0.000133507
0.0116312
-0.000110924
0.0116266
-8.85229e-05
0.0116228
-6.62662e-05
0.0116197
-4.41176e-05
0.0116174
-2.20408e-05
0.0116158
0.011615
-0.000791603
0.0107959
0.000817709
-0.000759244
0.0111741
-0.000723784
0.0114191
-0.000687499
0.011566
-0.000651693
0.011647
-0.000616951
0.0116874
-0.000583442
0.0117044
-0.000551141
0.011709
-0.000519952
0.0117072
-0.000489767
0.0117024
-0.000460486
0.0116961
-0.000432023
0.0116892
-0.000404305
0.011682
-0.000377266
0.0116746
-0.000350853
0.0116672
-0.000325013
0.0116597
-0.000299698
0.0116523
-0.000274865
0.011645
-0.00025047
0.0116379
-0.000226473
0.0116312
-0.000202831
0.0116247
-0.000179508
0.0116188
-0.000156466
0.0116133
-0.000133667
0.0116084
-0.000111075
0.0116041
-8.86549e-05
0.0116004
-6.6372e-05
0.0115974
-4.41913e-05
0.0115952
-2.20786e-05
0.0115937
0.0115929
-0.000782209
0.0107701
0.000808082
-0.000750467
0.0111424
-0.000715813
0.0113845
-0.000680384
0.0115306
-0.00064541
0.0116121
-0.000611442
0.0116534
-0.000578638
0.0116716
-0.000546973
0.0116773
-0.000516355
0.0116766
-0.000486681
0.0116727
-0.000457856
0.0116673
-0.000429798
0.0116612
-0.000402436
0.0116547
-0.000375713
0.0116479
-0.000349574
0.0116411
-0.000323972
0.0116341
-0.000298863
0.0116272
-0.000274205
0.0116204
-0.000249958
0.0116137
-0.000226082
0.0116073
-0.000202542
0.0116012
-0.000179299
0.0115955
-0.00015632
0.0115903
-0.000133569
0.0115856
-0.000111013
0.0115815
-8.86179e-05
0.011578
-6.63515e-05
0.0115752
-4.41812e-05
0.011573
-2.20746e-05
0.0115716
0.0115709
-0.000770553
0.0107446
0.000796017
-0.000739597
0.0111114
-0.000705909
0.0113508
-0.000671491
0.0114962
-0.000637493
0.0115781
-0.000604433
0.0116204
-0.000572459
0.0116397
-0.000541544
0.0116464
-0.000511601
0.0116466
-0.000482534
0.0116436
-0.000454251
0.011639
-0.000426677
0.0116336
-0.000399747
0.0116277
-0.000373407
0.0116216
-0.000347607
0.0116153
-0.000322304
0.0116088
-0.000297457
0.0116024
-0.000273027
0.0115959
-0.000248978
0.0115896
-0.000225274
0.0115836
-0.00020188
0.0115778
-0.000178764
0.0115724
-0.000155891
0.0115674
-0.000133231
0.0115629
-0.000110752
0.011559
-8.84228e-05
0.0115557
-6.62131e-05
0.011553
-4.40926e-05
0.0115509
-2.20314e-05
0.0115495
0.0115488
-0.000756815
0.0107197
0.0007817
-0.000726803
0.0110814
-0.000694231
0.0113182
-0.000660964
0.0114629
-0.000628075
0.0115452
-0.000596046
0.0115883
-0.000565013
0.0116086
-0.000534952
0.0116164
-0.00050578
0.0116175
-0.000477406
0.0116153
-0.000449746
0.0116114
-0.00042273
0.0116066
-0.0003963
0.0116013
-0.000370406
0.0115957
-0.000345004
0.0115899
-0.000320055
0.0115839
-0.000295521
0.0115778
-0.00027137
0.0115718
-0.000247566
0.0115658
-0.000224079
0.0115601
-0.000200875
0.0115546
-0.000177926
0.0115494
-0.000155201
0.0115447
-0.000132671
0.0115404
-0.000110307
0.0115367
-8.80813e-05
0.0115335
-6.59653e-05
0.0115308
-4.39313e-05
0.0115289
-2.1952e-05
0.0115275
0.0115269
-0.000741211
0.0106956
0.000765355
-0.000712286
0.0110525
-0.000680964
0.0112869
-0.000648973
0.0114309
-0.000617309
0.0115135
-0.000586419
0.0115574
-0.000556429
0.0115786
-0.000527314
0.0115872
-0.000498996
0.0115892
-0.000471392
0.0115876
-0.000444426
0.0115844
-0.000418034
0.0115802
-0.000392165
0.0115754
-0.000366774
0.0115703
-0.000341823
0.0115649
-0.000317278
0.0115593
-0.000293106
0.0115536
-0.000269277
0.011548
-0.000245761
0.0115423
-0.00022253
0.0115369
-0.000199557
0.0115316
-0.000176813
0.0115267
-0.000154272
0.0115222
-0.000131908
0.0115181
-0.000109694
0.0115144
-8.76059e-05
0.0115114
-6.56174e-05
0.0115089
-4.37035e-05
0.011507
-2.18393e-05
0.0115057
0.011505
-0.000723974
0.0106723
0.000747232
-0.000696265
0.0110248
-0.000666308
0.0112569
-0.0006357
0.0114003
-0.00060536
0.0114832
-0.000575702
0.0115278
-0.00054684
0.0115498
-0.000518749
0.0115591
-0.000491359
0.0115618
-0.000464593
0.0115609
-0.000438382
0.0115582
-0.000412672
0.0115545
-0.000387417
0.0115502
-0.000362578
0.0115455
-0.000338125
0.0115405
-0.000314028
0.0115352
-0.000290258
0.0115299
-0.000266791
0.0115245
-0.000243602
0.0115191
-0.000220664
0.0115139
-0.000197955
0.0115089
-0.000175451
0.0115042
-0.000153127
0.0114998
-0.000130961
0.0114959
-0.000108929
0.0114924
-8.70096e-05
0.0114894
-6.51793e-05
0.011487
-4.34158e-05
0.0114852
-2.16967e-05
0.011484
0.0114833
-0.000705368
0.0106501
0.000727609
-0.000678985
0.0109984
-0.000650488
0.0112285
-0.000621349
0.0113712
-0.000592414
0.0114542
-0.000564062
0.0114994
-0.000536397
0.0115221
-0.000509395
0.0115321
-0.000482992
0.0115354
-0.000457118
0.011535
-0.000431714
0.0115328
-0.000406733
0.0115295
-0.000382136
0.0115256
-0.000357893
0.0115212
-0.000333977
0.0115165
-0.000310364
0.0115116
-0.000287033
0.0115065
-0.000263963
0.0115014
-0.000241132
0.0114963
-0.000218519
0.0114913
-0.000196105
0.0114865
-0.000173869
0.011482
-0.000151791
0.0114778
-0.000129851
0.0114739
-0.00010803
0.0114706
-8.6306e-05
0.0114677
-6.46609e-05
0.0114654
-4.30746e-05
0.0114636
-2.15274e-05
0.0114624
0.0114618
-0.000685662
0.010629
0.000706775
-0.000660691
0.0109734
-0.000633729
0.0112015
-0.000606125
0.0113436
-0.000578656
0.0114268
-0.000551666
0.0114724
-0.000525251
0.0114957
-0.000499387
0.0115063
-0.000474016
0.01151
-0.000449078
0.0115101
-0.000424522
0.0115082
-0.000400308
0.0115053
-0.000376405
0.0115017
-0.000352791
0.0114976
-0.000329444
0.0114932
-0.000306347
0.0114885
-0.000283484
0.0114837
-0.000260838
0.0114788
-0.000238393
0.0114739
-0.000216132
0.011469
-0.000194039
0.0114644
-0.000172097
0.01146
-0.00015029
0.0114559
-0.000128601
0.0114523
-0.000107013
0.011449
-8.55091e-05
0.0114462
-6.40728e-05
0.0114439
-4.26871e-05
0.0114422
-2.13351e-05
0.0114411
0.0114405
-0.000665148
0.0106091
0.000685043
-0.000641657
0.0109499
-0.00061628
0.0111761
-0.000590253
0.0113175
-0.000564288
0.0114008
-0.000538698
0.0114468
-0.000513566
0.0114706
-0.000488874
0.0114816
-0.000464567
0.0114857
-0.000440595
0.0114861
-0.000416914
0.0114845
-0.000393495
0.0114819
-0.000370313
0.0114785
-0.000347352
0.0114746
-0.000324599
0.0114704
-0.000302042
0.011466
-0.000279669
0.0114613
-0.00025747
0.0114566
-0.000235432
0.0114518
-0.000213544
0.0114472
-0.000191793
0.0114427
-0.000170166
0.0114384
-0.00014865
0.0114344
-0.000127232
0.0114308
-0.000105897
0.0114277
-8.46333e-05
0.011425
-6.34255e-05
0.0114227
-4.22601e-05
0.0114211
-2.11228e-05
0.0114199
0.0114194
-0.000644104
0.0105905
0.000662712
-0.000622134
0.0109279
-0.000598372
0.0111524
-0.000573945
0.0112931
-0.000549503
0.0113764
-0.00052533
0.0114227
-0.0005015
0.0114467
-0.000477997
0.0114581
-0.000454772
0.0114625
-0.000431783
0.0114631
-0.000408995
0.0114617
-0.000386387
0.0114592
-0.000363942
0.011456
-0.000341652
0.0114524
-0.000319509
0.0114483
-0.000297508
0.011444
-0.000275643
0.0114394
-0.000253907
0.0114348
-0.000232293
0.0114302
-0.000210794
0.0114257
-0.000189401
0.0114213
-0.000168105
0.0114171
-0.000146897
0.0114132
-0.000125765
0.0114097
-0.000104701
0.0114066
-8.36928e-05
0.0114039
-6.27299e-05
0.0114018
-4.1801e-05
0.0114001
-2.08948e-05
0.011399
0.0113985
-0.000622835
0.0105732
0.000640108
-0.000602408
0.0109075
-0.000580264
0.0111302
-0.000557435
0.0112703
-0.000534512
0.0113534
-0.000511752
0.0113999
-0.000489224
0.0114242
-0.000466909
0.0114358
-0.000444769
0.0114403
-0.000422767
0.0114411
-0.000400877
0.0114399
-0.000379086
0.0114375
-0.000357386
0.0114343
-0.000335774
0.0114307
-0.00031425
0.0114268
-0.000292814
0.0114225
-0.000271465
0.0114181
-0.000250202
0.0114136
-0.000229023
0.011409
-0.000207924
0.0114046
-0.0001869
0.0114002
-0.000165947
0.0113961
-0.000145057
0.0113923
-0.000124225
0.0113889
-0.000103442
0.0113858
-8.27024e-05
0.0113832
-6.19965e-05
0.0113811
-4.13164e-05
0.0113795
-2.06536e-05
0.0113784
0.0113778
-0.000601604
0.0105573
0.000617516
-0.000582717
0.0108886
-0.000562176
0.0111097
-0.000540924
0.011249
-0.000519498
0.011332
-0.000498133
0.0113785
-0.000476889
0.011403
-0.00045575
0.0114146
-0.000434683
0.0114193
-0.000413659
0.0114201
-0.000392662
0.0114189
-0.000371684
0.0114165
-0.000350726
0.0114134
-0.000329792
0.0114098
-0.000308888
0.0114059
-0.000288018
0.0114017
-0.00026719
0.0113973
-0.000246404
0.0113928
-0.000225665
0.0113883
-0.000204971
0.0113839
-0.000184323
0.0113796
-0.000163719
0.0113755
-0.000143157
0.0113718
-0.000122631
0.0113683
-0.000102139
0.0113653
-8.1676e-05
0.0113627
-6.12361e-05
0.0113606
-4.08141e-05
0.011359
-2.04041e-05
0.0113579
0.0113574
-0.000580713
0.0105427
0.000595259
-0.000563341
0.0108713
-0.000544362
0.0110907
-0.000524641
0.0112293
-0.000504668
0.011312
-0.000484657
0.0113585
-0.000464661
0.011383
-0.000444667
0.0113946
-0.000424647
0.0113992
-0.000404581
0.0114
-0.000384458
0.0113987
-0.000364279
0.0113963
-0.000344052
0.0113932
-0.000323786
0.0113895
-0.000303494
0.0113856
-0.000283187
0.0113814
-0.000262875
0.011377
-0.000242565
0.0113725
-0.000222265
0.011368
-0.000201978
0.0113636
-0.000181707
0.0113593
-0.000161455
0.0113553
-0.000141222
0.0113515
-0.000121007
0.0113481
-0.00010081
0.0113451
-8.06279e-05
0.0113426
-6.0459e-05
0.0113405
-4.03001e-05
0.0113389
-2.01479e-05
0.0113378
0.0113373
-0.000560385
0.0105295
0.000573581
-0.000544487
0.0108554
-0.000527015
0.0110732
-0.000508765
0.0112111
-0.000490188
0.0112935
-0.000471476
0.0113398
-0.000452679
0.0113642
-0.000433787
0.0113757
-0.000414777
0.0113802
-0.000395635
0.0113809
-0.000376359
0.0113795
-0.000356956
0.0113769
-0.000337439
0.0113736
-0.000317826
0.0113699
-0.000298132
0.0113659
-0.000278376
0.0113616
-0.000258571
0.0113572
-0.00023873
0.0113526
-0.000218862
0.0113481
-0.000198978
0.0113437
-0.000179082
0.0113394
-0.00015918
0.0113354
-0.000139276
0.0113316
-0.000119372
0.0113282
-9.94703e-05
0.0113252
-7.95714e-05
0.0113227
-5.96754e-05
0.0113206
-3.97822e-05
0.011319
-1.98908e-05
0.0113179
0.0113174
-0.000540909
0.0105176
0.00055279
-0.000526417
0.0108409
-0.000510371
0.0110572
-0.000493508
0.0111942
-0.000476244
0.0112762
-0.000458757
0.0113223
-0.000441094
0.0113465
-0.000423246
0.0113579
-0.000405195
0.0113622
-0.000386934
0.0113626
-0.000368466
0.011361
-0.000349805
0.0113582
-0.00033097
0.0113548
-0.000311984
0.0113509
-0.000292869
0.0113468
-0.000273645
0.0113424
-0.000254332
0.0113378
-0.000234946
0.0113332
-0.000215502
0.0113287
-0.00019601
0.0113242
-0.000176482
0.0113199
-0.000156924
0.0113158
-0.000137344
0.0113121
-0.000117747
0.0113086
-9.81382e-05
0.0113056
-7.85197e-05
0.011303
-5.88946e-05
0.0113009
-3.92651e-05
0.0112993
-1.96327e-05
0.0112983
0.0112977
-0.00052245
0.010507
0.000533063
-0.00050929
0.0108277
-0.000494582
0.0110425
-0.000479014
0.0111786
-0.000462975
0.0112602
-0.000446631
0.011306
-0.000430026
0.0113299
-0.000413154
0.011341
-0.000396002
0.011345
-0.000378568
0.0113452
-0.000360862
0.0113433
-0.000342902
0.0113403
-0.000324714
0.0113366
-0.000306324
0.0113325
-0.000287759
0.0113282
-0.000269044
0.0113237
-0.000250203
0.011319
-0.000231255
0.0113143
-0.000212218
0.0113096
-0.000193106
0.0113051
-0.000173934
0.0113007
-0.000154711
0.0112966
-0.000135447
0.0112928
-0.000116151
0.0112893
-9.68281e-05
0.0112863
-7.74851e-05
0.0112837
-5.81267e-05
0.0112816
-3.87573e-05
0.01128
-1.93809e-05
0.0112789
0.0112784
-0.000505272
0.0104976
0.000514693
-0.00049334
0.0108158
-0.000479852
0.011029
-0.000465463
0.0111642
-0.000450538
0.0112452
-0.000435235
0.0112907
-0.000419597
0.0113143
-0.00040362
0.011325
-0.000387296
0.0113287
-0.000370627
0.0113285
-0.000353627
0.0113263
-0.000336321
0.011323
-0.000318736
0.011319
-0.000300905
0.0113147
-0.000282858
0.0113102
-0.000264624
0.0113054
-0.00024623
0.0113006
-0.000227697
0.0112958
-0.000209048
0.011291
-0.0001903
0.0112863
-0.000171469
0.0112819
-0.000152567
0.0112777
-0.000133608
0.0112738
-0.000114601
0.0112703
-9.55552e-05
0.0112672
-7.64787e-05
0.0112646
-5.73785e-05
0.0112625
-3.82612e-05
0.0112609
-1.91325e-05
0.0112598
0.0112592
-0.000489467
0.0104893
0.000497765
-0.000478666
0.010805
-0.000466291
0.0110166
-0.000452967
0.0111509
-0.000439045
0.0112313
-0.000424679
0.0112763
-0.000409911
0.0112995
-0.000394742
0.0113099
-0.000379167
0.0113131
-0.000363193
0.0113125
-0.000346838
0.0113099
-0.000330129
0.0113063
-0.0003131
0.011302
-0.000295785
0.0112974
-0.000278218
0.0112926
-0.00026043
0.0112876
-0.000242452
0.0112826
-0.000224309
0.0112776
-0.000206025
0.0112727
-0.000187619
0.0112679
-0.00016911
0.0112634
-0.000150514
0.0112591
-0.000131844
0.0112552
-0.000113113
0.0112516
-9.43327e-05
0.0112485
-7.55121e-05
0.0112458
-5.66606e-05
0.0112436
-3.77866e-05
0.011242
-1.88979e-05
0.0112409
0.0112403
-0.000475266
0.010482
0.000482556
-0.000465459
0.0107952
-0.000454049
0.0110052
-0.000441646
0.0111385
-0.000428594
0.0112183
-0.000415044
0.0112628
-0.000401039
0.0112855
-0.000386582
0.0112954
-0.000371673
0.0112982
-0.000356319
0.0112972
-0.000340542
0.0112942
-0.000324373
0.0112901
-0.000307847
0.0112855
-0.000291002
0.0112806
-0.000273873
0.0112755
-0.000256497
0.0112703
-0.000238903
0.011265
-0.00022112
0.0112598
-0.000203174
0.0112548
-0.000185088
0.0112498
-0.00016688
0.0112452
-0.00014857
0.0112408
-0.000130173
0.0112368
-0.000111702
0.0112331
-9.31718e-05
0.0112299
-7.4593e-05
0.0112272
-5.59763e-05
0.011225
-3.73319e-05
0.0112233
-1.8669e-05
0.0112222
0.0112217
-0.000462687
0.0104757
0.000469043
-0.000453771
0.0107862
-0.000443208
0.0109946
-0.000431603
0.0111269
-0.000419298
0.0112059
-0.000406445
0.0112499
-0.000393092
0.0112721
-0.000379246
0.0112816
-0.000364909
0.0112839
-0.000350093
0.0112824
-0.00033482
0.0112789
-0.000319124
0.0112744
-0.000303043
0.0112694
-0.000286615
0.0112641
-0.000269878
0.0112587
-0.00025287
0.0112532
-0.000235622
0.0112478
-0.000218167
0.0112424
-0.000200529
0.0112371
-0.000182735
0.0112321
-0.000164804
0.0112272
-0.000146758
0.0112227
-0.000128612
0.0112186
-0.000110384
0.0112149
-9.20862e-05
0.0112116
-7.37335e-05
0.0112089
-5.53376e-05
0.0112066
-3.691e-05
0.0112049
-1.84619e-05
0.0112038
0.0112032
-0.000451901
0.0104701
0.000457487
-0.000443704
0.010778
-0.000433818
0.0109847
-0.000422852
0.011116
-0.000411148
0.0111942
-0.000398862
0.0112376
-0.000386047
0.0112593
-0.000372711
0.0112682
-0.000358858
0.01127
-0.0003445
0.011268
-0.000329662
0.011264
-0.000314377
0.0112591
-0.000298684
0.0112537
-0.000282623
0.0112481
-0.000266233
0.0112423
-0.000249553
0.0112366
-0.000232616
0.0112308
-0.000215454
0.0112252
-0.000198096
0.0112198
-0.000180566
0.0112145
-0.000162888
0.0112096
-0.000145083
0.0112049
-0.000127168
0.0112007
-0.000109162
0.0111969
-9.10794e-05
0.0111936
-7.2935e-05
0.0111907
-5.47419e-05
0.0111884
-3.6513e-05
0.0111867
-1.826e-05
0.0111855
0.0111849
-0.000442894
0.0104652
0.000447764
-0.000435324
0.0107705
-0.000426001
0.0109754
-0.000415547
0.0111055
-0.000404315
0.011183
-0.000392471
0.0112258
-0.000380074
0.0112469
-0.000367136
0.0112553
-0.000353664
0.0112566
-0.000339673
0.011254
-0.000325185
0.0112496
-0.000310237
0.0112442
-0.000294865
0.0112383
-0.000279111
0.0112323
-0.000263015
0.0112262
-0.000246614
0.0112202
-0.000229943
0.0112142
-0.000213036
0.0112083
-0.00019592
0.0112026
-0.000178623
0.0111972
-0.000161167
0.0111921
-0.000143575
0.0111873
-0.000125867
0.011183
-0.000108059
0.0111791
-9.01699e-05
0.0111757
-7.22139e-05
0.0111728
-5.4206e-05
0.0111704
-3.61599e-05
0.0111686
-1.80893e-05
0.0111674
0.0111668
-0.000435693
0.0104608
0.000440073
-0.000428544
0.0107633
-0.000419598
0.0109665
-0.000409492
0.0110954
-0.000398589
0.0111721
-0.000387063
0.0112143
-0.000374975
0.0112348
-0.000362342
0.0112427
-0.00034917
0.0112434
-0.000335471
0.0112403
-0.00032127
0.0112354
-0.000306599
0.0112295
-0.000291497
0.0112232
-0.000276003
0.0112168
-0.000260156
0.0112104
-0.000243996
0.011204
-0.000227557
0.0111977
-0.000210871
0.0111916
-0.000193969
0.0111857
-0.000176876
0.0111801
-0.000159618
0.0111749
-0.000142217
0.0111699
-0.000124692
0.0111655
-0.000107063
0.0111615
-8.93468e-05
0.011158
-7.15596e-05
0.011155
-5.37165e-05
0.0111526
-3.58318e-05
0.0111508
-1.79186e-05
0.0111495
0.0111489
-0.00043039
0.0104569
0.000434283
-0.000423596
0.0107565
-0.000414926
0.0109578
-0.000405045
0.0110855
-0.000394341
0.0111614
-0.000383
0.0112029
-0.000371095
0.0112229
-0.000358646
0.0112302
-0.000345662
0.0112304
-0.000332155
0.0112268
-0.000318148
0.0112213
-0.000303671
0.011215
-0.000288763
0.0112083
-0.00027346
0.0112015
-0.000257803
0.0111947
-0.000241827
0.011188
-0.000225569
0.0111815
-0.000209059
0.0111751
-0.000192328
0.011169
-0.000175402
0.0111632
-0.000158305
0.0111578
-0.000141061
0.0111527
-0.000123691
0.0111481
-0.000106212
0.011144
-8.86427e-05
0.0111404
-7.10005e-05
0.0111373
-5.33011e-05
0.0111349
-3.55596e-05
0.011133
-1.7792e-05
0.0111318
0.0111311
-0.000426639
0.0104532
0.000430354
-0.000419967
0.0107499
-0.000411386
0.0109492
-0.000401582
0.0110757
-0.000390955
0.0111508
-0.000379701
0.0111917
-0.000367897
0.0112111
-0.000355564
0.0112179
-0.000342709
0.0112175
-0.000329341
0.0112134
-0.000315481
0.0112075
-0.000301158
0.0112007
-0.000286405
0.0111936
-0.000271259
0.0111864
-0.000255757
0.0111792
-0.000239937
0.0111722
-0.000223831
0.0111654
-0.000207471
0.0111588
-0.000190887
0.0111524
-0.000174105
0.0111464
-0.000157149
0.0111408
-0.000140043
0.0111356
-0.000122806
0.0111309
-0.000105459
0.0111266
-8.80193e-05
0.0111229
-7.05034e-05
0.0111198
-5.29274e-05
0.0111173
-3.53066e-05
0.0111154
-1.76538e-05
0.0111141
0.0111135
-0.000425001
0.0104498
0.000428462
-0.000418415
0.0107433
-0.000409831
0.0109406
-0.000399981
0.0110659
-0.000389293
0.0111401
-0.000377982
0.0111804
-0.000366137
0.0111993
-0.000353784
0.0112055
-0.00034093
0.0112047
-0.000327585
0.0112001
-0.000313766
0.0111937
-0.000299497
0.0111864
-0.000284811
0.0111789
-0.000269741
0.0111713
-0.000254323
0.0111638
-0.000238591
0.0111565
-0.000222578
0.0111494
-0.000206313
0.0111425
-0.000189825
0.0111359
-0.00017314
0.0111297
-0.000156283
0.0111239
-0.000139274
0.0111186
-0.000122135
0.0111137
-0.000104885
0.0111094
-8.7542e-05
0.0111056
-7.01233e-05
0.0111024
-5.26455e-05
0.0110998
-3.51244e-05
0.0110979
-1.7578e-05
0.0110966
0.0110959
-0.000424211
0.0104462
0.000427809
-0.00041748
0.0107365
-0.000408742
0.0109319
-0.000398746
0.0110559
-0.000387933
0.0111293
-0.000376527
0.011169
-0.000364616
0.0111874
-0.000352227
0.0111931
-0.000339365
0.0111918
-0.000326034
0.0111868
-0.000312247
0.0111799
-0.000298025
0.0111722
-0.000283398
0.0111643
-0.000268395
0.0111563
-0.000253051
0.0111485
-0.000237398
0.0111408
-0.000221466
0.0111334
-0.000205286
0.0111263
-0.000188884
0.0111195
-0.000172286
0.0111131
-0.000155515
0.0111072
-0.000138593
0.0111017
-0.000121541
0.0110967
-0.000104377
0.0110922
-8.71192e-05
0.0110883
-6.97846e-05
0.0110851
-5.23888e-05
0.0110824
-3.49469e-05
0.0110804
-1.74696e-05
0.0110791
0.0110784
-0.000426111
0.0104426
0.000429697
-0.0004192
0.0107296
-0.000410201
0.0109229
-0.000399911
0.0110456
-0.000388802
0.0111182
-0.000377119
0.0111573
-0.000364962
0.0111752
-0.000352364
0.0111805
-0.000339329
0.0111788
-0.00032586
0.0111733
-0.000311966
0.011166
-0.000297665
0.0111579
-0.000282981
0.0111496
-0.000267941
0.0111413
-0.000252576
0.0111331
-0.000236914
0.0111252
-0.000220986
0.0111175
-0.000204817
0.0111101
-0.000188435
0.0111032
-0.000171862
0.0110966
-0.000155122
0.0110904
-0.000138236
0.0110848
-0.000121222
0.0110797
-0.000104099
0.0110751
-8.68851e-05
0.0110711
-6.95966e-05
0.0110678
-5.22499e-05
0.0110651
-3.48609e-05
0.011063
-1.74512e-05
0.0110617
0.011061
-0.000427346
0.0104386
0.000431312
-0.000420115
0.0107224
-0.000410812
0.0109136
-0.000400247
0.011035
-0.000388899
0.0111068
-0.000377015
0.0111454
-0.000364697
0.0111629
-0.000351974
0.0111678
-0.000338846
0.0111657
-0.000325311
0.0111598
-0.000311374
0.0111521
-0.000297048
0.0111436
-0.000282354
0.0111349
-0.000267317
0.0111262
-0.000251964
0.0111177
-0.000236322
0.0111095
-0.00022042
0.0111016
-0.000204284
0.011094
-0.000187937
0.0110868
-0.000171403
0.01108
-0.000154704
0.0110737
-0.000137861
0.0110679
-0.000120891
0.0110627
-0.000103814
0.011058
-8.66467e-05
0.011054
-6.94044e-05
0.0110505
-5.21023e-05
0.0110478
-3.47546e-05
0.0110457
-1.73661e-05
0.0110443
0.0110436
-0.000432716
0.0104344
0.000436955
-0.000425033
0.0107147
-0.000415227
0.0109038
-0.000404145
0.0110239
-0.000392291
0.011095
-0.00037993
0.011133
-0.000367178
0.0111501
-0.000354067
0.0111547
-0.0003406
0.0111522
-0.000326772
0.0111459
-0.000312584
0.0111379
-0.000298045
0.011129
-0.00028317
0.01112
-0.00026798
0.011111
-0.000252498
0.0111023
-0.000236749
0.0110938
-0.000220758
0.0110856
-0.000204547
0.0110778
-0.000188139
0.0110704
-0.000171556
0.0110635
-0.000154817
0.011057
-0.000137943
0.0110511
-0.000120949
0.0110457
-0.000103854
0.0110409
-8.66724e-05
0.0110368
-6.94212e-05
0.0110333
-5.21149e-05
0.0110305
-3.47687e-05
0.0110283
-1.74116e-05
0.0110269
0.0110262
-0.000434451
0.0104297
0.000439095
-0.000426456
0.0107067
-0.000416371
0.0108937
-0.00040504
0.0110126
-0.000392967
0.0110829
-0.000380422
0.0111205
-0.000367517
0.0111372
-0.000354281
0.0111415
-0.000340714
0.0111386
-0.000326806
0.011132
-0.000312556
0.0111236
-0.00029797
0.0111144
-0.000283059
0.0111051
-0.000267844
0.0110958
-0.000252345
0.0110868
-0.000236586
0.011078
-0.000220589
0.0110696
-0.000204379
0.0110616
-0.000187975
0.011054
-0.000171399
0.0110469
-0.000154671
0.0110403
-0.000137808
0.0110342
-0.000120828
0.0110287
-0.000103747
0.0110238
-8.65823e-05
0.0110196
-6.93479e-05
0.0110161
-5.20584e-05
0.0110132
-3.4726e-05
0.011011
-1.73453e-05
0.0110096
0.0110089
-0.000443493
0.000448842
-0.000434775
-0.000423953
-0.000411882
-0.000399096
-0.000385874
-0.00037234
-0.00035853
-0.000344446
-0.000330077
-0.000315418
-0.000300469
-0.00028524
-0.000269743
-0.000253996
-0.000238018
-0.000221828
-0.000205447
-0.000188893
-0.000172185
-0.000155338
-0.00013837
-0.000121297
-0.000104133
-8.68921e-05
-6.95884e-05
-5.22349e-05
-3.4846e-05
-1.74444e-05
0.00529852
-0.000414339
0.00524559
-0.00033285
0.00519676
-0.000256171
0.00515198
-0.000184001
0.00511119
-0.000116303
0.00507436
-5.25182e-05
0.00504093
6.78035e-06
0.0050129
5.89177e-05
0.00498715
0.000109649
0.00496467
0.00015732
0.00494535
0.000201832
0.00492906
0.000243251
0.00491564
0.000281852
0.00490491
0.00031792
0.0048967
0.000351709
0.00489083
0.000383475
0.00488712
0.00041348
0.00488538
0.000441984
0.00488545
0.000469231
0.00488714
0.00049545
0.00489028
0.000520838
0.00489469
0.000545559
0.0049002
0.000569737
0.00490666
0.000593451
0.0049139
0.000616731
0.00492179
0.000639557
0.00493017
0.00066186
0.00493894
0.000683524
0.00494798
0.000704392
0.0049572
0.000724272
0.00496652
0.000742944
0.00497589
0.000760172
0.00498524
0.000775713
0.00499457
0.000789327
0.00500385
0.000800786
0.00501307
0.000809888
0.00502226
0.000816459
0.00503142
0.000820368
0.0050406
0.000821524
0.00504981
0.000819885
0.0050591
0.000815462
0.0050685
0.00080831
0.00507804
0.000798536
0.00508777
0.000786288
0.00509771
0.000771756
0.0051079
0.000755167
0.00511836
0.000736775
0.00512911
0.000716862
0.00514016
0.000695721
0.00515154
0.000673668
0.00516324
0.000651007
0.00517528
0.000628068
0.00518766
0.000605139
0.00520037
0.000582547
0.00521341
0.000560537
0.00522678
0.000539424
0.00524046
0.000519381
0.00525444
0.000500712
0.00526872
0.000483491
0.00528325
0.000468022
0.00529805
0.000454247
0.00531305
0.000442485
0.00532828
0.000432537
0.00534363
0.000424719
0.00535917
0.000418744
0.00537473
0.000414797
0.00539043
0.000412762
0.00540601
0.00041223
0.00542168
0.000414022
0.00543709
0.000415902
0.00545252
0.000421526
0.00546763
0.000423987
0.000433978
0.00521401
-0.000430668
0.00514945
-0.000349777
0.00509052
-0.000273927
0.00503707
-0.000202715
0.00498884
-0.000135777
0.00494555
-7.30109e-05
0.00490654
-1.3504e-05
0.00487459
3.87285e-05
0.0048451
8.84094e-05
0.00481936
0.000135389
0.00479742
0.00017926
0.0047791
0.000220151
0.00476414
0.000258212
0.0047523
0.000293691
0.00474336
0.000326858
0.00473711
0.000357957
0.00473335
0.000387239
0.00473187
0.00041496
0.00473247
0.000441378
0.00473497
0.000466734
0.00473917
0.000491254
0.00474487
0.000515132
0.0047519
0.000538531
0.00476007
0.000561568
0.0047692
0.000584318
0.00477913
0.000606802
0.00478969
0.000628995
0.00480074
0.000650815
0.00481212
0.000672137
0.00482373
0.000692788
0.00483544
0.000712562
0.00484716
0.000731223
0.00485881
0.000748519
0.00487034
0.000764189
0.00488169
0.000777976
0.00489284
0.000789637
0.00490377
0.000798954
0.00491449
0.000805743
0.004925
0.000809858
0.00493532
0.000811202
0.00494548
0.000809724
0.00495551
0.000805427
0.00496546
0.000798367
0.00497535
0.000788644
0.00498523
0.00077641
0.00499513
0.000761852
0.0050051
0.0007452
0.00501516
0.00072671
0.00502536
0.000706667
0.00503571
0.000685367
0.00504625
0.000663129
0.005057
0.000640261
0.00506797
0.000617095
0.00507919
0.000593923
0.00509066
0.000571074
0.0051024
0.000548795
0.00511442
0.000527406
0.00512672
0.000507079
0.00513931
0.000488128
0.00515218
0.000470619
0.00516532
0.000454876
0.00517875
0.000440821
0.00519242
0.000428816
0.00520635
0.000418606
0.00522046
0.000410604
0.00523481
0.000404399
0.00524924
0.000400367
0.00526386
0.00039814
0.00527843
0.000397664
0.00529313
0.000399318
0.00530762
0.000401411
0.00532215
0.000406996
0.0053364
0.000409741
0.000419942
0.0049852
-0.000354335
0.00491631
-0.000280883
0.00485438
-0.000212002
0.00479901
-0.000147345
0.00474958
-8.63488e-05
0.00470584
-2.92679e-05
0.00466921
2.31242e-05
0.00463675
7.11937e-05
0.00460842
0.000116736
0.00458451
0.000159302
0.00456474
0.000199026
0.00454881
0.000236078
0.00453643
0.000270599
0.00452732
0.000302799
0.00452125
0.000332925
0.00451799
0.000361215
0.00451733
0.000387906
0.00451904
0.000413251
0.00452292
0.000437498
0.00452876
0.000460889
0.00453637
0.000483644
0.00454555
0.000505955
0.0045561
0.000527981
0.00456783
0.000549838
0.00458055
0.000571595
0.00459409
0.000593269
0.00460825
0.000614828
0.00462289
0.000636182
0.00463783
0.000657194
0.00465294
0.000677681
0.00466808
0.000697421
0.00468314
0.000716165
0.00469801
0.000733642
0.00471263
0.000749575
0.00472691
0.000763688
0.00474083
0.000775723
0.00475434
0.000785445
0.00476743
0.000792653
0.0047801
0.00079719
0.00479235
0.000798943
0.00480422
0.000797854
0.00481573
0.000793917
0.00482692
0.000787179
0.00483783
0.000777739
0.0048485
0.000765742
0.00485897
0.000751376
0.0048693
0.000734871
0.00487953
0.000716481
0.0048897
0.000696495
0.00489986
0.000675208
0.00491005
0.000652942
0.0049203
0.000630008
0.00493066
0.00060674
0.00494115
0.000583431
0.00495181
0.000560412
0.00496267
0.000537936
0.00497375
0.000516322
0.00498508
0.000495748
0.00499668
0.00047653
0.00500856
0.000458738
0.00502073
0.000442705
0.00503321
0.000428348
0.00504597
0.000416054
0.00505903
0.000405544
0.00507234
0.000397292
0.00508594
0.000390806
0.00509969
0.000386614
0.00511369
0.000384142
0.0051277
0.000383652
0.0051419
0.000385116
0.00515593
0.00038738
0.00517005
0.000392882
0.00518389
0.000395898
0.000406291
0.00466059
-0.000277855
0.00459254
-0.000212842
0.00453221
-0.000151667
0.00447881
-9.39491e-05
0.00443206
-3.95964e-05
0.00439155
1.12478e-05
0.00435774
5.69345e-05
0.00432823
0.000100701
0.00430352
0.000141448
0.00428331
0.000179504
0.00426728
0.000215056
0.00425513
0.000248235
0.00424655
0.000279172
0.0042413
0.00030805
0.00423913
0.000335094
0.00423982
0.000360531
0.00424313
0.00038459
0.00424887
0.000407513
0.00425682
0.000429546
0.00426679
0.000450926
0.00427856
0.000471869
0.00429195
0.000492569
0.00430675
0.000513183
0.00432276
0.000533824
0.0043398
0.000554559
0.00435766
0.000575404
0.00437617
0.00059632
0.00439514
0.000617213
0.00441439
0.000637938
0.00443377
0.000658301
0.00445313
0.000678067
0.00447232
0.000696973
0.00449123
0.000714734
0.00450975
0.000731054
0.00452779
0.000745641
0.0045453
0.000758217
0.00456221
0.000768531
0.0045785
0.000776364
0.00459415
0.000781541
0.00460916
0.000783937
0.00462353
0.000783479
0.0046373
0.000780149
0.00465049
0.000773986
0.00466315
0.000765079
0.00467532
0.000753569
0.00468706
0.00073964
0.00469842
0.000723515
0.00470945
0.00070545
0.00472021
0.000685731
0.00473076
0.000664654
0.00474117
0.00064254
0.00475147
0.000619701
0.00476174
0.000596472
0.00477202
0.000573149
0.00478237
0.000550062
0.00479284
0.00052747
0.00480347
0.000505691
0.00481431
0.000484912
0.00482539
0.000465447
0.00483675
0.000447378
0.00484842
0.000431037
0.00486041
0.000416355
0.00487274
0.000403725
0.00488541
0.000392871
0.00489841
0.000384299
0.00491173
0.000377478
0.0049253
0.000373043
0.00493918
0.000370272
0.00495314
0.000369692
0.00496734
0.000370915
0.00498142
0.000373302
0.00499562
0.000378679
0.00500955
0.000381965
0.000392547
0.00424588
-0.000207616
0.00418423
-0.000151192
0.00413022
-9.76627e-05
0.00408337
-4.70985e-05
0.004042
1.77671e-06
0.00400918
4.40675e-05
0.00398032
8.57889e-05
0.00395649
0.000124531
0.00393735
0.000160595
0.00392252
0.000194336
0.00391169
0.000225883
0.00390459
0.000255335
0.00390096
0.000282804
0.00390055
0.000308455
0.00390315
0.000332492
0.00390855
0.000355131
0.00391655
0.000376593
0.00392695
0.000397116
0.00393955
0.000416942
0.00395417
0.000436307
0.00397061
0.000455426
0.00398869
0.000474496
0.00400819
0.000493673
0.00402895
0.000513072
0.00405075
0.000532761
0.00407339
0.000552755
0.0040967
0.000573016
0.00412047
0.000593444
0.00414451
0.000613891
0.00416866
0.000634152
0.00419274
0.000653986
0.0042166
0.000673115
0.0042401
0.000691241
0.0042631
0.000708053
0.0042855
0.000723241
0.00430721
0.000736509
0.00432815
0.000747586
0.00434828
0.000756235
0.00436756
0.000762264
0.00438596
0.000765529
0.0044035
0.000765942
0.00442018
0.000763469
0.00443603
0.000758136
0.00445109
0.000750022
0.0044654
0.000739257
0.00447903
0.000726017
0.00449202
0.000710521
0.00450445
0.000693019
0.00451639
0.000673791
0.00452791
0.000653133
0.00453909
0.000631363
0.00455
0.000608792
0.00456072
0.000585754
0.00457132
0.000562547
0.00458188
0.000539501
0.00459247
0.000516879
0.00460316
0.000494998
0.00461402
0.000474057
0.0046251
0.000454365
0.00463645
0.000436024
0.00464813
0.000419357
0.00466016
0.000404325
0.00467258
0.000391309
0.00468539
0.000380064
0.00469859
0.000371099
0.00471218
0.000363889
0.0047261
0.000359124
0.00474037
0.000356001
0.00475481
0.000355248
0.00476954
0.000356186
0.0047842
0.000358646
0.00479901
0.000363864
0.00481355
0.000367427
0.00037821
0.00381902
-0.000199809
0.00376021
-0.000148813
0.00370933
-0.000100309
0.00366525
-5.35826e-05
0.00362693
-8.77419e-06
0.00359718
3.15272e-05
0.00357095
7.02919e-05
0.00354985
0.000106889
0.00353341
0.00014097
0.0035212
0.000172804
0.00351291
0.000202628
0.00350828
0.000230514
0.00350708
0.00025653
0.00350911
0.000280777
0.00351416
0.000303402
0.00352206
0.000324597
0.00353262
0.000344569
0.00354568
0.000363537
0.00356106
0.000381736
0.00357859
0.000399407
0.00359811
0.00041679
0.00361943
0.000434102
0.00364239
0.000451544
0.00366678
0.000469276
0.00369244
0.000487417
0.00371916
0.000506039
0.00374675
0.000525162
0.00377502
0.000544747
0.00380377
0.000564696
0.0038328
0.000584858
0.00386193
0.000605023
0.00389097
0.000624943
0.00391976
0.000644332
0.00394812
0.00066288
0.00397591
0.000680261
0.004003
0.00069615
0.00402928
0.000710232
0.00405464
0.000722218
0.00407903
0.000731852
0.00410237
0.000738921
0.00412464
0.000743262
0.00414581
0.000744766
0.0041659
0.000743385
0.00418491
0.000739127
0.00420287
0.000732055
0.00421984
0.000722288
0.00423587
0.000709989
0.00425102
0.000695367
0.00426538
0.000678663
0.00427902
0.000660151
0.00429203
0.000640122
0.00430451
0.000618888
0.00431654
0.000596758
0.00432823
0.000574062
0.00433968
0.000551102
0.00435097
0.000528203
0.00436222
0.000505636
0.0043735
0.000483713
0.00438491
0.00046265
0.00439653
0.000442748
0.00440842
0.000424135
0.00442065
0.000407123
0.00443326
0.00039171
0.00444632
0.000378258
0.00445981
0.000366574
0.00447376
0.000357142
0.00448816
0.000349489
0.00450298
0.000344308
0.00451819
0.000340786
0.00453367
0.000339776
0.00454946
0.000340395
0.00456523
0.000342877
0.00458118
0.000347915
0.00459683
0.000351771
0.000362786
0.00327377
-0.000147719
0.00322923
-0.000104279
0.00319117
-6.22445e-05
0.00315873
-2.11454e-05
0.0031329
1.70617e-05
0.00311153
5.28996e-05
0.00309473
8.70844e-05
0.00308234
0.000119285
0.00307388
0.000149422
0.00306907
0.000177623
0.00306767
0.000204021
0.00306952
0.000228662
0.00307445
0.000251599
0.00308231
0.000272925
0.00309293
0.000292779
0.00310619
0.000311342
0.00312194
0.000328819
0.00314004
0.000345429
0.00316037
0.00036141
0.00318277
0.000377005
0.0032071
0.00039246
0.00323321
0.000407998
0.00326092
0.000423829
0.00329008
0.000440117
0.00332051
0.000456987
0.00335203
0.000474521
0.00338445
0.000492745
0.00341757
0.000511625
0.0034512
0.000531067
0.00348513
0.000550921
0.00351918
0.000570974
0.00355315
0.000590975
0.00358685
0.000610634
0.0036201
0.00062963
0.00365273
0.000647626
0.0036846
0.000664282
0.00371557
0.000679266
0.00374551
0.000692273
0.00377434
0.000703024
0.00380197
0.000711287
0.00382836
0.000716878
0.00385346
0.000719667
0.00387726
0.000719585
0.00389976
0.00071662
0.003921
0.000710818
0.00394101
0.000702279
0.00395984
0.000691153
0.00397758
0.000677632
0.00399429
0.000661948
0.00401008
0.000644363
0.00402505
0.000625158
0.00403929
0.00060464
0.00405294
0.000583113
0.0040661
0.000560901
0.0040789
0.000538306
0.00409145
0.00051565
0.00410387
0.000493212
0.00411628
0.000471301
0.00412879
0.000450147
0.00414149
0.000430048
0.00415446
0.000411158
0.00416781
0.000393778
0.00418157
0.000377952
0.00419581
0.000364014
0.00421054
0.000351842
0.00422581
0.000341875
0.00424157
0.000333727
0.00425783
0.00032805
0.00427453
0.000324089
0.00429156
0.000322742
0.00430893
0.000323021
0.00432634
0.000325475
0.00434392
0.000330331
0.00436119
0.000334504
0.000345805
0.00270966
-0.000111788
0.00267956
-7.41776e-05
0.00265466
-3.7349e-05
0.00263361
-9.45863e-08
0.00261833
3.23475e-05
0.00260666
6.45715e-05
0.00259882
9.49246e-05
0.00259454
0.000123556
0.00259356
0.000150405
0.00259568
0.000175509
0.00260075
0.000198944
0.00260867
0.00022074
0.00261933
0.000240946
0.0026326
0.000259647
0.0026484
0.00027698
0.00266662
0.000293122
0.00268717
0.000308276
0.00270993
0.000322667
0.0027348
0.000336538
0.00276167
0.000350138
0.00279041
0.000363722
0.00282088
0.000377518
0.00285296
0.000391753
0.00288649
0.000406592
0.0029213
0.000422174
0.00295723
0.000438591
0.00299409
0.000455878
0.00303171
0.000474012
0.00306987
0.000492903
0.00310839
0.000512406
0.00314705
0.000532306
0.00318567
0.000552357
0.00322404
0.000572266
0.00326197
0.000591702
0.00329927
0.000610324
0.00333578
0.000627774
0.00337133
0.000643711
0.0034058
0.000657808
0.00343905
0.00066977
0.003471
0.000679341
0.00350156
0.000686315
0.00353069
0.000690542
0.00355835
0.000691927
0.00358453
0.000690437
0.00360925
0.000686095
0.00363255
0.000678981
0.00365448
0.000669226
0.00367511
0.000657005
0.00369452
0.000642532
0.00371283
0.000626056
0.00373014
0.000607847
0.00374658
0.0005882
0.00376228
0.000567414
0.00377737
0.000545806
0.003792
0.000523676
0.00380631
0.000501344
0.00382043
0.000479095
0.00383449
0.000457235
0.00384863
0.000436012
0.00386296
0.000415719
0.00387757
0.000396542
0.00389258
0.000378769
0.00390804
0.000362496
0.00392402
0.000348028
0.00394054
0.000335322
0.00395766
0.000324761
0.00397531
0.000316075
0.00399353
0.000309832
0.00401221
0.000305403
0.00403131
0.000303648
0.00405074
0.000303584
0.00407026
0.000305962
0.00408993
0.000310658
0.00410926
0.000315178
0.000326848
0.00215192
-8.99144e-05
0.00213409
-5.63413e-05
0.00211972
-2.29797e-05
0.00211008
9.53754e-06
0.00210308
3.93489e-05
0.00209952
6.8137e-05
0.00209909
9.53564e-05
0.0021016
0.000121043
0.00210689
0.000145117
0.00211483
0.000167566
0.00212535
0.000188422
0.00213838
0.000207709
0.00215386
0.000225472
0.00217171
0.000241795
0.00219187
0.000256815
0.00221429
0.000270709
0.00223888
0.000283684
0.00226558
0.00029597
0.0022943
0.000307818
0.00232495
0.000319486
0.00235743
0.000331238
0.00239164
0.000343312
0.00242744
0.000355952
0.00246471
0.000369327
0.00250329
0.000383589
0.00254304
0.000398844
0.00258378
0.00041514
0.00262532
0.000432467
0.00266748
0.00045074
0.00271006
0.000469827
0.00275286
0.000489509
0.00279567
0.00050955
0.00283828
0.000529656
0.00288049
0.000549494
0.0029221
0.000568714
0.00296292
0.000586949
0.00300279
0.000603846
0.00304153
0.000619061
0.00307902
0.000632281
0.00311513
0.000643228
0.00314978
0.000651674
0.00318287
0.000657443
0.00321438
0.000660416
0.00324429
0.000660536
0.00327258
0.0006578
0.0032993
0.000652264
0.00332449
0.000644035
0.00334823
0.000633268
0.0033706
0.000620158
0.00339172
0.000604935
0.00341171
0.000587856
0.00343071
0.000569203
0.00344886
0.000549265
0.00346631
0.00052835
0.00348323
0.00050676
0.00349976
0.000484809
0.00351607
0.000462788
0.0035323
0.000441005
0.00354859
0.000419723
0.00356507
0.000399234
0.00358186
0.000379756
0.00359906
0.000361568
0.00361674
0.000344817
0.00363499
0.000329783
0.0036538
0.000316505
0.00367326
0.000305306
0.00369329
0.000296046
0.00371393
0.000289188
0.00373506
0.000284275
0.00375665
0.000282056
0.00377857
0.000281665
0.0038006
0.000283928
0.00382276
0.000288507
0.00384452
0.000293416
0.000305562
0.00163018
-0.000109531
0.00161869
-7.84288e-05
0.00161008
-4.77247e-05
0.00160429
-1.71909e-05
0.00160127
1.25529e-05
0.00160106
3.95624e-05
0.00160357
6.56251e-05
0.00160864
9.02872e-05
0.00161618
0.0001135
0.00162612
0.000135178
0.0016384
0.000155288
0.00165298
0.00017384
0.00166984
0.000190854
0.00168893
0.000206379
0.00171023
0.000220497
0.00173369
0.00023335
0.00175928
0.000245118
0.00178696
0.000256011
0.00181666
0.000266266
0.00184834
0.000276143
0.00188191
0.000285912
0.0019173
0.000295846
0.00195442
0.000306194
0.00199315
0.000317221
0.00203338
0.000329094
0.00207499
0.000341981
0.00211783
0.000356009
0.00216173
0.000371241
0.00220651
0.000387677
0.00225201
0.000405248
0.00229801
0.000423828
0.00234432
0.000443199
0.00239072
0.000463143
0.00243701
0.000483364
0.00248298
0.00050353
0.0025284
0.000523288
0.00257309
0.000542259
0.00261686
0.000560083
0.00265952
0.000576401
0.00270092
0.00059088
0.00274092
0.000603224
0.00277942
0.000613179
0.00281632
0.000620544
0.00285156
0.000625176
0.00288511
0.000626987
0.00291696
0.000625948
0.00294713
0.00062209
0.00297568
0.000615491
0.00300266
0.000606283
0.00302818
0.000594637
0.00305235
0.000580765
0.0030753
0.000564906
0.00309718
0.000547325
0.00311814
0.000528305
0.00313835
0.000508142
0.00315797
0.000487136
0.00317718
0.000465599
0.00319614
0.000443828
0.00321502
0.000422132
0.00323395
0.00040079
0.00325308
0.0003801
0.00327253
0.000360305
0.00329242
0.000341686
0.0033128
0.000324434
0.00333377
0.000308813
0.00335533
0.000294939
0.00337756
0.00028308
0.00340038
0.000273228
0.00342384
0.00026573
0.00344778
0.000260332
0.00347222
0.000257617
0.00349696
0.000256929
0.00352183
0.00025905
0.00354676
0.000263583
0.00357125
0.000268923
0.000281683
0.00112619
-0.000102319
0.00112102
-7.32616e-05
0.00111801
-4.47085e-05
0.00111725
-1.64343e-05
0.00111887
1.09288e-05
0.00112278
3.56534e-05
0.00112901
5.94022e-05
0.00113748
8.18175e-05
0.00114816
0.000102819
0.00116102
0.000122319
0.00117603
0.000140273
0.00119319
0.000156681
0.00121248
0.000171562
0.00123389
0.00018497
0.00125741
0.000196981
0.00128301
0.000207749
0.00131067
0.000217454
0.00134037
0.000226313
0.00137207
0.00023457
0.00140572
0.000242493
0.00144127
0.000250363
0.00147865
0.000258462
0.00151779
0.000267053
0.00155859
0.000276423
0.00160095
0.00028673
0.00164477
0.000298166
0.0016899
0.00031088
0.00173619
0.000324952
0.00178347
0.000340396
0.00183156
0.000357155
0.00188027
0.00037512
0.00192941
0.00039406
0.00197876
0.000413793
0.0020281
0.000434021
0.00207722
0.000454413
0.00212589
0.000474613
0.00217392
0.000494234
0.00222109
0.000512913
0.00226721
0.000530276
0.00231212
0.000545972
0.00235566
0.000559683
0.0023977
0.000571135
0.00243815
0.000580097
0.00247693
0.0005864
0.00251398
0.000589928
0.00254931
0.000590623
0.00258292
0.000588483
0.00261485
0.000583561
0.00264517
0.00057596
0.00267398
0.000565827
0.00270139
0.000553352
0.00272754
0.000538754
0.00275259
0.000522283
0.00277668
0.000504209
0.0028
0.000484821
0.00282272
0.000464416
0.00284502
0.000443302
0.00286707
0.000421784
0.00288902
0.000400176
0.00291104
0.00037877
0.00293327
0.000357874
0.00295582
0.000337756
0.0029788
0.000318701
0.0030023
0.000300941
0.00302638
0.000284732
0.00305106
0.000270257
0.0030764
0.000257744
0.00310232
0.0002473
0.00312888
0.00023917
0.00315591
0.000233301
0.00318344
0.00023009
0.00321122
0.000229152
0.00323915
0.000231121
0.00326704
0.000235694
0.00329445
0.000241514
0.00025505
0.000667005
-9.81723e-05
0.000664567
-7.08234e-05
0.000664056
-4.41977e-05
0.000665649
-1.80272e-05
0.000669224
7.35351e-06
0.000674995
2.98826e-05
0.000682902
5.14952e-05
0.000692913
7.18064e-05
0.000705018
9.07141e-05
0.000719207
0.00010813
0.000735473
0.000124007
0.000753816
0.000138338
0.000774233
0.000151145
0.000796721
0.000162482
0.000821281
0.000172421
0.000847898
0.000181132
0.00087656
0.000188792
0.000907251
0.000195622
0.000939948
0.000201873
0.000974618
0.000207823
0.00101122
0.000213762
0.0010497
0.000219983
0.00108999
0.00022676
0.00113201
0.000234408
0.00117568
0.000243062
0.00122089
0.000252948
0.00126753
0.000264244
0.00131544
0.000277044
0.00136446
0.000291377
0.00141441
0.0003072
0.00146511
0.000324421
0.00151638
0.000342787
0.001568
0.000362176
0.00161975
0.000382277
0.00167139
0.000402765
0.00172272
0.000423285
0.00177352
0.000443436
0.00182357
0.000462863
0.00187267
0.000481172
0.00192065
0.000497997
0.00196733
0.000513
0.00201258
0.000525885
0.00205629
0.000536391
0.00209837
0.000544324
0.00213876
0.000549537
0.00217744
0.000551941
0.00221442
0.000551502
0.00224974
0.000548244
0.00228346
0.000542242
0.00231567
0.000533615
0.00234649
0.00052253
0.00237605
0.000509187
0.00240452
0.000493819
0.00243204
0.000476684
0.0024588
0.000458064
0.00248497
0.00043825
0.00251072
0.000417552
0.00253622
0.000396281
0.00256164
0.000374756
0.00258712
0.000353287
0.00261281
0.000332188
0.00263881
0.000311752
0.00266524
0.000292276
0.00269215
0.000274023
0.00271963
0.000257253
0.00274769
0.0002422
0.00277637
0.000229069
0.0028056
0.000218061
0.00283543
0.00020934
0.0028657
0.000203036
0.00289643
0.000199361
0.00292735
0.000198232
0.00295841
0.000200058
0.00298933
0.000204775
0.00301973
0.000211116
0.000225615
0.00025432
-9.39185e-05
0.000251882
-6.83851e-05
0.000251424
-4.37398e-05
0.00025311
-1.97128e-05
0.000256788
3.67475e-06
0.000262622
2.40492e-05
0.000270562
4.35546e-05
0.000280592
6.17765e-05
0.000292707
7.85995e-05
0.000306902
9.39349e-05
0.000323174
0.000107735
0.000341523
0.000119989
0.000361948
0.00013072
0.000384449
0.00013998
0.000409033
0.000147837
0.000435689
0.000154476
0.00046441
0.000160071
0.000495187
0.000164845
0.000528007
0.000169053
0.000562847
0.000172983
0.000599672
0.000176936
0.00063844
0.000181215
0.000679097
0.000186103
0.000721563
0.000191942
0.000765785
0.00019884
0.000811669
0.000207064
0.000859085
0.000216828
0.000907896
0.000228233
0.000957948
0.000241325
0.00100907
0.000256077
0.00106108
0.000272414
0.00111382
0.000290041
0.00116706
0.000308939
0.00122057
0.000328764
0.00127414
0.000349196
0.00132754
0.000369887
0.00138056
0.000390418
0.00143297
0.000410451
0.00148457
0.000429573
0.00153517
0.000447397
0.0015846
0.000463572
0.00163271
0.000477777
0.00167938
0.000489722
0.00172451
0.000499188
0.00176805
0.000505998
0.00180996
0.000510029
0.00185025
0.000511218
0.00188894
0.000509555
0.00192609
0.000505087
0.0019618
0.000497909
0.00199617
0.00048816
0.00202933
0.000476023
0.00206144
0.000461714
0.00209264
0.00044548
0.00212311
0.000427594
0.00215301
0.000408347
0.00218252
0.000388049
0.00221178
0.000367015
0.00224097
0.000345575
0.0022702
0.00032405
0.00229962
0.000302769
0.00232933
0.000282046
0.00235942
0.000262187
0.00238995
0.000243487
0.00242099
0.000226214
0.00245255
0.000210638
0.00248466
0.000196958
0.00251728
0.000185447
0.00255041
0.000176211
0.00258391
0.000169529
0.00261782
0.000165458
0.00265185
0.000164203
0.00268598
0.000165921
0.00271987
0.00017089
0.0027532
0.000177782
0.000193448
-0.000111499
-8.75158e-05
-0.000115748
-6.41359e-05
-0.000117796
-4.16916e-05
-0.000117539
-1.99703e-05
-0.000115124
1.26018e-06
-0.000110488
1.94132e-05
-0.000103686
3.67526e-05
-9.47371e-05
5.28275e-05
-8.36489e-05
6.75113e-05
-7.04301e-05
8.07161e-05
-5.50884e-05
9.2393e-05
-3.76268e-05
0.000102527
-1.80436e-05
0.000111137
3.66207e-06
0.000118274
2.74553e-05
0.000124044
5.33746e-05
0.000128557
8.14078e-05
0.000132038
0.000111548
0.000134705
0.000143788
0.000136813
0.000178111
0.00013866
0.000214488
0.000140559
0.000252882
0.000142821
0.00029325
0.000145735
0.000335526
0.000149665
0.000379665
0.000154701
0.000425585
0.000161144
0.000473152
0.000169262
0.000522238
0.000179146
0.000572699
0.000190864
0.000624369
0.000204407
0.00067707
0.000219712
0.000730688
0.000236423
0.000784952
0.000254675
0.000839654
0.000274062
0.000894577
0.000294272
0.000949499
0.000314965
0.00100422
0.000335697
0.0010585
0.000356169
0.00111214
0.000375935
0.00116494
0.000394593
0.00121674
0.000411777
0.00126737
0.000427145
0.00131672
0.000440374
0.00136468
0.000451227
0.00141119
0.000459492
0.0014562
0.000465017
0.00149971
0.000467705
0.00154175
0.000467518
0.00158236
0.000464473
0.00162163
0.000458639
0.00165966
0.000450134
0.00169656
0.000439119
0.00173248
0.000425796
0.00176756
0.000410403
0.00180195
0.000393206
0.0018358
0.000374494
0.00186927
0.000354577
0.00190251
0.000333779
0.00193564
0.000312437
0.00196881
0.000290887
0.00200211
0.000269468
0.00203564
0.000248514
0.00206948
0.000228345
0.00210369
0.000209277
0.00213831
0.000191591
0.00217337
0.000175586
0.00220886
0.000161462
0.00224477
0.000149539
0.00228108
0.000139898
0.00231769
0.00013292
0.0023546
0.000128554
0.00239155
0.000127246
0.00242856
0.000128914
0.00246521
0.000134237
0.00250131
0.00014169
0.000158731
-0.00043032
-7.79727e-05
-0.000437348
-5.71077e-05
-0.000441903
-3.71372e-05
-0.000443972
-1.79009e-05
-0.000443544
8.32154e-07
-0.000440852
1.67211e-05
-0.000435895
3.17961e-05
-0.000428695
4.56275e-05
-0.000419272
5.80874e-05
-0.000407644
6.90883e-05
-0.000393828
7.85773e-05
-0.000377834
8.65335e-05
-0.000359667
9.29693e-05
-0.000339329
9.79362e-05
-0.00031682
0.000101535
-0.00029215
0.000103886
-0.000265317
0.000105205
-0.000236321
0.00010571
-0.000205162
0.000105654
-0.000171848
0.000105347
-0.000136403
0.000105113
-9.88565e-05
0.000105275
-5.92105e-05
0.000106089
-1.74873e-05
0.000107942
2.60861e-05
0.000111127
7.14757e-05
0.000115755
0.000118648
0.000122089
0.000167476
0.000130319
0.000217812
0.000140527
0.000269492
0.000152727
0.000322351
0.000166853
0.000376323
0.000182451
0.000431092
0.000199907
0.000486461
0.000218692
0.000542232
0.000238502
0.000598188
0.000259009
0.000654142
0.000279743
0.000709848
0.000300463
0.000765104
0.000320679
0.000819728
0.000339969
0.000873541
0.000357964
0.000926386
0.0003743
0.000978145
0.000388615
0.00102871
0.000400663
0.001078
0.000410199
0.00112598
0.000417037
0.00117263
0.000421053
0.00121797
0.00042218
0.00126204
0.000420407
0.0013049
0.00041578
0.00134664
0.000408395
0.00138736
0.000398395
0.00142719
0.00038597
0.00146624
0.000371347
0.00150466
0.000354788
0.00154257
0.000336581
0.00158011
0.000317038
0.0016174
0.000296489
0.00165456
0.000275281
0.00169168
0.00025376
0.00172887
0.000232278
0.00176621
0.000211182
0.00180374
0.000190809
0.00184153
0.000171488
0.0018796
0.000153517
0.00191798
0.000137211
0.00195666
0.000122783
0.00199562
0.000110574
0.00203485
0.000100668
0.00207427
9.35009e-05
0.00211386
8.89656e-05
0.00215342
8.76856e-05
0.00219295
8.93814e-05
0.00223204
9.51491e-05
0.00227059
0.000103139
0.000121755
-0.000687685
-8.39459e-05
-0.000700712
-6.49457e-05
-0.000710878
-4.69416e-05
-0.00071829
-2.97249e-05
-0.000723044
-1.31471e-05
-0.000724918
2.7063e-06
-0.000724517
1.63199e-05
-0.000721727
2.9006e-05
-0.000716586
4.04866e-05
-0.00070913
5.06312e-05
-0.00069939
5.93483e-05
-0.00068739
6.65777e-05
-0.000673147
7.22901e-05
-0.000656669
7.64914e-05
-0.000637964
7.92317e-05
-0.000617037
8.06078e-05
-0.000593896
8.0745e-05
-0.000568538
7.98472e-05
-0.000540966
7.8137e-05
-0.000511171
7.58596e-05
-0.000479163
7.33388e-05
-0.000444966
7.09158e-05
-0.000408623
6.89321e-05
-0.000370121
6.75872e-05
-0.000329514
6.73351e-05
-0.000286853
6.8466e-05
-0.000242218
7.11201e-05
-0.00019572
7.55913e-05
-0.000147455
8.20535e-05
-9.75375e-05
9.06102e-05
-4.60999e-05
0.000101289
6.79828e-06
0.000113955
6.04327e-05
0.000128817
0.000115181
0.000145158
0.000170737
0.000163136
0.000226897
0.000182342
0.000283444
0.000202463
0.000340217
0.000222969
0.000396945
0.000243736
0.000453439
0.000264185
0.000509527
0.00028388
0.000565033
0.000302458
0.000619797
0.000319536
0.00067371
0.000334702
0.000726651
0.000347722
0.000778544
0.000358306
0.000829336
0.000366245
0.000879005
0.000371385
0.000927552
0.000373632
0.000975005
0.000372954
0.00102141
0.000369374
0.00106684
0.000362967
0.00111137
0.000353863
0.0011551
0.000342239
0.00119813
0.000328316
0.00124057
0.000312352
0.00128252
0.000294633
0.00132408
0.000275472
0.00136536
0.000255208
0.00140645
0.000234196
0.00144742
0.000212787
0.00148835
0.000191347
0.0015293
0.000170234
0.00157031
0.000149796
0.00161143
0.000130374
0.00165266
0.00011228
0.00169404
9.58383e-05
0.00173555
8.12725e-05
0.00177719
6.89357e-05
0.00181892
5.89303e-05
0.00186072
5.1705e-05
0.00190254
4.71485e-05
0.00194424
4.59833e-05
0.00198582
4.77989e-05
0.00202689
5.4083e-05
0.00206748
6.25443e-05
8.29019e-05
-0.000904579
-6.41774e-05
-0.000920905
-4.86198e-05
-0.000934069
-3.37783e-05
-0.000944214
-1.95795e-05
-0.000951538
-5.82289e-06
-0.000955777
6.94532e-06
-0.000957595
1.81373e-05
-0.000956931
2.83425e-05
-0.000953823
3.73783e-05
-0.000948317
4.51252e-05
-0.000940455
5.14861e-05
-0.000930268
5.63909e-05
-0.000917778
5.98006e-05
-0.000903
6.17125e-05
-0.000885945
6.21767e-05
-0.000866624
6.12872e-05
-0.000845044
5.91648e-05
-0.000821203
5.60067e-05
-0.000795104
5.20381e-05
-0.000766736
4.74913e-05
-0.000736102
4.27049e-05
-0.000703222
3.80353e-05
-0.000668191
3.39013e-05
-0.000630923
3.03196e-05
-0.000591492
2.79035e-05
-0.000549947
2.69208e-05
-0.000506377
2.75504e-05
-0.000460871
3.00857e-05
-0.00041352
3.47027e-05
-0.000364443
4.15324e-05
-0.000313837
5.06838e-05
-0.000261733
6.18508e-05
-0.000208228
7.5312e-05
-0.000153624
9.05537e-05
-9.80889e-05
0.000107601
-4.17384e-05
0.000125991
1.51916e-05
0.000145533
7.22629e-05
0.000165898
0.000129604
0.000186395
0.000186968
0.000206821
0.000244187
0.000226661
0.000301073
0.000245572
0.000357462
0.000263147
0.000413261
0.000278904
0.000468336
0.000292646
0.000522606
0.000304037
0.000576011
0.000312839
0.000628518
0.000318878
0.000680114
0.000322037
0.000730807
0.000322262
0.000780624
0.000319556
0.000829609
0.000313982
0.000877818
0.000305654
0.000925318
0.000294739
0.000972181
0.000281453
0.00101848
0.000266054
0.00106429
0.000248824
0.00110968
0.000230077
0.00115474
0.000210157
0.0011995
0.000189429
0.00124404
0.000168248
0.0012884
0.000146987
0.00133262
0.000126013
0.00137674
0.000105683
0.00142077
8.63421e-05
0.00146473
6.83163e-05
0.00150863
5.19353e-05
0.00155248
3.74235e-05
0.00159627
2.51443e-05
0.00163998
1.52232e-05
0.00168359
8.0925e-06
0.00172707
3.67505e-06
0.00177033
2.72018e-06
0.00181338
4.75233e-06
0.00185585
1.16059e-05
0.00189798
2.04235e-05
4.26298e-05
-0.00106961
-4.13806e-05
-0.00108867
-2.95575e-05
-0.00110432
-1.81295e-05
-0.00111682
-7.07643e-06
-0.00112618
3.53896e-06
-0.00113249
1.32517e-05
-0.00113621
2.18578e-05
-0.00113736
2.94877e-05
-0.00113598
3.60006e-05
-0.00113214
4.12842e-05
-0.00112588
4.52319e-05
-0.00111725
4.77617e-05
-0.00110628
4.88232e-05
-0.00109297
4.84042e-05
-0.00107735
4.65578e-05
-0.00105944
4.33743e-05
-0.00103923
3.89616e-05
-0.00101674
3.35129e-05
-0.000991962
2.72605e-05
-0.000964899
2.04289e-05
-0.000935534
1.334e-05
-0.00090391
6.41074e-06
-0.000870268
2.59969e-07
-0.000834143
-5.80565e-06
-0.000795857
-1.03828e-05
-0.000755441
-1.34949e-05
-0.000712972
-1.49191e-05
-0.000668524
-1.43622e-05
-0.000622185
-1.16358e-05
-0.000574107
-6.54564e-06
-0.00052447
1.04622e-06
-0.000473105
1.04859e-05
-0.000420286
2.24934e-05
-0.000366247
3.65147e-05
-0.000311194
5.25476e-05
-0.000255171
6.99681e-05
-0.000198385
8.8747e-05
-0.000140979
0.000108492
-8.3191e-05
0.000128607
-2.51549e-05
0.000148785
3.28775e-05
0.000168629
9.07908e-05
0.000187658
0.000148483
0.000205455
0.000205876
0.000221511
0.000262799
0.000235723
0.000319169
0.000247667
0.00037492
0.000257088
0.000430004
0.000263794
0.000484392
0.000267649
0.000538071
0.000268583
0.000591044
0.000266583
0.000643327
0.000261699
0.000694946
0.000254035
0.000745936
0.000243749
0.000796337
0.000231052
0.000846183
0.000216208
0.000895519
0.000199489
0.000944386
0.000181209
0.000992827
0.000161717
0.00104086
0.000141392
0.00108853
0.00012058
0.00113586
9.96613e-05
0.00118286
7.90101e-05
0.00122956
5.89867e-05
0.00127596
3.99343e-05
0.00132209
2.2192e-05
0.00136793
6.09654e-06
0.00141351
-8.15544e-06
0.00145882
-2.01689e-05
0.00150385
-2.98086e-05
0.00154862
-3.66756e-05
0.00159309
-4.07936e-05
0.00163724
-4.14303e-05
0.00168108
-3.90888e-05
0.00172431
-3.16256e-05
0.00176735
-2.26162e-05
1.45564e-06
-0.00118083
-1.64906e-05
-0.00120178
-8.60267e-06
-0.00121929
-6.23417e-07
-0.00123327
6.90962e-06
-0.00124403
1.42978e-05
-0.00125187
2.10864e-05
-0.00125694
2.69331e-05
-0.00125936
3.19027e-05
-0.00125919
3.58364e-05
-0.00125652
3.86126e-05
-0.0012514
4.01101e-05
-0.00124387
4.02337e-05
-0.00123397
3.89209e-05
-0.00122171
3.61483e-05
-0.00120713
3.1978e-05
-0.00119025
2.64893e-05
-0.00117107
1.978e-05
-0.0011496
1.20423e-05
-0.00112594
3.60317e-06
-0.00109992
-5.59652e-06
-0.0010716
-1.49793e-05
-0.00104103
-2.41581e-05
-0.00100803
-3.27367e-05
-0.000973067
-4.07684e-05
-0.000935909
-4.75417e-05
-0.000896611
-5.27923e-05
-0.000855258
-5.62727e-05
-0.000811918
-5.77015e-05
-0.000766673
-5.68812e-05
-0.000719574
-5.36449e-05
-0.000670633
-4.78943e-05
-0.000620241
-3.99059e-05
-0.000568317
-2.94312e-05
-0.000515051
-1.67508e-05
-0.000460745
-1.75829e-06
-0.000405173
1.43963e-05
-0.00034871
3.22839e-05
-0.000291479
5.1261e-05
-0.000233669
7.07961e-05
-0.000175419
9.05356e-05
-0.000116846
0.000110056
-5.81168e-05
0.000128929
6.91293e-07
0.000146647
5.92293e-05
0.000162973
0.000117648
0.000177304
0.000175772
0.000189542
0.000233516
0.000199344
0.00029082
0.00020649
0.000347636
0.000210833
0.000403929
0.00021229
0.000459674
0.000210838
0.000514858
0.000206515
0.000569475
0.000199418
0.000623526
0.000189697
0.00067702
0.000177558
0.000729949
0.000163279
0.000782323
0.000147115
0.000834153
0.000129379
0.000885453
0.000110417
0.000936206
9.06388e-05
0.00098643
7.03557e-05
0.00103613
4.99661e-05
0.00108529
2.98415e-05
0.00113394
1.03458e-05
0.00118206
-8.19346e-06
0.00122967
-2.54177e-05
0.00127679
-4.1021e-05
0.00132339
-5.47558e-05
0.00136952
-6.62937e-05
0.00141516
-7.5449e-05
0.00146035
-8.1873e-05
0.00150509
-8.55292e-05
0.00154939
-8.57336e-05
0.00159331
-8.30053e-05
0.00163658
-7.49013e-05
0.00167987
-6.58999e-05
-4.00643e-05
-0.0012367
-0.00125859
-0.00127671
-0.0012915
-0.00130304
-0.00131155
-0.00131725
-0.00132024
-0.00132062
-0.00131848
-0.00131387
-0.00130685
-0.00129745
-0.0012857
-0.00127162
-0.00125526
-0.00123663
-0.00121574
-0.00119251
-0.00116709
-0.00113946
-0.0011096
-0.00107747
-0.00104325
-0.00100692
-0.00096851
-0.000928086
-0.00088571
-0.000841448
-0.000795362
-0.000747496
-0.000698068
-0.000647115
-0.000594776
-0.000540977
-0.000486178
-0.000430307
-0.000373513
-0.00031595
-0.000257746
-0.000198997
-0.000139899
-8.05797e-05
-2.1071e-05
3.84647e-05
9.79232e-05
0.000157221
0.000216288
0.000275058
0.000333474
0.000391483
0.000449041
0.000506111
0.00056266
0.000618665
0.000674074
0.000728866
0.000783022
0.000836535
0.000889331
0.000941427
0.000992795
0.00104342
0.0010933
0.00114242
0.00119079
0.00123842
0.00128531
0.0013315
0.001377
0.00142188
0.00146614
0.00150984
0.0015531
0.00159569
0.0016385
)
;

boundaryField
{
    inlet
    {
        type            calculated;
        value           nonuniform 0();
    }
    outlet
    {
        type            calculated;
        value           nonuniform List<scalar> 
50
(
0.00548249
0.00535043
0.00519754
0.0050233
0.00482789
0.00461226
0.00437817
0.00412821
0.0038658
0.00359513
0.00332108
0.00304916
0.00278537
0.00253602
0.00230757
0.00210634
0.00193825
0.00180853
0.00172139
0.00167978
0.0104244
0.010698
0.0108829
0.0110005
0.0110701
0.0111073
0.0111237
0.0111277
0.0111245
0.0111177
0.011109
0.0110995
0.0110899
0.0110803
0.011071
0.011062
0.0110534
0.0110452
0.0110374
0.0110302
0.0110234
0.0110172
0.0110116
0.0110067
0.0110024
0.0109988
0.0109958
0.0109936
0.0109921
0.0109914
)
;
    }
    cylinder
    {
        type            calculated;
        value           nonuniform 0();
    }
    top
    {
        type            symmetryPlane;
        value           nonuniform 0();
    }
    bottom
    {
        type            symmetryPlane;
        value           uniform 0;
    }
    defaultFaces
    {
        type            empty;
        value           nonuniform 0();
    }
    procBoundary1to0
    {
        type            processor;
        value           nonuniform List<scalar> 
54
(
-0.012267
-0.0126228
-0.0127292
-0.0127272
-0.0126843
-0.0126269
-0.012565
-0.0125034
-0.0124444
-0.0123887
-0.0123364
-0.0122873
-0.012241
-0.0121973
-0.0121562
-0.0121176
-0.0120816
-0.0120481
-0.0120172
-0.0119888
-0.0119631
-0.0119399
-0.0119193
-0.0119013
-0.0118859
-0.011873
-0.0118627
-0.011855
-0.0118499
-0.0118474
-0.00535546
0.000501003
-0.00528434
-0.00506153
-0.00473707
-0.00431611
0.000267546
-0.00388675
-0.00332586
-0.00274559
-0.0021738
0.000124058
-0.0016447
-0.0011334
-0.000671152
-0.000258574
0.000105096
0.000420777
0.000100008
0.000671622
0.000884811
0.00104681
0.00115594
0.00121079
)
;
    }
    procBoundary1to3
    {
        type            processor;
        value           nonuniform List<scalar> 
77
(
9.41268e-06
1.32949e-05
1.74905e-05
2.17023e-05
2.58422e-05
2.95947e-05
3.26305e-05
3.48942e-05
3.6219e-05
3.64675e-05
3.5501e-05
3.32103e-05
2.95277e-05
2.43932e-05
1.78989e-05
1.01315e-05
1.15295e-06
-8.84832e-06
-1.96286e-05
-3.10136e-05
-4.2614e-05
-5.40177e-05
-6.48719e-05
-7.4986e-05
-8.38699e-05
-9.12019e-05
-9.66959e-05
-0.000100078
-0.000101144
-9.97307e-05
-9.57599e-05
-8.93341e-05
-8.03841e-05
-6.90895e-05
-5.55581e-05
-4.04017e-05
-2.35877e-05
-5.53272e-06
1.32327e-05
3.23314e-05
5.13077e-05
6.98308e-05
8.73273e-05
0.000103464
0.000117769
0.000130084
0.000140046
0.000147423
0.000152063
0.000153875
0.000152829
0.000148957
0.000142349
0.000133148
0.000121553
0.000107869
9.23227e-05
7.52229e-05
5.69041e-05
3.78427e-05
1.82602e-05
-1.40208e-06
-2.07839e-05
-3.95337e-05
-5.73132e-05
-7.37855e-05
-8.86518e-05
-0.000101646
-0.000112485
-0.000120952
-0.000126749
-0.000129789
-0.000129438
-0.000126267
-0.00011749
-0.000108708
-8.13458e-05
)
;
    }
}


// ************************************************************************* //
