/*--------------------------------*- C++ -*----------------------------------*\
  =========                 |
  \\      /  F ield         | OpenFOAM: The Open Source CFD Toolbox
   \\    /   O peration     | Website:  https://openfoam.org
    \\  /    A nd           | Version:  7
     \\/     M anipulation  |
\*---------------------------------------------------------------------------*/
FoamFile
{
    version     2.0;
    format      ascii;
    class       volVectorField;
    location    "35";
    object      U;
}
// * * * * * * * * * * * * * * * * * * * * * * * * * * * * * * * * * * * * * //

dimensions      [0 1 -1 0 0 0 0];

internalField   nonuniform List<vector> 
3500
(
(1.1282 0.0314915 0)
(1.20339 0.0295537 0)
(1.23642 0.024791 0)
(1.24634 0.0217956 0)
(1.24585 0.0189906 0)
(1.24143 0.0166227 0)
(1.23581 0.0145204 0)
(1.23 0.0126326 0)
(1.22433 0.0109378 0)
(1.21885 0.00941837 0)
(1.21355 0.00806068 0)
(1.20844 0.00685357 0)
(1.20351 0.00578589 0)
(1.19877 0.00484745 0)
(1.19425 0.00402761 0)
(1.18995 0.00331566 0)
(1.18589 0.00270209 0)
(1.18209 0.00217757 0)
(1.17856 0.00173307 0)
(1.17529 0.00136015 0)
(1.17231 0.0010508 0)
(1.16961 0.000797666 0)
(1.1672 0.000593736 0)
(1.16509 0.000432145 0)
(1.16328 0.000306527 0)
(1.16176 0.000210864 0)
(1.16055 0.000139374 0)
(1.15964 8.6348e-05 0)
(1.15903 4.67957e-05 0)
(1.15872 1.44849e-05 0)
(1.12611 0.0342898 0)
(1.20105 0.032453 0)
(1.23436 0.0277053 0)
(1.24459 0.0246156 0)
(1.24436 0.0217096 0)
(1.24012 0.0192279 0)
(1.23464 0.017008 0)
(1.22896 0.0150029 0)
(1.22339 0.0131916 0)
(1.218 0.0115559 0)
(1.21279 0.0100826 0)
(1.20776 0.00876057 0)
(1.2029 0.007579 0)
(1.19824 0.00652766 0)
(1.19378 0.00559609 0)
(1.18954 0.00477384 0)
(1.18554 0.00405135 0)
(1.18179 0.00341934 0)
(1.17829 0.00286885 0)
(1.17507 0.00239142 0)
(1.17212 0.00197901 0)
(1.16945 0.00162414 0)
(1.16707 0.00131972 0)
(1.16498 0.00105885 0)
(1.16319 0.000834968 0)
(1.16169 0.000641954 0)
(1.16048 0.000473869 0)
(1.15958 0.000324852 0)
(1.15898 0.000189698 0)
(1.15868 6.21216e-05 0)
(1.12412 0.0370123 0)
(1.19874 0.0352722 0)
(1.23226 0.0305387 0)
(1.2428 0.0273598 0)
(1.24281 0.0243568 0)
(1.23875 0.0217649 0)
(1.23341 0.0194314 0)
(1.22784 0.0173131 0)
(1.22237 0.015389 0)
(1.21708 0.013641 0)
(1.21197 0.0120557 0)
(1.20702 0.0106225 0)
(1.20224 0.00933052 0)
(1.19765 0.00816971 0)
(1.19325 0.00712971 0)
(1.18907 0.00620028 0)
(1.18513 0.00537185 0)
(1.18142 0.00463519 0)
(1.17797 0.00398139 0)
(1.17479 0.00340197 0)
(1.17187 0.00288892 0)
(1.16924 0.0024346 0)
(1.16688 0.00203186 0)
(1.16482 0.00167375 0)
(1.16304 0.00135358 0)
(1.16156 0.00106511 0)
(1.16037 0.000802263 0)
(1.15947 0.000559035 0)
(1.15888 0.000330024 0)
(1.15858 0.000108897 0)
(1.12223 0.0396596 0)
(1.19646 0.0380118 0)
(1.23015 0.0332914 0)
(1.24096 0.0300283 0)
(1.24119 0.0269322 0)
(1.23731 0.0242339 0)
(1.23211 0.0217907 0)
(1.22666 0.0195631 0)
(1.2213 0.01753 0)
(1.21611 0.0156733 0)
(1.21108 0.0139799 0)
(1.20621 0.012439 0)
(1.20151 0.0110401 0)
(1.19699 0.00977324 0)
(1.19266 0.00862807 0)
(1.18854 0.00759456 0)
(1.18465 0.00666317 0)
(1.181 0.0058247 0)
(1.17759 0.00507028 0)
(1.17445 0.00439142 0)
(1.17157 0.00378013 0)
(1.16897 0.00322868 0)
(1.16664 0.00272983 0)
(1.1646 0.00227657 0)
(1.16284 0.00186212 0)
(1.16137 0.00148014 0)
(1.1602 0.00112439 0)
(1.15931 0.000788775 0)
(1.15872 0.000467701 0)
(1.15843 0.000154787 0)
(1.12042 0.0422327 0)
(1.19421 0.040672 0)
(1.22801 0.0359639 0)
(1.23907 0.0326214 0)
(1.23953 0.0294356 0)
(1.23582 0.0266347 0)
(1.23076 0.0240858 0)
(1.22542 0.0217527 0)
(1.22017 0.0196144 0)
(1.21507 0.0176528 0)
(1.21013 0.0158548 0)
(1.20535 0.0142099 0)
(1.20073 0.0127076 0)
(1.19628 0.011338 0)
(1.19201 0.0100909 0)
(1.18796 0.00895637 0)
(1.18412 0.00792496 0)
(1.18052 0.0069875 0)
(1.17716 0.00613516 0)
(1.17406 0.00535943 0)
(1.17121 0.00465233 0)
(1.16864 0.00400607 0)
(1.16634 0.00341333 0)
(1.16433 0.00286705 0)
(1.16259 0.00236038 0)
(1.16114 0.00188684 0)
(1.15998 0.0014401 0)
(1.1591 0.00101397 0)
(1.15852 0.000602665 0)
(1.15823 0.000199772 0)
(1.11869 0.044732 0)
(1.19198 0.0432533 0)
(1.22586 0.0385562 0)
(1.23714 0.0351389 0)
(1.2378 0.0318671 0)
(1.23426 0.0289673 0)
(1.22934 0.0263166 0)
(1.22413 0.023882 0)
(1.21898 0.0216422 0)
(1.21397 0.0195793 0)
(1.20913 0.0176804 0)
(1.20443 0.015935 0)
(1.19988 0.0143327 0)
(1.19551 0.0128637 0)
(1.19131 0.0115178 0)
(1.18732 0.0102854 0)
(1.18354 0.00915692 0)
(1.17998 0.00812329 0)
(1.17667 0.00717572 0)
(1.17361 0.0063057 0)
(1.1708 0.00550523 0)
(1.16826 0.00476649 0)
(1.166 0.00408211 0)
(1.164 0.00344497 0)
(1.16229 0.00284814 0)
(1.16085 0.00228504 0)
(1.1597 0.00174927 0)
(1.15884 0.00123451 0)
(1.15826 0.000734857 0)
(1.15798 0.000243833 0)
(1.11704 0.0471581 0)
(1.18978 0.0457558 0)
(1.22368 0.0410687 0)
(1.23516 0.037581 0)
(1.23603 0.0342267 0)
(1.23265 0.0312318 0)
(1.22787 0.0284833 0)
(1.22277 0.0259508 0)
(1.21773 0.0236133 0)
(1.21282 0.0214528 0)
(1.20806 0.0194565 0)
(1.20345 0.0176141 0)
(1.19898 0.0159152 0)
(1.19468 0.0143501 0)
(1.19055 0.0129087 0)
(1.18662 0.0115814 0)
(1.18289 0.0103588 0)
(1.17939 0.0092318 0)
(1.17613 0.00819169 0)
(1.17311 0.00722995 0)
(1.17034 0.00633856 0)
(1.16784 0.00550971 0)
(1.16559 0.00473595 0)
(1.16363 0.00401011 0)
(1.16193 0.00332522 0)
(1.16052 0.00267461 0)
(1.15938 0.00205178 0)
(1.15853 0.00145033 0)
(1.15796 0.000864226 0)
(1.15767 0.000286953 0)
(1.11546 0.0495113 0)
(1.18759 0.0481797 0)
(1.22149 0.0435015 0)
(1.23315 0.0399475 0)
(1.23421 0.0365143 0)
(1.23099 0.0334281 0)
(1.22634 0.0305856 0)
(1.22136 0.0279591 0)
(1.21642 0.0255275 0)
(1.21162 0.023273 0)
(1.20695 0.0211831 0)
(1.20242 0.0192471 0)
(1.19803 0.017455 0)
(1.1938 0.015797 0)
(1.18974 0.0142632 0)
(1.18587 0.0128441 0)
(1.1822 0.0115303 0)
(1.17875 0.0103128 0)
(1.17554 0.00918282 0)
(1.17256 0.00813194 0)
(1.16983 0.00715211 0)
(1.16736 0.0062355 0)
(1.16514 0.00537464 0)
(1.1632 0.00456231 0)
(1.16153 0.00379148 0)
(1.16013 0.0030554 0)
(1.15901 0.00234752 0)
(1.15817 0.00166134 0)
(1.1576 0.000990724 0)
(1.15732 0.000329115 0)
(1.11394 0.0517916 0)
(1.18543 0.050525 0)
(1.21928 0.0458546 0)
(1.23109 0.0422385 0)
(1.23233 0.0387298 0)
(1.22928 0.0355561 0)
(1.22477 0.0326236 0)
(1.2199 0.0299069 0)
(1.21507 0.0273849 0)
(1.21036 0.0250401 0)
(1.20578 0.0228599 0)
(1.20134 0.0208339 0)
(1.19703 0.018952 0)
(1.19287 0.0172043 0)
(1.18888 0.0155813 0)
(1.18507 0.0140734 0)
(1.18146 0.0126713 0)
(1.17806 0.0113661 0)
(1.17489 0.0101489 0)
(1.17196 0.00901147 0)
(1.16927 0.00794567 0)
(1.16683 0.00694369 0)
(1.16465 0.00599802 0)
(1.16273 0.0051014 0)
(1.16108 0.00424676 0)
(1.1597 0.0034273 0)
(1.15859 0.00263639 0)
(1.15776 0.00186748 0)
(1.1572 0.00111431 0)
(1.15692 0.000370308 0)
(1.11249 0.0539991 0)
(1.18329 0.0527917 0)
(1.21706 0.0481282 0)
(1.229 0.0444538 0)
(1.23042 0.0408732 0)
(1.22752 0.037616 0)
(1.22314 0.0345974 0)
(1.21839 0.0317941 0)
(1.21366 0.0291854 0)
(1.20905 0.0267539 0)
(1.20456 0.024487 0)
(1.2002 0.0223744 0)
(1.19597 0.0204059 0)
(1.19189 0.018572 0)
(1.18796 0.0168628 0)
(1.18422 0.0152692 0)
(1.18067 0.0137817 0)
(1.17732 0.0123914 0)
(1.1742 0.0110898 0)
(1.17131 0.00986837 0)
(1.16866 0.00871908 0)
(1.16625 0.00763412 0)
(1.1641 0.00660593 0)
(1.16221 0.00562724 0)
(1.16058 0.00469096 0)
(1.15922 0.00379021 0)
(1.15812 0.00291832 0)
(1.1573 0.00206868 0)
(1.15675 0.00123495 0)
(1.15648 0.000410519 0)
(1.11108 0.0561337 0)
(1.18117 0.0549796 0)
(1.21482 0.0503222 0)
(1.22688 0.0465934 0)
(1.22845 0.0429443 0)
(1.22571 0.0396075 0)
(1.22146 0.0365067 0)
(1.21683 0.0336208 0)
(1.21221 0.0309291 0)
(1.20769 0.0284145 0)
(1.2033 0.0260644 0)
(1.19902 0.0238686 0)
(1.19487 0.0218169 0)
(1.19086 0.0198998 0)
(1.187 0.0181077 0)
(1.18332 0.0164312 0)
(1.17983 0.0148612 0)
(1.17654 0.0133888 0)
(1.17346 0.0120054 0)
(1.17061 0.0107025 0)
(1.168 0.00947221 0)
(1.16563 0.00830664 0)
(1.16351 0.00719825 0)
(1.16164 0.00613974 0)
(1.16004 0.00512397 0)
(1.15869 0.00414405 0)
(1.15761 0.00319325 0)
(1.1568 0.00226491 0)
(1.15626 0.00135262 0)
(1.15599 0.000449738 0)
(1.10973 0.0581953 0)
(1.17906 0.0570886 0)
(1.21256 0.0524368 0)
(1.22472 0.0486572 0)
(1.22645 0.0449433 0)
(1.22386 0.0415308 0)
(1.21974 0.0383518 0)
(1.21523 0.0353869 0)
(1.21071 0.032616 0)
(1.20629 0.0300218 0)
(1.20198 0.0275921 0)
(1.19779 0.0253164 0)
(1.19372 0.0231849 0)
(1.18978 0.0211878 0)
(1.186 0.0193158 0)
(1.18238 0.0175595 0)
(1.17894 0.0159099 0)
(1.1757 0.0143581 0)
(1.17268 0.0128955 0)
(1.16987 0.0115138 0)
(1.1673 0.0102049 0)
(1.16496 0.00896117 0)
(1.16287 0.00777489 0)
(1.16103 0.00663878 0)
(1.15945 0.00554571 0)
(1.15812 0.00448874 0)
(1.15706 0.0034611 0)
(1.15626 0.00245611 0)
(1.15572 0.00146728 0)
(1.15546 0.000487956 0)
(1.10842 0.0601836 0)
(1.17697 0.0591186 0)
(1.21029 0.0544719 0)
(1.22253 0.0506452 0)
(1.22441 0.0468701 0)
(1.22196 0.0433859 0)
(1.21798 0.0401326 0)
(1.21358 0.0370926 0)
(1.20917 0.034246 0)
(1.20484 0.0315759 0)
(1.20063 0.0290701 0)
(1.19652 0.026718 0)
(1.19253 0.0245098 0)
(1.18866 0.022436 0)
(1.18494 0.0204871 0)
(1.18139 0.018654 0)
(1.17801 0.0169276 0)
(1.17483 0.0152992 0)
(1.17185 0.0137601 0)
(1.16909 0.0123021 0)
(1.16655 0.0109172 0)
(1.16425 0.00959761 0)
(1.16219 0.00833576 0)
(1.16038 0.00712431 0)
(1.15882 0.00595612 0)
(1.15751 0.00482423 0)
(1.15646 0.00372185 0)
(1.15567 0.00264226 0)
(1.15515 0.00157892 0)
(1.15488 0.000525168 0)
(1.10715 0.0620983 0)
(1.1749 0.0610694 0)
(1.20801 0.0564277 0)
(1.22032 0.0525574 0)
(1.22233 0.0487247 0)
(1.22003 0.0451728 0)
(1.21617 0.0418492 0)
(1.21189 0.038738 0)
(1.20758 0.0358194 0)
(1.20335 0.0330769 0)
(1.19923 0.0304984 0)
(1.19521 0.0280733 0)
(1.19129 0.0257918 0)
(1.1875 0.0236443 0)
(1.18385 0.0216217 0)
(1.18036 0.0197147 0)
(1.17704 0.0179144 0)
(1.17391 0.016212 0)
(1.17098 0.0145991 0)
(1.16826 0.0130674 0)
(1.16576 0.011609 0)
(1.1635 0.0102159 0)
(1.16147 0.0088808 0)
(1.15968 0.00759626 0)
(1.15814 0.00635514 0)
(1.15685 0.00515048 0)
(1.15582 0.00397545 0)
(1.15504 0.00282332 0)
(1.15452 0.00168752 0)
(1.15426 0.000561368 0)
(1.10592 0.0639392 0)
(1.17283 0.0629409 0)
(1.20572 0.058304 0)
(1.21807 0.0543937 0)
(1.22022 0.0505071 0)
(1.21805 0.0468916 0)
(1.21432 0.0435017 0)
(1.21016 0.040323 0)
(1.20595 0.0373362 0)
(1.20182 0.034525 0)
(1.19779 0.0318773 0)
(1.19385 0.0293825 0)
(1.19002 0.0270309 0)
(1.1863 0.024813 0)
(1.18272 0.0227196 0)
(1.17928 0.0207417 0)
(1.17602 0.0188703 0)
(1.17294 0.0170967 0)
(1.17006 0.0154126 0)
(1.16739 0.0138097 0)
(1.16493 0.0122801 0)
(1.1627 0.0108161 0)
(1.1607 0.00940999 0)
(1.15894 0.0080546 0)
(1.15743 0.00674275 0)
(1.15616 0.00546745 0)
(1.15514 0.00422188 0)
(1.15437 0.00299929 0)
(1.15386 0.00179307 0)
(1.15361 0.000596552 0)
(1.10472 0.0657058 0)
(1.17078 0.0647328 0)
(1.20342 0.0601011 0)
(1.2158 0.0561544 0)
(1.21808 0.0522175 0)
(1.21605 0.0485425 0)
(1.21244 0.0450903 0)
(1.20839 0.041848 0)
(1.20429 0.0387966 0)
(1.20026 0.0359203 0)
(1.19631 0.0332068 0)
(1.19246 0.0306456 0)
(1.1887 0.0282271 0)
(1.18506 0.0259419 0)
(1.18154 0.0237808 0)
(1.17817 0.0217349 0)
(1.17497 0.0197952 0)
(1.17194 0.0179532 0)
(1.16911 0.0162005 0)
(1.16648 0.014529 0)
(1.16406 0.0129308 0)
(1.16187 0.011398 0)
(1.1599 0.0099233 0)
(1.15817 0.00849932 0)
(1.15667 0.00711892 0)
(1.15542 0.00577513 0)
(1.15442 0.00446112 0)
(1.15367 0.00317014 0)
(1.15316 0.00189556 0)
(1.15291 0.000630718 0)
(1.10355 0.0673978 0)
(1.16874 0.0664452 0)
(1.20112 0.061819 0)
(1.21351 0.0578393 0)
(1.2159 0.053856 0)
(1.214 0.0501256 0)
(1.21052 0.0466151 0)
(1.20659 0.043313 0)
(1.20259 0.0402008 0)
(1.19865 0.0372629 0)
(1.1948 0.0344871 0)
(1.19103 0.031863 0)
(1.18735 0.0293808 0)
(1.18378 0.0270314 0)
(1.18033 0.0248056 0)
(1.17702 0.0226945 0)
(1.17388 0.0206893 0)
(1.17091 0.0187816 0)
(1.16812 0.016963 0)
(1.16553 0.0152253 0)
(1.16316 0.0135608 0)
(1.161 0.0119618 0)
(1.15906 0.0104207 0)
(1.15735 0.0089304 0)
(1.15588 0.00748365 0)
(1.15465 0.00607351 0)
(1.15366 0.00469317 0)
(1.15292 0.00333588 0)
(1.15242 0.00199499 0)
(1.15217 0.000663865 0)
(1.1024 0.069015 0)
(1.16672 0.068078 0)
(1.1988 0.063458 0)
(1.2112 0.0594489 0)
(1.2137 0.0554228 0)
(1.21193 0.0516412 0)
(1.20858 0.0480764 0)
(1.20475 0.0447184 0)
(1.20086 0.0415491 0)
(1.19702 0.0385531 0)
(1.19325 0.0357184 0)
(1.18956 0.0330346 0)
(1.18596 0.030492 0)
(1.18246 0.0280815 0)
(1.17908 0.0257939 0)
(1.17584 0.0236206 0)
(1.17275 0.0215527 0)
(1.16983 0.0195819 0)
(1.16709 0.0176999 0)
(1.16455 0.0158987 0)
(1.16221 0.0141704 0)
(1.16009 0.0125074 0)
(1.15818 0.0109023 0)
(1.1565 0.00934788 0)
(1.15505 0.00783695 0)
(1.15384 0.00636261 0)
(1.15287 0.00491804 0)
(1.15213 0.0034965 0)
(1.15165 0.00209137 0)
(1.1514 0.000695993 0)
(1.10127 0.0705571 0)
(1.1647 0.0696311 0)
(1.19647 0.0650182 0)
(1.20887 0.0609831 0)
(1.21147 0.0569183 0)
(1.20983 0.0530895 0)
(1.2066 0.0494745 0)
(1.20288 0.0460643 0)
(1.19909 0.0428416 0)
(1.19535 0.0397912 0)
(1.19167 0.0369011 0)
(1.18806 0.0341609 0)
(1.18454 0.031561 0)
(1.18111 0.0290924 0)
(1.1778 0.0267461 0)
(1.17462 0.0245133 0)
(1.17159 0.0223856 0)
(1.16872 0.0203544 0)
(1.16603 0.0184116 0)
(1.16353 0.0165492 0)
(1.16123 0.0147596 0)
(1.15914 0.013035 0)
(1.15727 0.0113681 0)
(1.15561 0.00975178 0)
(1.15419 0.00817885 0)
(1.153 0.00664243 0)
(1.15204 0.00513573 0)
(1.15131 0.00365203 0)
(1.15083 0.00218469 0)
(1.15059 0.000727104 0)
(1.10017 0.0720238 0)
(1.16269 0.0711046 0)
(1.19415 0.0665 0)
(1.20652 0.0624424 0)
(1.20922 0.0583426 0)
(1.2077 0.0544708 0)
(1.20459 0.0508096 0)
(1.20099 0.0473513 0)
(1.1973 0.0440789 0)
(1.19364 0.0409775 0)
(1.19005 0.0380354 0)
(1.18653 0.035242 0)
(1.18308 0.0325881 0)
(1.17973 0.0300644 0)
(1.17648 0.0276623 0)
(1.17336 0.025373 0)
(1.17039 0.023188 0)
(1.16758 0.021099 0)
(1.16493 0.019098 0)
(1.16248 0.017177 0)
(1.16022 0.0153284 0)
(1.15816 0.0135445 0)
(1.15632 0.0118182 0)
(1.15469 0.0101421 0)
(1.15329 0.00850939 0)
(1.15211 0.00691301 0)
(1.15117 0.00534627 0)
(1.15046 0.00380246 0)
(1.14999 0.00227496 0)
(1.14975 0.000757201 0)
(1.09908 0.073415 0)
(1.16069 0.0724988 0)
(1.19181 0.0679038 0)
(1.20416 0.0638271 0)
(1.20695 0.0596962 0)
(1.20555 0.0557857 0)
(1.20256 0.0520823 0)
(1.19906 0.0485796 0)
(1.19548 0.0452611 0)
(1.19192 0.0421124 0)
(1.18841 0.0391216 0)
(1.18497 0.0362784 0)
(1.1816 0.0335735 0)
(1.17832 0.0309978 0)
(1.17514 0.0285427 0)
(1.17208 0.0261996 0)
(1.16916 0.0239601 0)
(1.1664 0.021816 0)
(1.16381 0.0197593 0)
(1.16139 0.0177822 0)
(1.15917 0.0158769 0)
(1.15715 0.0140361 0)
(1.15534 0.0122526 0)
(1.15374 0.010519 0)
(1.15236 0.0088286 0)
(1.1512 0.00717439 0)
(1.15027 0.00554968 0)
(1.14957 0.00394782 0)
(1.14911 0.0023622 0)
(1.14887 0.000786287 0)
(1.098 0.0747308 0)
(1.1587 0.0738138 0)
(1.18948 0.0692299 0)
(1.20179 0.0651377 0)
(1.20466 0.0609796 0)
(1.20338 0.0570345 0)
(1.2005 0.053293 0)
(1.19712 0.0497497 0)
(1.19363 0.0463889 0)
(1.19016 0.0431962 0)
(1.18674 0.0401601 0)
(1.18338 0.0372703 0)
(1.18009 0.0345175 0)
(1.17687 0.0318928 0)
(1.17376 0.0293877 0)
(1.17076 0.0269936 0)
(1.1679 0.0247023 0)
(1.16519 0.0225057 0)
(1.16265 0.0203958 0)
(1.16028 0.0183649 0)
(1.15809 0.0164054 0)
(1.15611 0.01451 0)
(1.15432 0.0126714 0)
(1.15275 0.0108826 0)
(1.15139 0.00913657 0)
(1.15025 0.00742662 0)
(1.14934 0.00574601 0)
(1.14865 0.00408814 0)
(1.14819 0.00244642 0)
(1.14796 0.000814368 0)
(1.09694 0.075971 0)
(1.15672 0.0750501 0)
(1.18714 0.070479 0)
(1.1994 0.0663748 0)
(1.20236 0.0621934 0)
(1.20119 0.0582178 0)
(1.19842 0.0544421 0)
(1.19515 0.0508621 0)
(1.19176 0.0474626 0)
(1.18838 0.0442295 0)
(1.18505 0.0411514 0)
(1.18177 0.0382182 0)
(1.17855 0.0354206 0)
(1.17541 0.0327498 0)
(1.17236 0.0301975 0)
(1.16942 0.0277552 0)
(1.16662 0.0254147 0)
(1.16396 0.0231681 0)
(1.16146 0.0210075 0)
(1.15913 0.0189252 0)
(1.15698 0.0169139 0)
(1.15503 0.0149661 0)
(1.15328 0.0130747 0)
(1.15173 0.0112328 0)
(1.1504 0.00943336 0)
(1.14928 0.00766976 0)
(1.14838 0.00593531 0)
(1.1477 0.00422344 0)
(1.14725 0.00252764 0)
(1.14702 0.000841451 0)
(1.09589 0.077136 0)
(1.15475 0.076208 0)
(1.1848 0.0716518 0)
(1.19701 0.0675389 0)
(1.20004 0.0633381 0)
(1.19898 0.0593361 0)
(1.19633 0.0555303 0)
(1.19316 0.0519174 0)
(1.18987 0.0484827 0)
(1.18658 0.0452127 0)
(1.18333 0.042096 0)
(1.18013 0.0391224 0)
(1.17699 0.0362831 0)
(1.17391 0.0335692 0)
(1.17093 0.0309725 0)
(1.16805 0.0284847 0)
(1.1653 0.0260977 0)
(1.16269 0.0238036 0)
(1.16024 0.0215948 0)
(1.15795 0.0194635 0)
(1.15585 0.0174026 0)
(1.15393 0.0154047 0)
(1.15221 0.0134627 0)
(1.15068 0.0115698 0)
(1.14937 0.00971906 0)
(1.14827 0.00790387 0)
(1.14738 0.00611761 0)
(1.14672 0.00435378 0)
(1.14627 0.00260589 0)
(1.14605 0.000867542 0)
(1.09485 0.0782259 0)
(1.15278 0.0772883 0)
(1.18247 0.0727488 0)
(1.19461 0.0686307 0)
(1.19771 0.0644145 0)
(1.19675 0.0603903 0)
(1.19421 0.0565583 0)
(1.19115 0.0529162 0)
(1.18796 0.04945 0)
(1.18476 0.0461464 0)
(1.18159 0.0429943 0)
(1.17847 0.0399836 0)
(1.1754 0.0371054 0)
(1.17239 0.0343513 0)
(1.16947 0.031713 0)
(1.16666 0.0291824 0)
(1.16396 0.0267514 0)
(1.1614 0.0244124 0)
(1.15899 0.0221578 0)
(1.15675 0.01998 0)
(1.15468 0.0178717 0)
(1.1528 0.0158259 0)
(1.1511 0.0138355 0)
(1.14961 0.0118937 0)
(1.14832 0.00999377 0)
(1.14723 0.00812904 0)
(1.14636 0.00629299 0)
(1.14571 0.00447918 0)
(1.14527 0.00268118 0)
(1.14505 0.00089265 0)
(1.09381 0.0792411 0)
(1.15083 0.0782916 0)
(1.18013 0.0737711 0)
(1.19221 0.0696512 0)
(1.19536 0.0654234 0)
(1.19452 0.061381 0)
(1.19209 0.0575267 0)
(1.18912 0.0538591 0)
(1.18603 0.0503649 0)
(1.18292 0.0470312 0)
(1.17984 0.0438469 0)
(1.17679 0.0408021 0)
(1.17379 0.0378882 0)
(1.17085 0.0350967 0)
(1.16799 0.0324195 0)
(1.16524 0.0298487 0)
(1.16259 0.0273764 0)
(1.16009 0.0249949 0)
(1.15772 0.0226968 0)
(1.15552 0.0204747 0)
(1.15349 0.0183214 0)
(1.15164 0.0162299 0)
(1.14997 0.0141933 0)
(1.1485 0.0122047 0)
(1.14724 0.0102576 0)
(1.14617 0.00834535 0)
(1.14531 0.00646152 0)
(1.14467 0.00459971 0)
(1.14424 0.00275356 0)
(1.14402 0.000916785 0)
(1.09279 0.0801822 0)
(1.14888 0.0792186 0)
(1.1778 0.0747196 0)
(1.1898 0.0706012 0)
(1.19302 0.0663657 0)
(1.19227 0.0623092 0)
(1.18995 0.0584364 0)
(1.18709 0.054747 0)
(1.18408 0.0512283 0)
(1.18106 0.0478677 0)
(1.17806 0.0446544 0)
(1.17509 0.0415786 0)
(1.17216 0.0386318 0)
(1.16929 0.0358057 0)
(1.16649 0.0330924 0)
(1.16379 0.030484 0)
(1.16121 0.0279728 0)
(1.15875 0.0255513 0)
(1.15643 0.0232122 0)
(1.15427 0.0209481 0)
(1.15227 0.018752 0)
(1.15045 0.016617 0)
(1.14882 0.0145362 0)
(1.14738 0.0125029 0)
(1.14613 0.0105107 0)
(1.14508 0.00855291 0)
(1.14424 0.00662326 0)
(1.1436 0.0047154 0)
(1.14318 0.00282304 0)
(1.14297 0.000939957 0)
(1.09177 0.0810497 0)
(1.14695 0.0800705 0)
(1.17548 0.0755952 0)
(1.1874 0.0714817 0)
(1.19067 0.0672424 0)
(1.19001 0.0631756 0)
(1.18779 0.0592881 0)
(1.18503 0.0555805 0)
(1.18212 0.0520408 0)
(1.17919 0.0486567 0)
(1.17627 0.0454175 0)
(1.17337 0.0423137 0)
(1.17051 0.0393369 0)
(1.16771 0.036479 0)
(1.16498 0.0337322 0)
(1.16233 0.0310887 0)
(1.1598 0.0285412 0)
(1.15739 0.0260821 0)
(1.15511 0.0237042 0)
(1.15299 0.0214004 0)
(1.15103 0.0191637 0)
(1.14925 0.0169872 0)
(1.14764 0.0148644 0)
(1.14622 0.0127885 0)
(1.14499 0.0107531 0)
(1.14397 0.00875182 0)
(1.14314 0.0067783 0)
(1.14251 0.00482632 0)
(1.1421 0.00288966 0)
(1.14189 0.000962177 0)
(1.09076 0.0818446 0)
(1.14503 0.0808482 0)
(1.17316 0.0763992 0)
(1.185 0.0722938 0)
(1.18831 0.0680544 0)
(1.18775 0.0639813 0)
(1.18564 0.0600829 0)
(1.18297 0.0563607 0)
(1.18015 0.0528033 0)
(1.1773 0.0493989 0)
(1.17446 0.0461368 0)
(1.17164 0.043008 0)
(1.16885 0.040004 0)
(1.16611 0.037117 0)
(1.16344 0.0343393 0)
(1.16085 0.0316634 0)
(1.15837 0.0290818 0)
(1.156 0.0265875 0)
(1.15377 0.0241731 0)
(1.15169 0.0218318 0)
(1.14977 0.0195567 0)
(1.14802 0.017341 0)
(1.14644 0.0151781 0)
(1.14504 0.0130616 0)
(1.14384 0.0109851 0)
(1.14283 0.00894219 0)
(1.14201 0.00692672 0)
(1.1414 0.00493253 0)
(1.14099 0.00295346 0)
(1.14078 0.000983458 0)
(1.08975 0.0825675 0)
(1.14312 0.081553 0)
(1.17086 0.0771328 0)
(1.1826 0.0730388 0)
(1.18595 0.068803 0)
(1.18549 0.0647273 0)
(1.18347 0.0608216 0)
(1.1809 0.0570883 0)
(1.17817 0.0535166 0)
(1.17541 0.050095 0)
(1.17264 0.0468131 0)
(1.16989 0.0436621 0)
(1.16717 0.0406337 0)
(1.1645 0.0377203 0)
(1.16188 0.0349143 0)
(1.15935 0.0322083 0)
(1.15692 0.0295953 0)
(1.1546 0.027068 0)
(1.15241 0.0246194 0)
(1.15037 0.0222428 0)
(1.14849 0.0199313 0)
(1.14676 0.0176784 0)
(1.14521 0.0154776 0)
(1.14384 0.0133224 0)
(1.14266 0.0112067 0)
(1.14166 0.00912414 0)
(1.14086 0.00706863 0)
(1.14026 0.00503409 0)
(1.13986 0.00301448 0)
(1.13966 0.00100381 0)
(1.08875 0.0832197 0)
(1.14122 0.0821861 0)
(1.16856 0.0777974 0)
(1.1802 0.0737179 0)
(1.1836 0.0694893 0)
(1.18322 0.0654148 0)
(1.1813 0.0615054 0)
(1.17883 0.0577644 0)
(1.17619 0.0541816 0)
(1.1735 0.0507459 0)
(1.17081 0.0474472 0)
(1.16813 0.0442768 0)
(1.16548 0.0412268 0)
(1.16287 0.0382895 0)
(1.16031 0.0354577 0)
(1.15783 0.0327242 0)
(1.15545 0.0300819 0)
(1.15318 0.0275239 0)
(1.15104 0.0250434 0)
(1.14903 0.0226335 0)
(1.14718 0.0202878 0)
(1.14549 0.0179998 0)
(1.14397 0.015763 0)
(1.14262 0.0135712 0)
(1.14146 0.0114181 0)
(1.14048 0.0092978 0)
(1.13969 0.00720411 0)
(1.1391 0.00513109 0)
(1.1387 0.00307276 0)
(1.1385 0.00102326 0)
(1.08776 0.0838022 0)
(1.13933 0.082749 0)
(1.16627 0.0783944 0)
(1.17782 0.0743325 0)
(1.18125 0.0701146 0)
(1.18095 0.066045 0)
(1.17913 0.0621354 0)
(1.17675 0.05839 0)
(1.17419 0.0547993 0)
(1.17159 0.0513525 0)
(1.16897 0.0480399 0)
(1.16636 0.0448529 0)
(1.16378 0.0417838 0)
(1.16122 0.0388253 0)
(1.15872 0.0359701 0)
(1.1563 0.0332114 0)
(1.15397 0.0305423 0)
(1.15174 0.0279558 0)
(1.14964 0.0254454 0)
(1.14767 0.0230045 0)
(1.14586 0.0206266 0)
(1.1442 0.0183054 0)
(1.1427 0.0160346 0)
(1.14138 0.013808 0)
(1.14023 0.0116196 0)
(1.13927 0.00946332 0)
(1.1385 0.00733328 0)
(1.13792 0.00522358 0)
(1.13753 0.00312835 0)
(1.13733 0.0010418 0)
(1.08677 0.0843164 0)
(1.13746 0.0832433 0)
(1.164 0.0789253 0)
(1.17544 0.074884 0)
(1.17891 0.0706804 0)
(1.17869 0.0666191 0)
(1.17696 0.0627127 0)
(1.17467 0.0589662 0)
(1.17219 0.0553707 0)
(1.16967 0.0519158 0)
(1.16713 0.0485921 0)
(1.16459 0.0453912 0)
(1.16206 0.0423056 0)
(1.15957 0.0393283 0)
(1.15712 0.0364522 0)
(1.15475 0.0336706 0)
(1.15247 0.0309768 0)
(1.15029 0.0283641 0)
(1.14823 0.025826 0)
(1.1463 0.0233561 0)
(1.14451 0.020948 0)
(1.14288 0.0185955 0)
(1.14141 0.0162926 0)
(1.14012 0.0140332 0)
(1.13899 0.0118112 0)
(1.13805 0.00962082 0)
(1.13729 0.00745624 0)
(1.13671 0.00531165 0)
(1.13633 0.00318129 0)
(1.13614 0.00105947 0)
(1.08579 0.0847637 0)
(1.1356 0.0836705 0)
(1.16175 0.0793919 0)
(1.17307 0.075374 0)
(1.17657 0.0711881 0)
(1.17643 0.0671385 0)
(1.17479 0.0632386 0)
(1.17258 0.0594941 0)
(1.17019 0.0558968 0)
(1.16774 0.0524367 0)
(1.16527 0.0491045 0)
(1.1628 0.0458924 0)
(1.16034 0.0427929 0)
(1.1579 0.0397992 0)
(1.15551 0.0369046 0)
(1.15319 0.0341024 0)
(1.15096 0.0313861 0)
(1.14882 0.0287492 0)
(1.1468 0.0261855 0)
(1.14491 0.0236885 0)
(1.14316 0.0212522 0)
(1.14155 0.0188705 0)
(1.14011 0.0165374 0)
(1.13883 0.0142469 0)
(1.13773 0.0119932 0)
(1.1368 0.00977048 0)
(1.13605 0.00757311 0)
(1.13549 0.00539539 0)
(1.13511 0.00323163 0)
(1.13493 0.00107626 0)
(1.08481 0.0851457 0)
(1.13376 0.0840326 0)
(1.15951 0.0797957 0)
(1.17072 0.0758041 0)
(1.17424 0.0716392 0)
(1.17418 0.0676046 0)
(1.17262 0.0637143 0)
(1.1705 0.0599749 0)
(1.16819 0.0563787 0)
(1.16581 0.0529161 0)
(1.16341 0.0495783 0)
(1.161 0.0463574 0)
(1.1586 0.0432465 0)
(1.15623 0.0402388 0)
(1.15389 0.0373279 0)
(1.15162 0.0345073 0)
(1.14943 0.0317706 0)
(1.14734 0.0291117 0)
(1.14536 0.0265243 0)
(1.1435 0.0240023 0)
(1.14178 0.0215397 0)
(1.14021 0.0191306 0)
(1.13879 0.0167691 0)
(1.13754 0.0144493 0)
(1.13645 0.0121657 0)
(1.13554 0.00991243 0)
(1.1348 0.00768402 0)
(1.13425 0.00547487 0)
(1.13388 0.00327943 0)
(1.13369 0.00109221 0)
(1.08384 0.0854639 0)
(1.13194 0.0843312 0)
(1.15728 0.0801387 0)
(1.16839 0.0761761 0)
(1.17193 0.0720352 0)
(1.17193 0.0680189 0)
(1.17046 0.0641413 0)
(1.16842 0.0604099 0)
(1.16619 0.0568176 0)
(1.16388 0.0533553 0)
(1.16155 0.0500143 0)
(1.15921 0.0467872 0)
(1.15686 0.0436672 0)
(1.15454 0.0406478 0)
(1.15226 0.0377228 0)
(1.15004 0.0348859 0)
(1.14789 0.032131 0)
(1.14584 0.0294521 0)
(1.1439 0.026843 0)
(1.14208 0.0242979 0)
(1.14039 0.0218109 0)
(1.13885 0.0193762 0)
(1.13746 0.016988 0)
(1.13622 0.0146408 0)
(1.13516 0.0123289 0)
(1.13426 0.0100468 0)
(1.13354 0.00778908 0)
(1.13299 0.00555019 0)
(1.13263 0.00332473 0)
(1.13245 0.00110733 0)
(1.08288 0.0857203 0)
(1.13013 0.0845684 0)
(1.15508 0.0804227 0)
(1.16607 0.0764916 0)
(1.16962 0.0723778 0)
(1.1697 0.0683827 0)
(1.1683 0.0645209 0)
(1.16635 0.0608003 0)
(1.16419 0.0572147 0)
(1.16195 0.0537552 0)
(1.15969 0.0504135 0)
(1.1574 0.0471826 0)
(1.15512 0.0440558 0)
(1.15285 0.041027 0)
(1.15062 0.0380901 0)
(1.14845 0.035239 0)
(1.14635 0.0324679 0)
(1.14434 0.0297709 0)
(1.14243 0.027142 0)
(1.14065 0.0245756 0)
(1.13899 0.022066 0)
(1.13747 0.0196075 0)
(1.13611 0.0171945 0)
(1.13489 0.0148216 0)
(1.13384 0.0124831 0)
(1.13296 0.0101739 0)
(1.13225 0.00788843 0)
(1.13172 0.00562144 0)
(1.13136 0.0033676 0)
(1.13118 0.00112164 0)
(1.08192 0.0859165 0)
(1.12834 0.0847461 0)
(1.1529 0.0806496 0)
(1.16376 0.0767526 0)
(1.16733 0.0726687 0)
(1.16747 0.0686978 0)
(1.16616 0.0648544 0)
(1.16428 0.0611475 0)
(1.16219 0.0575711 0)
(1.16002 0.0541169 0)
(1.15782 0.0507771 0)
(1.1556 0.0475446 0)
(1.15337 0.0444133 0)
(1.15116 0.0413772 0)
(1.14898 0.0384304 0)
(1.14685 0.0355672 0)
(1.14479 0.0327818 0)
(1.14282 0.0300686 0)
(1.14095 0.0274218 0)
(1.1392 0.024836 0)
(1.13757 0.0223056 0)
(1.13608 0.019825 0)
(1.13474 0.0173889 0)
(1.13355 0.0149918 0)
(1.13252 0.0126285 0)
(1.13165 0.0102937 0)
(1.13095 0.0079822 0)
(1.13043 0.00568872 0)
(1.13007 0.00340808 0)
(1.1299 0.00113516 0)
(1.08097 0.0860546 0)
(1.12657 0.0848665 0)
(1.15073 0.0808214 0)
(1.16148 0.0769608 0)
(1.16506 0.0729097 0)
(1.16526 0.0689657 0)
(1.16402 0.0651435 0)
(1.16221 0.0614528 0)
(1.1602 0.0578882 0)
(1.1581 0.0544417 0)
(1.15596 0.0511059 0)
(1.15379 0.0478742 0)
(1.15162 0.0447405 0)
(1.14946 0.0416991 0)
(1.14733 0.0387445 0)
(1.14524 0.0358711 0)
(1.14323 0.0330734 0)
(1.1413 0.0303458 0)
(1.13946 0.027683 0)
(1.13774 0.0250795 0)
(1.13615 0.0225299 0)
(1.13468 0.020029 0)
(1.13336 0.0175714 0)
(1.13219 0.0151519 0)
(1.13118 0.0127653 0)
(1.13033 0.0104066 0)
(1.12964 0.00807053 0)
(1.12912 0.00575211 0)
(1.12878 0.00344624 0)
(1.1286 0.0011479 0)
(1.08004 0.0861365 0)
(1.12482 0.0849317 0)
(1.1486 0.0809401 0)
(1.15922 0.0771182 0)
(1.16281 0.0731025 0)
(1.16306 0.069188 0)
(1.16189 0.0653896 0)
(1.16016 0.0617176 0)
(1.15821 0.0581672 0)
(1.15618 0.0547307 0)
(1.15409 0.0514012 0)
(1.15199 0.0481723 0)
(1.14987 0.0450383 0)
(1.14776 0.0419937 0)
(1.14567 0.0390332 0)
(1.14363 0.0361515 0)
(1.14166 0.0333432 0)
(1.13976 0.0306032 0)
(1.13796 0.027926 0)
(1.13628 0.0253065 0)
(1.13471 0.0227395 0)
(1.13327 0.0202198 0)
(1.13197 0.0177423 0)
(1.13082 0.015302 0)
(1.12983 0.0128937 0)
(1.12899 0.0105126 0)
(1.12831 0.00815357 0)
(1.1278 0.00581174 0)
(1.12746 0.00348214 0)
(1.12729 0.00115988 0)
(1.07911 0.0861643 0)
(1.12309 0.0849439 0)
(1.14648 0.081008 0)
(1.15698 0.0772268 0)
(1.16057 0.0732489 0)
(1.16088 0.0693665 0)
(1.15978 0.0655944 0)
(1.15812 0.0619434 0)
(1.15623 0.0584094 0)
(1.15426 0.0549852 0)
(1.15224 0.0516641 0)
(1.15018 0.0484401 0)
(1.14812 0.0453077 0)
(1.14605 0.0422619 0)
(1.14401 0.0392973 0)
(1.14202 0.0364091 0)
(1.14008 0.0335921 0)
(1.13822 0.0308412 0)
(1.13646 0.0281514 0)
(1.1348 0.0255175 0)
(1.13326 0.0229347 0)
(1.13185 0.0203979 0)
(1.13057 0.0179021 0)
(1.12944 0.0154424 0)
(1.12846 0.013014 0)
(1.12764 0.010612 0)
(1.12697 0.00823145 0)
(1.12647 0.00586769 0)
(1.12614 0.00351583 0)
(1.12597 0.00117114 0)
(1.07819 0.0861401 0)
(1.12139 0.0849055 0)
(1.14439 0.0810271 0)
(1.15477 0.0772886 0)
(1.15836 0.0733509 0)
(1.15872 0.0695029 0)
(1.15768 0.0657592 0)
(1.15608 0.0621316 0)
(1.15426 0.0586162 0)
(1.15235 0.0552063 0)
(1.15038 0.0518957 0)
(1.14838 0.0486785 0)
(1.14636 0.0455497 0)
(1.14435 0.0425044 0)
(1.14235 0.0395376 0)
(1.1404 0.0366446 0)
(1.1385 0.0338206 0)
(1.13668 0.0310605 0)
(1.13494 0.0283596 0)
(1.13332 0.0257131 0)
(1.1318 0.023116 0)
(1.13042 0.0205635 0)
(1.12916 0.018051 0)
(1.12805 0.0155735 0)
(1.12709 0.0131264 0)
(1.12627 0.0107049 0)
(1.12562 0.00830433 0)
(1.12513 0.00592007 0)
(1.1248 0.00354739 0)
(1.12463 0.00118168 0)
(1.07728 0.0860663 0)
(1.1197 0.0848187 0)
(1.14233 0.0809996 0)
(1.15258 0.0773057 0)
(1.15617 0.0734104 0)
(1.15657 0.0695989 0)
(1.1556 0.0658859 0)
(1.15406 0.0622837 0)
(1.1523 0.0587889 0)
(1.15045 0.0553954 0)
(1.14853 0.0520971 0)
(1.14658 0.0488886 0)
(1.14461 0.0457652 0)
(1.14264 0.0427222 0)
(1.14069 0.0397549 0)
(1.13877 0.0368589 0)
(1.13691 0.0340294 0)
(1.13512 0.0312618 0)
(1.13342 0.0285514 0)
(1.13182 0.0258936 0)
(1.13034 0.0232838 0)
(1.12897 0.0207172 0)
(1.12774 0.0181893 0)
(1.12665 0.0156955 0)
(1.1257 0.013231 0)
(1.1249 0.0107915 0)
(1.12426 0.00837235 0)
(1.12377 0.00596899 0)
(1.12345 0.00357688 0)
(1.12329 0.00119153 0)
(1.07638 0.0859451 0)
(1.11804 0.0846859 0)
(1.14029 0.0809277 0)
(1.15041 0.0772801 0)
(1.154 0.0734292 0)
(1.15445 0.0696563 0)
(1.15353 0.065976 0)
(1.15206 0.0624012 0)
(1.15036 0.058929 0)
(1.14855 0.0555536 0)
(1.14669 0.0522695 0)
(1.14479 0.0490716 0)
(1.14286 0.0459552 0)
(1.14094 0.0429162 0)
(1.13902 0.0399501 0)
(1.13715 0.0370525 0)
(1.13532 0.0342192 0)
(1.13357 0.0314456 0)
(1.1319 0.0287272 0)
(1.13033 0.0260597 0)
(1.12887 0.0234386 0)
(1.12753 0.0208593 0)
(1.12631 0.0183175 0)
(1.12524 0.0158086 0)
(1.1243 0.0133283 0)
(1.12352 0.0108721 0)
(1.12288 0.00843568 0)
(1.12241 0.00601456 0)
(1.12209 0.00360436 0)
(1.12193 0.00120071 0)
(1.07549 0.0857787 0)
(1.11641 0.0845094 0)
(1.13828 0.0808136 0)
(1.14828 0.0772139 0)
(1.15185 0.0734093 0)
(1.15234 0.0696768 0)
(1.15148 0.0660311 0)
(1.15006 0.0624856 0)
(1.14842 0.0590378 0)
(1.14667 0.0556824 0)
(1.14485 0.0524142 0)
(1.143 0.0492284 0)
(1.14112 0.0461208 0)
(1.13923 0.0430873 0)
(1.13736 0.0401239 0)
(1.13552 0.0372264 0)
(1.13373 0.0343907 0)
(1.13201 0.0316125 0)
(1.13037 0.0288877 0)
(1.12882 0.0262118 0)
(1.12739 0.0235808 0)
(1.12607 0.0209902 0)
(1.12488 0.0184358 0)
(1.12382 0.0159133 0)
(1.1229 0.0134184 0)
(1.12213 0.0109469 0)
(1.1215 0.00849447 0)
(1.12103 0.00605689 0)
(1.12072 0.00362989 0)
(1.12056 0.00120925 0)
(1.07462 0.0855695 0)
(1.11479 0.0842916 0)
(1.13631 0.0806596 0)
(1.14617 0.0771092 0)
(1.14973 0.0733526 0)
(1.15026 0.0696624 0)
(1.14945 0.0660531 0)
(1.14809 0.0625385 0)
(1.1465 0.0591168 0)
(1.14479 0.055783 0)
(1.14303 0.0525323 0)
(1.14122 0.0493602 0)
(1.13938 0.0462629 0)
(1.13753 0.0432365 0)
(1.1357 0.0402773 0)
(1.13389 0.0373813 0)
(1.13214 0.0345446 0)
(1.13045 0.0317633 0)
(1.12883 0.0290333 0)
(1.12732 0.0263505 0)
(1.1259 0.0237109 0)
(1.12461 0.0211103 0)
(1.12343 0.0185446 0)
(1.12239 0.0160098 0)
(1.12149 0.0135016 0)
(1.12072 0.011016 0)
(1.12011 0.00854887 0)
(1.11965 0.0060961 0)
(1.11934 0.00365355 0)
(1.11918 0.00121716 0)
(1.07376 0.0853199 0)
(1.11321 0.084035 0)
(1.13436 0.080468 0)
(1.14409 0.0769682 0)
(1.14764 0.0732612 0)
(1.1482 0.0696148 0)
(1.14744 0.0660434 0)
(1.14613 0.0625614 0)
(1.14459 0.0591674 0)
(1.14293 0.0558567 0)
(1.14121 0.052625 0)
(1.13944 0.0494682 0)
(1.13765 0.0463826 0)
(1.13584 0.0433648 0)
(1.13404 0.0404111 0)
(1.13227 0.0375179 0)
(1.13054 0.0346817 0)
(1.12888 0.0318985 0)
(1.1273 0.0291647 0)
(1.1258 0.0264763 0)
(1.12441 0.0238293 0)
(1.12314 0.02122 0)
(1.12198 0.0186443 0)
(1.12096 0.0160984 0)
(1.12007 0.0135781 0)
(1.11932 0.0110797 0)
(1.11871 0.00859905 0)
(1.11825 0.00613229 0)
(1.11795 0.00367541 0)
(1.1178 0.00122447 0)
(1.07291 0.0850323 0)
(1.11165 0.083742 0)
(1.13244 0.080241 0)
(1.14204 0.076793 0)
(1.14557 0.073137 0)
(1.14616 0.0695359 0)
(1.14545 0.0660039 0)
(1.14419 0.062556 0)
(1.14269 0.059191 0)
(1.14108 0.055905 0)
(1.1394 0.0526937 0)
(1.13768 0.0495535 0)
(1.13592 0.046481 0)
(1.13415 0.043473 0)
(1.13238 0.0405261 0)
(1.13064 0.0376372 0)
(1.12895 0.0348026 0)
(1.12732 0.0320189 0)
(1.12576 0.0292825 0)
(1.12429 0.0265896 0)
(1.12292 0.0239366 0)
(1.12166 0.0213198 0)
(1.12053 0.0187353 0)
(1.11952 0.0161794 0)
(1.11864 0.0136482 0)
(1.1179 0.0111381 0)
(1.1173 0.00864517 0)
(1.11685 0.00616559 0)
(1.11655 0.00369553 0)
(1.1164 0.0012312 0)
(1.07208 0.084709 0)
(1.11011 0.0834149 0)
(1.13055 0.0799808 0)
(1.14002 0.0765857 0)
(1.14353 0.0729821 0)
(1.14415 0.0694275 0)
(1.14348 0.0659362 0)
(1.14226 0.0625237 0)
(1.14081 0.0591892 0)
(1.13925 0.055929 0)
(1.13761 0.0527395 0)
(1.13592 0.0496171 0)
(1.1342 0.046559 0)
(1.13246 0.0435621 0)
(1.13073 0.0406234 0)
(1.12902 0.0377398 0)
(1.12736 0.0349082 0)
(1.12575 0.0321251 0)
(1.12422 0.0293872 0)
(1.12277 0.0266911 0)
(1.12142 0.0240332 0)
(1.12019 0.02141 0)
(1.11907 0.0188178 0)
(1.11807 0.0162531 0)
(1.11721 0.0137122 0)
(1.11648 0.0111915 0)
(1.11589 0.00868739 0)
(1.11545 0.0061961 0)
(1.11515 0.00371398 0)
(1.115 0.00123737 0)
(1.07126 0.0843524 0)
(1.10861 0.0830562 0)
(1.12869 0.0796897 0)
(1.13803 0.0763485 0)
(1.14152 0.0727983 0)
(1.14216 0.0692914 0)
(1.14153 0.0658421 0)
(1.14036 0.0624662 0)
(1.13895 0.0591633 0)
(1.13742 0.0559303 0)
(1.13582 0.0527636 0)
(1.13417 0.0496604 0)
(1.13248 0.0466178 0)
(1.13078 0.0436331 0)
(1.12908 0.0407037 0)
(1.1274 0.0378267 0)
(1.12576 0.034999 0)
(1.12418 0.0322177 0)
(1.12268 0.0294796 0)
(1.12125 0.0267813 0)
(1.11993 0.0241196 0)
(1.11871 0.021491 0)
(1.1176 0.0188923 0)
(1.11662 0.0163199 0)
(1.11577 0.0137703 0)
(1.11505 0.0112402 0)
(1.11447 0.00872588 0)
(1.11403 0.00622395 0)
(1.11374 0.00373083 0)
(1.11359 0.00124302 0)
(1.07046 0.0839649 0)
(1.10713 0.0826683 0)
(1.12687 0.07937 0)
(1.13607 0.0760834 0)
(1.13954 0.0725876 0)
(1.1402 0.0691295 0)
(1.13961 0.0657233 0)
(1.13847 0.062385 0)
(1.1371 0.0591149 0)
(1.13561 0.05591 0)
(1.13405 0.0527674 0)
(1.13243 0.0496843 0)
(1.13078 0.0466583 0)
(1.1291 0.043687 0)
(1.12743 0.040768 0)
(1.12578 0.0378985 0)
(1.12417 0.035076 0)
(1.12262 0.0322975 0)
(1.12113 0.0295601 0)
(1.11973 0.0268607 0)
(1.11842 0.0241962 0)
(1.11722 0.0215634 0)
(1.11613 0.0189591 0)
(1.11516 0.01638 0)
(1.11432 0.0138228 0)
(1.11362 0.0112842 0)
(1.11304 0.0087608 0)
(1.11261 0.00624925 0)
(1.11232 0.00374616 0)
(1.11218 0.00124815 0)
(1.06968 0.083549 0)
(1.10568 0.0822534 0)
(1.12508 0.0790239 0)
(1.13415 0.0757927 0)
(1.13758 0.0723522 0)
(1.13827 0.0689436 0)
(1.13771 0.0655814 0)
(1.13661 0.0622818 0)
(1.13528 0.0590454 0)
(1.13382 0.0558697 0)
(1.13229 0.0527521 0)
(1.1307 0.0496901 0)
(1.12908 0.0466817 0)
(1.12744 0.0437248 0)
(1.12579 0.040817 0)
(1.12417 0.0379562 0)
(1.12259 0.0351397 0)
(1.12105 0.032365 0)
(1.11959 0.0296293 0)
(1.11821 0.0269298 0)
(1.11692 0.0242635 0)
(1.11573 0.0216275 0)
(1.11466 0.0190186 0)
(1.11371 0.0164338 0)
(1.11288 0.01387 0)
(1.11218 0.0113239 0)
(1.11161 0.00879232 0)
(1.11119 0.00627212 0)
(1.1109 0.00376002 0)
(1.11076 0.00125279 0)
(1.06891 0.0831069 0)
(1.10426 0.0818141 0)
(1.12332 0.0786536 0)
(1.13225 0.0754783 0)
(1.13566 0.0720938 0)
(1.13636 0.0687356 0)
(1.13583 0.0654181 0)
(1.13477 0.062158 0)
(1.13347 0.0589562 0)
(1.13204 0.0558106 0)
(1.13054 0.0527189 0)
(1.12899 0.049679 0)
(1.12739 0.0466891 0)
(1.12578 0.0437473 0)
(1.12416 0.0408519 0)
(1.12256 0.0380005 0)
(1.121 0.035191 0)
(1.11949 0.0324211 0)
(1.11805 0.029688 0)
(1.11669 0.0269893 0)
(1.11542 0.0243221 0)
(1.11425 0.0216837 0)
(1.11319 0.0190712 0)
(1.11224 0.0164816 0)
(1.11142 0.013912 0)
(1.11073 0.0113594 0)
(1.11018 0.00882059 0)
(1.10976 0.00629268 0)
(1.10948 0.0037725 0)
(1.10933 0.00125698 0)
(1.06816 0.082641 0)
(1.10286 0.0813525 0)
(1.12159 0.0782613 0)
(1.13039 0.0751423 0)
(1.13377 0.0718144 0)
(1.13448 0.0685073 0)
(1.13397 0.0652352 0)
(1.13294 0.0620154 0)
(1.13167 0.0588489 0)
(1.13028 0.0557341 0)
(1.12881 0.052669 0)
(1.12728 0.049652 0)
(1.12571 0.0466814 0)
(1.12412 0.0437557 0)
(1.12253 0.0408733 0)
(1.12096 0.0380323 0)
(1.11942 0.0352306 0)
(1.11793 0.0324662 0)
(1.11651 0.0297367 0)
(1.11516 0.0270396 0)
(1.11391 0.0243724 0)
(1.11275 0.0217325 0)
(1.11171 0.0191172 0)
(1.11078 0.0165237 0)
(1.10997 0.0139492 0)
(1.10929 0.0113909 0)
(1.10874 0.0088458 0)
(1.10832 0.00631104 0)
(1.10805 0.00378366 0)
(1.10791 0.00126072 0)
(1.06742 0.0821536 0)
(1.1015 0.080871 0)
(1.1199 0.0778492 0)
(1.12857 0.0747869 0)
(1.13191 0.0715161 0)
(1.13262 0.0682604 0)
(1.13214 0.0650344 0)
(1.13114 0.0618553 0)
(1.1299 0.0587248 0)
(1.12854 0.0556415 0)
(1.12709 0.0526038 0)
(1.12559 0.0496103 0)
(1.12405 0.0466597 0)
(1.12248 0.0437508 0)
(1.12091 0.0408822 0)
(1.11936 0.0380523 0)
(1.11784 0.0352592 0)
(1.11637 0.0325012 0)
(1.11497 0.0297759 0)
(1.11364 0.0270813 0)
(1.1124 0.0244149 0)
(1.11126 0.0217743 0)
(1.11023 0.019157 0)
(1.10931 0.0165605 0)
(1.10851 0.0139819 0)
(1.10784 0.0114187 0)
(1.1073 0.00886809 0)
(1.10689 0.00632732 0)
(1.10661 0.00379357 0)
(1.10647 0.00126405 0)
(1.06671 0.0816471 0)
(1.10017 0.0803719 0)
(1.11824 0.0774194 0)
(1.12677 0.0744141 0)
(1.13007 0.0712006 0)
(1.1308 0.0679968 0)
(1.13034 0.0648172 0)
(1.12936 0.0616795 0)
(1.12815 0.0585854 0)
(1.12681 0.0555342 0)
(1.12539 0.0525244 0)
(1.12391 0.049555 0)
(1.12239 0.0466251 0)
(1.12085 0.0437337 0)
(1.1193 0.0408795 0)
(1.11777 0.0380614 0)
(1.11627 0.0352776 0)
(1.11482 0.0325266 0)
(1.11343 0.0298063 0)
(1.11212 0.0271149 0)
(1.1109 0.02445 0)
(1.10977 0.0218095 0)
(1.10875 0.019191 0)
(1.10784 0.0165921 0)
(1.10705 0.0140103 0)
(1.10639 0.011443 0)
(1.10585 0.00888764 0)
(1.10544 0.00634164 0)
(1.10517 0.0038023 0)
(1.10504 0.00126698 0)
(1.06601 0.0811237 -3.46526e-28)
(1.09886 0.0798574 0)
(1.11661 0.076974 0)
(1.12501 0.0740259 0)
(1.12827 0.07087 2.83755e-28)
(1.129 0.0677182 -3.89343e-28)
(1.12856 0.0645854 3.9474e-28)
(1.12761 0.0614894 1.25057e-27)
(1.12641 0.0584322 0)
(1.1251 0.0554134 0)
(1.1237 0.0524321 0)
(1.12224 0.0494874 0)
(1.12074 0.0465786 0)
(1.11922 0.0437052 -1.81656e-28)
(1.11769 0.0408661 6.99881e-28)
(1.11618 0.0380603 0)
(1.1147 0.0352865 3.06919e-28)
(1.11327 0.0325431 0)
(1.1119 0.0298286 0)
(1.1106 0.0271409 0)
(1.10939 0.0244783 1.18841e-27)
(1.10828 0.0218385 -6.99366e-28)
(1.10727 0.0192195 1.81677e-28)
(1.10637 0.016619 0)
(1.10559 0.0140346 -2.10763e-28)
(1.10493 0.0114639 1.81223e-28)
(1.1044 0.00890461 0)
(1.104 0.00635411 -1.18203e-27)
(1.10373 0.00380992 0)
(1.1036 0.00126955 0)
(1.06533 0.0805856 3.46526e-28)
(1.09758 0.0793297 0)
(1.11502 0.0765152 0)
(1.12328 0.0736243 0)
(1.1265 0.070526 -2.83755e-28)
(1.12723 0.0674264 3.89343e-28)
(1.12681 0.0643406 -3.9474e-28)
(1.12587 0.0612865 -1.25057e-27)
(1.1247 0.0582666 0)
(1.1234 0.0552806 0)
(1.12203 0.052328 0)
(1.12059 0.0494084 0)
(1.11911 0.0465213 0)
(1.11761 0.0436664 1.81656e-28)
(1.1161 0.0408428 -6.99881e-28)
(1.1146 0.0380499 0)
(1.11314 0.0352866 -3.06919e-28)
(1.11172 0.0325515 0)
(1.11037 0.0298431 0)
(1.10909 0.02716 0)
(1.10789 0.0245001 -1.18841e-27)
(1.10679 0.0218618 6.99366e-28)
(1.10579 0.0192429 -1.81677e-28)
(1.1049 0.0166414 0)
(1.10413 0.0140551 2.10763e-28)
(1.10348 0.0114818 -1.81223e-28)
(1.10295 0.00891915 0)
(1.10255 0.00636484 1.18203e-27)
(1.10229 0.00381651 0)
(1.10215 0.00127176 0)
(1.06467 0.0800351 0)
(1.09634 0.0787909 0)
(1.11346 0.076045 0)
(1.12159 0.0732112 0)
(1.12477 0.0701705 0)
(1.12549 0.0671232 0)
(1.12508 0.0640845 0)
(1.12416 0.0610725 0)
(1.12301 0.0580899 0)
(1.12173 0.055137 0)
(1.12037 0.0522135 0)
(1.11895 0.0493193 0)
(1.11749 0.0464542 0)
(1.116 0.0436181 0)
(1.11451 0.0408106 0)
(1.11303 0.038031 0)
(1.11158 0.0352786 0)
(1.11018 0.0325522 0)
(1.10884 0.0298507 0)
(1.10757 0.0271725 0)
(1.10639 0.0245161 0)
(1.1053 0.0218797 0)
(1.10431 0.0192616 0)
(1.10343 0.0166597 0)
(1.10266 0.0140722 0)
(1.10202 0.0114968 0)
(1.1015 0.00893144 0)
(1.10111 0.00637396 0)
(1.10084 0.00382211 0)
(1.10071 0.00127366 0)
(1.06402 0.0794744 0)
(1.09512 0.0782433 0)
(1.11193 0.0755655 0)
(1.11993 0.0727887 0)
(1.12306 0.0698054 0)
(1.12378 0.0668102 0)
(1.12337 0.0638186 0)
(1.12247 0.0608487 0)
(1.12133 0.0579036 0)
(1.12007 0.0549839 0)
(1.11873 0.0520897 0)
(1.11732 0.0492211 0)
(1.11587 0.0463783 0)
(1.1144 0.0435613 0)
(1.11293 0.0407701 0)
(1.11146 0.0380043 0)
(1.11003 0.0352632 0)
(1.10864 0.0325461 0)
(1.10732 0.0298518 0)
(1.10606 0.027179 0)
(1.10489 0.0245265 0)
(1.10381 0.0218927 0)
(1.10283 0.0192758 0)
(1.10196 0.0166742 0)
(1.1012 0.0140859 0)
(1.10056 0.011509 0)
(1.10004 0.00894161 0)
(1.09965 0.00638157 0)
(1.09939 0.00382681 0)
(1.09926 0.00127525 0)
(1.0634 0.0789057 0)
(1.09393 0.0776889 0)
(1.11044 0.0750787 0)
(1.1183 0.0723585 0)
(1.12138 0.0694325 0)
(1.12209 0.0664892 0)
(1.1217 0.0635445 0)
(1.1208 0.0606167 0)
(1.11968 0.0577091 0)
(1.11843 0.0548226 0)
(1.1171 0.0519578 0)
(1.11571 0.0491149 0)
(1.11427 0.0462946 0)
(1.11282 0.043497 0)
(1.11136 0.0407224 0)
(1.10991 0.0379706 0)
(1.10849 0.0352412 0)
(1.10711 0.0325336 0)
(1.1058 0.0298469 0)
(1.10455 0.0271801 0)
(1.10339 0.024532 0)
(1.10232 0.0219011 0)
(1.10135 0.019286 0)
(1.10048 0.0166851 0)
(1.09973 0.0140966 0)
(1.0991 0.0115188 0)
(1.09859 0.00894984 0)
(1.0982 0.00638778 0)
(1.09794 0.00383067 0)
(1.09782 0.00127656 0)
(1.0628 0.078331 0)
(1.09277 0.0771299 0)
(1.10898 0.0745865 0)
(1.1167 0.0719228 0)
(1.11974 0.0690536 0)
(1.12043 0.0661619 0)
(1.12004 0.0632638 0)
(1.11916 0.0603779 0)
(1.11805 0.0575076 0)
(1.11681 0.0546544 0)
(1.11549 0.0518189 0)
(1.11411 0.0490018 0)
(1.11269 0.046204 0)
(1.11124 0.043426 0)
(1.10979 0.0406682 0)
(1.10835 0.0379306 0)
(1.10695 0.0352132 0)
(1.10558 0.0325155 0)
(1.10428 0.0298368 0)
(1.10305 0.0271763 0)
(1.10189 0.0245328 0)
(1.10083 0.0219054 0)
(1.09987 0.0192925 0)
(1.09901 0.0166927 0)
(1.09827 0.0141045 0)
(1.09764 0.0115263 0)
(1.09713 0.00895628 0)
(1.09675 0.0063927 0)
(1.09649 0.00383376 0)
(1.09637 0.00127761 0)
(1.06221 0.0777526 0)
(1.09164 0.0765682 0)
(1.10756 0.074091 0)
(1.11514 0.0714832 0)
(1.11812 0.0686703 0)
(1.1188 0.0658298 0)
(1.11841 0.0629781 0)
(1.11754 0.0601337 0)
(1.11643 0.0573006 0)
(1.1152 0.0544804 0)
(1.11389 0.0516742 0)
(1.11252 0.0488829 0)
(1.11111 0.0461077 0)
(1.10968 0.0433492 0)
(1.10824 0.0406083 0)
(1.10681 0.0378852 0)
(1.10541 0.0351799 0)
(1.10406 0.0324923 0)
(1.10277 0.0298219 0)
(1.10154 0.0271679 0)
(1.1004 0.0245296 0)
(1.09935 0.0219059 0)
(1.09839 0.0192956 0)
(1.09754 0.0166974 0)
(1.0968 0.0141099 0)
(1.09618 0.0115317 0)
(1.09568 0.00896106 0)
(1.0953 0.00639644 0)
(1.09504 0.00383613 0)
(1.09492 0.00127842 0)
(1.06165 0.0771724 0)
(1.09054 0.0760059 0)
(1.10616 0.0735941 0)
(1.11361 0.0710417 0)
(1.11654 0.0682846 0)
(1.1172 0.0654947 0)
(1.11681 0.0626889 0)
(1.11594 0.0598857 0)
(1.11484 0.0570894 0)
(1.11361 0.054302 0)
(1.11231 0.0515248 0)
(1.11095 0.0487592 0)
(1.10955 0.0460064 0)
(1.10812 0.0432676 0)
(1.10669 0.0405436 0)
(1.10528 0.037835 0)
(1.10389 0.035142 0)
(1.10254 0.0324647 0)
(1.10126 0.0298027 0)
(1.10004 0.0271556 0)
(1.09891 0.0245226 0)
(1.09786 0.021903 0)
(1.09691 0.0192956 0)
(1.09607 0.0166994 0)
(1.09534 0.014113 0)
(1.09472 0.0115352 0)
(1.09422 0.00896435 0)
(1.09384 0.0063991 0)
(1.09359 0.00383785 0)
(1.09346 0.00127901 0)
(1.06111 0.0765927 0)
(1.08947 0.0754451 0)
(1.1048 0.0730976 0)
(1.11211 0.0706001 0)
(1.11498 0.0678981 0)
(1.11563 0.0651582 0)
(1.11523 0.0623977 0)
(1.11436 0.0596352 0)
(1.11326 0.0568753 0)
(1.11204 0.0541203 0)
(1.11075 0.0513719 0)
(1.10939 0.0486317 0)
(1.10799 0.0459012 0)
(1.10658 0.0431819 0)
(1.10516 0.0404748 0)
(1.10375 0.0377807 0)
(1.10237 0.0351001 0)
(1.10103 0.0324332 0)
(1.09975 0.0297798 0)
(1.09855 0.0271397 0)
(1.09742 0.0245124 0)
(1.09638 0.0218971 0)
(1.09544 0.0192929 0)
(1.0946 0.0166989 0)
(1.09387 0.014114 0)
(1.09326 0.0115369 0)
(1.09276 0.00896628 0)
(1.09239 0.00640079 0)
(1.09214 0.00383898 0)
(1.09201 0.00127941 0)
(1.06058 0.0760154 0)
(1.08842 0.0748876 0)
(1.10347 0.0726036 0)
(1.11064 0.0701602 0)
(1.11346 0.0675124 0)
(1.11408 0.0648218 0)
(1.11368 0.0621059 0)
(1.1128 0.0593836 0)
(1.11171 0.0566595 0)
(1.11049 0.0539365 0)
(1.1092 0.0512165 0)
(1.10784 0.0485014 0)
(1.10645 0.0457931 0)
(1.10504 0.043093 0)
(1.10363 0.0404027 0)
(1.10223 0.0377231 0)
(1.10085 0.0350549 0)
(1.09953 0.0323984 0)
(1.09825 0.0297537 0)
(1.09705 0.0271208 0)
(1.09593 0.0244992 0)
(1.0949 0.0218885 0)
(1.09396 0.0192878 0)
(1.09313 0.0166964 0)
(1.09241 0.0141132 0)
(1.0918 0.0115371 0)
(1.09131 0.00896699 0)
(1.09093 0.00640159 0)
(1.09069 0.00383959 0)
(1.09056 0.00127963 0)
(1.06008 0.0754426 0)
(1.08741 0.0743355 0)
(1.10217 0.0721138 0)
(1.1092 0.0697237 0)
(1.11196 0.0671294 0)
(1.11256 0.0644872 0)
(1.11215 0.0618151 0)
(1.11127 0.0591321 0)
(1.11017 0.0564434 0)
(1.10896 0.0537518 0)
(1.10766 0.0510597 0)
(1.10631 0.0483693 0)
(1.10493 0.0456827 0)
(1.10352 0.0430018 0)
(1.10211 0.0403281 0)
(1.10071 0.0376628 0)
(1.09935 0.0350069 0)
(1.09802 0.0323608 0)
(1.09676 0.029725 0)
(1.09557 0.0270993 0)
(1.09445 0.0244836 0)
(1.09342 0.0218776 0)
(1.09249 0.0192806 0)
(1.09166 0.0166919 0)
(1.09094 0.0141107 0)
(1.09034 0.0115359 0)
(1.08985 0.00896663 0)
(1.08948 0.00640162 0)
(1.08923 0.00383972 0)
(1.08911 0.00127969 0)
(1.05959 0.0748764 0)
(1.08642 0.0737907 0)
(1.1009 0.0716303 0)
(1.1078 0.0692926 0)
(1.11049 0.0667506 0)
(1.11107 0.0641558 0)
(1.11064 0.0615267 0)
(1.10976 0.0588823 0)
(1.10866 0.0562281 0)
(1.10744 0.0535673 0)
(1.10614 0.0509025 0)
(1.10479 0.0482364 0)
(1.10341 0.0455712 0)
(1.102 0.042909 0)
(1.1006 0.0402517 0)
(1.09921 0.0376006 0)
(1.09785 0.0349568 0)
(1.09653 0.0323211 0)
(1.09527 0.029694 0)
(1.09408 0.0270756 0)
(1.09297 0.0244659 0)
(1.09195 0.0218647 0)
(1.09102 0.0192716 0)
(1.0902 0.0166858 0)
(1.08948 0.0141068 0)
(1.08888 0.0115336 0)
(1.08839 0.00896531 0)
(1.08803 0.00640096 0)
(1.08778 0.00383943 0)
(1.08766 0.00127962 0)
(1.05913 0.0743187 0)
(1.08546 0.0732552 0)
(1.09967 0.0711547 0)
(1.10642 0.0688684 0)
(1.10905 0.0663776 0)
(1.10959 0.0638292 0)
(1.10915 0.0612421 0)
(1.10826 0.0586354 0)
(1.10716 0.0560148 0)
(1.10593 0.053384 0)
(1.10464 0.050746 0)
(1.10329 0.0481036 0)
(1.1019 0.0454593 0)
(1.1005 0.0428154 0)
(1.0991 0.0401741 0)
(1.09771 0.0375369 0)
(1.09635 0.0349051 0)
(1.09504 0.0322797 0)
(1.09378 0.0296613 0)
(1.0926 0.0270502 0)
(1.09149 0.0244465 0)
(1.09048 0.0218502 0)
(1.08955 0.019261 0)
(1.08873 0.0166783 0)
(1.08802 0.0141016 0)
(1.08742 0.0115302 0)
(1.08694 0.00896318 0)
(1.08657 0.0063997 0)
(1.08633 0.00383879 0)
(1.0862 0.00127942 0)
(1.05869 0.0737718 0)
(1.08453 0.0727309 0)
(1.09846 0.070689 0)
(1.10508 0.0684529 0)
(1.10764 0.0660122 0)
(1.10815 0.0635089 0)
(1.10769 0.0609627 0)
(1.10679 0.0583926 0)
(1.10568 0.0558047 0)
(1.10445 0.0532032 0)
(1.10315 0.0505912 0)
(1.10179 0.0479718 0)
(1.10041 0.0453478 0)
(1.09901 0.0427218 0)
(1.0976 0.0400962 0)
(1.09622 0.0374726 0)
(1.09486 0.0348525 0)
(1.09355 0.0322372 0)
(1.0923 0.0296273 0)
(1.09112 0.0270234 0)
(1.09002 0.0244258 0)
(1.08901 0.0218344 0)
(1.08809 0.0192492 0)
(1.08727 0.0166697 0)
(1.08656 0.0140955 0)
(1.08596 0.0115259 0)
(1.08548 0.00896035 0)
(1.08512 0.00639794 0)
(1.08487 0.00383783 0)
(1.08475 0.00127912 0)
(1.05826 0.0732375 0)
(1.08363 0.0722197 0)
(1.09728 0.0702349 0)
(1.10376 0.0680479 0)
(1.10625 0.0656558 0)
(1.10673 0.0631964 0)
(1.10625 0.0606897 0)
(1.10534 0.0581552 0)
(1.10421 0.055599 0)
(1.10298 0.0530258 0)
(1.10167 0.0504389 0)
(1.10031 0.0478418 0)
(1.09892 0.0452375 0)
(1.09752 0.0426289 0)
(1.09612 0.0400184 0)
(1.09473 0.037408 0)
(1.09338 0.0347995 0)
(1.09207 0.032194 0)
(1.09083 0.0295925 0)
(1.08965 0.0269957 0)
(1.08855 0.024404 0)
(1.08754 0.0218176 0)
(1.08662 0.0192363 0)
(1.08581 0.0166601 0)
(1.0851 0.0140885 0)
(1.08451 0.0115209 0)
(1.08403 0.00895694 0)
(1.08366 0.00639575 0)
(1.08342 0.00383662 0)
(1.0833 0.00127873 0)
(1.05786 0.0727181 0)
(1.08275 0.0717236 0)
(1.09613 0.0697944 0)
(1.10247 0.0676551 0)
(1.10489 0.0653101 0)
(1.10533 0.0628931 0)
(1.10483 0.0604247 0)
(1.1039 0.0579244 0)
(1.10277 0.0553989 0)
(1.10152 0.0528528 0)
(1.10021 0.0502902 0)
(1.09884 0.0477146 0)
(1.09745 0.0451293 0)
(1.09605 0.0425374 0)
(1.09464 0.0399416 0)
(1.09326 0.037344 0)
(1.09191 0.0347465 0)
(1.0906 0.0321506 0)
(1.08935 0.0295573 0)
(1.08818 0.0269675 0)
(1.08708 0.0243816 0)
(1.08608 0.0218 0)
(1.08516 0.0192228 0)
(1.08435 0.0166498 0)
(1.08365 0.0140808 0)
(1.08305 0.0115154 0)
(1.08258 0.00895306 0)
(1.08221 0.00639321 0)
(1.08197 0.00383518 0)
(1.08185 0.00127827 0)
(1.05747 0.0722154 0)
(1.08189 0.0712444 0)
(1.09501 0.0693691 0)
(1.1012 0.0672759 0)
(1.10355 0.0649765 0)
(1.10396 0.0626004 0)
(1.10343 0.0601688 0)
(1.10248 0.0577014 0)
(1.10133 0.0552052 0)
(1.10008 0.0526853 0)
(1.09875 0.0501459 0)
(1.09738 0.0475908 0)
(1.09599 0.0450238 0)
(1.09458 0.042448 0)
(1.09317 0.0398662 0)
(1.09178 0.0372809 0)
(1.09043 0.0346941 0)
(1.08913 0.0321074 0)
(1.08788 0.029522 0)
(1.08671 0.026939 0)
(1.08562 0.0243588 0)
(1.08461 0.021782 0)
(1.0837 0.0192087 0)
(1.08289 0.016639 0)
(1.08219 0.0140727 0)
(1.0816 0.0115094 0)
(1.08112 0.00894882 0)
(1.08076 0.00639041 0)
(1.08052 0.00383359 0)
(1.0804 0.00127776 0)
(1.05711 0.0717321 0)
(1.08106 0.0707845 0)
(1.09391 0.0689611 0)
(1.09997 0.0669125 0)
(1.10224 0.0646567 0)
(1.1026 0.0623197 0)
(1.10206 0.0599234 0)
(1.10109 0.0574874 0)
(1.09992 0.0550191 0)
(1.09865 0.0525242 0)
(1.09732 0.0500069 0)
(1.09594 0.0474715 0)
(1.09453 0.0449218 0)
(1.09312 0.0423612 0)
(1.09171 0.0397929 0)
(1.09032 0.0372194 0)
(1.08897 0.0346428 0)
(1.08767 0.032065 0)
(1.08642 0.0294872 0)
(1.08525 0.0269106 0)
(1.08416 0.024336 0)
(1.08315 0.0217638 0)
(1.08225 0.0191944 0)
(1.08144 0.0166279 0)
(1.08074 0.0140642 0)
(1.08015 0.0115031 0)
(1.07967 0.00894432 0)
(1.07931 0.0063874 0)
(1.07907 0.00383187 0)
(1.07895 0.00127719 0)
(1.05676 0.0712694 0)
(1.08026 0.0703451 0)
(1.09284 0.0685717 0)
(1.09875 0.0665658 0)
(1.10095 0.0643519 0)
(1.10127 0.0620523 0)
(1.10069 0.0596894 0)
(1.0997 0.0572833 0)
(1.09852 0.0548416 0)
(1.09723 0.0523702 0)
(1.09588 0.0498739 0)
(1.0945 0.0473571 0)
(1.09308 0.0448238 0)
(1.09166 0.0422778 0)
(1.09025 0.0397222 0)
(1.08886 0.0371598 0)
(1.08751 0.034593 0)
(1.0862 0.0320235 0)
(1.08496 0.029453 0)
(1.08379 0.0268827 0)
(1.08269 0.0243133 0)
(1.08169 0.0217457 0)
(1.08079 0.01918 0)
(1.07998 0.0166167 0)
(1.07928 0.0140556 0)
(1.07869 0.0114967 0)
(1.07822 0.00893966 0)
(1.07786 0.00638427 0)
(1.07762 0.00383008 0)
(1.0775 0.00127661 0)
(1.05643 0.0708309 0)
(1.07948 0.0699291 0)
(1.0918 0.0682035 0)
(1.09756 0.0662383 0)
(1.09969 0.064064 0)
(1.09996 0.0617997 0)
(1.09935 0.0594685 0)
(1.09834 0.0570904 0)
(1.09714 0.0546737 0)
(1.09584 0.0522245 0)
(1.09448 0.0497479 0)
(1.09308 0.0472485 0)
(1.09166 0.0447307 0)
(1.09023 0.0421983 0)
(1.08881 0.0396547 0)
(1.08742 0.0371028 0)
(1.08606 0.0345451 0)
(1.08475 0.0319836 0)
(1.08351 0.02942 0)
(1.08234 0.0268556 0)
(1.08125 0.0242913 0)
(1.08024 0.0217279 0)
(1.07934 0.0191658 0)
(1.07853 0.0166055 0)
(1.07784 0.0140469 0)
(1.07725 0.0114901 0)
(1.07677 0.00893494 0)
(1.07642 0.00638108 0)
(1.07618 0.00382821 0)
(1.07606 0.00127599 0)
(1.05612 0.0704167 0)
(1.07871 0.0695372 0)
(1.09077 0.0678572 0)
(1.09639 0.0659306 0)
(1.09843 0.0637938 0)
(1.09865 0.0615628 0)
(1.09801 0.0592612 0)
(1.09698 0.0569095 0)
(1.09575 0.0545161 0)
(1.09443 0.0520876 0)
(1.09306 0.0496293 0)
(1.09165 0.0471462 0)
(1.09022 0.0446428 0)
(1.08878 0.0421231 0)
(1.08736 0.0395906 0)
(1.08596 0.0370486 0)
(1.0846 0.0344994 0)
(1.08329 0.0319454 0)
(1.08204 0.0293883 0)
(1.08087 0.0268294 0)
(1.07978 0.0242698 0)
(1.07878 0.0217105 0)
(1.07787 0.0191519 0)
(1.07707 0.0165945 0)
(1.07637 0.0140384 0)
(1.07579 0.0114837 0)
(1.07531 0.00893021 0)
(1.07496 0.00637787 0)
(1.07472 0.00382639 0)
(1.0746 0.00127541 0)
(1.05583 0.0700322 0)
(1.07799 0.0691733 0)
(1.08978 0.067536 0)
(1.09526 0.0656454 0)
(1.09722 0.0635436 0)
(1.09739 0.0613434 0)
(1.09672 0.0590693 0)
(1.09565 0.0567419 0)
(1.09441 0.0543701 0)
(1.09307 0.0519606 0)
(1.09168 0.0495193 0)
(1.09025 0.0470512 0)
(1.08881 0.044561 0)
(1.08737 0.042053 0)
(1.08594 0.0395309 0)
(1.08453 0.0369978 0)
(1.08317 0.0344566 0)
(1.08186 0.0319095 0)
(1.08061 0.0293583 0)
(1.07944 0.0268046 0)
(1.07835 0.0242495 0)
(1.07735 0.021694 0)
(1.07644 0.0191386 0)
(1.07564 0.0165839 0)
(1.07494 0.0140301 0)
(1.07436 0.0114774 0)
(1.07388 0.0089256 0)
(1.07353 0.00637472 0)
(1.07329 0.00382452 0)
(1.07317 0.00127477 0)
(1.05554 0.0696753 0)
(1.07725 0.0688364 0)
(1.08878 0.0672394 0)
(1.09411 0.0653826 0)
(1.09598 0.0633133 0)
(1.09611 0.0611417 0)
(1.09539 0.0588929 0)
(1.0943 0.0565878 0)
(1.09303 0.0542357 0)
(1.09167 0.0518437 0)
(1.09026 0.0494178 0)
(1.08882 0.0469633 0)
(1.08737 0.0444853 0)
(1.08592 0.0419879 0)
(1.08448 0.0394752 0)
(1.08307 0.0369505 0)
(1.0817 0.0344166 0)
(1.08039 0.0318758 0)
(1.07914 0.0293301 0)
(1.07796 0.0267812 0)
(1.07687 0.0242302 0)
(1.07587 0.0216782 0)
(1.07496 0.0191258 0)
(1.07416 0.0165737 0)
(1.07347 0.0140221 0)
(1.07288 0.0114712 0)
(1.07241 0.0089211 0)
(1.07205 0.00637166 0)
(1.07181 0.0038228 0)
(1.07169 0.00127425 0)
(1.05529 0.0693542 0)
(1.07658 0.0685329 0)
(1.08785 0.0669723 0)
(1.09303 0.0651459 0)
(1.09483 0.063106 0)
(1.0949 0.0609601 0)
(1.09415 0.0587342 0)
(1.09303 0.0564492 0)
(1.09173 0.0541147 0)
(1.09035 0.0517384 0)
(1.08893 0.0493263 0)
(1.08747 0.0468841 0)
(1.08601 0.0444169 0)
(1.08454 0.0419292 0)
(1.0831 0.0394249 0)
(1.08168 0.0369076 0)
(1.08031 0.0343802 0)
(1.07899 0.0318451 0)
(1.07774 0.0293044 0)
(1.07656 0.0267597 0)
(1.07547 0.0242125 0)
(1.07447 0.0216637 0)
(1.07356 0.0191141 0)
(1.07276 0.0165643 0)
(1.07207 0.0140147 0)
(1.07148 0.0114655 0)
(1.07101 0.0089169 0)
(1.07065 0.00636877 0)
(1.07041 0.00382102 0)
(1.07029 0.00127361 0)
(1.05502 0.0690633 0)
(1.07586 0.0682585 0)
(1.08686 0.0667321 0)
(1.09189 0.0649337 0)
(1.09359 0.0629206 0)
(1.0936 0.0607979 0)
(1.09281 0.0585924 0)
(1.09165 0.0563252 0)
(1.09033 0.0540064 0)
(1.08893 0.0516439 0)
(1.08748 0.0492441 0)
(1.08601 0.0468127 0)
(1.08453 0.0443551 0)
(1.08306 0.0418759 0)
(1.0816 0.0393791 0)
(1.08018 0.0368685 0)
(1.0788 0.0343469 0)
(1.07748 0.0318169 0)
(1.07623 0.0292806 0)
(1.07505 0.0267399 0)
(1.07395 0.024196 0)
(1.07295 0.02165 0)
(1.07205 0.019103 0)
(1.07124 0.0165554 0)
(1.07055 0.0140076 0)
(1.06996 0.0114601 0)
(1.06949 0.00891287 0)
(1.06914 0.00636602 0)
(1.0689 0.00381954 0)
(1.06878 0.0012732 0)
(1.0548 0.0688154 0)
(1.07524 0.0680233 0)
(1.08601 0.0665259 0)
(1.0909 0.0647512 0)
(1.09252 0.0627612 0)
(1.09248 0.0606585 0)
(1.09165 0.0584705 0)
(1.09046 0.0562187 0)
(1.08911 0.0539134 0)
(1.08769 0.0515628 0)
(1.08622 0.0491735 0)
(1.08474 0.0467514 0)
(1.08325 0.044302 0)
(1.08176 0.04183 0)
(1.0803 0.0393397 0)
(1.07887 0.0368347 0)
(1.07748 0.0343181 0)
(1.07616 0.0317925 0)
(1.0749 0.0292601 0)
(1.07372 0.0267227 0)
(1.07262 0.0241817 0)
(1.07162 0.0216383 0)
(1.07071 0.0190933 0)
(1.06991 0.0165476 0)
(1.06922 0.0140015 0)
(1.06863 0.0114553 0)
(1.06816 0.00890935 0)
(1.0678 0.00636356 0)
(1.06757 0.00381791 0)
(1.06745 0.00127255 0)
(1.05454 0.0685995 0)
(1.0745 0.0678185 0)
(1.08498 0.0663481 0)
(1.0897 0.0645947 0)
(1.09122 0.062625 0)
(1.09111 0.0605395 0)
(1.09023 0.0583664 0)
(1.08901 0.0561274 0)
(1.08763 0.0538334 0)
(1.08618 0.0514927 0)
(1.08469 0.0491121 0)
(1.08318 0.0466978 0)
(1.08168 0.0442554 0)
(1.08018 0.0417896 0)
(1.0787 0.0393047 0)
(1.07727 0.0368046 0)
(1.07588 0.0342923 0)
(1.07455 0.0317704 0)
(1.07328 0.0292413 0)
(1.0721 0.0267068 0)
(1.071 0.0241684 0)
(1.07 0.0216272 0)
(1.06909 0.0190843 0)
(1.06829 0.0165402 0)
(1.06759 0.0139956 0)
(1.06701 0.0114508 0)
(1.06654 0.00890595 0)
(1.06618 0.00636125 0)
(1.06594 0.0038168 0)
(1.06583 0.00127233 0)
(1.05437 0.0684337 0)
(1.07399 0.067659 0)
(1.08425 0.0662085 0)
(1.08885 0.0644712 0)
(1.0903 0.0625174 0)
(1.09014 0.0604455 0)
(1.08923 0.0582843 0)
(1.08798 0.0560556 0)
(1.08658 0.0537706 0)
(1.0851 0.0514377 0)
(1.0836 0.0490641 0)
(1.08208 0.046656 0)
(1.08056 0.044219 0)
(1.07905 0.041758 0)
(1.07757 0.0392775 0)
(1.07612 0.0367812 0)
(1.07473 0.0342722 0)
(1.07339 0.0317533 0)
(1.07213 0.0292269 0)
(1.07094 0.0266946 0)
(1.06984 0.0241582 0)
(1.06884 0.0216188 0)
(1.06793 0.0190773 0)
(1.06712 0.0165346 0)
(1.06643 0.0139911 0)
(1.06584 0.0114473 0)
(1.06537 0.00890335 0)
(1.06502 0.0063594 0)
(1.06478 0.00381536 0)
(1.06466 0.00127165 0)
(1.05408 0.0683037 0)
(1.07315 0.0675315 0)
(1.08308 0.0660993 0)
(1.08748 0.0643754 0)
(1.08881 0.0624345 0)
(1.08857 0.060373 0)
(1.0876 0.0582205 0)
(1.0863 0.0559992 0)
(1.08486 0.0537206 0)
(1.08335 0.0513934 0)
(1.08182 0.0490248 0)
(1.08028 0.0466212 0)
(1.07874 0.0441883 0)
(1.07722 0.041731 0)
(1.07572 0.0392538 0)
(1.07427 0.0367604 0)
(1.07286 0.0342542 0)
(1.07152 0.0317377 0)
(1.07025 0.0292134 0)
(1.06906 0.0266831 0)
(1.06796 0.0241484 0)
(1.06695 0.0216105 0)
(1.06604 0.0190704 0)
(1.06524 0.0165289 0)
(1.06454 0.0139865 0)
(1.06396 0.0114437 0)
(1.06349 0.00890063 0)
(1.06313 0.00635756 0)
(1.06289 0.00381468 0)
(1.06278 0.00127166 0)
(1.05398 0.0682245 0)
(1.07282 0.067452 0)
(1.08262 0.0660298 0)
(1.08693 0.0643141 0)
(1.08821 0.0623812 0)
(1.08795 0.0603264 0)
(1.08695 0.0581798 0)
(1.08563 0.0559635 0)
(1.08418 0.0536892 0)
(1.08266 0.0513659 0)
(1.08111 0.0490007 0)
(1.07956 0.0466001 0)
(1.07801 0.0441698 0)
(1.07648 0.0417149 0)
(1.07498 0.0392398 0)
(1.07352 0.0367483 0)
(1.07211 0.0342437 0)
(1.07077 0.0317288 0)
(1.06949 0.0292058 0)
(1.0683 0.0266766 0)
(1.0672 0.0241429 0)
(1.06619 0.0216059 0)
(1.06528 0.0190666 0)
(1.06447 0.0165258 0)
(1.06378 0.013984 0)
(1.06319 0.0114417 0)
(1.06272 0.0088992 0)
(1.06237 0.00635653 0)
(1.06213 0.00381362 0)
(1.06201 0.00127103 0)
(1.05359 0.0682031 0)
(1.07171 0.0674149 0)
(1.08105 0.0659997 0)
(1.0851 0.0642865 0)
(1.08621 0.0623571 0)
(1.08583 0.0603047 0)
(1.08476 0.0581596 0)
(1.08337 0.0559445 0)
(1.08186 0.0536712 0)
(1.0803 0.0513487 0)
(1.07871 0.0489844 0)
(1.07713 0.0465848 0)
(1.07555 0.0441555 0)
(1.074 0.0417017 0)
(1.07248 0.0392276 0)
(1.071 0.0367371 0)
(1.06958 0.0342335 0)
(1.06823 0.0317196 0)
(1.06695 0.0291975 0)
(1.06575 0.0266693 0)
(1.06465 0.0241364 0)
(1.06364 0.0216002 0)
(1.06272 0.0190617 0)
(1.06192 0.0165216 0)
(1.06122 0.0139806 0)
(1.06063 0.011439 0)
(1.06016 0.00889707 0)
(1.05981 0.00635511 0)
(1.05957 0.00381325 0)
(1.05945 0.00127119 0)
(1.01318 0.0391892 1.69967e-19)
(1.01219 0.0418288 5.11772e-20)
(1.01134 0.0443992 -2.38009e-19)
(1.01062 0.0469015 1.12183e-19)
(1.01004 0.0493368 -2.0657e-19)
(1.00957 0.0517055 3.86171e-19)
(1.00921 0.054008 -4.2014e-19)
(1.00894 0.0562444 3.11374e-19)
(1.00877 0.0584143 -2.51691e-19)
(1.00867 0.0605174 1.55877e-19)
(1.00864 0.062553 9.76356e-20)
(1.00868 0.0645205 -2.84509e-19)
(1.00877 0.066419 2.74051e-19)
(1.0089 0.0682476 1.6662e-19)
(1.00908 0.0700055 -2.57769e-19)
(1.0093 0.0716917 3.21779e-22)
(1.00954 0.0733053 -9.42863e-20)
(1.00981 0.0748455 6.82549e-20)
(1.01009 0.0763114 -8.66716e-20)
(1.01039 0.0777023 1.87003e-19)
(1.0107 0.0790177 1.03009e-19)
(1.01102 0.080257 -9.1704e-20)
(1.01134 0.0814199 -8.98854e-20)
(1.01166 0.0825063 -1.02906e-19)
(1.01198 0.0835161 7.73731e-20)
(1.0123 0.0844496 6.83968e-21)
(1.01261 0.0853069 5.03532e-20)
(1.01291 0.0860886 5.12643e-20)
(1.01321 0.0867953 -9.4939e-20)
(1.01349 0.0874279 -3.58559e-22)
(1.01376 0.0879872 5.23185e-20)
(1.01403 0.0884745 -1.8358e-20)
(1.01428 0.0888911 3.63852e-20)
(1.01452 0.0892385 -1.48854e-20)
(1.01474 0.0895183 -4.07709e-20)
(1.01496 0.0897323 2.6407e-20)
(1.01517 0.0898824 3.08556e-20)
(1.01536 0.0899707 -2.84647e-20)
(1.01554 0.0899993 -4.67813e-20)
(1.01572 0.0899703 7.50676e-20)
(1.01588 0.0898862 -3.80158e-20)
(1.01604 0.0897492 3.29215e-20)
(1.01619 0.0895618 -5.71302e-20)
(1.01633 0.0893264 5.48824e-20)
(1.01647 0.0890457 -3.06888e-20)
(1.0166 0.0887222 -2.02723e-20)
(1.01672 0.0883584 2.09299e-21)
(1.01685 0.0879569 -3.60608e-21)
(1.01697 0.0875203 -6.3996e-21)
(1.01708 0.0870511 2.46803e-20)
(1.0172 0.086552 -2.75406e-20)
(1.01732 0.0860254 4.46917e-20)
(1.01743 0.0854739 3.07933e-21)
(1.01755 0.0849 -3.22303e-20)
(1.01767 0.0843061 9.88853e-22)
(1.01779 0.0836946 6.10928e-21)
(1.01791 0.083068 -1.22128e-20)
(1.01804 0.0824285 1.01365e-21)
(1.01817 0.0817785 1.15489e-20)
(1.01831 0.0811202 1.39733e-20)
(1.01845 0.0804559 -6.20591e-21)
(1.0186 0.0797877 -6.43524e-21)
(1.01876 0.0791179 7.79718e-21)
(1.01892 0.0784486 -4.95192e-21)
(1.01909 0.0777818 3.28462e-21)
(1.01927 0.0771197 -2.03059e-21)
(1.01945 0.0764643 -8.17515e-22)
(1.01965 0.0758178 -2.5788e-21)
(1.01985 0.0751822 8.26365e-21)
(1.02007 0.0745597 -6.95775e-21)
(1.02029 0.0739522 3.3601e-21)
(1.02053 0.0733621 -1.62785e-21)
(1.02077 0.0727912 2.39073e-21)
(1.02103 0.0722423 -1.36632e-21)
(1.02129 0.0717166 -7.64946e-23)
(1.02157 0.071218 1.44974e-21)
(1.02186 0.0707466 -2.00604e-21)
(1.02216 0.0703083 9.72709e-22)
(1.02247 0.0699005 3.46839e-22)
(1.02278 0.0695329 1.75984e-22)
(1.02312 0.0691982 -9.59481e-22)
(1.02344 0.0689127 2.39054e-22)
(1.0238 0.068661 1.66255e-22)
(1.0241 0.0684683 -1.90077e-22)
(1.02453 0.0683125 3.65706e-24)
(1.02474 0.0682183 4.33886e-24)
(1.02532 0.0681882 3.08246e-24)
(0.870965 0.0385165 9.92959e-20)
(0.871396 0.040843 1.13589e-20)
(0.872013 0.0431244 1.2455e-20)
(0.8728 0.0453613 3.54761e-19)
(0.873745 0.0475538 -7.99272e-20)
(0.874835 0.0497014 -2.54307e-20)
(0.876055 0.0518036 -3.97927e-19)
(0.877396 0.0538593 5.41753e-20)
(0.878844 0.0558677 1.11854e-19)
(0.880388 0.0578272 -1.28264e-19)
(0.882018 0.0597367 9.24172e-20)
(0.883724 0.0615945 9.13233e-20)
(0.885495 0.0633991 7.53349e-20)
(0.887323 0.0651488 -1.41435e-19)
(0.8892 0.0668421 3.02795e-19)
(0.891115 0.0684772 -2.8902e-19)
(0.893063 0.0700526 -6.9972e-21)
(0.895035 0.0715667 2.01985e-19)
(0.897025 0.0730179 8.11954e-20)
(0.899027 0.0744049 -2.46812e-19)
(0.901034 0.0757264 4.16725e-20)
(0.903042 0.0769812 1.20637e-19)
(0.905045 0.0781682 -1.4358e-19)
(0.907039 0.0792867 1.7559e-20)
(0.909021 0.0803359 1.45518e-20)
(0.910986 0.0813155 -3.59832e-20)
(0.912931 0.082225 3.2959e-20)
(0.914854 0.0830644 -1.28781e-20)
(0.916752 0.0838337 -5.99234e-20)
(0.918622 0.0845332 6.77595e-20)
(0.920464 0.0851633 -2.92016e-20)
(0.922275 0.0857246 1.7082e-20)
(0.924054 0.086218 -5.93597e-20)
(0.925802 0.0866445 2.53228e-21)
(0.927516 0.0870051 1.20932e-21)
(0.929196 0.0873013 9.09699e-20)
(0.930843 0.0875345 -3.14401e-21)
(0.932457 0.0877063 -2.30211e-20)
(0.934036 0.0878185 3.18998e-20)
(0.935583 0.0878731 -3.64938e-20)
(0.937096 0.0878721 1.70431e-21)
(0.938577 0.0878175 -1.91385e-20)
(0.940027 0.0877115 -2.01021e-20)
(0.941446 0.0875563 2.71936e-20)
(0.942835 0.0873543 2.27328e-20)
(0.944194 0.0871077 1.84157e-20)
(0.945526 0.086819 -5.3576e-20)
(0.94683 0.0864906 2.11794e-20)
(0.948109 0.0861248 4.67593e-22)
(0.949362 0.0857241 3.84253e-20)
(0.950591 0.085291 -3.63667e-20)
(0.951797 0.0848278 6.73551e-22)
(0.952981 0.084337 2.95009e-20)
(0.954145 0.083821 -4.71455e-20)
(0.955289 0.0832821 2.81613e-20)
(0.956414 0.0827227 -6.04798e-21)
(0.957522 0.0821451 6.73652e-21)
(0.958613 0.0815516 -5.89966e-21)
(0.959689 0.0809445 -5.89691e-21)
(0.960751 0.0803259 -1.93421e-21)
(0.961799 0.0796981 5.78185e-21)
(0.962835 0.0790632 4.00487e-21)
(0.96386 0.0784233 -2.32313e-21)
(0.964875 0.0777806 -4.7808e-21)
(0.96588 0.0771372 -2.45635e-21)
(0.966877 0.076495 2.99477e-21)
(0.967867 0.0758562 -4.19068e-21)
(0.968851 0.0752228 1.03126e-20)
(0.96983 0.0745969 -7.28962e-21)
(0.970804 0.0739805 5.00777e-21)
(0.971775 0.0733758 -1.92404e-21)
(0.972743 0.0727846 -1.41273e-21)
(0.973709 0.0722095 9.37112e-22)
(0.974675 0.0716523 -6.39155e-22)
(0.975639 0.0711157 1.30257e-21)
(0.976606 0.0706012 1.04574e-21)
(0.977571 0.0701127 -1.01492e-21)
(0.978543 0.0696504 3.35941e-22)
(0.979508 0.0692203 -5.53426e-23)
(0.980491 0.0688203 -1.73277e-22)
(0.981448 0.0684604 2.28379e-23)
(0.982456 0.0681331 -1.47464e-22)
(0.983384 0.0678561 1.13118e-22)
(0.984451 0.0676133 -1.0125e-22)
(0.985284 0.0674314 -4.92238e-23)
(0.986512 0.0672898 -5.27793e-23)
(0.987076 0.0672075 1.28493e-23)
(0.988764 0.067212 3.39401e-24)
(0.702461 0.0377687 1.32034e-19)
(0.704452 0.0398152 -1.70018e-19)
(0.706635 0.0418352 4.27486e-19)
(0.708995 0.0438281 -4.87627e-19)
(0.711521 0.0457929 1.95153e-19)
(0.714199 0.0477284 9.63522e-20)
(0.717018 0.0496332 -1.76947e-19)
(0.719966 0.0515059 2.55499e-19)
(0.723032 0.0533449 -4.216e-19)
(0.726205 0.0551482 3.71731e-19)
(0.729474 0.0569141 -8.21006e-20)
(0.732828 0.0586406 -9.90525e-20)
(0.736258 0.0603255 1.51331e-19)
(0.739755 0.0619668 3.20327e-20)
(0.743308 0.0635624 -1.0196e-19)
(0.74691 0.0651101 1.61732e-19)
(0.750551 0.0666078 -2.7368e-19)
(0.754224 0.0680536 1.47627e-19)
(0.75792 0.0694453 -2.56367e-20)
(0.761634 0.0707811 -6.21705e-20)
(0.765357 0.0720591 8.71456e-20)
(0.769085 0.0732778 8.64146e-22)
(0.772809 0.0744357 -8.06884e-20)
(0.776526 0.0755315 3.80228e-20)
(0.780229 0.0765642 4.00726e-20)
(0.783914 0.0775327 -2.60133e-20)
(0.787576 0.0784364 -4.89548e-20)
(0.791212 0.0792749 -2.52603e-20)
(0.794817 0.0800478 2.38437e-20)
(0.798388 0.080755 7.71227e-20)
(0.801922 0.0813968 -1.09286e-19)
(0.805417 0.0819734 7.08844e-20)
(0.808871 0.0824853 -5.3348e-20)
(0.812281 0.0829332 9.76806e-20)
(0.815645 0.0833182 -2.04325e-21)
(0.818962 0.0836411 1.06514e-20)
(0.822232 0.0839033 -1.06369e-19)
(0.825452 0.0841062 3.82429e-20)
(0.828623 0.0842514 -3.87061e-20)
(0.831743 0.0843404 1.34655e-20)
(0.834813 0.0843752 6.73476e-20)
(0.837833 0.0843577 -4.17303e-20)
(0.840802 0.0842898 -5.46983e-21)
(0.843721 0.0841735 4.08783e-20)
(0.846591 0.0840112 -1.23654e-20)
(0.84941 0.0838048 -3.13211e-20)
(0.852181 0.0835568 4.17125e-20)
(0.854904 0.0832693 9.65656e-21)
(0.85758 0.0829448 -5.75239e-20)
(0.86021 0.0825854 3.28976e-20)
(0.862793 0.0821936 -1.43471e-20)
(0.865333 0.0817717 -8.27279e-21)
(0.867829 0.0813219 -1.74354e-21)
(0.870283 0.0808467 8.46943e-21)
(0.872696 0.0803483 9.59029e-21)
(0.875068 0.0798289 -6.67768e-22)
(0.877403 0.0792908 3.93229e-21)
(0.879699 0.0787362 -7.23517e-21)
(0.88196 0.0781674 -7.50465e-21)
(0.884186 0.0775864 3.87798e-21)
(0.886378 0.0769953 2.86939e-21)
(0.888539 0.0763963 -8.50026e-21)
(0.890668 0.0757914 9.84802e-21)
(0.892768 0.0751827 -3.04044e-21)
(0.89484 0.0745722 -3.54992e-21)
(0.896886 0.0739619 3.96131e-21)
(0.898906 0.0733538 -5.61155e-23)
(0.900903 0.0727499 2.13092e-22)
(0.902877 0.0721521 2.5704e-21)
(0.90483 0.0715626 -5.07144e-21)
(0.906764 0.0709833 1.90293e-21)
(0.90868 0.0704163 -5.80088e-22)
(0.91058 0.0698638 1.41736e-21)
(0.912464 0.0693278 8.39669e-22)
(0.914334 0.068811 -9.73905e-22)
(0.916194 0.068315 -8.74682e-22)
(0.918038 0.0678434 1.26542e-21)
(0.91988 0.0673971 -7.72626e-22)
(0.921699 0.0669815 8.0808e-22)
(0.923536 0.0665955 -6.49439e-22)
(0.925322 0.0662483 -8.15023e-23)
(0.927179 0.065934 2.60639e-22)
(0.928897 0.0656696 -1.66317e-22)
(0.930839 0.0654402 6.25564e-23)
(0.932379 0.0652727 -4.93264e-24)
(0.934595 0.0651487 2.28982e-23)
(0.935649 0.0650822 1.015e-23)
(0.938714 0.0651228 -3.10702e-25)
(0.519782 0.0325699 2.76771e-19)
(0.522847 0.0343138 -3.7003e-19)
(0.526102 0.0360496 3.64575e-19)
(0.529537 0.0377767 -1.89438e-19)
(0.533142 0.0394941 2.25328e-19)
(0.536907 0.0412004 -9.19e-20)
(0.540825 0.0428941 -2.17556e-19)
(0.544884 0.0445733 -9.28492e-21)
(0.549076 0.0462362 3.48774e-20)
(0.553392 0.0478807 2.84112e-19)
(0.557822 0.0495044 -8.77091e-20)
(0.562359 0.0511051 -1.64285e-19)
(0.566993 0.0526804 1.39316e-19)
(0.571715 0.0542277 -1.05152e-19)
(0.576518 0.0557444 1.04998e-19)
(0.581392 0.0572282 -1.24669e-19)
(0.586331 0.0586763 1.02556e-19)
(0.591325 0.0600862 5.31594e-20)
(0.596367 0.0614556 -3.92916e-20)
(0.60145 0.0627818 -1.0203e-20)
(0.606567 0.0640626 1.66266e-21)
(0.611709 0.0652957 5.99542e-20)
(0.616872 0.0664791 -7.56221e-20)
(0.622047 0.0676109 7.88678e-23)
(0.62723 0.0686895 -8.45377e-21)
(0.632413 0.0697134 9.31858e-21)
(0.637592 0.0706811 1.61282e-20)
(0.64276 0.0715916 -2.84686e-20)
(0.647914 0.072444 3.30789e-20)
(0.653047 0.0732377 6.83032e-21)
(0.658155 0.073972 -8.49094e-21)
(0.663235 0.0746469 -3.32451e-20)
(0.668282 0.0752621 -9.71316e-21)
(0.673293 0.0758178 4.36711e-20)
(0.678264 0.0763143 -6.02683e-20)
(0.683192 0.0767521 1.63895e-20)
(0.688075 0.0771319 -8.63971e-21)
(0.69291 0.0774546 5.8199e-20)
(0.697696 0.0777213 -4.91676e-20)
(0.702429 0.0779331 1.34697e-20)
(0.707108 0.0780915 -2.11159e-20)
(0.711732 0.0781978 -7.45555e-21)
(0.7163 0.0782538 3.23321e-20)
(0.72081 0.0782611 4.79993e-22)
(0.725261 0.0782215 1.73693e-20)
(0.729654 0.0781369 1.54468e-20)
(0.733988 0.0780093 -3.0346e-21)
(0.738261 0.0778406 -5.05987e-20)
(0.742475 0.077633 8.29855e-21)
(0.746629 0.0773884 4.38061e-20)
(0.750724 0.0771091 -3.16468e-20)
(0.754759 0.0767972 1.03099e-20)
(0.758735 0.0764549 -1.33481e-20)
(0.762653 0.0760842 1.2523e-20)
(0.766514 0.0756874 -2.17485e-21)
(0.770317 0.0752665 -1.35795e-20)
(0.774065 0.0748238 1.80048e-20)
(0.777757 0.0743613 -7.43404e-21)
(0.781396 0.0738811 -4.06418e-21)
(0.784981 0.0733852 7.05008e-21)
(0.788515 0.0728758 -5.09822e-22)
(0.791998 0.0723548 6.42497e-22)
(0.795433 0.0718242 -8.22058e-21)
(0.798819 0.071286 5.31671e-21)
(0.802159 0.0707422 6.62445e-21)
(0.805454 0.0701946 -1.08908e-20)
(0.808706 0.0696452 7.13539e-21)
(0.811916 0.0690959 2.90072e-21)
(0.815086 0.0685487 -7.05862e-21)
(0.818217 0.0680054 2.10731e-21)
(0.821312 0.0674681 7.76992e-22)
(0.824372 0.0669386 -2.04572e-21)
(0.827399 0.0664191 2.14466e-21)
(0.830395 0.0659115 -6.2445e-22)
(0.833362 0.0654181 -1.62659e-22)
(0.8363 0.0649411 2.12626e-22)
(0.839215 0.0644827 4.94022e-22)
(0.842102 0.0640458 -3.87338e-22)
(0.844976 0.0636324 2.20961e-22)
(0.847814 0.0632465 -4.22971e-22)
(0.850663 0.062889 -1.27268e-22)
(0.853444 0.0625671 -9.39394e-23)
(0.856303 0.062278 2.05788e-22)
(0.858983 0.0620358 -1.14411e-22)
(0.861947 0.0618297 2.84764e-23)
(0.864371 0.0616843 -4.21885e-23)
(0.867729 0.0615843 6.11087e-25)
(0.869417 0.0615403 4.91265e-24)
(0.874115 0.0616229 3.96743e-25)
(0.338238 0.0257605 4.01939e-20)
(0.341853 0.02723 5.41417e-20)
(0.345649 0.0287026 4.61389e-20)
(0.349619 0.0301774 -1.47955e-19)
(0.353757 0.0316536 -1.0628e-21)
(0.358057 0.03313 -1.43163e-20)
(0.362514 0.0346053 8.38026e-20)
(0.367121 0.0360779 -8.29681e-20)
(0.371872 0.0375459 3.48477e-21)
(0.37676 0.0390076 -5.43461e-21)
(0.381781 0.0404607 1.79282e-19)
(0.386927 0.0419031 -6.13098e-20)
(0.392191 0.0433326 -1.20687e-19)
(0.397568 0.0447466 1.13016e-19)
(0.40305 0.0461428 7.54059e-20)
(0.408631 0.0475186 -4.06321e-20)
(0.414305 0.0488716 -2.94779e-20)
(0.420064 0.0501991 -1.22611e-20)
(0.425903 0.0514986 3.47102e-20)
(0.431813 0.0527675 -1.31193e-19)
(0.437789 0.0540034 9.90172e-20)
(0.443824 0.0552031 -4.32865e-20)
(0.449911 0.0563646 6.59949e-20)
(0.456044 0.057486 -3.1318e-20)
(0.462218 0.0585655 -2.59778e-20)
(0.468424 0.0596012 -2.31404e-21)
(0.474658 0.0605913 1.49013e-20)
(0.480914 0.0615343 2.02663e-20)
(0.487185 0.0624288 -1.40504e-20)
(0.493465 0.0632737 4.08542e-20)
(0.49975 0.0640681 -3.81875e-20)
(0.506033 0.0648111 -3.91236e-21)
(0.51231 0.0655021 5.80473e-21)
(0.518575 0.0661407 -5.90822e-21)
(0.524825 0.0667268 4.21003e-20)
(0.531054 0.0672601 2.56203e-20)
(0.537259 0.0677411 -8.67788e-20)
(0.543434 0.06817 8.77886e-20)
(0.549578 0.0685473 -1.09767e-19)
(0.555685 0.0688739 3.49091e-20)
(0.561753 0.0691505 -2.48091e-20)
(0.567778 0.0693781 7.13326e-20)
(0.573758 0.0695579 2.51292e-21)
(0.579691 0.0696912 -6.16231e-20)
(0.585573 0.0697792 3.83794e-20)
(0.591402 0.0698235 3.93565e-22)
(0.597178 0.0698256 -2.60092e-20)
(0.602898 0.0697871 2.52301e-20)
(0.60856 0.0697098 -1.41926e-20)
(0.614163 0.0695954 1.57253e-20)
(0.619707 0.0694456 -1.60302e-20)
(0.62519 0.0692624 1.83266e-20)
(0.630611 0.0690476 -1.0416e-20)
(0.63597 0.0688031 -4.78804e-21)
(0.641267 0.0685307 -6.27365e-21)
(0.646502 0.0682324 8.57553e-21)
(0.651674 0.0679102 1.47727e-20)
(0.656783 0.0675658 -3.29731e-21)
(0.66183 0.0672011 -9.97764e-21)
(0.666816 0.0668181 5.08483e-21)
(0.671739 0.0664187 1.30027e-23)
(0.676603 0.0660046 -3.7138e-21)
(0.681406 0.0655776 1.76298e-21)
(0.68615 0.0651397 2.13571e-21)
(0.690836 0.0646926 -5.5348e-21)
(0.695465 0.0642381 4.48663e-21)
(0.700039 0.0637779 -2.91575e-21)
(0.704558 0.0633139 7.25738e-22)
(0.709024 0.0628478 1.8913e-21)
(0.713439 0.0623814 -1.62035e-22)
(0.717803 0.0619164 5.22442e-22)
(0.72212 0.0614548 -1.29418e-21)
(0.72639 0.0609982 -9.35033e-22)
(0.730616 0.0605487 2.00757e-22)
(0.7348 0.0601082 7.55877e-22)
(0.738943 0.0596787 1.27883e-21)
(0.743047 0.0592624 -1.35746e-21)
(0.747118 0.0588615 6.0199e-22)
(0.751151 0.0584784 -1.86332e-22)
(0.75516 0.0581158 -8.53688e-23)
(0.759127 0.0577767 -1.72722e-22)
(0.763092 0.0574636 2.39976e-22)
(0.766987 0.0571813 -3.41952e-23)
(0.770949 0.056931 -4.35618e-23)
(0.774723 0.0567222 8.02184e-24)
(0.778799 0.0565505 -1.98422e-24)
(0.78226 0.0564353 -1.13676e-23)
(0.786843 0.0563669 5.13251e-24)
(0.789314 0.0563539 1.62379e-26)
(0.795833 0.0564829 -2.39741e-24)
(0.173126 0.0197522 -8.65664e-20)
(0.176885 0.0209497 8.93137e-20)
(0.180812 0.0221568 -1.83374e-19)
(0.184905 0.0233724 2.61374e-20)
(0.189161 0.0245959 1.34181e-19)
(0.193577 0.0258261 -1.16948e-19)
(0.198149 0.0270618 -4.4857e-20)
(0.202876 0.0283015 8.85557e-20)
(0.207753 0.0295437 2.49345e-20)
(0.212777 0.0307865 -4.22445e-23)
(0.217945 0.0320282 1.6065e-20)
(0.223252 0.0332667 6.08266e-21)
(0.228694 0.0344999 -8.0254e-20)
(0.234267 0.0357257 7.73144e-20)
(0.239966 0.0369417 -2.07112e-21)
(0.245787 0.0381458 -5.22439e-20)
(0.251724 0.0393354 -1.26981e-20)
(0.257773 0.0405084 -2.70822e-20)
(0.263929 0.0416624 5.10847e-20)
(0.270185 0.0427952 7.59542e-21)
(0.276535 0.043905 -4.29089e-20)
(0.282975 0.0449865 -1.82413e-20)
(0.2895 0.046039 5.65362e-20)
(0.296105 0.0470606 -1.66771e-20)
(0.302783 0.0480494 3.26855e-20)
(0.309528 0.0490038 -4.5165e-20)
(0.316334 0.0499221 1.10212e-19)
(0.323195 0.0508028 -6.53461e-20)
(0.330106 0.0516443 1.75901e-20)
(0.337059 0.0524455 -4.56261e-20)
(0.34405 0.0532053 2.20435e-20)
(0.351073 0.0539225 -1.83701e-20)
(0.358121 0.0545966 7.11471e-20)
(0.36519 0.0552268 -9.98382e-20)
(0.372274 0.0558127 3.74194e-20)
(0.379368 0.0563539 3.695e-20)
(0.386466 0.0568504 -3.78663e-20)
(0.393564 0.0573025 -1.30872e-20)
(0.400657 0.0577103 1.49148e-20)
(0.407739 0.0580742 -1.56619e-20)
(0.414807 0.0583948 -4.57644e-21)
(0.421857 0.0586726 -3.68868e-21)
(0.428883 0.0589086 2.89701e-20)
(0.435884 0.0591035 -1.02653e-20)
(0.442853 0.0592585 7.92707e-21)
(0.44979 0.0593745 5.40248e-21)
(0.456689 0.059453 -1.53376e-20)
(0.463548 0.059495 -1.50215e-21)
(0.470365 0.059502 1.10602e-20)
(0.477137 0.0594753 5.54741e-21)
(0.483861 0.0594164 -1.5931e-20)
(0.490535 0.0593269 2.03624e-21)
(0.497158 0.0592082 7.76108e-21)
(0.503727 0.0590619 -1.07811e-21)
(0.510242 0.0588897 -1.04672e-20)
(0.516701 0.058693 1.42517e-21)
(0.523102 0.0584734 3.29593e-21)
(0.529446 0.0582327 1.65205e-21)
(0.53573 0.0579723 -6.63446e-21)
(0.541955 0.057694 3.25103e-21)
(0.548121 0.0573992 5.22976e-22)
(0.554226 0.0570896 6.18681e-21)
(0.560272 0.0567668 -6.95123e-21)
(0.566258 0.0564322 7.89379e-22)
(0.572184 0.0560876 5.77636e-23)
(0.578051 0.0557344 -1.29419e-21)
(0.58386 0.0553741 -9.6689e-22)
(0.589611 0.0550084 2.18033e-21)
(0.595305 0.0546388 -1.64114e-21)
(0.600944 0.0542669 -9.39486e-22)
(0.606528 0.0538942 2.60906e-21)
(0.612059 0.0535223 -2.20542e-22)
(0.617539 0.0531529 -1.48679e-21)
(0.622969 0.0527876 2.43664e-22)
(0.62835 0.0524283 7.55989e-23)
(0.633685 0.0520767 -3.83573e-22)
(0.638976 0.0517348 2.87763e-22)
(0.644227 0.0514047 -1.00002e-22)
(0.649436 0.0510885 -1.55993e-22)
(0.654612 0.0507889 9.83693e-23)
(0.659746 0.0505082 7.3365e-23)
(0.664866 0.0502502 -4.79809e-23)
(0.669923 0.0500172 -1.09631e-22)
(0.675025 0.0498144 5.84466e-23)
(0.679963 0.0496454 -2.90816e-24)
(0.685172 0.0495147 2.4341e-24)
(0.689778 0.0494326 2.38092e-24)
(0.695574 0.049398 1.87684e-24)
(0.698975 0.0494202 -7.22566e-24)
(0.707384 0.049584 9.27986e-24)
(0.0285617 0.0137323 -1.6767e-20)
(0.0319676 0.0146729 1.56142e-19)
(0.0355385 0.0156243 -5.45971e-21)
(0.0392741 0.0165861 -5.26142e-20)
(0.0431741 0.0175576 -5.72826e-20)
(0.0472377 0.0185381 -5.13283e-21)
(0.0514643 0.0195266 -2.95662e-20)
(0.055853 0.020522 4.28134e-20)
(0.0604025 0.021523 -7.35018e-21)
(0.0651115 0.0225282 -2.25423e-20)
(0.0699784 0.0235361 5.31811e-22)
(0.0750013 0.0245452 6.83833e-20)
(0.080178 0.0255536 -9.28112e-21)
(0.0855062 0.0265598 -2.08695e-20)
(0.0909831 0.0275617 -1.82485e-21)
(0.0966058 0.0285576 -8.72509e-21)
(0.102371 0.0295456 2.24871e-20)
(0.108275 0.0305239 -5.56007e-20)
(0.114315 0.0314907 8.91038e-20)
(0.120485 0.0324455 -2.27502e-20)
(0.126779 0.0333858 4.80169e-20)
(0.133196 0.0342911 -1.30257e-19)
(0.139735 0.0351823 7.35419e-20)
(0.146388 0.0360544 2.35334e-20)
(0.153149 0.0369033 3.41581e-20)
(0.160013 0.0377268 -4.68393e-20)
(0.166975 0.0385236 3.78678e-21)
(0.174028 0.039292 2.16819e-20)
(0.181168 0.0400307 -1.93037e-20)
(0.188388 0.0407385 -1.7e-20)
(0.195684 0.0414142 -6.48519e-21)
(0.203048 0.0420569 5.94447e-20)
(0.210475 0.0426658 -3.02194e-20)
(0.217959 0.0432404 -1.05001e-20)
(0.225495 0.0437801 3.49848e-21)
(0.233076 0.0442836 1.56456e-21)
(0.240698 0.0447517 3.11428e-20)
(0.248354 0.0451843 -2.59415e-20)
(0.256039 0.0455812 9.96892e-21)
(0.263747 0.0459425 -2.38429e-20)
(0.271473 0.0462687 -1.0438e-21)
(0.279212 0.04656 7.95073e-21)
(0.286958 0.046817 1.16004e-20)
(0.294707 0.0470402 1.26572e-21)
(0.302455 0.0472304 -1.11193e-20)
(0.310196 0.0473883 -5.05477e-21)
(0.317926 0.0475148 2.56714e-21)
(0.325641 0.0476107 1.42861e-20)
(0.333338 0.0476772 -1.22916e-20)
(0.341012 0.0477153 4.86382e-21)
(0.34866 0.047726 -7.49141e-21)
(0.356279 0.0477105 4.44756e-21)
(0.363865 0.0476699 2.7895e-21)
(0.371416 0.0476055 -9.91312e-21)
(0.378929 0.0475185 1.19508e-20)
(0.386401 0.0474101 -3.26118e-21)
(0.393831 0.0472816 2.9452e-21)
(0.401217 0.0471342 -8.98569e-22)
(0.408556 0.0469692 -2.2263e-21)
(0.415847 0.0467879 3.56687e-21)
(0.423088 0.0465916 -4.00103e-21)
(0.430279 0.0463815 7.76509e-23)
(0.437418 0.0461589 -9.75538e-22)
(0.444505 0.045925 -1.70247e-21)
(0.451539 0.0456812 1.88192e-21)
(0.45852 0.0454287 -5.88636e-22)
(0.465447 0.0451687 1.79419e-21)
(0.472321 0.0449025 -2.11979e-21)
(0.479141 0.0446315 1.49052e-21)
(0.485908 0.0443568 2.83567e-22)
(0.492623 0.0440797 -2.69038e-22)
(0.499286 0.0438017 -2.17262e-22)
(0.505898 0.043524 1.27804e-21)
(0.512461 0.0432481 -4.50806e-22)
(0.518975 0.0429754 -3.4059e-23)
(0.525443 0.0427075 3.92274e-22)
(0.531866 0.042446 -4.97699e-22)
(0.538246 0.0421927 7.08696e-23)
(0.544584 0.0419494 -3.58155e-23)
(0.550887 0.0417186 6.68571e-23)
(0.55715 0.041502 1.10945e-22)
(0.563389 0.0413035 -1.61032e-23)
(0.56958 0.0411243 7.92795e-24)
(0.575789 0.0409714 -1.77351e-23)
(0.581878 0.0408442 5.65419e-24)
(0.588172 0.0407545 -5.49496e-24)
(0.593955 0.0407026 -6.55016e-25)
(0.600861 0.0406984 -5.31622e-24)
(0.605305 0.0407512 2.22948e-24)
(0.615535 0.0409211 -3.17799e-24)
(-0.0921056 0.00787504 -4.50325e-21)
(-0.089482 0.00854089 6.8956e-20)
(-0.0866946 0.00921708 -3.08767e-20)
(-0.0837417 0.00990344 -4.571e-21)
(-0.080622 0.0105996 4.94942e-20)
(-0.0773342 0.0113052 2.60326e-22)
(-0.073877 0.0120195 -4.93681e-20)
(-0.0702494 0.012742 5.02978e-20)
(-0.0664506 0.0134718 -2.11309e-20)
(-0.06248 0.0142079 4.92762e-20)
(-0.0583372 0.0149493 -9.32337e-20)
(-0.0540222 0.015695 -8.51913e-21)
(-0.0495351 0.0164437 7.85406e-20)
(-0.0448764 0.0171942 -3.16412e-20)
(-0.0400468 0.0179451 4.9168e-20)
(-0.0350474 0.0186951 -3.41416e-20)
(-0.0298796 0.0194429 4.1768e-21)
(-0.0245453 0.0201871 -4.19499e-20)
(-0.0190466 0.0209264 7.63863e-20)
(-0.0133854 0.0216595 -3.45136e-20)
(-0.00756857 0.0223858 2.78393e-20)
(-0.00161747 0.0231053 -1.3038e-20)
(0.00450984 0.0238076 -4.24551e-20)
(0.0108165 0.0244906 2.25555e-20)
(0.0172507 0.0251607 -2.47735e-20)
(0.0238198 0.025816 2.60658e-20)
(0.0305251 0.0264546 1.57866e-20)
(0.0373623 0.0270752 -3.75609e-20)
(0.0443267 0.0276765 7.93316e-21)
(0.051413 0.0282574 -4.3658e-21)
(0.058616 0.0288167 -7.38267e-21)
(0.0659303 0.0293536 1.17792e-20)
(0.07335 0.0298673 1.38852e-20)
(0.0808696 0.0303573 -1.8193e-20)
(0.0884828 0.0308233 2.38255e-20)
(0.0961829 0.0312639 -5.12522e-23)
(0.103966 0.0316733 -2.18058e-20)
(0.111827 0.032061 -8.74931e-21)
(0.119756 0.0324236 5.86126e-21)
(0.12775 0.03276 1.8141e-20)
(0.135801 0.0330702 -2.62194e-20)
(0.143905 0.0333544 2.15192e-20)
(0.152054 0.0336127 5.20828e-21)
(0.160244 0.0338456 -2.03232e-20)
(0.168469 0.0340532 6.17765e-21)
(0.176722 0.0342362 -5.73175e-21)
(0.185 0.0343949 5.63143e-21)
(0.193296 0.0345299 6.18691e-21)
(0.201606 0.0346418 3.02572e-21)
(0.209925 0.0347314 -9.03606e-21)
(0.218248 0.0347993 6.5999e-21)
(0.22657 0.0348462 -3.87259e-21)
(0.234887 0.0348729 -1.19641e-21)
(0.243195 0.0348804 5.69003e-22)
(0.251491 0.0348693 6.56772e-21)
(0.259769 0.0348406 -5.3774e-21)
(0.268028 0.0347951 -1.30795e-21)
(0.276264 0.0347338 -4.36324e-22)
(0.284473 0.0346574 1.70751e-21)
(0.292653 0.0345671 -4.0147e-22)
(0.300801 0.0344636 -9.59807e-22)
(0.308915 0.0343478 -4.76411e-22)
(0.316993 0.0342208 3.67461e-21)
(0.325032 0.0340834 -2.34251e-22)
(0.333031 0.0339366 -6.88286e-22)
(0.340989 0.0337812 -3.2112e-21)
(0.348903 0.0336183 9.33552e-22)
(0.356774 0.0334487 4.3165e-22)
(0.364599 0.0332733 1.74612e-21)
(0.372379 0.0330932 -6.17059e-22)
(0.380114 0.0329092 -4.77361e-22)
(0.387801 0.0327224 4.9173e-23)
(0.395443 0.0325337 6.85931e-23)
(0.403039 0.0323442 8.19993e-23)
(0.410589 0.0321548 3.55974e-22)
(0.418094 0.0319667 -3.33149e-22)
(0.425555 0.0317812 3.80705e-23)
(0.432974 0.0315993 -3.1324e-22)
(0.440352 0.0314225 -2.00911e-23)
(0.447691 0.0312522 1.36847e-22)
(0.454993 0.0310902 4.37776e-23)
(0.462259 0.0309381 -6.19673e-23)
(0.469498 0.0307989 3.19888e-23)
(0.476699 0.0306735 -4.59599e-24)
(0.4839 0.0305683 5.48081e-24)
(0.491022 0.0304813 -9.62418e-24)
(0.498278 0.030427 8.37896e-24)
(0.505154 0.0303982 4.2711e-24)
(0.512986 0.0304154 6.96928e-24)
(0.518494 0.0304822 -7.08275e-24)
(0.530312 0.0306233 2.66697e-26)
(-0.176264 0.00405995 7.41396e-21)
(-0.174266 0.0044625 -5.43409e-20)
(-0.172104 0.00487197 -2.82011e-20)
(-0.169775 0.0052883 3.14771e-20)
(-0.167276 0.00571135 -5.10761e-20)
(-0.164605 0.00614089 5.77049e-20)
(-0.16176 0.00657661 -5.7032e-20)
(-0.158738 0.00701812 4.21819e-20)
(-0.155537 0.00746495 3.09567e-20)
(-0.152155 0.00791654 7.03518e-21)
(-0.148591 0.00837229 3.2031e-21)
(-0.144843 0.00883152 -3.94641e-20)
(-0.140911 0.00929351 -1.75092e-20)
(-0.136792 0.00975749 3.865e-20)
(-0.132488 0.0102226 -3.27159e-20)
(-0.127997 0.0106882 -2.3591e-21)
(-0.123321 0.0111533 2.91325e-20)
(-0.118459 0.0116171 -2.77788e-21)
(-0.113412 0.012079 -9.76155e-21)
(-0.108181 0.0125381 -4.00143e-21)
(-0.102768 0.0129933 4.16385e-22)
(-0.0971767 0.0134457 8.07841e-21)
(-0.0914022 0.013901 1.97003e-20)
(-0.0854506 0.0143332 -1.13589e-20)
(-0.0793309 0.0147555 6.45442e-21)
(-0.0730442 0.0151703 -1.37684e-20)
(-0.0665937 0.015576 4.63618e-22)
(-0.0599836 0.0159716 -6.07399e-21)
(-0.0532181 0.0163561 1.98578e-20)
(-0.0463018 0.0167288 -1.13163e-20)
(-0.0392396 0.017089 -3.98932e-21)
(-0.0320367 0.0174361 1.78902e-20)
(-0.0246982 0.0177693 -2.8266e-20)
(-0.0172299 0.0180884 1.36598e-20)
(-0.0096393 0.0183931 9.79428e-21)
(-0.00193841 0.018683 -1.80341e-20)
(0.00588476 0.0189564 3.51535e-21)
(0.0138231 0.0192134 3.97935e-21)
(0.0218523 0.0194552 1.26003e-21)
(0.0299732 0.0196814 -6.36766e-21)
(0.0381818 0.0198917 -5.22513e-21)
(0.0464714 0.0200861 2.00474e-20)
(0.0548357 0.0202646 -2.94938e-21)
(0.0632685 0.0204275 -1.02151e-21)
(0.0717637 0.0205748 2.23983e-21)
(0.0803152 0.0207069 -1.06187e-20)
(0.0889169 0.0208238 -1.40669e-21)
(0.097563 0.0209261 3.53289e-21)
(0.106248 0.0210139 4.0099e-21)
(0.114966 0.0210877 -5.59056e-21)
(0.123711 0.0211478 2.44557e-21)
(0.132479 0.0211948 -6.61855e-21)
(0.141265 0.021229 6.38238e-21)
(0.150062 0.0212509 1.2173e-22)
(0.158868 0.0212611 -1.52358e-21)
(0.167676 0.0212601 1.26648e-21)
(0.176484 0.0212482 -2.5741e-21)
(0.185286 0.0212262 1.67834e-21)
(0.194079 0.0211945 -5.49954e-22)
(0.202859 0.0211537 -6.32677e-23)
(0.211623 0.0211044 4.96524e-22)
(0.220368 0.021047 -4.02078e-22)
(0.22909 0.0209821 1.34353e-21)
(0.237786 0.0209104 2.43045e-22)
(0.246455 0.0208324 -2.95922e-22)
(0.255094 0.0207485 3.08343e-22)
(0.2637 0.0206595 -1.61708e-21)
(0.272272 0.0205659 1.01768e-21)
(0.280808 0.0204682 -2.71927e-22)
(0.289307 0.020367 -6.45382e-22)
(0.297768 0.020263 7.14802e-22)
(0.306189 0.0201566 2.65409e-23)
(0.31457 0.0200486 3.70088e-22)
(0.322911 0.0199395 -2.64914e-22)
(0.331211 0.01983 2.04456e-23)
(0.339471 0.0197208 2.72258e-22)
(0.34769 0.0196126 -1.08302e-22)
(0.35587 0.0195062 -7.88644e-23)
(0.364012 0.0194024 7.9433e-23)
(0.372117 0.0193022 -7.12365e-23)
(0.380187 0.0192067 6.63748e-23)
(0.388223 0.0191169 -3.13393e-23)
(0.396231 0.0190348 -9.2252e-24)
(0.404208 0.0189611 -6.16643e-24)
(0.412174 0.0188999 5.63781e-24)
(0.42009 0.01885 2.77615e-24)
(0.428087 0.0188225 -5.85459e-25)
(0.435819 0.0188093 6.30216e-24)
(0.444325 0.0188325 -1.36718e-23)
(0.450744 0.018888 -6.15578e-25)
(0.463744 0.0189756 1.59956e-24)
(-0.220552 0.0012272 -1.91617e-20)
(-0.218942 0.00136113 1.96981e-20)
(-0.217167 0.00149764 -8.24475e-21)
(-0.215225 0.0016367 -9.92373e-21)
(-0.213111 0.00177827 2.29832e-21)
(-0.210823 0.00192226 -5.44119e-21)
(-0.208358 0.00206856 2.14233e-20)
(-0.205712 0.00221703 -2.54445e-20)
(-0.202883 0.00236753 1.12877e-20)
(-0.199869 0.00251985 4.02797e-21)
(-0.196666 0.00267381 -1.12741e-21)
(-0.193274 0.00282917 -6.31793e-21)
(-0.189689 0.0029857 -3.92739e-21)
(-0.185911 0.00314314 2.67768e-22)
(-0.181939 0.00330122 9.96238e-21)
(-0.177771 0.00345969 8.16717e-22)
(-0.173407 0.00361827 3.65309e-21)
(-0.168846 0.00377669 -6.90577e-21)
(-0.16409 0.00393468 9.23926e-22)
(-0.159137 0.00409185 -7.82194e-21)
(-0.15399 0.00424761 1.40304e-20)
(-0.148649 0.00440154 -7.40154e-21)
(-0.143113 0.00455377 -8.6187e-22)
(-0.137389 0.00470187 1.26022e-20)
(-0.13148 0.00484767 -6.20636e-21)
(-0.125389 0.00499098 -2.92624e-21)
(-0.119119 0.00513122 -1.19206e-20)
(-0.112674 0.00526802 1.36194e-20)
(-0.106058 0.00540111 4.50513e-23)
(-0.099274 0.00553021 -1.15775e-20)
(-0.0923279 0.00565507 1.64143e-20)
(-0.0852242 0.00577547 -1.16203e-20)
(-0.0779682 0.00589121 -1.78217e-21)
(-0.0705652 0.00600206 1.00533e-20)
(-0.0630212 0.00610791 -7.04056e-21)
(-0.0553424 0.00620955 -1.08927e-21)
(-0.0475318 0.00630962 2.25529e-21)
(-0.0395965 0.00639935 4.10805e-23)
(-0.0315459 0.0064836 7.90578e-22)
(-0.0233852 0.00656302 -3.26871e-22)
(-0.0151204 0.0066373 -1.48741e-21)
(-0.00675804 0.00670627 2.96825e-21)
(0.00169577 0.00676981 6.65491e-22)
(0.0102347 0.00682812 -2.59991e-21)
(0.0188519 0.00688121 -1.91891e-21)
(0.0275411 0.00692908 2.25433e-21)
(0.0362962 0.00697183 -9.97754e-22)
(0.0451108 0.00700954 2.18076e-21)
(0.053979 0.00704233 -1.53699e-21)
(0.0628947 0.00707032 -1.23653e-21)
(0.0718521 0.00709365 9.58268e-22)
(0.0808455 0.00711246 -4.32582e-22)
(0.0898695 0.0071269 -6.09873e-22)
(0.0989186 0.00713713 1.69038e-21)
(0.107988 0.00714331 -1.95257e-21)
(0.117072 0.00714563 1.68013e-21)
(0.126166 0.00714424 -1.50361e-21)
(0.135266 0.00713934 1.05293e-21)
(0.144367 0.00713111 -8.85579e-23)
(0.153466 0.00711972 -3.77267e-22)
(0.162557 0.00710537 1.29142e-21)
(0.171638 0.00708824 -9.01318e-22)
(0.180705 0.00706853 -1.0372e-23)
(0.189754 0.00704641 4.21049e-22)
(0.198784 0.00702209 -1.71712e-22)
(0.20779 0.00699576 1.21994e-23)
(0.21677 0.00696759 -4.40642e-22)
(0.225722 0.00693779 1.8377e-22)
(0.234644 0.00690656 3.379e-22)
(0.243534 0.00687407 -1.62261e-22)
(0.252391 0.00684054 -9.51285e-23)
(0.261212 0.00680616 9.24989e-23)
(0.269997 0.00677115 -1.03848e-22)
(0.278746 0.0067357 -8.39277e-23)
(0.287457 0.00670004 8.41285e-23)
(0.29613 0.00666441 1.51501e-23)
(0.304765 0.00662904 -7.08952e-23)
(0.313363 0.00659421 4.28194e-23)
(0.321924 0.0065602 -2.66024e-23)
(0.33045 0.00652732 7.48295e-24)
(0.338941 0.00649597 -2.03897e-24)
(0.347401 0.00646652 -2.0048e-24)
(0.355832 0.00643959 2.29551e-24)
(0.364235 0.00641551 -1.22315e-24)
(0.372623 0.00639569 3.00009e-24)
(0.380975 0.00637974 1.71398e-24)
)
;

boundaryField
{
    inlet
    {
        type            uniformFixedValue;
        uniformValue    constant (1 0 0);
        value           nonuniform 0();
    }
    outlet
    {
        type            pressureInletOutletVelocity;
        value           nonuniform List<vector> 
39
(
(1.02532 0.0681882 3.08246e-24)
(0.988764 0.067212 3.39401e-24)
(0.938714 0.0651228 -3.10702e-25)
(0.874115 0.0616229 3.96743e-25)
(0.795833 0.0564829 -2.39741e-24)
(0.707384 0.049584 9.27986e-24)
(0.615535 0.0409211 -3.17799e-24)
(0.530312 0.0306233 2.66697e-26)
(0.463744 0.0189756 1.59956e-24)
(1.05359 0.0682031 0)
(1.07171 0.0674149 0)
(1.08105 0.0659997 0)
(1.0851 0.0642865 0)
(1.08621 0.0623571 0)
(1.08583 0.0603047 0)
(1.08476 0.0581596 0)
(1.08337 0.0559445 0)
(1.08186 0.0536712 0)
(1.0803 0.0513487 0)
(1.07871 0.0489844 0)
(1.07713 0.0465848 0)
(1.07555 0.0441555 0)
(1.074 0.0417017 0)
(1.07248 0.0392276 0)
(1.071 0.0367371 0)
(1.06958 0.0342335 0)
(1.06823 0.0317196 0)
(1.06695 0.0291975 0)
(1.06575 0.0266693 0)
(1.06465 0.0241364 0)
(1.06364 0.0216002 0)
(1.06272 0.0190617 0)
(1.06192 0.0165216 0)
(1.06122 0.0139806 0)
(1.06063 0.011439 0)
(1.06016 0.00889707 0)
(1.05981 0.00635511 0)
(1.05957 0.00381325 0)
(1.05945 0.00127119 0)
)
;
    }
    cylinder
    {
        type            fixedValue;
        value           nonuniform 0();
    }
    top
    {
        type            symmetryPlane;
    }
    bottom
    {
        type            symmetryPlane;
    }
    defaultFaces
    {
        type            empty;
    }
    procBoundary1to0
    {
        type            processor;
        value           nonuniform List<vector> 
44
(
(1.1304 0.0286159 0)
(1.20575 0.0265737 0)
(1.23846 0.0217953 0)
(1.24802 0.0188997 0)
(1.24728 0.0161996 0)
(1.24267 0.0139494 0)
(1.23691 0.0119687 0)
(1.23099 0.0102022 0)
(1.22521 0.0086279 0)
(1.21963 0.00722845 0)
(1.21425 0.00599024 0)
(1.20905 0.00490173 0)
(1.20404 0.00395155 0)
(1.19924 0.00312946 0)
(1.19465 0.00242464 0)
(1.19029 0.00182617 0)
(1.18619 0.0013245 0)
(1.18234 0.000910299 0)
(1.17876 0.000574465 0)
(1.17546 0.000308589 0)
(1.17244 0.000104695 0)
(1.16971 -4.44346e-05 0)
(1.16728 -0.000145759 0)
(1.16515 -0.000206046 0)
(1.16331 -0.000231479 0)
(1.16178 -0.000227933 0)
(1.16055 -0.000201046 0)
(1.15963 -0.000156351 0)
(1.15902 -9.86053e-05 0)
(1.15871 -3.39892e-05 0)
(1.01434 0.0364788 1.74316e-19)
(1.01434 0.0364788 1.74316e-19)
(0.870734 0.0361435 1.17819e-19)
(0.700675 0.035696 1.25693e-19)
(0.700675 0.035696 1.25693e-19)
(0.516917 0.030819 7.09618e-20)
(0.516917 0.030819 7.09618e-20)
(0.334807 0.0242947 -1.57741e-19)
(0.169537 0.0185648 -5.23267e-20)
(0.0253208 0.0128028 8.0899e-20)
(0.0253208 0.0128028 8.0899e-20)
(-0.094567 0.0072196 1.4108e-19)
(-0.178101 0.00366428 -6.82288e-20)
(-0.222001 0.00109585 -1.87666e-20)
)
;
    }
    procBoundary1to3
    {
        type            processor;
        value           nonuniform List<vector> 
92
(
(-0.220552 -0.00123458 1.9013e-20)
(-0.218942 -0.00136888 -1.97875e-20)
(-0.217168 -0.0015057 8.33011e-21)
(-0.215225 -0.001645 1.02333e-20)
(-0.213112 -0.00178672 -1.83823e-20)
(-0.210824 -0.00193077 2.14789e-20)
(-0.208358 -0.00207704 -2.10183e-20)
(-0.205713 -0.00222539 2.50386e-20)
(-0.202884 -0.00237566 -1.14136e-20)
(-0.19987 -0.00252767 -4.42174e-21)
(-0.196667 -0.0026812 7.95109e-22)
(-0.193275 -0.00283604 6.69649e-21)
(-0.18969 -0.00299195 3.89972e-21)
(-0.185912 -0.00314868 9.43375e-23)
(-0.18194 -0.00330597 -1.03203e-20)
(-0.177772 -0.00346356 -1.1713e-21)
(-0.173408 -0.00362119 -3.31109e-21)
(-0.168848 -0.00377861 6.98033e-21)
(-0.164091 -0.00393554 -5.95831e-22)
(-0.159139 -0.00409159 7.49864e-21)
(-0.153992 -0.0042462 -1.43494e-20)
(-0.14865 -0.00439897 7.25661e-21)
(-0.143115 -0.00455001 5.6043e-22)
(-0.137391 -0.00469697 -1.23101e-20)
(-0.131482 -0.00484162 5.917e-21)
(-0.125391 -0.00498382 2.68727e-21)
(-0.119121 -0.00512299 1.54207e-21)
(-0.112676 -0.00525878 -3.6262e-21)
(-0.106059 -0.00539092 2.12167e-22)
(-0.0992758 -0.00551915 1.13261e-20)
(-0.0923296 -0.00564324 -1.65275e-20)
(-0.0852258 -0.00576296 1.13863e-20)
(-0.0779697 -0.00587811 1.55352e-21)
(-0.0705666 -0.0059885 -1.56589e-21)
(-0.0630225 -0.006094 -1.18859e-21)
(-0.0553436 -0.00619541 1.29212e-21)
(-0.0475327 -0.00629538 -2.45414e-21)
(-0.0395973 -0.00638512 -2.30834e-22)
(-0.0315465 -0.0064695 -6.09244e-22)
(-0.0233856 -0.00654918 3.13793e-22)
(-0.0151205 -0.00662384 1.65643e-21)
(-0.00675797 -0.00669329 -3.10824e-21)
(0.00169607 -0.00675743 -8.21916e-22)
(0.0102352 -0.00681644 2.55279e-21)
(0.0188527 -0.00687032 1.77582e-21)
(0.0275422 -0.00691908 -2.11995e-21)
(0.0362974 -0.00696278 8.68706e-22)
(0.0451123 -0.00700152 -2.30486e-21)
(0.0539807 -0.00703539 1.51671e-21)
(0.0628966 -0.00706452 1.12448e-21)
(0.0718542 -0.00708901 -8.53737e-22)
(0.0808479 -0.00710901 3.32901e-22)
(0.089872 -0.00712465 5.65657e-22)
(0.0989213 -0.00713609 -1.7802e-21)
(0.10799 -0.00714349 1.8688e-21)
(0.117075 -0.00714699 -1.60189e-21)
(0.126169 -0.00714677 1.4396e-21)
(0.135269 -0.00714299 -1.07498e-21)
(0.14437 -0.00713583 2.31687e-23)
(0.153469 -0.00712547 3.16299e-22)
(0.16256 -0.00711209 -2.03212e-22)
(0.171641 -0.00709586 -1.35358e-22)
(0.180708 -0.00707698 5.82354e-23)
(0.189758 -0.00705561 -4.59096e-22)
(0.198787 -0.00703196 1.24623e-22)
(0.207793 -0.00700621 -1.45045e-23)
(0.216773 -0.00697854 4.38355e-22)
(0.225725 -0.00694915 -1.85678e-22)
(0.234647 -0.00691823 -3.6203e-22)
(0.243537 -0.00688598 1.33663e-22)
(0.252393 -0.00685259 8.78887e-23)
(0.261215 -0.00681827 -1.15206e-22)
(0.27 -0.00678322 1.02949e-22)
(0.278748 -0.00674766 6.66965e-23)
(0.287458 -0.00671181 -9.51836e-23)
(0.296131 -0.00667591 -1.7016e-23)
(0.304766 -0.0066402 6.06763e-23)
(0.313364 -0.00660495 -4.31879e-23)
(0.321925 -0.00657047 2.02674e-23)
(0.330451 -0.00653706 -8.78677e-24)
(0.338942 -0.00650512 -1.01815e-24)
(0.347401 -0.00647502 7.31107e-25)
(0.355832 -0.00644739 -1.94862e-24)
(0.364235 -0.00642257 1.66222e-24)
(0.372623 -0.00640197 -2.58235e-24)
(0.380974 -0.00638521 4.8929e-25)
(0.389381 0.00637178 1.49866e-24)
(0.397586 0.0063685 1.18439e-24)
(0.40645 0.00637948 1.44518e-24)
(0.413404 0.00640112 -6.76573e-25)
(0.427036 0.00643015 -9.98588e-25)
(0.389381 0.00637178 1.49866e-24)
)
;
    }
}


// ************************************************************************* //
