/*--------------------------------*- C++ -*----------------------------------*\
  =========                 |
  \\      /  F ield         | OpenFOAM: The Open Source CFD Toolbox
   \\    /   O peration     | Website:  https://openfoam.org
    \\  /    A nd           | Version:  7
     \\/     M anipulation  |
\*---------------------------------------------------------------------------*/
FoamFile
{
    version     2.0;
    format      ascii;
    class       surfaceScalarField;
    location    "39.999";
    object      phi;
}
// * * * * * * * * * * * * * * * * * * * * * * * * * * * * * * * * * * * * * //

dimensions      [0 3 -1 0 0 0 0];

internalField   nonuniform List<scalar> 
7248
(
-0.000159374
0.000159373
-0.000435729
0.000276353
-0.000743719
0.000307987
-0.00105657
0.00031285
-0.00137154
0.000314964
-0.00169046
0.000318921
-0.00201519
0.00032473
-0.00234734
0.000332144
-0.00268835
0.000341013
-0.00303956
0.000351209
-0.00340222
0.000362655
-0.00377751
0.000375287
-0.00416647
0.000388967
-0.00456998
0.000403505
0.000419213
-0.0049892
-0.000158679
0.000318052
-0.000434232
0.000551906
-0.000741555
0.00061531
-0.00105383
0.000625123
-0.00136824
0.000629376
-0.00168662
0.000637297
-0.00201081
0.00064892
-0.00234241
0.000663751
-0.00268289
0.000681486
-0.00303355
0.000701875
-0.00339566
0.000724762
-0.00377039
0.00075002
-0.0041588
0.000777377
-0.00456175
0.000806455
0.000837854
-0.00498039
-0.000157289
0.000475341
-0.000431237
0.000825853
-0.000737227
0.000921301
-0.00104834
0.000936237
-0.00136164
0.000942679
-0.00167893
0.000954583
-0.00200204
0.000972027
-0.00233257
0.000994278
-0.00267196
0.00102088
-0.00302154
0.00105145
-0.00338255
0.00108577
-0.00375617
0.00112364
-0.00414346
0.00116467
-0.00454529
0.00120829
0.00125535
-0.00496279
-0.000155207
0.000630549
-0.000426746
0.00109739
-0.000730737
0.00122529
-0.00104011
0.00124561
-0.00135176
0.00125432
-0.00166741
0.00127023
-0.00198889
0.00129351
-0.0023178
0.00132319
-0.00265558
0.00135865
-0.00300353
0.0013994
-0.00336289
0.00144513
-0.00373484
0.0014956
-0.00412046
0.00155029
-0.00452061
0.00160844
0.00167111
-0.00493637
-0.000152436
0.000782985
-0.000420762
0.00136572
-0.000722086
0.00152662
-0.00102915
0.00155268
-0.00133858
0.00156375
-0.00165206
0.00158371
-0.00197138
0.00161284
-0.00229814
0.00164994
-0.00263375
0.00169427
-0.00297953
0.00174518
-0.0033367
0.0018023
-0.00370643
0.00186533
-0.00408981
0.00193366
-0.00448771
0.00200635
0.00208456
-0.00490116
-0.00014898
0.000931965
-0.000413289
0.00163003
-0.000711277
0.0018246
-0.00101545
0.00185685
-0.00132213
0.00187043
-0.00163288
0.00189447
-0.00194952
0.00192948
-0.00227359
0.00197401
-0.00260651
0.00202719
-0.00294957
0.00208824
-0.003304
0.00215673
-0.00367095
0.00223229
-0.00405153
0.00231423
-0.00444661
0.00240143
0.00249509
-0.00485714
-0.000144845
0.00107681
-0.00040433
0.00188951
-0.000698312
0.00211859
-0.000999022
0.00215756
-0.0013024
0.00217381
-0.00160991
0.00220197
-0.00192332
0.00224289
-0.00224417
0.00229487
-0.00257386
0.00235688
-0.00291368
0.00242806
-0.00326482
0.00250786
-0.00362844
0.00259591
-0.00400564
0.00269143
-0.00439733
0.00279312
0.0029021
-0.00480435
-0.000140036
0.00121685
-0.000393892
0.00214337
-0.000683194
0.00240789
-0.000979869
0.00245424
-0.00127941
0.00247334
-0.00158314
0.00250571
-0.0018928
0.00255255
-0.00220991
0.00261198
-0.00253584
0.00268282
-0.00287187
0.00276409
-0.00321918
0.00285517
-0.00357892
0.00295565
-0.0039522
0.00306471
-0.00433992
0.00318085
0.00330501
-0.00474283
-0.000134563
0.00135141
-0.00038198
0.00239078
-0.000665929
0.00269184
-0.000957998
0.00274631
-0.00125316
0.00276851
-0.00155259
0.00280514
-0.00185798
0.00285794
-0.00217083
0.00292482
-0.00249248
0.00300447
-0.0028242
0.0030958
-0.00316714
0.00319812
-0.00352244
0.00331095
-0.00389123
0.00343349
-0.00427441
0.00356403
0.00370322
-0.00467262
-0.000128435
0.00147984
-0.000368604
0.00263095
-0.000646521
0.00296975
-0.000933418
0.0030332
-0.00122369
0.00305877
-0.00151829
0.00309975
-0.0018189
0.00315854
-0.00212696
0.00323288
-0.00244382
0.00332133
-0.00277069
0.00342267
-0.00310872
0.00353615
-0.00345905
0.00366128
-0.00382279
0.00379723
-0.00420086
0.0039421
0.00409614
-0.00459379
-0.000121665
0.00160151
-0.000353774
0.00286306
-0.000624977
0.00324096
-0.000906137
0.00331436
-0.00119099
0.00334362
-0.00148027
0.00338903
-0.00177558
0.00345385
-0.00207835
0.00353566
-0.00238989
0.00363287
-0.0027114
0.00374418
-0.00304399
0.00386875
-0.0033888
0.00400608
-0.00374694
0.00415537
-0.00411936
0.00431451
0.00448322
-0.00450643
-0.000114265
0.00171577
-0.000337501
0.0030863
-0.000601304
0.00350476
-0.000876165
0.00358922
-0.00115508
0.00362254
-0.00143854
0.00367248
-0.00172806
0.00374337
-0.00202504
0.00383264
-0.00233076
0.00393859
-0.00264638
0.0040598
-0.00297301
0.00419537
-0.00331174
0.00434482
-0.00366375
0.00450738
-0.00402996
0.00468072
0.00486388
-0.00441063
-0.000106252
0.00182203
-0.000319801
0.00329985
-0.000575513
0.00376047
-0.000843513
0.00385722
-0.001116
0.00389503
-0.00139313
0.00394961
-0.00167637
0.00402661
-0.00196707
0.00412334
-0.00226646
0.00423798
-0.0025757
0.00436903
-0.00289583
0.0045155
-0.00322795
0.00467695
-0.00357328
0.00485271
-0.00393277
0.00504021
0.00523761
-0.00430649
-9.76455e-05
0.00191967
-0.000300692
0.0035029
-0.000547612
0.00400739
-0.000808194
0.0041178
-0.00107375
0.00416058
-0.00134408
0.00421995
-0.00162056
0.00430309
-0.00190449
0.00440727
-0.00219708
0.00453057
-0.00249942
0.00467138
-0.00281254
0.00482862
-0.00313751
0.00500191
-0.0034756
0.00519081
-0.00382787
0.00539248
0.0056039
-0.00419416
-8.84689e-05
0.00200814
-0.000280194
0.00369462
-0.000517616
0.00424481
-0.000770222
0.00437041
-0.00102836
0.00441872
-0.00129143
0.00448301
-0.00156068
0.00457233
-0.00183737
0.00468396
-0.00212266
0.00481586
-0.00241763
0.00496634
-0.00272322
0.00513422
-0.00304046
0.00531915
-0.00337074
0.00552108
-0.00371533
0.00573707
0.00596236
-0.00407378
-7.87502e-05
0.00208689
-0.000258333
0.0038742
-0.00048554
0.00447202
-0.000729613
0.00461448
-0.000979866
0.00466898
-0.00123521
0.00473835
-0.00149677
0.0048339
-0.00176577
0.00495295
-0.0020433
0.00509339
-0.00233041
0.00525346
-0.00262802
0.00543183
-0.00293699
0.00562812
-0.00325883
0.00584292
-0.00359532
0.00607356
0.00631267
-0.00394563
-6.85254e-05
0.00215542
-0.000235138
0.00404082
-0.000451402
0.00468828
-0.000686385
0.00484947
-0.000928285
0.00491088
-0.00117546
0.00498553
-0.0014289
0.00508734
-0.00168975
0.0052138
-0.00195905
0.00536269
-0.00223784
0.00553224
-0.00252696
0.00572095
-0.00282705
0.00592822
-0.00313954
0.00615541
-0.00346735
0.00640137
0.00665509
-0.00380978
-5.78335e-05
0.00221325
-0.00021064
0.00419362
-0.000415223
0.00489287
-0.000640558
0.0050748
-0.000873649
0.00514397
-0.00111224
0.00522412
-0.00135713
0.00533223
-0.0016094
0.00546607
-0.00187004
0.00562334
-0.00214005
0.00580225
-0.00242032
0.00600122
-0.00271133
0.00621923
-0.00301391
0.00645799
-0.00333227
0.00671973
0.00699048
-0.00366767
-4.66668e-05
0.00225992
-0.000184877
0.00433183
-0.000377028
0.00508502
-0.000592155
0.00528993
-0.000815995
0.00536781
-0.00104558
0.00545371
-0.00128151
0.00556817
-0.00152479
0.00570935
-0.00177635
0.00587489
-0.0020371
0.006063
-0.00230796
0.00627208
-0.00258924
0.00650051
-0.00288031
0.00674906
-0.00318528
0.00702471
0.00732267
-0.00351747
-3.50622e-05
0.00229498
-0.000157893
0.00445466
-0.000336845
0.00526397
-0.000541204
0.00549429
-0.000755358
0.00558196
-0.000975546
0.00567389
-0.00120213
0.00579475
-0.00143602
0.00594324
-0.00167809
0.00611695
-0.00192917
0.00631408
-0.00219024
0.00653315
-0.00246212
0.0067724
-0.00274404
0.00703098
-0.00303414
0.00731481
0.00765815
-0.00336963
-2.30563e-05
0.00231803
-0.000129738
0.00456135
-0.000294709
0.00542894
-0.00048774
0.00568732
-0.000691781
0.005786
-0.000902189
0.0058843
-0.00111904
0.0060116
-0.00134317
0.00616738
-0.00157538
0.00634916
-0.00181642
0.00655511
-0.00206717
0.0067839
-0.00232858
0.00703381
-0.00260108
0.00730348
-0.00288553
0.00759926
0.00793233
-0.00315971
-1.06395e-05
0.00232867
-0.000100452
0.00465116
-0.000250656
0.00557914
-0.000431807
0.00586847
-0.000625308
0.00597951
-0.000825569
0.00608456
-0.00103234
0.00621837
-0.00124634
0.00638138
-0.00146832
0.00657114
-0.00169895
0.00678574
-0.00193895
0.0070239
-0.00218923
0.00728409
-0.00245024
0.00756449
-0.00272005
0.00786907
0.00821222
-0.00299994
2.23038e-06
0.00232644
-7.00332e-05
0.00472342
-0.000204739
0.00571385
-0.000373466
0.0060372
-0.000555988
0.00616203
-0.00074575
0.00627433
-0.000942096
0.00641471
-0.00114563
0.00658491
-0.00135703
0.00678254
-0.00157692
0.00700563
-0.00180591
0.00725289
-0.00204484
0.00752302
-0.0022948
0.00781445
-0.00255607
0.00813034
0.00848048
-0.00282433
1.44668e-05
0.00231198
-3.82782e-05
0.00477617
-0.000157075
0.00583265
-0.000312803
0.00619292
-0.000483875
0.0063331
-0.000662799
0.00645325
-0.000848402
0.00660032
-0.00104114
0.00677765
-0.00124164
0.00698305
-0.00145049
0.00721448
-0.00166825
0.00747065
-0.00189577
0.00775054
-0.0021343
0.00805298
-0.00238405
0.00838009
0.00873797
-0.00264154
2.69705e-05
0.00228501
-3.17775e-06
0.00480632
-0.000107951
0.00593742
-0.000249864
0.00633484
-0.000409023
0.00649226
-0.00057679
0.00662102
-0.000751345
0.00677487
-0.000932982
0.00695929
-0.00112228
0.00717234
-0.00131978
0.00741198
-0.00152606
0.00767693
-0.00174192
0.0079664
-0.00196854
0.0082796
-0.00220587
0.00861742
0.00898308
-0.00245098
3.89938e-05
0.00224601
2.62405e-05
0.00481907
-5.81099e-05
0.00602177
-0.000184718
0.00646145
-0.000331527
0.00663907
-0.000487806
0.0067773
-0.000651016
0.00693808
-0.000821264
0.00712954
-0.000999056
0.00735014
-0.00118492
0.00759785
-0.0013794
0.0078714
-0.00158325
0.00817025
-0.00179757
0.00849392
-0.00202234
0.0088422
0.00921565
-0.00225491
5.08305e-05
0.00219518
5.78524e-05
0.00481205
-5.89591e-06
0.00608552
-0.000117525
0.00657307
-0.000251488
0.00677303
-0.000395926
0.00692173
-0.000547511
0.00708967
-0.000706095
0.00728812
-0.000872103
0.00751614
-0.00104602
0.00777177
-0.00122838
0.00805376
-0.00141987
0.00836175
-0.00162148
0.00869552
-0.00183326
0.00905398
0.00943557
-0.00205319
6.24591e-05
0.00213272
9.02466e-05
0.00478426
4.64608e-05
0.00612931
-4.85264e-05
0.00666806
-0.00016897
0.00689347
-0.000301238
0.007054
-0.000440929
0.00722936
-0.000587591
0.00743478
-0.000741546
0.0076701
-0.000903239
0.00793346
-0.00107316
0.00822368
-0.00125195
0.00854054
-0.00144045
0.00888401
-0.00163872
0.00925225
0.0096422
-0.00184534
7.36614e-05
0.00205906
0.000122796
0.00473512
0.000100228
0.00615187
2.23228e-05
0.00674597
-8.41285e-05
0.00699992
-0.000203832
0.00717371
-0.000331377
0.0073569
-0.000465876
0.00756928
-0.000607521
0.00781174
-0.000756714
0.00808266
-0.000913903
0.00838087
-0.00107965
0.00870629
-0.00125467
0.00905903
-0.00143901
0.00943659
0.00983482
-0.00163164
8.42302e-05
0.00197483
0.00015517
0.00466419
0.00015479
0.00615225
9.48862e-05
0.00680587
2.0436e-06
0.00709277
-0.000103834
0.00727958
-0.000218985
0.00747205
-0.000341076
0.00769137
-0.000470172
0.00794084
-0.000606608
0.00821909
-0.000750774
0.00852504
-0.000903153
0.00885867
-0.00106436
0.00922024
-0.00123445
0.00960668
0.010013
-0.00141258
9.39846e-05
0.00188085
0.000187025
0.00457115
0.000209785
0.00612949
0.000169093
0.00684656
9.23372e-05
0.00716952
-2.15096e-06
0.00737407
-0.000103909
0.00757381
-0.000213349
0.00780081
-0.000329652
0.00805714
-0.00045309
0.00834253
-0.000583963
0.00865591
-0.000722652
0.00899736
-0.000869723
0.00936731
-0.00102528
0.00976224
0.0101762
-0.00118857
0.000102748
0.0017781
0.000217982
0.00445591
0.000264866
0.00608261
0.000244434
0.00686699
0.000183742
0.00723021
0.000103829
0.00745398
1.35452e-05
0.0076641
-8.28928e-05
0.00789725
-0.000186143
0.00816039
-0.000296341
0.00845273
-0.000413673
0.00877324
-0.000538381
0.00912206
-0.00067099
0.00949992
-0.0008118
0.00990305
0.0103243
-0.000959883
0.000110345
0.00166775
0.000247631
0.00431863
0.000319601
0.00601064
0.000320614
0.00686598
0.000276887
0.00727394
0.000211104
0.00751977
0.000134462
0.00774074
5.03717e-05
0.00798134
-3.99776e-05
0.00825074
-0.000136578
0.00854933
-0.000240138
0.0088768
-0.000350596
0.00923252
-0.000468401
0.00961772
-0.000594299
0.010029
0.0104569
-0.000726868
0.00011661
0.00155114
0.000275539
0.0041597
0.000373495
0.00591268
0.000397258
0.00684222
0.000371503
0.0072997
0.000320434
0.00757084
0.000257182
0.00780399
0.000186436
0.00805209
0.000109316
0.00832786
2.58694e-05
0.00863277
-6.3636e-05
0.00896631
-0.000159644
0.00932853
-0.000262301
0.00972038
-0.00037298
0.0101396
0.0105738
-0.000489904
0.000121399
0.00142975
0.000301244
0.00397985
0.000425985
0.00578794
0.000473895
0.00679431
0.000467266
0.00730632
0.000431608
0.00760649
0.000382055
0.00785354
0.000324632
0.00810951
0.000261015
0.00839148
0.000191518
0.00870227
0.000115934
0.00904189
3.41236e-05
0.00941034
-5.34902e-05
0.00980799
-0.000147493
0.0102336
0.0106761
-0.000249763
0.000124597
0.00130515
0.000324262
0.00378018
0.000476428
0.00563578
0.000549956
0.00672078
0.000563783
0.0072925
0.000544354
0.00762592
0.000508906
0.00788899
0.000464968
0.00815345
0.000414921
0.00844153
0.000359303
0.00875789
0.000298122
0.00910307
0.000231373
0.00947709
0.000159028
0.00988034
8.08845e-05
0.0103118
0.0107664
-9.45093e-06
0.000126128
0.00117902
0.000344094
0.00356222
0.000524092
0.00545578
0.00062476
0.00662011
0.00066056
0.0072567
0.000658351
0.00762813
0.0006375
0.00790984
0.000607263
0.00818369
0.000570897
0.00847789
0.000529276
0.00879951
0.000482566
0.00914978
0.000430746
0.00952891
0.000373857
0.00993723
0.000311277
0.0103744
0.010834
0.000243746
0.000125964
0.00105306
0.000360176
0.00332801
0.000568159
0.0052478
0.000697503
0.00649077
0.000756983
0.00719722
0.000773199
0.00761192
0.000767565
0.00791548
0.000751296
0.00819996
0.000728736
0.00850045
0.000701209
0.00882704
0.000669048
0.00918194
0.00063231
0.00956565
0.000591103
0.00997843
0.000545426
0.01042
0.0108842
0.000495166
0.000124131
0.000928927
0.00037199
0.00308015
0.000607737
0.00501205
0.000767241
0.00633126
0.000852298
0.00711216
0.00088839
0.00757583
0.000898775
0.00790509
0.000896822
0.00820191
0.000888207
0.00850907
0.000874852
0.00884039
0.000857321
0.00919947
0.000835788
0.00958718
0.000810429
0.0100038
0.00078126
0.0104492
0.0109175
0.000747946
0.000120716
0.000808211
0.000379134
0.00282173
0.000641882
0.0047493
0.00083288
0.00614027
0.000945582
0.00699946
0.00100329
0.00751812
0.00103072
0.00787765
0.00104355
0.00818908
0.00104906
0.00850356
0.00104995
0.0088395
0.0010471
0.00920232
0.00104082
0.00959346
0.00103132
0.0100133
0.00101846
0.0104621
0.0109339
0.00100206
0.000115857
0.000692354
0.000381294
0.00255629
0.000669601
0.00446099
0.000893169
0.0059167
0.00103572
0.00685691
0.00111708
0.00743675
0.0011629
0.00783184
0.00119115
0.00816083
0.00121103
0.00848368
0.00122624
0.00882429
0.00123811
0.00919046
0.00124708
0.00958449
0.00125341
0.010007
0.0012569
0.0104586
0.0109337
0.00125714
0.000109736
0.000582618
0.000378294
0.00228773
0.000689898
0.00414939
0.000946702
0.00565989
0.00112137
0.00668225
0.00122877
0.00732935
0.00129463
0.00776598
0.00133919
0.00811627
0.00137379
0.00844908
0.00140344
0.00879463
0.00143004
0.00916386
0.00145425
0.00956028
0.00147643
0.00998479
0.00149639
0.0104386
0.0109167
0.00151338
0.000102575
0.000480042
0.000370133
0.00202018
0.000701819
0.0038177
0.000991934
0.00536978
0.00120094
0.00647324
0.00133707
0.00719323
0.00142506
0.00767799
0.00148713
0.0080542
0.00153699
0.00839922
0.00158125
0.00875037
0.00162262
0.00912249
0.00166206
0.00952083
0.00170008
0.00994677
0.00173664
0.010402
0.0108827
0.00177063
9.46209e-05
0.000385422
0.000357015
0.00175778
0.000704533
0.00347018
0.00102722
0.00504709
0.00127259
0.00622787
0.00144042
0.0070254
0.0015531
0.00756531
0.00163428
0.00797302
0.00170017
0.00833333
0.00175933
0.0086912
0.00181553
0.0090663
0.00187022
0.00946614
0.00192406
0.00989293
0.00197727
0.0103488
0.0108316
0.00202837
8.6134e-05
0.000299288
0.000339367
0.00150455
0.000697438
0.00311211
0.00105088
0.00469366
0.0013342
0.00594454
0.00153689
0.00682272
0.0016773
0.00742489
0.00177972
0.0078706
0.00186277
0.00825028
0.00193729
0.00861668
0.00200846
0.00899513
0.00207839
0.00939621
0.00214801
0.0098233
0.00221786
0.010279
0.0107634
0.0022861
7.73687e-05
0.000221919
0.000317823
0.00126409
0.000680274
0.00274966
0.00106129
0.00431264
0.00138344
0.00562239
0.00162416
0.006582
0.00179585
0.0072532
0.00192222
0.00774424
0.00202404
0.00814845
0.00211465
0.00852607
0.00220102
0.00890876
0.00228623
0.009311
0.00237158
0.00973796
0.00245801
0.0101926
0.010678
0.00254336
6.85585e-05
0.00015336
0.000293193
0.00103946
0.000653246
0.00238961
0.00105707
0.00390882
0.00141779
0.00526167
0.00169948
0.0063003
0.00190643
0.00704626
0.00206014
0.00759053
0.00218293
0.00802566
0.00229077
0.00841823
0.00239279
0.00880674
0.00249339
0.00921041
0.0025944
0.00963695
0.00269734
0.0100896
0.0105756
0.00279971
5.99047e-05
9.34556e-05
0.000266403
0.000832963
0.000617111
0.0020389
0.00103722
0.00348871
0.00143471
0.00486417
0.00175973
0.00597529
0.00200614
0.00679985
0.00219132
0.00740535
0.00233805
0.00787892
0.00246481
0.00829148
0.00258322
0.00868833
0.00269943
0.00909419
0.00281609
0.00952029
0.00293545
0.00997026
0.0104564
0.00305474
5.15728e-05
4.18828e-05
0.000238422
0.000646114
0.000573195
0.00170413
0.00100141
0.0030605
0.00143185
0.00443373
0.00180142
0.00560572
0.0020915
0.00650977
0.00231292
0.00718393
0.00248745
0.00770439
0.00263555
0.00814337
0.00277157
0.00855231
0.00290388
0.00896188
0.00303625
0.00938793
0.00317196
0.00983455
0.0103203
0.00330802
4.36941e-05
-1.81125e-06
0.00021018
0.000479627
0.000523307
0.001391
0.000950205
0.0026336
0.00140732
0.00397662
0.00182092
0.00519212
0.00215835
0.00617233
0.00242131
0.00692097
0.00262846
0.00749725
0.0028013
0.00797053
0.00295684
0.00839676
0.00310611
0.00881262
0.00325442
0.00923961
0.00340644
0.00968253
0.0101676
0.00355912
3.63698e-05
-3.81811e-05
0.000182499
0.000333499
0.000469578
0.00110392
0.000885212
0.00221797
0.0013601
0.00350173
0.00181471
0.00473751
0.00220201
0.00578503
0.00251195
0.00661104
0.00275748
0.00725171
0.00295961
0.00776841
0.00313753
0.00821884
0.00330521
0.00864494
0.00347002
0.00907481
0.00363844
0.00951411
0.00999847
0.00380759
2.96712e-05
-6.78523e-05
0.000156048
0.000207122
0.00041423
0.000845741
0.000809118
0.00182308
0.0012905
0.00302035
0.0017799
0.00424811
0.00221749
0.00534744
0.00257934
0.00624919
0.00286977
0.00696129
0.00310701
0.00753116
0.00331143
0.00801442
0.0034999
0.00845646
0.00368226
0.00889245
0.00386738
0.00932899
0.00981284
0.00405301
2.36487e-05
-9.1501e-05
0.000131338
9.94328e-05
0.000359347
0.000617732
0.000725458
0.00145697
0.00120048
0.00254532
0.00171478
0.00373381
0.00219991
0.00486232
0.00261719
0.0058319
0.00295927
0.00661921
0.00323872
0.0072517
0.00347525
0.00777789
0.00368816
0.00824355
0.00388998
0.00869063
0.00409257
0.0091264
0.00961068
0.00429473
1.83319e-05
-0.000109833
0.000108734
9.03058e-06
0.000306693
0.000419773
0.000638201
0.00112546
0.00109385
0.00208967
0.00161964
0.00320802
0.0021453
0.00433665
0.00261878
0.00535842
0.00301858
0.00621941
0.00334828
0.00692201
0.00362423
0.00750194
0.00386692
0.00800086
0.00409133
0.00846622
0.0043129
0.00890483
0.00939132
0.00453227
1.37328e-05
-0.000123566
8.84713e-05
-6.57079e-05
0.00025762
0.000250624
0.000551233
0.000831846
0.000975926
0.00166498
0.0014973
0.00268664
0.00205159
0.00378237
0.00257772
0.00483229
0.00303923
0.0057579
0.00342733
0.00653391
0.0037516
0.00717767
0.00403144
0.00772102
0.00428347
0.0082142
0.0045266
0.00866169
0.00915364
0.00476428
9.84759e-06
-0.000133413
7.06764e-05
-0.000126537
0.000213056
0.000108244
0.000467908
0.000576994
0.000852902
0.00127999
0.00135343
0.00218612
0.00191976
0.00321603
0.00248921
0.00426284
0.00301237
0.00523474
0.00346572
0.00608056
0.00384815
0.00679524
0.00417472
0.00739446
0.00446153
0.00792738
0.00473119
0.00839203
0.00889548
0.00498934
6.65671e-06
-0.00014007
5.53777e-05
-0.000175258
0.000173539
-9.91708e-06
0.000390759
0.000359774
0.000730876
0.000939872
0.00119592
0.00172107
0.00175472
0.00265723
0.00235174
0.00366582
0.00293024
0.00465624
0.00345211
0.00555869
0.00390203
0.00634532
0.0042867
0.00700979
0.0046185
0.00759558
0.00492107
0.00808947
0.00861142
0.00520513
4.12388e-06
-0.000144194
4.25132e-05
-0.000213647
0.00013927
-0.000106674
0.000321425
0.00017762
0.000615015
0.000646282
0.00103376
0.00130233
0.00156531
0.00212568
0.00216868
0.00306244
0.00278837
0.00403655
0.0033755
0.00497155
0.00389931
0.00582152
0.00435364
0.00655546
0.00474318
0.00720604
0.00509076
0.00774189
0.00829927
0.00540291
2.19549e-06
-0.000146389
3.19363e-05
-0.000243388
0.000110161
-0.000184899
0.000260696
2.70847e-05
0.000509027
0.000397951
0.00087543
0.000935929
0.00136307
0.00163804
0.00194908
0.00247644
0.00258807
0.00339755
0.00322811
0.00433151
0.00382537
0.00522426
0.00435919
0.00602164
0.00481944
0.00674579
0.00522549
0.00733584
0.00793636
0.0055884
8.04982e-07
-0.000147194
2.34229e-05
-0.000266006
8.58797e-05
-0.000247356
0.000208645
-9.56802e-05
0.000415022
0.000191574
0.000727656
0.000623295
0.00116013
0.00120557
0.0017067
0.00192986
0.00233818
0.00276608
0.00300874
0.00366095
0.00366914
0.00456385
0.00428323
0.00540756
0.00483169
0.00619733
0.00530367
0.00686386
0.00751805
0.00572198
-1.49866e-07
-0.000147044
1.66766e-05
-0.000282832
6.58939e-05
-0.000296573
0.000164767
-0.000194553
0.000333655
2.26858e-05
0.000594715
0.000362235
0.000966881
0.000833406
0.00145741
0.00143933
0.00205455
0.00216894
0.00272573
0.00298977
0.0034271
0.00386247
0.00411105
0.00472361
0.00474881
0.00555957
0.00532025
0.00629242
0.00704395
0.00579435
-8.83082e-07
-0.000146161
1.13506e-05
-0.000295066
4.95314e-05
-0.000334754
0.000128136
-0.000273157
0.000264419
-0.000113598
0.000478433
0.000148222
0.000790543
0.000521296
0.00121578
0.00101409
0.00175687
0.00162785
0.00239722
0.00234942
0.00310725
0.00315244
0.00383775
0.00399311
0.00455316
0.00484416
0.00523822
0.00560736
0.00648547
0.0057967
-1.31555e-06
-0.000144846
7.09462e-06
-0.000303476
3.60395e-05
-0.000363699
9.75582e-05
-0.000334676
0.000205991
-0.000222031
0.000378603
-2.43897e-05
0.000634703
0.000265196
0.000992521
0.000656277
0.0014641
0.00115627
0.00204745
0.00176608
0.00272997
0.00246992
0.00347243
0.00325064
0.00423618
0.00408041
0.00501627
0.00482728
0.00582626
0.00567548
-1.61214e-06
-0.000143234
3.54951e-06
-0.000308638
2.46537e-05
-0.000384803
7.17255e-05
-0.000381748
0.000156571
-0.000306876
0.000293595
-0.000161413
0.000499802
5.89886e-05
0.000793426
0.000362652
0.00119075
0.000758951
0.00170059
0.00125624
0.00232369
0.00184683
0.00303906
0.00253526
0.00381116
0.0033083
0.00464674
0.0039917
0.00507051
0.0054025
-1.90842e-06
-0.000141325
4.3151e-07
-0.000310978
1.46552e-05
-0.000399027
4.93515e-05
-0.000416444
0.00011419
-0.000371715
0.000220985
-0.000268209
0.000384045
-0.000104071
0.000619814
0.000126883
0.000945189
0.000433576
0.00137514
0.000826288
0.00191756
0.00130441
0.00257174
0.00188108
0.00331044
0.00256961
0.00414612
0.00315602
0.00424332
0.00497331
-2.29239e-06
-0.000139033
-2.72882e-06
-0.000310541
5.41017e-06
-0.000407166
2.92875e-05
-0.000440321
7.69714e-05
-0.000419399
0.000158104
-0.000349342
0.000284412
-0.000230379
0.00046984
-5.85443e-05
0.00072991
0.000173506
0.00108137
0.000474825
0.00153482
0.000850963
0.00210496
0.00131094
0.00277537
0.0018992
0.00355643
0.00237495
0.00339128
0.00440847
-2.81348e-06
-0.000136219
-5.97443e-06
-0.00030738
-3.56214e-06
-0.000409578
1.05979e-05
-0.000454481
4.3302e-05
-0.000452103
0.00010245
-0.00040849
0.000197533
-0.000325462
0.000339957
-0.000200968
0.000543046
-2.95833e-05
0.000822272
0.000195599
0.00118921
0.000484022
0.00166474
0.000835408
0.00224471
0.00131923
0.00293183
0.00168783
0.00257232
0.0037508
-3.50855e-06
-0.000132711
-9.48128e-06
-0.000301407
-1.26005e-05
-0.000406459
-7.39988e-06
-0.000459682
1.19396e-05
-0.000471443
5.19534e-05
-0.000448504
0.000120303
-0.000393811
0.000226143
-0.000306808
0.000380423
-0.000183863
0.000595972
-1.99504e-05
0.000884765
0.000195229
0.00126538
0.000454789
0.00174663
0.000837981
0.00232026
0.00111421
0.00183878
0.0030538
-4.39325e-06
-0.000128318
-1.33279e-05
-0.000292473
-2.18908e-05
-0.000397896
-2.51284e-05
-0.000456444
-1.79549e-05
-0.000478616
5.09882e-06
-0.000471557
5.02418e-05
-0.000438954
0.000124754
-0.000381321
0.000237368
-0.000296477
0.00039816
-0.000180743
0.000618657
-2.52672e-05
0.00091146
0.000161986
0.00129595
0.000453489
0.00175292
0.000657239
0.00122258
0.00236912
-5.46144e-06
-0.000122856
-1.75187e-05
-0.000280416
-3.14873e-05
-0.000383927
-4.27682e-05
-0.000445164
-4.68363e-05
-0.000474548
-3.90518e-05
-0.000479342
-1.43658e-05
-0.00046364
3.29915e-05
-0.000428678
0.000109849
-0.000373334
0.000223937
-0.000294831
0.000385356
-0.000186686
0.000601444
-5.41026e-05
0.000896424
0.000158509
0.00124479
0.000308875
0.000731625
0.00173574
-6.68789e-06
-0.000116168
-2.19987e-05
-0.000265105
-4.13242e-05
-0.000364602
-6.02989e-05
-0.000426189
-7.48301e-05
-0.000460017
-8.09373e-05
-0.000473235
-7.44934e-05
-0.000470084
-5.09577e-05
-0.000452214
-5.14161e-06
-0.00041915
6.91676e-05
-0.00036914
0.0001796
-0.000297119
0.00033095
-0.000205452
0.000545829
-5.63702e-05
0.000800279
5.44252e-05
0.000357122
0.00117478
-8.0319e-06
-0.000108136
-2.66655e-05
-0.000246471
-5.12433e-05
-0.000340024
-7.75403e-05
-0.000399892
-0.000101802
-0.000435755
-0.000120581
-0.000454455
-0.000130496
-0.000460169
-0.000127975
-0.000454735
-0.000109
-0.000438125
-6.92731e-05
-0.000408867
-3.83423e-06
-0.000362558
9.58053e-05
-0.000305092
0.000240107
-0.000200672
0.000418203
-0.000123671
8.42427e-05
0.000691082
-9.44147e-06
-9.86949e-05
-3.13833e-05
-0.000224529
-6.10208e-05
-0.000310386
-9.42001e-05
-0.000366713
-0.000127434
-0.000402522
-0.000157713
-0.000424176
-0.000182263
-0.00043562
-0.00019829
-0.000438707
-0.000202783
-0.000433633
-0.00019243
-0.00041922
-0.000162152
-0.000392837
-0.000110495
-0.000356748
-2.58781e-05
-0.000285289
9.55749e-05
-0.000245124
-9.86642e-05
0.000278482
-1.08575e-05
-8.78373e-05
-3.59953e-05
-0.000199392
-7.03932e-05
-0.000275989
-0.000109918
-0.000327188
-0.000151295
-0.000361145
-0.000191878
-0.000383593
-0.000229384
-0.000398113
-0.000261644
-0.000406447
-0.000286394
-0.000408883
-0.000301075
-0.000404539
-0.000302162
-0.000391749
-0.000288339
-0.000370572
-0.000245513
-0.000328115
-0.000184737
-0.0003059
-0.000212076
-7.1325e-05
-1.22182e-05
-7.56192e-05
-4.03368e-05
-0.000171273
-7.90815e-05
-0.000237244
-0.000124306
-0.000281963
-0.000172905
-0.000312546
-0.000222528
-0.00033397
-0.000271292
-0.000349349
-0.000317516
-0.000360223
-0.000359496
-0.000366903
-0.000395282
-0.000368753
-0.000422343
-0.000364688
-0.000438758
-0.000354156
-0.000434805
-0.000332068
-0.000419586
-0.000321119
-0.000273011
-0.000358652
-1.34624e-05
-6.21568e-05
-4.42458e-05
-0.000140489
-8.68114e-05
-0.000194678
-0.00013698
-0.000231794
-0.000191778
-0.000257748
-0.000249096
-0.000276653
-0.000307366
-0.000291078
-0.000365282
-0.000302308
-0.000421558
-0.000310627
-0.000474705
-0.000315605
-0.000522837
-0.000316557
-0.000563952
-0.000313041
-0.00059217
-0.000303851
-0.000612494
-0.000300795
-0.000283063
-0.000602441
-1.45337e-05
-4.76231e-05
-4.75729e-05
-0.00010745
-9.33307e-05
-0.00014892
-0.000147587
-0.000177537
-0.000207469
-0.000197867
-0.000271053
-0.000213069
-0.000337015
-0.000225116
-0.000404328
-0.000234995
-0.000472014
-0.000242942
-0.000538932
-0.000248687
-0.000603658
-0.000251831
-0.000664495
-0.000252203
-0.000718194
-0.000250151
-0.000767196
-0.000251793
-0.000250518
-0.000799742
-1.53834e-05
-3.22397e-05
-5.0189e-05
-7.26447e-05
-9.84223e-05
-0.000100687
-0.000155824
-0.000120135
-0.000219592
-0.000134099
-0.000287943
-0.000144719
-0.000359727
-0.000153331
-0.000434117
-0.000160605
-0.000510352
-0.000166708
-0.000587549
-0.000171489
-0.000664635
-0.000174745
-0.000740352
-0.000176486
-0.000813107
-0.000177397
-0.000884275
-0.000180624
-0.000185349
-0.000949444
-1.59724e-05
-1.62673e-05
-5.19922e-05
-3.66249e-05
-0.000101915
-5.0764e-05
-0.000161452
-6.05988e-05
-0.000227847
-6.77032e-05
-0.000299407
-7.31587e-05
-0.000375099
-7.76389e-05
-0.000454222
-8.14818e-05
-0.000536155
-8.47746e-05
-0.000620193
-8.74516e-05
-0.000705506
-8.94323e-05
-0.000791226
-9.07662e-05
-0.000876716
-9.19064e-05
-0.000963119
-9.42216e-05
-9.8216e-05
-0.00105025
-1.62738e-05
-5.29117e-05
-0.000103692
-0.000164307
-0.000232027
-0.000305202
-0.000382855
-0.000464349
-0.000549133
-0.000636588
-0.000726018
-0.000816772
-0.000908655
-0.00100284
-0.00110099
-0.00515161
0.000162413
-0.0052563
0.000104686
-0.00534448
8.81792e-05
-0.00539905
5.45668e-05
-0.00544516
4.61163e-05
-0.00547051
2.53501e-05
-0.00549129
2.07724e-05
-0.00549868
7.39156e-06
-0.00550343
4.74656e-06
-0.00549923
-4.19991e-06
-0.00549318
-6.04546e-06
-0.00548085
-1.23277e-05
-0.00546719
-1.36668e-05
-0.00544917
-1.80202e-05
-0.00543003
-1.91405e-05
-0.00540775
-2.22807e-05
-0.00538444
-2.33127e-05
-0.00535874
-2.57003e-05
-0.005332
-2.67322e-05
-2.8703e-05
-0.00514319
0.00032521
-0.00524815
0.000209644
-0.00533678
0.000176807
-0.00539171
0.000109502
-0.0054383
9.2708e-05
-0.00546408
5.11244e-05
-0.00548532
4.2019e-05
-0.00549316
1.52305e-05
-0.00549836
9.94546e-06
-0.00549463
-7.93458e-06
-0.00548905
-1.16222e-05
-0.00547719
-2.41899e-05
-0.00546398
-2.68741e-05
-0.00544643
-3.55749e-05
-0.00542774
-3.78239e-05
-0.00540592
-4.40989e-05
-0.00538307
-4.61697e-05
-0.00535783
-5.09412e-05
-0.00533155
-5.30105e-05
-5.69501e-05
-0.00512634
0.000488767
-0.00523187
0.000315169
-0.00532137
0.000266312
-0.00537705
0.000165181
-0.00542459
0.000140242
-0.00545121
7.77509e-05
-0.0054734
6.4209e-05
-0.00548214
2.3966e-05
-0.00548824
1.60469e-05
-0.00548544
-1.07402e-05
-0.00548079
-1.62658e-05
-0.00546986
-3.51215e-05
-0.00545757
-3.91652e-05
-0.00544094
-5.22e-05
-0.00542317
-5.5595e-05
-0.00540228
-6.49934e-05
-0.00538033
-6.81169e-05
-0.00535601
-7.52647e-05
-0.00533064
-7.8382e-05
-8.42862e-05
-0.00510105
0.000653445
-0.00520747
0.000421588
-0.00529827
0.000357112
-0.00535509
0.000222005
-0.00540403
0.000189176
-0.00543195
0.000105668
-0.00545554
8.78059e-05
-0.00546563
3.40551e-05
-0.00547308
2.34999e-05
-0.00547167
-1.21565e-05
-0.00546842
-1.95134e-05
-0.00545889
-4.46567e-05
-0.00544797
-5.00852e-05
-0.00543273
-6.74318e-05
-0.00541633
-7.19996e-05
-0.00539682
-8.45041e-05
-0.00537623
-8.87012e-05
-0.00535329
-9.82138e-05
-0.00532927
-0.000102395
-0.000110258
-0.00506729
0.00081958
-0.00517493
0.000529224
-0.00526747
0.000449652
-0.00532585
0.000280386
-0.00537664
0.000239968
-0.0054063
0.000135328
-0.00543176
0.000113265
-0.00544366
4.59611e-05
-0.00545291
3.27495e-05
-0.00545336
-1.17154e-05
-0.00545195
-2.09177e-05
-0.00544428
-5.23266e-05
-0.00543518
-5.91824e-05
-0.00542181
-8.08078e-05
-0.00540722
-8.65862e-05
-0.00538955
-0.000102173
-0.00537078
-0.000107472
-0.00534966
-0.000119334
-0.00532746
-0.0001246
-0.000134413
-0.00502505
0.000987489
-0.00513423
0.000638409
-0.00522897
0.000544386
-0.00528933
0.000340748
-0.00534244
0.00029308
-0.00537431
0.000167192
-0.00540208
0.000141039
-0.00541628
6.01599e-05
-0.00542779
4.42578e-05
-0.00543051
-8.98809e-06
-0.00543141
-2.0025e-05
-0.00542607
-5.76604e-05
-0.00541924
-6.60117e-05
-0.00540818
-9.18678e-05
-0.00539586
-9.89062e-05
-0.00538049
-0.000117546
-0.00536398
-0.000123981
-0.00534514
-0.000138174
-0.00532519
-0.000144551
-0.000156304
-0.00497433
0.00115747
-0.00508541
0.000749487
-0.00518279
0.000641768
-0.00524558
0.000403536
-0.00530146
0.000348965
-0.005336
0.000201734
-0.00536654
0.000171576
-0.00538352
7.7134e-05
-0.00539769
5.84366e-05
-0.00540323
-3.45277e-06
-0.00540682
-1.64394e-05
-0.00540428
-6.01954e-05
-0.00540017
-7.01215e-05
-0.00539188
-0.000100155
-0.00538227
-0.000108514
-0.00536965
-0.00013017
-0.00535585
-0.000137784
-0.00533973
-0.000154286
-0.00532248
-0.000161803
-0.000175485
-0.00491516
0.0013298
-0.00502848
0.00086281
-0.00512896
0.000742248
-0.00519464
0.000469213
-0.00525374
0.000408069
-0.00529145
0.000239443
-0.00532519
0.000205312
-0.00534541
9.73541e-05
-0.00536283
7.58552e-05
-0.00537147
5.18798e-06
-0.00537816
-9.74655e-06
-0.00537896
-5.93971e-05
-0.005378
-7.10854e-05
-0.00537293
-0.000105221
-0.00536648
-0.000114969
-0.00535705
-0.000139601
-0.00534639
-0.000148442
-0.00533345
-0.000167227
-0.00531933
-0.000175919
-0.000191516
-0.00484758
0.00150476
-0.00496351
0.000978738
-0.00506753
0.000846267
-0.00513658
0.000538266
-0.00519933
0.00047082
-0.00524071
0.000280826
-0.00527807
0.00024267
-0.00530202
0.000121306
-0.00532311
9.69476e-05
-0.00533525
1.73239e-05
-0.00534569
6.94465e-07
-0.00535009
-5.49956e-05
-0.00535275
-6.84235e-05
-0.00535136
-0.000106616
-0.0053485
-0.000117832
-0.0053427
-0.000145397
-0.00533562
-0.000155518
-0.00532629
-0.000176559
-0.00531575
-0.000186465
-0.000203962
-0.00477165
0.00168263
-0.00489056
0.00109764
-0.00499853
0.000954242
-0.00507147
0.000611208
-0.00513828
0.000537626
-0.00518385
0.000326398
-0.00522525
0.000284064
-0.00525343
0.000149488
-0.00527851
0.000122028
-0.00529512
3.39304e-05
-0.00530899
1.4567e-05
-0.00531776
-4.62223e-05
-0.00532451
-6.16788e-05
-0.0053272
-0.000103919
-0.00532836
-0.000116673
-0.00532663
-0.000147124
-0.00532357
-0.000158583
-0.00531828
-0.00018185
-0.00531173
-0.000193011
-0.000212392
-0.00468747
0.00186367
-0.00480973
0.0012199
-0.00492204
0.00106656
-0.00499941
0.000688577
-0.00507066
0.000608875
-0.00512096
0.000376691
-0.00516678
0.000329891
-0.00519968
0.000182387
-0.00522918
0.000151525
-0.00525036
5.51141e-05
-0.00526883
3.30382e-05
-0.00528205
-3.30085e-05
-0.00529326
-5.04665e-05
-0.0053005
-9.66794e-05
-0.0053061
-0.000111068
-0.00530888
-0.000144353
-0.00531024
-0.000157214
-0.00530942
-0.000182676
-0.00530729
-0.000195136
-0.000216385
-0.00459513
0.00204817
-0.00472114
0.00134591
-0.00483814
0.00118356
-0.00492051
0.000770942
-0.00499656
0.000684931
-0.00505211
0.000432242
-0.00510277
0.00038055
-0.00514088
0.000220491
-0.00517522
0.000185868
-0.00520151
8.14075e-05
-0.00522477
5.62937e-05
-0.00524304
-1.4735e-05
-0.00525908
-3.44279e-05
-0.00527129
-8.44677e-05
-0.00528176
-0.0001006
-0.00528945
-0.000136663
-0.00529567
-0.000150993
-0.00529973
-0.00017862
-0.00530244
-0.000192424
-0.000215524
-0.00449474
0.00223642
-0.00462495
0.00147612
-0.00474692
0.00130554
-0.00483488
0.000858898
-0.00491608
0.000766135
-0.00497743
0.00049359
-0.00503331
0.000436431
-0.0050771
0.000264276
-0.0051167
0.000225472
-0.00514855
0.000113258
-0.00517712
8.48595e-05
-0.00520073
8.87959e-06
-0.00522203
-1.31326e-05
-0.00523962
-6.68782e-05
-0.00525537
-8.4846e-05
-0.00526839
-0.000123641
-0.00527987
-0.000139512
-0.00528922
-0.000169271
-0.00529718
-0.000184467
-0.000209402
-0.00438644
0.00242869
-0.00452134
0.00161101
-0.00464849
0.00143269
-0.00474265
0.00095306
-0.00482934
0.000852816
-0.00489701
0.000561264
-0.00495851
0.000497929
-0.00500844
0.000314205
-0.00505371
0.000270749
-0.00509152
0.000151064
-0.00512593
0.00011927
-0.0051552
3.81453e-05
-0.0051821
1.37715e-05
-0.00520553
-4.34508e-05
-0.00522698
-6.33962e-05
-0.00524573
-0.000104887
-0.00526288
-0.000122368
-0.00527792
-0.000154232
-0.00529152
-0.000170866
-0.000197619
-0.00427038
0.00262529
-0.00441053
0.00175116
-0.004543
0.00156516
-0.00464399
0.00105405
-0.00473647
0.000945298
-0.00481098
0.00063577
-0.00487849
0.000565446
-0.004935
0.000370716
-0.00498636
0.000322106
-0.00503054
0.000195244
-0.00507101
0.000159745
-0.0051067
7.38291e-05
-0.00513946
4.65334e-05
-0.00516912
-1.37898e-05
-0.00519663
-3.58914e-05
-0.00522151
-8.00023e-05
-0.00524471
-9.9173e-05
-0.00526583
-0.000133108
-0.00528547
-0.000151229
-0.000179785
-0.00414673
0.00282639
-0.00429278
0.00189721
-0.00443062
0.00170301
-0.00453904
0.00116246
-0.00463766
0.00104391
-0.00471947
0.000717581
-0.00479341
0.00063939
-0.00485692
0.000434226
-0.00491477
0.000379952
-0.00496572
0.000246198
-0.00501268
0.0002067
-0.00505497
0.000116121
-0.00509435
8.59128e-05
-0.00513032
2.21789e-05
-0.0051644
-1.80315e-06
-0.00519574
-4.8665e-05
-0.00522539
-6.95214e-05
-0.00525298
-0.000105519
-0.00527904
-0.000125175
-0.000155519
-0.00401578
0.0030324
-0.00416841
0.00204985
-0.00431164
0.00184623
-0.00442803
0.00127886
-0.00453313
0.00114901
-0.00462267
0.00080712
-0.00470345
0.000720172
-0.00477434
0.000505117
-0.00483907
0.000444687
-0.00489718
0.000304303
-0.00495101
0.000260532
-0.00500029
0.000165403
-0.00504654
0.000132166
-0.00508957
6.52035e-05
-0.00513012
3.87436e-05
-0.00516851
-1.02747e-05
-0.00520497
-3.30572e-05
-0.00523939
-7.10972e-05
-0.00527223
-9.23332e-05
-0.000124453
-0.00387771
0.00324244
-0.00403776
0.00220989
-0.00418633
0.0019948
-0.00431115
0.00140369
-0.00442309
0.00126095
-0.00452073
0.000904756
-0.00460875
0.000808193
-0.00468739
0.000583753
-0.0047594
0.000516699
-0.00482501
0.00036992
-0.00488609
0.000321609
-0.00494273
0.000222042
-0.00499618
0.000185614
-0.00504647
0.00011549
-0.00509436
8.66351e-05
-0.00513977
3.51348e-05
-0.00518346
1.06351e-05
-0.00522508
-2.94751e-05
-0.00526507
-5.23393e-05
-8.62266e-05
-0.00373407
0.00345905
-0.00390184
0.00237766
-0.00405551
0.00214847
-0.00418888
0.00153706
-0.00430797
0.00138004
-0.00441393
0.00101072
-0.00450959
0.000903847
-0.00459628
0.000670444
-0.00467595
0.000596367
-0.00474941
0.000443379
-0.00481809
0.000390292
-0.00488243
0.000286379
-0.00494343
0.000246616
-0.0050013
0.000173367
-0.00505674
0.000142069
-0.00510978
8.81771e-05
-0.00516088
6.17305e-05
-0.00521007
1.97182e-05
-0.00525757
-4.83643e-06
-4.04977e-05
-0.00359105
0.00368048
-0.00376529
0.00255189
-0.00392287
0.00230605
-0.00406504
0.00167923
-0.00419138
0.00150637
-0.00430561
0.00112496
-0.00440893
0.00100716
-0.00450346
0.000764974
-0.0045908
0.000683703
-0.00467195
0.000524532
-0.00474832
0.000466662
-0.00482033
0.000358395
-0.00488906
0.000315341
-0.00495464
0.000238951
-0.00501783
0.000205253
-0.00507863
0.00014898
-0.00513754
0.000120641
-0.00519448
7.66598e-05
-0.00524976
5.04414e-05
1.30438e-05
-0.00953606
0.00348429
0.00973224
-0.00946799
0.00248382
-0.0094891
0.00232717
-0.0094977
0.00168783
-0.00953954
0.00154821
-0.00956565
0.00115107
-0.00960557
0.00104709
-0.00963271
0.000792111
-0.00966526
0.00071625
-0.00968819
0.000547468
-0.00971288
0.00049135
-0.00973058
0.000376098
-0.00974843
0.000333187
-0.00976123
0.000251748
-0.0097734
0.000217421
-0.0097818
0.000157388
-0.00978923
0.000128065
-0.00979363
8.1062e-05
-0.00979695
5.37601e-05
1.38937e-05
-0.00964731
0.00329917
0.00983244
-0.00959426
0.00243076
-0.00956673
0.00229964
-0.00956876
0.00168985
-0.0095899
0.00156936
-0.00960852
0.00116969
-0.00963738
0.00107595
-0.00965873
0.000813455
-0.0096848
0.000742324
-0.00970374
0.000566403
-0.00972446
0.000512076
-0.00973949
0.000391119
-0.00975485
0.000348551
-0.00976587
0.000262774
-0.0097765
0.000228048
-0.0097838
0.000164686
-0.00979032
0.000134583
-0.00979418
8.49247e-05
-0.00979711
5.66874e-05
1.45855e-05
-0.00975378
0.0031222
0.00993075
-0.00969883
0.00237581
-0.00964624
0.00224705
-0.00963893
0.00168254
-0.00964104
0.00157146
-0.00965265
0.0011813
-0.00967003
0.00109333
-0.00968609
0.000829517
-0.00970509
0.000761319
-0.00972026
0.000581576
-0.00973654
0.000528354
-0.00974898
0.000403561
-0.00976152
0.00036109
-0.00977082
0.000272079
-0.00977968
0.000236906
-0.00978591
0.000170918
-0.0097914
0.00014007
-0.00979474
8.82681e-05
-0.00979721
5.91543e-05
1.51739e-05
-0.00985368
0.00295554
0.0100203
-0.00978661
0.00230875
-0.00972162
0.00218206
-0.00970475
0.00166568
-0.00969153
0.00155824
-0.00969596
0.00118573
-0.00970255
0.00109992
-0.00971353
0.000840493
-0.00972546
0.000773253
-0.00973703
0.000593141
-0.00974874
0.000540064
-0.00975867
0.000413497
-0.00976827
0.000370687
-0.00977589
0.000279699
-0.0097829
0.000243913
-0.00978808
0.0001761
-0.00979249
0.000144483
-0.00979531
9.10879e-05
-0.00979729
6.11336e-05
1.56803e-05
-0.00994344
0.00279939
0.0100996
-0.00986432
0.00222963
-0.00979157
0.0021093
-0.00976507
0.00163918
-0.00974027
0.00153344
-0.00973729
0.00118275
-0.00973454
0.00109717
-0.00974031
0.000846265
-0.00974569
0.000778631
-0.00975362
0.000601077
-0.00976092
0.000547363
-0.00976835
0.000420924
-0.00977504
0.00037738
-0.00978097
0.000285631
-0.00978613
0.000249067
-0.00979026
0.000180227
-0.00979359
0.000147818
-0.00979588
9.33767e-05
-0.00979737
6.26224e-05
1.6111e-05
-0.0100213
0.00265096
0.0101697
-0.00993377
0.00214212
-0.00985565
0.00203119
-0.00982
0.00160352
-0.00978651
0.00149995
-0.00977617
0.00117241
-0.0097656
0.00108661
-0.00976607
0.000846734
-0.00976559
0.000778151
-0.00976982
0.00060531
-0.00977301
0.000550551
-0.00977788
0.000425799
-0.00978179
0.000381288
-0.00978601
0.000289849
-0.00978936
0.000252415
-0.00979242
0.000183286
-0.00979469
0.000150091
-0.00979644
9.51239e-05
-0.00979744
6.36313e-05
1.64661e-05
-0.0100878
0.00250732
0.0102314
-0.00999559
0.00204993
-0.00991371
0.0019493
-0.00987007
0.00155989
-0.00982982
0.0014597
-0.00981251
0.0011551
-0.00979541
0.00106951
-0.00979064
0.000841961
-0.00978499
0.000772496
-0.00978549
0.000605815
-0.0097849
0.000549964
-0.00978719
0.000428087
-0.00978848
0.00038257
-0.00979095
0.000292328
-0.00979257
0.000254029
-0.00979454
0.000185258
-0.00979578
0.000151333
-0.00979698
9.63176e-05
-0.00979752
6.41782e-05
1.67428e-05
-0.0101452
0.00236734
0.0102852
-0.0100504
0.00195519
-0.00996587
0.00186473
-0.00991571
0.00150973
-0.00987002
0.00141401
-0.00984637
0.00113145
-0.00982375
0.00104689
-0.00981395
0.000832164
-0.00980373
0.00076227
-0.00980055
0.000602643
-0.00979652
0.000545931
-0.00979622
0.000427788
-0.00979505
0.000381399
-0.00979578
0.000293053
-0.00979574
0.000253997
-0.00979662
0.000186132
-0.00979687
0.000151585
-0.0097975
9.69467e-05
-0.00979761
6.42866e-05
1.69358e-05
-0.0101951
0.00223084
0.0103316
-0.010099
0.00185913
-0.0100125
0.00177822
-0.00995721
0.0014544
-0.00990705
0.00136385
-0.00987781
0.0011022
-0.00985044
0.00101952
-0.00983596
0.000817679
-0.00982167
0.000747985
-0.00981495
0.00059592
-0.00980777
0.000538755
-0.00980493
0.00042494
-0.00980147
0.000377943
-0.00980045
0.000292033
-0.00979886
0.000252411
-0.00979863
0.0001859
-0.00979794
0.000150897
-0.009798
9.70039e-05
-0.0097977
6.39825e-05
1.70386e-05
-0.0102386
0.00209787
0.0103716
-0.010142
0.00176256
-0.0100542
0.00169035
-0.00999481
0.00139502
-0.00994097
0.00131001
-0.00990689
0.00106812
-0.00987542
0.000988052
-0.00985665
0.000798907
-0.00983873
0.00073007
-0.00982864
0.000585833
-0.00981859
0.000528704
-0.00981327
0.00041962
-0.00980769
0.000372362
-0.00980495
0.000289295
-0.00980191
0.000249363
-0.00980058
0.000184573
-0.009799
0.000149317
-0.00979848
9.64877e-05
-0.00979779
6.32925e-05
1.70454e-05
-0.0102765
0.00196844
0.0104059
-0.01018
0.00166607
-0.0100913
0.00160164
-0.0100288
0.00133251
-0.0099719
0.00125312
-0.00993369
0.00102991
-0.00989864
0.000953001
-0.00987601
0.000776274
-0.00985483
0.000708896
-0.00984161
0.000572608
-0.00982892
0.000516014
-0.00982124
0.00041194
-0.00981368
0.000364803
-0.00980927
0.000284891
-0.00980485
0.000244941
-0.00980245
0.000182171
-0.00980003
0.000146895
-0.00979894
9.54034e-05
-0.00979789
6.22422e-05
1.69517e-05
-0.0103095
0.00184254
0.0104354
-0.0102134
0.00157006
-0.0101243
0.00151252
-0.0100594
0.00126758
-0.01
0.00119374
-0.00995829
0.000988194
-0.00992012
0.000914833
-0.00989404
0.000750197
-0.00986994
0.000684792
-0.00985382
0.00055649
-0.00983871
0.000500904
-0.0098288
0.000402033
-0.0098194
0.000355401
-0.0098134
0.000278889
-0.00980768
0.000239227
-0.00980424
0.000178725
-0.00980102
0.000143679
-0.00979938
9.37631e-05
-0.009798
6.08553e-05
1.6755e-05
-0.0103381
0.0017201
0.0104605
-0.0102428
0.00147481
-0.0101536
0.00142334
-0.0100869
0.00120079
-0.0100254
0.00113233
-0.00998077
0.000943513
-0.00993989
0.000873959
-0.00991076
0.000721068
-0.00988403
0.000658058
-0.00986527
0.000537726
-0.00984793
0.000483573
-0.00983595
0.000390044
-0.00982483
0.000344287
-0.00981732
0.000271372
-0.00981039
0.000232302
-0.00980594
0.000174279
-0.00980198
0.000139715
-0.0097998
9.15846e-05
-0.0097981
5.91539e-05
1.64549e-05
-0.0103629
0.00160101
0.010482
-0.0102686
0.00138047
-0.0101796
0.00133439
-0.0101114
0.00113259
-0.0100484
0.0010693
-0.0100012
0.000896331
-0.00995802
0.000830749
-0.0099262
0.000689248
-0.00989711
0.000628971
-0.00987594
0.00051656
-0.00985658
0.000464213
-0.00984266
0.000376126
-0.00982996
0.000331584
-0.00982102
0.000262429
-0.00981296
0.000224242
-0.00980756
0.000168881
-0.00980289
0.000135048
-0.0098002
8.88904e-05
-0.0097982
5.71583e-05
1.60527e-05
-0.0103844
0.00148513
0.0105003
-0.0102911
0.00128718
-0.0102026
0.0012459
-0.0101334
0.00106334
-0.0100691
0.00100501
-0.0100198
0.000847041
-0.00997456
0.000785532
-0.00994037
0.000655061
-0.00990919
0.000597787
-0.00988585
0.000493221
-0.00986464
0.000443003
-0.00984894
0.000360429
-0.00983477
0.000317413
-0.00982449
0.000252153
-0.00981538
0.000215124
-0.00980908
0.000162585
-0.00980375
0.000129721
-0.00980057
8.57065e-05
-0.0097983
5.48879e-05
1.55514e-05
-0.0104029
0.00137229
0.0105158
-0.0103107
0.001195
-0.0102229
0.00115802
-0.0101529
0.000993318
-0.0100876
0.000939741
-0.0100365
0.00079598
-0.00998959
0.000738601
-0.00995333
0.000618797
-0.00992029
0.000564743
-0.00989499
0.000467929
-0.00987211
0.000420116
-0.00985478
0.000343103
-0.00983926
0.00030189
-0.00982775
0.000240641
-0.00981765
0.000205024
-0.00981051
0.000155449
-0.00980457
0.000123779
-0.00980092
8.20612e-05
-0.0097984
5.23615e-05
1.49551e-05
-0.0104189
0.00126232
0.0105289
-0.0103278
0.00110394
-0.0102407
0.00107086
-0.0101701
0.000922761
-0.0101041
0.000873744
-0.0100516
0.000743434
-0.0100032
0.000690217
-0.00996512
0.000580719
-0.00993043
0.000530059
-0.00990339
0.000440886
-0.00987899
0.000395716
-0.00986018
0.000324291
-0.00984342
0.00028513
-0.00983077
0.000227988
-0.00981976
0.000194016
-0.00981184
0.000147531
-0.00980533
0.000117267
-0.00980125
7.79847e-05
-0.00979849
4.95971e-05
1.42688e-05
-0.0104326
0.00115501
0.0105399
-0.0103427
0.00101402
-0.0102563
0.000984479
-0.0101854
0.000851847
-0.0101188
0.000807213
-0.0100651
0.00068965
-0.0100154
0.000640604
-0.00997579
0.000541059
-0.00993966
0.000493933
-0.00991105
0.00041228
-0.0098853
0.000369957
-0.00986514
0.000304134
-0.00984725
0.000267244
-0.00983355
0.000214289
-0.00982171
0.000182173
-0.00981307
0.000138891
-0.00980603
0.000110226
-0.00980155
7.35077e-05
-0.00979857
4.66129e-05
1.34981e-05
-0.0104443
0.00105016
0.0105492
-0.0103555
0.000925206
-0.0102699
0.000898908
-0.0101988
0.000780717
-0.0101319
0.000740305
-0.0100771
0.000634836
-0.0100264
0.00058996
-0.00998539
0.000500027
-0.009948
0.000456549
-0.00991801
0.000382288
-0.00989104
0.000342985
-0.00986967
0.000282764
-0.00985076
0.000248338
-0.00983611
0.000199638
-0.00982351
0.000169569
-0.0098142
0.000129589
-0.00980668
0.000102702
-0.00980183
6.8662e-05
-0.00979865
4.34265e-05
1.26491e-05
-0.0104543
0.000947561
0.0105569
-0.0103665
0.000837449
-0.0102818
0.000814147
-0.0102105
0.000709478
-0.0101434
0.000673148
-0.0100877
0.000579173
-0.0100362
0.000538455
-0.00999397
0.000457809
-0.00995549
0.00041807
-0.00992427
0.000351071
-0.00989623
0.000314938
-0.00987377
0.000260307
-0.00985395
0.000228518
-0.00983844
0.000184127
-0.00982514
0.000156275
-0.00981524
0.000119684
-0.00980727
9.47375e-05
-0.00980209
6.34791e-05
-0.00979872
4.00559e-05
1.1728e-05
-0.0104627
0.000847001
0.0105633
-0.010376
0.000750689
-0.010292
0.000730176
-0.0102207
0.000638212
-0.0101534
0.000605836
-0.010097
0.000522811
-0.0100448
0.000486235
-0.0100016
0.000414572
-0.00996217
0.000378646
-0.00992987
0.000318779
-0.00990088
0.000285945
-0.00987746
0.000236884
-0.00985682
0.000207882
-0.00984054
0.000167842
-0.00982662
0.000142362
-0.00981617
0.000109235
-0.00980781
8.63753e-05
-0.00980232
5.79909e-05
-0.00979879
3.65186e-05
1.07413e-05
-0.0104698
0.000748271
0.0105686
-0.010384
0.00066485
-0.0103008
0.000646957
-0.0102295
0.000566976
-0.0101621
0.000538445
-0.0101052
0.000465879
-0.0100524
0.000433427
-0.0100083
0.000370465
-0.00996806
0.000338413
-0.00993483
0.000285553
-0.00990501
0.000256124
-0.00988074
0.00021261
-0.00985938
0.000186525
-0.00984241
0.000150872
-0.00982795
0.000127897
-0.00981701
9.82993e-05
-0.00980829
7.76578e-05
-0.00980253
5.22289e-05
-0.00979885
3.28322e-05
9.69555e-06
-0.0104758
0.000651162
0.0105729
-0.0103908
0.000579848
-0.0103082
0.000564435
-0.0102371
0.000495808
-0.0101697
0.000471028
-0.0101123
0.000408485
-0.010059
0.000380139
-0.0100141
0.000325623
-0.00997321
0.000297491
-0.00993917
0.00025152
-0.00990864
0.00022559
-0.00988362
0.000187595
-0.00986164
0.000164539
-0.00984407
0.000133298
-0.00982912
0.000112947
-0.00981775
8.69349e-05
-0.00980872
6.8627e-05
-0.00980272
4.62244e-05
-0.0097989
2.90139e-05
8.59724e-06
-0.0104807
0.000555469
0.0105764
-0.0103964
0.000495591
-0.0103145
0.000482549
-0.0102434
0.000424728
-0.010176
0.000403622
-0.0101183
0.000350721
-0.0100646
0.000326463
-0.0100191
0.000280165
-0.00997764
0.000255994
-0.00994292
0.000216801
-0.00991178
0.000194448
-0.00988612
0.000161941
-0.0098636
0.000142013
-0.0098455
0.000115203
-0.00983013
9.75781e-05
-0.0098184
7.51975e-05
-0.00980909
5.93238e-05
-0.00980288
4.00086e-05
-0.00979894
2.5081e-05
7.45298e-06
-0.0104847
0.00046099
0.0105791
-0.010401
0.000411978
-0.0103197
0.000401224
-0.0102487
0.000353745
-0.0101814
0.000336251
-0.0101233
0.000292662
-0.0100693
0.000272479
-0.0100234
0.000234198
-0.00998138
0.000214021
-0.00994609
0.000181508
-0.00991444
0.000162796
-0.00988825
0.000135749
-0.00986526
0.00011903
-0.00984672
9.66647e-05
-0.009831
8.18535e-05
-0.00981894
6.31422e-05
-0.00980941
4.97889e-05
-0.00980301
3.36122e-05
-0.00979898
2.10504e-05
6.26933e-06
-0.0104878
0.000367526
0.0105813
-0.0104048
0.000328906
-0.0103239
0.000320384
-0.010253
0.000282854
-0.0101857
0.00026893
-0.0101274
0.000234372
-0.0100732
0.000218258
-0.0100268
0.00018782
-0.00998446
0.000171667
-0.0099487
0.000145746
-0.00991663
0.00013073
-0.00989
0.000109115
-0.00986664
9.56721e-05
-0.00984774
7.77605e-05
-0.00983172
6.58351e-05
-0.0098194
5.08232e-05
-0.00980967
4.00621e-05
-0.00980313
2.70657e-05
-0.00979902
1.69388e-05
5.05286e-06
-0.0104903
0.000274883
0.0105829
-0.0104076
0.000246264
-0.0103272
0.000239945
-0.0102564
0.000212042
-0.0101891
0.000201663
-0.0101307
0.000175906
-0.0100763
0.000163858
-0.0100296
0.000141123
-0.0099869
0.000129016
-0.00995077
0.000109615
-0.00991838
9.83375e-05
-0.00989139
8.21296e-05
-0.00986774
7.20177e-05
-0.00984854
5.85655e-05
-0.00983229
4.95835e-05
-0.00981976
3.82942e-05
-0.00980988
3.01826e-05
-0.00980322
2.03995e-05
-0.00979904
1.27628e-05
3.81014e-06
-0.0104921
0.000182862
0.0105841
-0.0104097
0.000163938
-0.0103296
0.00015982
-0.0102589
0.000141291
-0.0101916
0.000134446
-0.010133
0.000117313
-0.0100785
0.000109333
-0.0100316
9.41898e-05
-0.00998872
8.61481e-05
-0.00995231
7.32105e-05
-0.00991968
6.57041e-05
-0.00989243
5.48842e-05
-0.00986856
4.81426e-05
-0.00984915
3.91539e-05
-0.00983272
3.31578e-05
-0.00982004
2.56086e-05
-0.00981004
2.01887e-05
-0.00980329
1.36438e-05
-0.00979906
8.53837e-06
2.54786e-06
-0.0104932
9.13043e-05
0.0105848
-0.0104111
8.17953e-05
-0.0103312
7.99275e-05
-0.0102605
7.05691e-05
-0.0101933
6.72763e-05
-0.0101346
5.86291e-05
-0.01008
5.47331e-05
-0.0100329
4.70965e-05
-0.00998992
4.31427e-05
-0.00995333
3.66219e-05
-0.00992054
3.29149e-05
-0.00989312
2.74636e-05
-0.0098691
2.41236e-05
-0.00984955
1.95966e-05
-0.00983301
1.66181e-05
-0.00982022
1.28174e-05
-0.00981015
1.01195e-05
-0.00980333
6.82796e-06
-0.00979907
4.28202e-06
1.27248e-06
-0.0104936
0.0105849
-0.0104118
-0.0103319
-0.0102613
-0.0101941
-0.0101354
-0.0100807
-0.0100336
-0.00999046
-0.00995384
-0.00992092
-0.00989346
-0.00986933
-0.00984974
-0.00983312
-0.0098203
-0.00981018
-0.00980335
-0.00979907
-0.00308589
0.00965842
-0.00302903
0.00977558
-0.00296527
0.00986699
-0.00289441
0.00994948
-0.00281706
0.0100222
-0.0027338
0.0100864
-0.00264507
0.0101427
-0.00255144
0.0101915
-0.00245353
0.0102337
-0.00235188
0.0102699
-0.00224699
0.010301
-0.00213928
0.0103276
-0.00202912
0.0103504
-0.00191686
0.0103697
-0.00180279
0.0103862
-0.00168717
0.0104001
-0.00157023
0.0104119
-0.00145217
0.0104218
-0.00133319
0.0104302
-0.00121344
0.0104371
-0.00109307
0.0104429
-0.000972214
0.0104477
-0.000850984
0.0104516
-0.00072949
0.0104549
-0.000607828
0.0104575
-0.000486091
0.0104596
-0.00036436
0.0104612
-0.000242709
0.0104624
-0.00012121
0.0104633
0.0104637
-0.00294608
0.00960455
-0.00288807
0.00971757
-0.00282507
0.00980399
-0.00275736
0.00988176
-0.00268441
0.00994929
-0.00260621
0.0100082
-0.00252291
0.0100594
-0.00243489
0.0101035
-0.00234262
0.0101414
-0.00224662
0.0101739
-0.00214734
0.0102018
-0.0020452
0.0102255
-0.00194058
0.0102457
-0.0018338
0.010263
-0.00172516
0.0102776
-0.00161494
0.0102899
-0.00150336
0.0103003
-0.00139063
0.0103091
-0.00127694
0.0103165
-0.00116246
0.0103226
-0.00104732
0.0103278
-0.000931664
0.010332
-0.000815607
0.0103356
-0.000699257
0.0103385
-0.000582709
0.0103409
-0.000466055
0.0103429
-0.000349375
0.0103445
-0.000232747
0.0103458
-0.000116256
0.0103468
0.0103475
-0.00278452
0.00956475
-0.00273357
0.00966662
-0.002675
0.00974542
-0.00261081
0.00981758
-0.00254126
0.00987974
-0.00246671
0.00993369
-0.00238746
0.00998013
-0.00230389
0.01002
-0.00221647
0.010054
-0.0021256
0.0100831
-0.00203172
0.0101079
-0.00193518
0.010129
-0.00183632
0.0101469
-0.00173545
0.0101621
-0.00163282
0.0101749
-0.00152869
0.0101858
-0.00142326
0.0101949
-0.00131673
0.0102026
-0.00120926
0.010209
-0.00110101
0.0102144
-0.000992112
0.0102189
-0.000882689
0.0102226
-0.000772852
0.0102257
-0.000662701
0.0102284
-0.000552328
0.0102306
-0.000441819
0.0102324
-0.000331253
0.0102339
-0.000220704
0.0102352
-0.000110258
0.0102364
0.0102372
-0.00260974
0.00953294
-0.00256729
0.00962417
-0.00251634
0.00969448
-0.00245819
0.00975943
-0.00239372
0.00981528
-0.00232385
0.00986382
-0.00224923
0.00990551
-0.00217043
0.00994115
-0.00208796
0.00997154
-0.00200229
0.00999741
-0.00191381
0.0100194
-0.00182286
0.010038
-0.00172977
0.0100538
-0.00163481
0.0100671
-0.00153822
0.0100784
-0.00144023
0.0100878
-0.00134102
0.0100957
-0.00124076
0.0101023
-0.00113962
0.0101079
-0.00103773
0.0101125
-0.000935209
0.0101164
-0.000832172
0.0101196
-0.00072872
0.0101223
-0.000624945
0.0101246
-0.000520933
0.0101265
-0.000416765
0.0101282
-0.000312513
0.0101297
-0.00020825
0.010131
-0.000104051
0.0101322
0.0101332
-0.00242309
0.00950505
-0.00238539
0.00958647
-0.00234109
0.00965017
-0.00228981
0.00970816
-0.00223204
0.0097575
-0.00216859
0.00980038
-0.00210021
0.00983713
-0.00202758
0.00986852
-0.00195129
0.00989525
-0.00187183
0.00991794
-0.00178961
0.00993717
-0.001705
0.00995341
-0.0016183
0.00996711
-0.00152979
0.00997862
-0.00143971
0.00998827
-0.00134827
0.00999635
-0.00125564
0.0100031
-0.00116199
0.0100087
-0.00106748
0.0100134
-0.000972216
0.0100172
-0.000876328
0.0100205
-0.000779918
0.0100232
-0.000683083
0.0100255
-0.000585909
0.0100274
-0.000488477
0.0100291
-0.000390863
0.0100306
-0.00029314
0.010032
-0.000195373
0.0100332
-9.76332e-05
0.0100344
0.0100355
-0.00223148
0.00948163
-0.00219768
0.00955267
-0.00215821
0.0096107
-0.00211252
0.00966246
-0.00206101
0.009706
-0.00200421
0.00974358
-0.00194264
0.00977555
-0.00187688
0.00980276
-0.00180748
0.00982585
-0.00173492
0.00984538
-0.00165962
0.00986186
-0.00158192
0.00987572
-0.00150215
0.00988733
-0.00142057
0.00989704
-0.00133742
0.00990512
-0.0012529
0.00991183
-0.0011672
0.00991738
-0.00108048
0.00992196
-0.000992871
0.00992575
-0.000904509
0.00992887
-0.000815504
0.00993146
-0.00072596
0.00993363
-0.000635969
0.00993547
-0.000545616
0.00993706
-0.000454979
0.00993847
-0.000364131
0.00993976
-0.000273144
0.00994098
-0.000182082
0.00994216
-9.10077e-05
0.00994334
0.00994452
-0.00203529
0.00946373
-0.00200706
0.00952444
-0.00197295
0.00957659
-0.00193253
0.00962204
-0.00188674
0.00966021
-0.00183608
0.00969292
-0.001781
0.00972047
-0.00172199
0.00974376
-0.00165951
0.00976336
-0.00159396
0.00977983
-0.00152572
0.00979363
-0.00145514
0.00980513
-0.0013825
0.0098147
-0.00130807
0.00982261
-0.00123207
0.00982912
-0.00115471
0.00983446
-0.00107615
0.00983882
-0.000996562
0.00984237
-0.000916077
0.00984526
-0.00083482
0.00984761
-0.000752902
0.00984954
-0.000670423
0.00985115
-0.000587475
0.00985252
-0.000504139
0.00985372
-0.000420492
0.00985483
-0.000336607
0.00985588
-0.000252552
0.00985693
-0.000168391
0.00985799
-8.41831e-05
0.00985913
0.00986033
-0.00183323
0.00945162
-0.00181152
0.00950273
-0.0017838
0.00954887
-0.00174949
0.00958773
-0.00170982
0.00962054
-0.00166538
0.00964848
-0.00161674
0.00967183
-0.00156437
0.00969139
-0.00150871
0.0097077
-0.00145012
0.00972125
-0.00138896
0.00973247
-0.00132553
0.0097417
-0.0012601
0.00974927
-0.00119291
0.00975542
-0.00112418
0.00976039
-0.0010541
0.00976438
-0.000982827
0.00976756
-0.000910523
0.00977007
-0.000837317
0.00977205
-0.000763328
0.00977362
-0.000688665
0.00977488
-0.000613424
0.00977591
-0.000537692
0.00977679
-0.000461551
0.00977758
-0.000385075
0.00977835
-0.000308334
0.00977914
-0.000231396
0.00977999
-0.000154322
0.00978092
-7.71682e-05
0.00978198
0.00978316
-0.00162548
0.00944546
-0.00161032
0.00948757
-0.00158925
0.0095278
-0.00156164
0.00956013
-0.00152869
0.00958759
-0.00149096
0.00961075
-0.00144909
0.00962995
-0.00140358
0.00964589
-0.00135489
0.009659
-0.00130338
0.00966974
-0.00124939
0.00967848
-0.00119321
0.00968552
-0.00113508
0.00969114
-0.00107524
0.00969558
-0.0010139
0.00969905
-0.00095122
0.0097017
-0.00088737
0.00970371
-0.000822492
0.00970519
-0.000756711
0.00970627
-0.000690143
0.00970705
-0.000622889
0.00970763
-0.000555043
0.00970806
-0.000486691
0.00970843
-0.00041791
0.0097088
-0.000348774
0.00970921
-0.000279349
0.00970971
-0.000209701
0.00971034
-0.000139891
0.00971111
-6.99711e-05
0.00971206
0.00971319
-0.00141272
0.00944559
-0.00140413
0.00947899
-0.00138961
0.00951327
-0.00136881
0.00953933
-0.00134284
0.00956162
-0.00131217
0.00958008
-0.00127741
0.0095952
-0.00123909
0.00960756
-0.00119763
0.00961755
-0.00115343
0.00962554
-0.00110681
0.00963185
-0.00105805
0.00963675
-0.00100739
0.00964049
-0.000955062
0.00964325
-0.00090125
0.00964523
-0.000846126
0.00964658
-0.000789844
0.00964742
-0.000732539
0.00964789
-0.000674333
0.00964807
-0.000615334
0.00964806
-0.000555642
0.00964793
-0.000495347
0.00964777
-0.000434531
0.00964762
-0.00037327
0.00964754
-0.000311633
0.00964758
-0.000249687
0.00964777
-0.000187495
0.00964815
-0.000125116
0.00964873
-6.26004e-05
0.00964954
0.00965059
-0.00119535
0.00945237
-0.00119358
0.00947722
-0.00118568
0.00950537
-0.00117173
0.00952538
-0.00115279
0.00954267
-0.0011293
0.0095566
-0.00110186
0.00956775
-0.00107093
0.00957663
-0.00103695
0.00958357
-0.00100028
0.00958887
-0.000961227
0.0095928
-0.000920078
0.0095956
-0.00087707
0.00959748
-0.000832415
0.0095986
-0.000786299
0.00959912
-0.000738886
0.00959917
-0.000690324
0.00959886
-0.000640742
0.0095983
-0.000590258
0.00959758
-0.000538978
0.00959678
-0.000486996
0.00959595
-0.000434401
0.00959517
-0.000381271
0.00959449
-0.00032768
0.00959395
-0.000273697
0.00959359
-0.000219385
0.00959346
-0.000164805
0.00959357
-0.000110016
0.00959394
-5.50647e-05
0.00959459
0.00959553
-0.000973563
0.00946605
-0.000978918
0.00948257
-0.000977831
0.00950428
-0.000970925
0.00951847
-0.000959112
0.00953086
-0.000942912
0.0095404
-0.000922886
0.00954772
-0.000899495
0.00955324
-0.000873136
0.00955721
-0.000844153
0.00955989
-0.000812843
0.00956149
-0.000779472
0.00956223
-0.000744271
0.00956228
-0.000707446
0.00956177
-0.000669176
0.00956085
-0.000629621
0.00955961
-0.000588922
0.00955816
-0.000547205
0.00955659
-0.000504585
0.00955496
-0.000461164
0.00955335
-0.000417033
0.00955182
-0.000372278
0.00955042
-0.000326975
0.00954919
-0.000281198
0.00954817
-0.000235011
0.00954741
-0.000188478
0.00954692
-0.000141658
0.00954675
-9.46081e-05
0.00954689
-4.73733e-05
0.00954736
0.00954815
-0.000747687
0.00948687
-0.000760343
0.00949523
-0.000766252
0.00951019
-0.000766619
0.00951884
-0.000762111
0.00952635
-0.000753349
0.00953163
-0.000740864
0.00953524
-0.000725127
0.00953751
-0.000706524
0.00953861
-0.000685362
0.00953872
-0.000661922
0.00953805
-0.000636461
0.00953677
-0.000609201
0.00953502
-0.000580339
0.00953291
-0.000550047
0.00953056
-0.00051848
0.00952804
-0.000485775
0.00952546
-0.000452055
0.00952287
-0.000417428
0.00952034
-0.000381994
0.00951792
-0.000345843
0.00951567
-0.000309059
0.00951363
-0.000271715
0.00951184
-0.000233883
0.00951034
-0.000195627
0.00950915
-0.000157008
0.0095083
-0.000118085
0.00950782
-7.89137e-05
0.00950772
-3.95364e-05
0.00950798
0.00950862
-0.000518172
0.00951514
-0.000538208
0.00951527
-0.000551239
0.00952322
-0.000559035
0.00952664
-0.000561986
0.0095293
-0.00056083
0.00953048
-0.000556032
0.00953044
-0.000548081
0.00952955
-0.000537368
0.00952789
-0.000524146
0.0095255
-0.000508697
0.0095226
-0.000491265
0.00951934
-0.000472063
0.00951582
-0.000451281
0.00951213
-0.000429085
0.00950836
-0.000405624
0.00950458
-0.00038103
0.00950086
-0.000355422
0.00949726
-0.000328905
0.00949382
-0.000301577
0.00949059
-0.000273525
0.00948762
-0.00024483
0.00948494
-0.000215565
0.00948258
-0.000185799
0.00948057
-0.000155597
0.00947895
-0.000125018
0.00947772
-9.41181e-05
0.00947693
-6.29544e-05
0.00947656
-3.15649e-05
0.00947659
0.00947705
-0.000285855
0.00955123
-0.000312911
0.00954232
-0.000333257
0.00954357
-0.000348519
0.0095419
-0.000359049
0.00953983
-0.000365625
0.00953705
-0.000368627
0.00953344
-0.000368576
0.0095295
-0.000365908
0.00952522
-0.000360744
0.00952034
-0.000353395
0.00951526
-0.000344098
0.00951004
-0.000333059
0.00950478
-0.000320462
0.00949953
-0.000306466
0.00949436
-0.000291216
0.00948933
-0.000274837
0.00948449
-0.000257445
0.00947987
-0.000239144
0.00947552
-0.000220027
0.00947148
-0.00020018
0.00946777
-0.000179682
0.00946444
-0.000158605
0.0094615
-0.000137016
0.00945899
-0.000114979
0.00945691
-9.25521e-05
0.0094553
-6.97909e-05
0.00945416
-4.67536e-05
0.00945352
-2.34714e-05
0.00945331
0.00945358
-5.29042e-05
0.00959469
-8.53544e-05
0.00957477
-0.000113417
0.00957163
-0.000135717
0.0095642
-0.000153916
0.00955803
-0.000168205
0.00955134
-0.000179081
0.00954432
-0.000187
0.00953742
-0.000192469
0.00953069
-0.000195436
0.0095233
-0.000196277
0.0095161
-0.000195204
0.00950897
-0.000192418
0.00950199
-0.000188094
0.00949521
-0.000182389
0.00948866
-0.000175438
0.00948238
-0.000167365
0.00947641
-0.000158281
0.00947078
-0.000148286
0.00946552
-0.000137473
0.00946066
-0.000125924
0.00945622
-0.000113717
0.00945223
-0.000100923
0.00944871
-8.76087e-05
0.00944567
-7.38356e-05
0.00944314
-5.96625e-05
0.00944112
-4.5142e-05
0.00943964
-3.03364e-05
0.00943871
-1.52713e-05
0.00943824
0.00943831
0.000192527
0.00964591
0.000149514
0.00961778
0.000112588
0.00960856
8.13676e-05
0.00959542
5.41983e-05
0.0095852
3.11284e-05
0.00957441
1.12477e-05
0.0095642
-5.24108e-06
0.00955391
-1.82498e-05
0.0095437
-2.91731e-05
0.00953423
-3.80855e-05
0.00952501
-4.51875e-05
0.00951607
-5.06439e-05
0.00950745
-5.46091e-05
0.00949917
-5.72231e-05
0.00949127
-5.86136e-05
0.00948377
-5.8896e-05
0.00947669
-5.81761e-05
0.00947006
-5.65499e-05
0.0094639
-5.41056e-05
0.00945822
-5.09242e-05
0.00945304
-4.7081e-05
0.00944839
-4.26458e-05
0.00944427
-3.76833e-05
0.00944071
-3.22548e-05
0.00943771
-2.64188e-05
0.00943529
-2.02264e-05
0.00943345
-1.37349e-05
0.00943222
-6.99267e-06
0.0094315
0.00943132
0.000437904
0.00970317
0.000387012
0.00966868
0.000342733
0.00965284
0.000303312
0.00963484
0.000268337
0.00962018
0.000237168
0.00960558
0.000209413
0.00959195
0.000184555
0.00957877
0.000162106
0.00956615
0.000142114
0.00955422
0.000124276
0.00954285
0.000108349
0.009532
9.41327e-05
0.00952166
8.14572e-05
0.00951185
7.01716e-05
0.00950256
6.01427e-05
0.0094938
5.12499e-05
0.00948559
4.3385e-05
0.00947793
3.64495e-05
0.00947083
3.03535e-05
0.00946431
2.50142e-05
0.00945838
2.03554e-05
0.00945305
1.63065e-05
0.00944832
1.28014e-05
0.00944421
9.7782e-06
0.00944073
7.17824e-06
0.00943789
4.94284e-06
0.00943569
3.0436e-06
0.00943412
1.35506e-06
0.00943319
0.00943267
0.000683399
0.00976771
0.000624708
0.00972737
0.000572466
0.00970508
0.000524955
0.00968235
0.000481782
0.00966335
0.000442309
0.00964505
0.000406111
0.00962815
0.000372769
0.00961211
0.000341958
0.00959696
0.000313464
0.00958271
0.000287077
0.00956923
0.00026258
0.0095565
0.000239783
0.00954446
0.00021852
0.00953311
0.000198644
0.00952243
0.000180023
0.00951242
0.000162541
0.00950307
0.00014609
0.00949438
0.000130572
0.00948635
0.000115899
0.00947899
0.000101989
0.00947229
8.87655e-05
0.00946627
7.61578e-05
0.00946093
6.40996e-05
0.00945627
5.2529e-05
0.0094523
4.13864e-05
0.00944903
3.0618e-05
0.00944645
2.01671e-05
0.00944457
9.98855e-06
0.00944337
0.00944266
0.000929901
0.00983987
0.00086292
0.00979435
0.000802597
0.0097654
0.00074695
0.009738
0.000695576
0.00971472
0.000647768
0.00969286
0.000603141
0.00967278
0.000561329
0.00965392
0.000522058
0.00963623
0.000485055
0.00961972
0.000450112
0.00960418
0.000417034
0.00958957
0.000385642
0.00957585
0.000355775
0.00956298
0.000327291
0.00955092
0.000300063
0.00953965
0.000273974
0.00952916
0.00024892
0.00951943
0.000224803
0.00951047
0.000201537
0.00950225
0.000179039
0.00949479
0.000157235
0.00948808
0.000136052
0.00948211
0.000115424
0.0094769
9.52903e-05
0.00947244
7.55898e-05
0.00946873
5.62668e-05
0.00946578
3.72692e-05
0.00946357
1.85453e-05
0.00946209
0.00946121
0.00117713
0.00991989
0.00110177
0.0098697
0.00103324
0.00983394
0.000969449
0.00980179
0.000909835
0.00977434
0.000853683
0.00974902
0.000800648
0.00972581
0.000750376
0.0097042
0.000702588
0.00968402
0.00065705
0.00966525
0.000613542
0.00964769
0.000571873
0.00963124
0.000531874
0.00961585
0.000493391
0.00960146
0.000456286
0.00958802
0.000420435
0.0095755
0.000385723
0.00956387
0.000352048
0.00955311
0.000319314
0.0095432
0.000287435
0.00953413
0.000256329
0.0095259
0.00022592
0.00951848
0.000196138
0.00951189
0.000166916
0.00950612
0.000138191
0.00950116
0.000109902
0.00949702
8.19937e-05
0.00949369
5.44123e-05
0.00949115
2.71085e-05
0.00948939
0.00948832
0.00142552
0.0100077
0.00134221
0.00995302
0.00126533
0.00991082
0.00119324
0.00987388
0.00112523
0.00984234
0.00106065
0.0098136
0.000999116
0.00978734
0.000940305
0.00976301
0.000883933
0.00974039
0.000829786
0.0097194
0.00077765
0.00969982
0.000727339
0.00968155
0.000678686
0.0096645
0.000631545
0.0096486
0.000585779
0.00963379
0.000541268
0.00962001
0.000497899
0.00960724
0.00045557
0.00959544
0.000414188
0.00958458
0.000373665
0.00957465
0.00033392
0.00956564
0.000294878
0.00955753
0.000256467
0.0095503
0.00021862
0.00954397
0.000181273
0.00953851
0.000144366
0.00953393
0.00010784
0.00953021
7.16403e-05
0.00952735
3.57167e-05
0.00952532
0.00952403
0.00167521
0.0101032
0.00158371
0.0100445
0.00149836
0.00999616
0.00141783
0.00995441
0.00134136
0.00991881
0.00126826
0.0098867
0.00119817
0.00985744
0.00113076
0.00983042
0.00106576
0.0098054
0.00100296
0.0097822
0.000942149
0.00976063
0.000883159
0.00974054
0.000825822
0.00972184
0.000769995
0.00970443
0.000715546
0.00968824
0.000662353
0.00967321
0.000610308
0.00965928
0.000559309
0.00964644
0.000509262
0.00963463
0.000460079
0.00962384
0.000411681
0.00961404
0.000363991
0.00960522
0.000316936
0.00959736
0.000270448
0.00959045
0.000224464
0.00958449
0.000178921
0.00957947
0.000133759
0.00957537
8.8922e-05
0.00957219
4.43598e-05
0.00956988
0.00956839
0.00192544
0.0102061
0.00182573
0.0101442
0.00173181
0.0100901
0.00164277
0.0100434
0.00155778
0.0100038
0.00147612
0.00996836
0.00139742
0.00993613
0.00132137
0.00990647
0.00124771
0.00987906
0.00117623
0.00985368
0.00110674
0.00983012
0.00103905
0.00980823
0.000973019
0.00978787
0.000908497
0.00976895
0.000845356
0.00975138
0.000783478
0.00973508
0.000722753
0.00972001
0.000663081
0.00970611
0.000604368
0.00969334
0.000546526
0.00968168
0.000489474
0.00967109
0.000433135
0.00966156
0.000377436
0.00965306
0.000322308
0.00964558
0.000267684
0.00963912
0.000213502
0.00963365
0.000159702
0.00962918
0.000106223
0.00962567
5.30135e-05
0.00962309
0.00962141
0.00217571
0.0103165
0.00206781
0.0102521
0.00196529
0.0101926
0.00186767
0.0101411
0.0017741
0.0100974
0.00168385
0.0100586
0.00159652
0.0100235
0.00151181
0.00999118
0.00142948
0.00996139
0.00134932
0.00993384
0.00127113
0.00990831
0.00119475
0.00988461
0.00112002
0.0098626
0.00104681
0.00984216
0.00097499
0.0098232
0.000904436
0.00980564
0.000835043
0.0097894
0.00076671
0.00977444
0.000699345
0.00976071
0.000632858
0.00974817
0.000567167
0.00973678
0.000502194
0.00972653
0.000437866
0.00971739
0.00037411
0.00970934
0.000310861
0.00970237
0.000248052
0.00969646
0.000185623
0.0096916
0.000123512
0.00968778
6.1662e-05
0.00968494
0.00968307
0.00242557
0.0104343
0.00230953
0.0103682
0.0021984
0.0103037
0.00209215
0.0102473
0.00198997
0.0101996
0.0018911
0.0101575
0.00179513
0.0101194
0.00170177
0.0100845
0.00161077
0.0100524
0.00152193
0.0100227
0.00143507
0.00999518
0.00135
0.00996967
0.0012666
0.009946
0.00118472
0.00992404
0.00110424
0.00990369
0.00102503
0.00988484
0.000946994
0.00986744
0.000870028
0.00985141
0.000794037
0.0098367
0.000718933
0.00982327
0.000644631
0.00981108
0.000571054
0.00980011
0.000498124
0.00979032
0.000425769
0.00978169
0.000353921
0.00977422
0.000282513
0.00976787
0.00021148
0.00976264
0.00014076
0.0097585
7.02911e-05
0.00975541
0.00975336
0.00267455
0.0105594
0.00255046
0.0104923
0.00243077
0.0104234
0.00231588
0.0103622
0.00220506
0.0103104
0.00209755
0.010265
0.00199294
0.0102241
0.00189093
0.0101866
0.00179128
0.010152
0.00169378
0.0101202
0.00159826
0.0100907
0.00150454
0.0100634
0.0014125
0.010038
0.00132198
0.0100146
0.00123287
0.0099928
0.00114505
0.00997266
0.00105841
0.00995408
0.000972855
0.00993697
0.000888281
0.00992127
0.000804602
0.00990695
0.000721734
0.00989395
0.000639594
0.00988225
0.000558106
0.00987181
0.000477196
0.0098626
0.000396791
0.00985462
0.000316823
0.00984784
0.000237226
0.00984223
0.000157936
0.00983779
7.88856e-05
0.00983446
0.00983224
0.00292222
0.0106919
0.00279017
0.0106243
0.00266197
0.0105516
0.00253844
0.0104857
0.00241896
0.0104298
0.00230282
0.0103811
0.00218958
0.0103373
0.00207897
0.0102972
0.00197071
0.0102603
0.0018646
0.0102263
0.00176045
0.0101948
0.00165813
0.0101657
0.00155749
0.0101387
0.00145838
0.0101137
0.0013607
0.0100905
0.00126431
0.010069
0.00116912
0.0100493
0.00107503
0.0100311
0.000981924
0.0100144
0.000889727
0.00999915
0.000798348
0.00998533
0.000707704
0.00997289
0.000617715
0.00996179
0.000528304
0.00995201
0.000439399
0.00994353
0.000350927
0.00993631
0.00026282
0.00993034
0.000175012
0.0099256
8.74311e-05
0.00992204
0.00991968
0.00316811
0.0108319
0.00302821
0.0107642
0.00289168
0.0106882
0.00275958
0.0106178
0.00263144
0.010558
0.00250662
0.010506
0.00238477
0.0104591
0.00226557
0.0104164
0.00214874
0.0103771
0.00203405
0.010341
0.00192134
0.0103076
0.00181047
0.0102766
0.00170129
0.0102479
0.00159366
0.0102213
0.00148746
0.0101967
0.00138259
0.0101739
0.00127892
0.0101529
0.00117635
0.0101336
0.00107479
0.0101159
0.000974152
0.0100998
0.000874334
0.0100851
0.000775258
0.010072
0.00067684
0.0100602
0.000579002
0.0100499
0.000481667
0.0100409
0.000384762
0.0100332
0.000288215
0.0100269
0.000191956
0.0100219
9.59117e-05
0.0100181
0.0100156
0.00341178
0.0109792
0.00326411
0.0109119
0.00311934
0.0108329
0.00297872
0.0107585
0.00284195
0.0106948
0.00270852
0.0106394
0.00257813
0.0105895
0.00245044
0.0105441
0.00232511
0.0105025
0.00220191
0.0104642
0.00208071
0.0104288
0.00196136
0.0103959
0.00184371
0.0103655
0.00172763
0.0103374
0.001613
0.0103113
0.00149971
0.0102872
0.00138763
0.010265
0.00127668
0.0102446
0.00116675
0.0102259
0.00105775
0.0102088
0.000949575
0.0101933
0.00084215
0.0101794
0.000735389
0.010167
0.000629208
0.010156
0.000523529
0.0101465
0.000418275
0.0101385
0.00031337
0.0101318
0.000208742
0.0101265
0.000104314
0.0101225
0.0101199
0.00365276
0.011134
0.00349753
0.0110671
0.00334485
0.0109856
0.00319587
0.0109074
0.00305043
0.0108402
0.00290832
0.0107815
0.00276937
0.0107285
0.0026332
0.0106802
0.00249941
0.0106362
0.00236779
0.0105958
0.00223818
0.0105584
0.00211044
0.0105237
0.00198442
0.0104915
0.00185999
0.0104618
0.00173702
0.0104343
0.00161541
0.0104088
0.00149504
0.0103854
0.0013758
0.0103638
0.0012576
0.0103441
0.00114033
0.0103261
0.00102391
0.0103097
0.000908244
0.0102951
0.000793241
0.010282
0.000678821
0.0102705
0.000564899
0.0102605
0.000451396
0.010252
0.000338234
0.010245
0.000225335
0.0102394
0.00011262
0.0102352
0.0102325
0.00389062
0.0112964
0.00372769
0.0112301
0.00356716
0.0111461
0.00341001
0.0110646
0.0032561
0.0109941
0.0031055
0.0109321
0.00295819
0.0108758
0.00281368
0.0108247
0.00267154
0.0107784
0.00253158
0.0107358
0.00239366
0.0106963
0.00225762
0.0106597
0.00212332
0.0106259
0.00199062
0.0105945
0.00185942
0.0105655
0.00172959
0.0105387
0.00160102
0.0105139
0.00147361
0.0104912
0.00134724
0.0104704
0.00122182
0.0104515
0.00109726
0.0104343
0.000973457
0.0104189
0.000850326
0.0104051
0.000727777
0.010393
0.000605724
0.0103825
0.000484084
0.0103736
0.000362774
0.0103663
0.000241715
0.0103604
0.00012082
0.0103561
0.0103533
0.00412497
0.0114662
0.00395492
0.0114001
0.00378704
0.011314
0.00362178
0.0112298
0.00345918
0.0111567
0.00329991
0.0110914
0.00314414
0.0110316
0.00299129
0.0109776
0.00284086
0.0109288
0.00269268
0.0108839
0.00254657
0.0108424
0.00240237
0.0108039
0.00225992
0.0107683
0.0021191
0.0107353
0.0019798
0.0107048
0.00184189
0.0106766
0.00170526
0.0106506
0.0015698
0.0106267
0.00143541
0.0106048
0.00130198
0.0105849
0.00116941
0.0105669
0.00103761
0.0105507
0.000906485
0.0105362
0.000775943
0.0105235
0.000645894
0.0105126
0.000516251
0.0105033
0.000386926
0.0104956
0.000257836
0.0104895
0.000128892
0.0104851
0.0104822
0.00435491
0.0116435
0.00417713
0.0115779
0.00400197
0.0114892
0.00382918
0.0114026
0.00365853
0.0113274
0.00349114
0.0112588
0.00332726
0.0111954
0.00316621
0.0111386
0.00300762
0.0110874
0.00285134
0.0110402
0.00269714
0.0109966
0.00254487
0.0109562
0.00239437
0.0109188
0.00224554
0.0108841
0.00209825
0.0108521
0.00195238
0.0108224
0.0018078
0.0107952
0.00166442
0.0107701
0.00152212
0.0107471
0.00138081
0.0107262
0.00124036
0.0107073
0.0011007
0.0106903
0.000961714
0.0106752
0.000823313
0.0106619
0.000685402
0.0106505
0.000547889
0.0106408
0.000410684
0.0106328
0.000273696
0.0106265
0.000136834
0.0106219
0.0106191
0.00458118
0.0118266
0.00439719
0.0117619
0.00421502
0.0116714
0.00403399
0.0115837
0.0038546
0.0115067
0.00367872
0.0114346
0.00350651
0.0113676
0.00333725
0.0113079
0.00317062
0.011254
0.0030064
0.0112045
0.0028443
0.0111587
0.00268414
0.0111164
0.00252579
0.0110771
0.00236914
0.0110408
0.00221405
0.0110072
0.00206039
0.0109761
0.00190806
0.0109475
0.00175694
0.0109212
0.00160693
0.0108971
0.0014579
0.0108753
0.00130976
0.0108554
0.00116241
0.0108377
0.00101574
0.0108219
0.000869659
0.010808
0.00072406
0.0107961
0.000578851
0.010786
0.000433937
0.0107777
0.000289222
0.0107712
0.000144609
0.0107665
0.0107637
0.00479953
0.0120164
0.00460844
0.011953
0.00442035
0.0118594
0.00423287
0.0117711
0.00404637
0.0116932
0.00386301
0.011618
0.0036829
0.0115478
0.00350564
0.0114852
0.0033311
0.0114286
0.00315902
0.0113765
0.00298908
0.0113286
0.00282112
0.0112843
0.00265502
0.0112432
0.00249064
0.0112052
0.00232784
0.01117
0.00216652
0.0111374
0.00200654
0.0111075
0.00184781
0.0110799
0.00169019
0.0110548
0.00153359
0.0110319
0.00137789
0.0110111
0.00122299
0.0109926
0.00106877
0.0109761
0.000915146
0.0109617
0.000762003
0.0109492
0.000609242
0.0109387
0.000456763
0.0109302
0.000304465
0.0109235
0.000152244
0.0109188
0.0109159
0.00501669
0.0122049
0.00482103
0.0121486
0.00462506
0.0120554
0.00442843
0.0119678
0.00423343
0.0118882
0.00404194
0.0118095
0.00385367
0.011736
0.00366848
0.0116704
0.00348625
0.0116108
0.00330655
0.0115562
0.00312906
0.0115061
0.0029536
0.0114598
0.00278002
0.0114168
0.00260819
0.011377
0.00243797
0.0113402
0.00226924
0.0113062
0.00210189
0.0112748
0.0019358
0.011246
0.00177084
0.0112197
0.00160692
0.0111958
0.0014439
0.0111742
0.00128169
0.0111548
0.00112018
0.0111376
0.000959248
0.0111226
0.000798797
0.0111097
0.000638718
0.0110988
0.000478906
0.01109
0.000319255
0.0110832
0.000159654
0.0110784
0.0110756
0.00521362
0.0123941
0.00501683
0.0123454
0.00481858
0.0122537
0.00461736
0.012169
0.00441678
0.0120888
0.00421842
0.0120078
0.00402254
0.0119319
0.00382969
0.0118632
0.00363983
0.0118007
0.00345252
0.0117435
0.00326749
0.0116911
0.00308454
0.0116427
0.00290352
0.0115978
0.00272427
0.0115563
0.00254667
0.0115178
0.00237059
0.0114822
0.00219593
0.0114495
0.00202254
0.0114194
0.00185033
0.0113919
0.00167916
0.0113669
0.00150892
0.0113444
0.0013395
0.0113242
0.00117079
0.0113063
0.00100266
0.0112907
0.000835014
0.0112773
0.000667733
0.0112661
0.000500705
0.011257
0.000333819
0.0112501
0.000166953
0.0112452
0.0112425
0.00541776
0.0125648
0.00521857
0.0125446
0.00500993
0.0124623
0.00479955
0.0123794
0.00459139
0.012297
0.00438537
0.0122139
0.00418193
0.0121353
0.00398174
0.0120634
0.00378465
0.0119978
0.00359023
0.011938
0.00339816
0.0118832
0.00320822
0.0118327
0.00302023
0.0117858
0.00283404
0.0117425
0.00264952
0.0117023
0.00246656
0.0116652
0.00228501
0.011631
0.00210477
0.0115996
0.00192571
0.011571
0.00174771
0.011545
0.00157065
0.0115215
0.00139441
0.0115004
0.00121887
0.0114819
0.00104393
0.0114657
0.000869451
0.0114518
0.000695329
0.0114402
0.000521443
0.0114309
0.000347681
0.0114238
0.000173907
0.011419
0.0114164
0.00559002
0.0126967
0.00540937
0.0127253
0.00520375
0.0126679
0.00499088
0.0125922
0.00477681
0.0125111
0.00456338
0.0124273
0.00435203
0.0123467
0.00414363
0.0122718
0.00393829
0.0122031
0.00373578
0.0121405
0.00353581
0.0120832
0.00333809
0.0120304
0.00314243
0.0119815
0.00294866
0.0119362
0.00275665
0.0118943
0.00256626
0.0118556
0.00237737
0.0118199
0.00218984
0.0117872
0.00200355
0.0117573
0.00181838
0.0117301
0.00163419
0.0117056
0.00145085
0.0116838
0.00126826
0.0116645
0.00108627
0.0116476
0.000904761
0.0116333
0.000723613
0.0116214
0.000542697
0.0116118
0.000361882
0.0116046
0.000181062
0.0115998
0.0115975
0.00124438
0.0126223
-0.00116997
0.00125283
0.0127168
0.00123265
0.0126881
0.00119861
0.0126263
0.00115871
0.012551
0.00111411
0.0124719
0.00106631
0.0123945
0.00101688
0.0123212
0.00096658
0.0122534
0.000915905
0.0121911
0.000865247
0.0121338
0.000814831
0.0120808
0.000764807
0.0120315
0.000715298
0.0119857
0.000666388
0.0119432
0.00061813
0.0119038
0.000570548
0.0118675
0.000523647
0.0118341
0.000477415
0.0118035
0.000431825
0.0117757
0.00038684
0.0117506
0.000342415
0.0117282
0.000298498
0.0117084
0.000255033
0.0116911
0.00021196
0.0116764
0.000169213
0.0116641
0.000126726
0.0116543
8.4423e-05
0.0116469
4.2213e-05
0.011642
0.0116397
0.00113445
0.0125725
-0.00108465
0.00113829
0.012713
0.00112081
0.0127056
0.00109442
0.0126527
0.00106166
0.0125837
0.00102407
0.0125095
0.000983387
0.0124352
0.000940671
0.0123639
0.000896637
0.0122974
0.000851845
0.0122359
0.000806655
0.012179
0.000761305
0.0121261
0.000715985
0.0120768
0.000670846
0.0120309
0.000625999
0.0119881
0.000581525
0.0119483
0.000537477
0.0119115
0.000493885
0.0118777
0.000450762
0.0118466
0.000408103
0.0118184
0.000365894
0.0117928
0.000324108
0.01177
0.000282713
0.0117498
0.000241669
0.0117322
0.000200932
0.0117171
0.000160451
0.0117046
0.000120176
0.0116946
8.00457e-05
0.0116871
3.99983e-05
0.0116821
0.0116797
0.00103372
0.0125189
-0.000980078
0.00103785
0.0127088
0.00102191
0.0127215
0.000998202
0.0126764
0.000969656
0.0126123
0.000937414
0.0125417
0.000902425
0.0124702
0.000865419
0.0124009
0.000826985
0.0123359
0.000787573
0.0122754
0.000747492
0.0122191
0.000706971
0.0121667
0.000666199
0.0121176
0.000625334
0.0120717
0.000584502
0.0120289
0.000543801
0.011989
0.000503303
0.011952
0.000463058
0.0119179
0.000423098
0.0118866
0.000383439
0.011858
0.000344083
0.0118322
0.000305021
0.0118091
0.000266238
0.0117886
0.000227711
0.0117707
0.000189409
0.0117554
0.000151299
0.0117427
0.000113344
0.0117325
7.55017e-05
0.0117249
3.77281e-05
0.0117199
0.0117174
0.000928723
0.0124594
-0.000869236
0.000940556
0.012697
0.00092944
0.0127326
0.00090904
0.0126968
0.000884106
0.0126372
0.000856132
0.0125697
0.000825783
0.0125005
0.000793578
0.0124331
0.000759964
0.0123695
0.000725284
0.01231
0.000689789
0.0122546
0.00065368
0.0122028
0.000617125
0.0121542
0.000580274
0.0121086
0.000543255
0.0120659
0.000506172
0.0120261
0.000469109
0.0119891
0.000432129
0.0119549
0.000395276
0.0119234
0.00035858
0.0118947
0.000322059
0.0118687
0.000285718
0.0118454
0.000249556
0.0118247
0.000213563
0.0118067
0.000177723
0.0117912
0.000142016
0.0117784
0.000106419
0.0117681
7.09005e-05
0.0117604
3.54288e-05
0.0117553
0.0117529
0.000824617
0.0123966
-0.0007618
0.000843936
0.0126777
0.000839122
0.0127374
0.000823526
0.0127124
0.000802792
0.0126579
0.00077895
0.0125935
0.000752813
0.0125266
0.000724886
0.0124611
0.00069556
0.0123988
0.000665125
0.0123405
0.00063379
0.0122859
0.000601726
0.0122348
0.00056908
0.0121868
0.00053599
0.0121417
0.000502577
0.0120993
0.000468947
0.0120597
0.000435187
0.0120229
0.000401367
0.0119887
0.000367542
0.0119573
0.000333751
0.0119285
0.000300024
0.0119024
0.000266377
0.011879
0.00023282
0.0118583
0.000199356
0.0118401
0.00016598
0.0118246
0.000132684
0.0118117
9.94544e-05
0.0118014
6.62732e-05
0.0117936
3.31217e-05
0.0117885
0.011786
0.000724842
0.0123325
-0.000660736
0.000749629
0.0126529
0.000750583
0.0127365
0.000740059
0.0127229
0.000723868
0.0126741
0.000704285
0.0126131
0.000682277
0.0125487
0.000658413
0.0124849
0.000633097
0.0124241
0.000606611
0.012367
0.000579152
0.0123134
0.000550873
0.0122631
0.000521907
0.0122158
0.00049238
0.0121712
0.000462408
0.0121293
0.000432092
0.01209
0.000401524
0.0120534
0.000370776
0.0120195
0.000339909
0.0119881
0.000308971
0.0119595
0.000277999
0.0119334
0.00024702
0.01191
0.000216053
0.0118892
0.000185109
0.0118711
0.000154195
0.0118555
0.000123313
0.0118426
9.24584e-05
0.0118322
6.16244e-05
0.0118245
3.08038e-05
0.0118193
0.0118168
0.000630491
-0.000565771
0.0006593
0.000664979
0.000658944
0.000647008
0.000631533
0.000613533
0.00059359
0.000572113
0.000549389
0.000525613
0.000500933
0.000475475
0.000449359
0.000422693
0.000395581
0.00036811
0.000340357
0.000312388
0.000284255
0.000256003
0.000227666
0.000199271
0.000170838
0.000142383
0.000113914
8.54393e-05
5.69589e-05
2.84757e-05
0.00574675
-0.00112237
0.00568349
-0.00102139
0.00561641
-0.000913001
0.00554787
-0.000800694
0.00548094
-0.000694867
0.00541713
-0.000596934
0.00571223
-0.0010379
0.00562041
-0.000929567
0.00552945
-0.000822038
0.00544247
-0.000713723
0.00536085
-0.000613244
-0.000521289
0.00556216
-0.000924581
0.00544776
-0.000815171
0.00533866
-0.000712941
0.00523808
-0.00061314
0.00514597
-0.000521137
-0.000437586
0.00526852
-0.000790597
0.00514182
-0.000688477
0.00502402
-0.000595141
0.00491793
-0.000507051
0.00482273
-0.00042593
-0.00035244
0.0048309
-0.000648195
0.00470356
-0.000561135
0.00458786
-0.000479438
0.00448563
-0.000404819
0.00439562
-0.000335918
0.00427267
-0.000512398
0.00415634
-0.000444802
0.00405335
-0.000376448
0.00396371
-0.000315182
-0.000258389
0.00363459
-0.000396192
0.00353908
-0.000349292
0.00345655
-0.000293914
0.00338551
-0.000244142
-0.000197965
0.00296506
-0.000307452
0.00289638
-0.000280619
0.00283739
-0.000234918
0.00278695
-0.000193708
-0.000155818
0.0023112
-0.000249529
0.00226821
-0.00023763
0.00223077
-0.000197476
0.00219911
-0.000162049
0.00170596
-0.000219752
0.00168235
-0.000214019
0.00166109
-0.000176218
-0.000144722
0.00116514
-0.000210112
0.00115276
-0.000201633
0.00114141
-0.000164872
-0.000136269
0.000691779
-0.000210809
0.000682928
-0.000192781
0.000675925
-0.000157869
-0.000131611
0.000282247
-0.000214575
0.000270608
-0.000181142
0.000263841
-0.000151103
-0.000126913
-7.01718e-05
-0.000215728
-8.81015e-05
-0.000163212
-9.68375e-05
-0.000142367
-0.000119467
-0.000377378
-0.000197001
-0.000394858
-0.000145732
-0.000408674
-0.000128551
-0.000631457
-0.000167985
-0.000653129
-0.000124061
-0.000110014
-0.000835938
-0.00013179
-0.000862145
-9.78531e-05
-8.70145e-05
-0.000990664
-9.05692e-05
-0.00102083
-6.76835e-05
-6.0298e-05
-0.00109469
-4.61268e-05
-0.00112773
-3.46496e-05
-3.09206e-05
-0.00114702
-0.00118155
)
;

boundaryField
{
    inlet
    {
        type            calculated;
        value           nonuniform List<scalar> 
50
(
-0.0053033
-0.0053033
-0.0053033
-0.0053033
-0.0053033
-0.0053033
-0.0053033
-0.0053033
-0.0053033
-0.0053033
-0.0053033
-0.0053033
-0.0053033
-0.0053033
-0.0053033
-0.0053033
-0.0053033
-0.0053033
-0.0053033
-0.0053033
-0.0097978
-0.0097978
-0.0097978
-0.0097978
-0.0097978
-0.0097978
-0.0097978
-0.0097978
-0.0097978
-0.0097978
-0.0097978
-0.0097978
-0.0097978
-0.0097978
-0.0097978
-0.0097978
-0.0097978
-0.0097978
-0.0097978
-0.0097978
-0.0097978
-0.0097978
-0.0097978
-0.0097978
-0.0097978
-0.0097978
-0.0097978
-0.0097978
-0.0097978
-0.0097978
)
;
    }
    outlet
    {
        type            calculated;
        value           nonuniform 0();
    }
    cylinder
    {
        type            calculated;
        value           uniform 0;
    }
    top
    {
        type            symmetryPlane;
        value           nonuniform 0();
    }
    bottom
    {
        type            symmetryPlane;
        value           uniform 0;
    }
    defaultFaces
    {
        type            empty;
        value           nonuniform 0();
    }
    procBoundary0to1
    {
        type            processor;
        value           nonuniform List<scalar> 
54
(
0.0122678
0.0126241
0.0127308
0.0127289
0.0126861
0.0126286
0.0125667
0.0125049
0.0124456
0.0123897
0.0123372
0.0122878
0.0122412
0.0121973
0.012156
0.0121172
0.0120809
0.0120472
0.0120161
0.0119876
0.0119617
0.0119384
0.0119176
0.0118995
0.011884
0.0118711
0.0118607
0.0118529
0.0118478
0.0118453
0.00535701
-0.000505644
0.00528521
0.00506227
0.00473758
0.00431637
-0.000273194
0.00388618
0.00332508
0.00274481
0.00217324
-0.000129947
0.00164377
0.00113296
0.000671267
0.000259144
-0.000104284
-0.000419918
-0.000108223
-0.000671665
-0.000885145
-0.00104755
-0.0011571
-0.00121231
)
;
    }
    procBoundary0to2
    {
        type            processor;
        value           nonuniform List<scalar> 
53
(
6.49587e-09
1.30669e-08
1.60597e-08
1.69249e-08
1.66716e-08
1.57973e-08
1.43802e-08
1.22203e-08
8.9635e-09
4.17522e-09
-2.6244e-09
-1.1947e-08
-2.43204e-08
-4.02457e-08
-6.04187e-08
1.2789e-09
2.10762e-09
2.23186e-09
2.14967e-09
2.03741e-09
1.92511e-09
1.81413e-09
1.70483e-09
1.59753e-09
1.4926e-09
1.39054e-09
1.29192e-09
1.19646e-09
1.1027e-09
1.01245e-09
-9.47612e-08
-1.25949e-07
-1.57244e-07
1.59469e-09
1.32632e-09
1.11135e-09
9.5267e-10
8.46184e-10
7.53698e-10
7.03863e-10
6.43793e-10
6.19168e-10
6.155e-10
5.92819e-10
5.57089e-10
5.27911e-10
4.86998e-10
4.4261e-10
3.86505e-10
3.22019e-10
2.45465e-10
1.56318e-10
6.18043e-11
)
;
    }
}


// ************************************************************************* //
