/*--------------------------------*- C++ -*----------------------------------*\
  =========                 |
  \\      /  F ield         | OpenFOAM: The Open Source CFD Toolbox
   \\    /   O peration     | Website:  https://openfoam.org
    \\  /    A nd           | Version:  7
     \\/     M anipulation  |
\*---------------------------------------------------------------------------*/
FoamFile
{
    version     2.0;
    format      ascii;
    class       surfaceScalarField;
    location    "54.999";
    object      phi;
}
// * * * * * * * * * * * * * * * * * * * * * * * * * * * * * * * * * * * * * //

dimensions      [0 3 -1 0 0 0 0];

internalField   nonuniform List<scalar> 
7273
(
-0.00123665
2.52391e-05
-0.00125848
2.06215e-05
-0.00127663
1.62698e-05
-0.00129139
1.21251e-05
-0.00130296
8.13808e-06
-0.0013115
4.27645e-06
-0.00131704
4.59377e-07
-0.00131987
-2.89572e-06
-0.00132012
-5.87522e-06
-0.00131789
-8.68958e-06
-0.00131324
-1.13341e-05
-0.00130618
-1.37545e-05
-0.00129679
-1.59578e-05
-0.00128506
-1.78914e-05
-0.00127102
-1.95484e-05
-0.00125469
-2.09288e-05
-0.00123609
-2.20422e-05
-0.00121524
-2.29096e-05
-0.00119214
-2.35532e-05
-0.00116682
-2.4007e-05
-0.00113929
-2.43089e-05
-0.00110958
-2.45045e-05
-0.00107771
-2.46441e-05
-0.00104371
-2.47807e-05
-0.00100762
-2.49672e-05
-0.000969483
-2.5258e-05
-0.000929363
-2.56926e-05
-0.000887319
-2.63288e-05
-0.000843418
-2.72116e-05
-0.000797733
-2.83767e-05
-0.000750344
-2.98517e-05
-0.000701339
-3.16527e-05
-0.000650804
-3.37959e-05
-0.000598855
-3.62364e-05
-0.000545596
-3.89896e-05
-0.000491137
-4.20248e-05
-0.00043559
-4.53039e-05
-0.000379063
-4.87979e-05
-0.000321687
-5.24087e-05
-0.000263579
-5.61041e-05
-0.000204856
-5.98153e-05
-0.000145629
-6.34845e-05
-8.60224e-05
-6.70151e-05
-2.61439e-05
-7.03644e-05
3.38958e-05
-7.34525e-05
9.39933e-05
-7.62247e-05
0.00015405
-7.86258e-05
0.000213973
-8.06077e-05
0.000273673
-8.21314e-05
0.000333071
-8.31672e-05
0.00039209
-8.36949e-05
0.000450664
-8.37045e-05
0.000508728
-8.31961e-05
0.00056623
-8.21793e-05
0.00062312
-8.06733e-05
0.000679354
-7.87059e-05
0.000734898
-7.63131e-05
0.00078972
-7.35376e-05
0.000843795
-7.04284e-05
0.000897104
-6.70394e-05
0.000949633
-6.34285e-05
0.00100137
-5.96561e-05
0.00105231
-5.57848e-05
0.00110246
-5.18763e-05
0.00115182
-4.79976e-05
0.00120039
-4.42046e-05
0.0012482
-4.05649e-05
0.00129525
-3.71252e-05
0.00134158
-3.39632e-05
0.00138719
-3.10988e-05
0.00143214
-2.86432e-05
0.00147644
-2.65696e-05
0.00152015
-2.50457e-05
0.00156339
-2.40456e-05
0.00160593
-2.36727e-05
0.00164872
-2.42502e-05
-2.5806e-05
-0.00118044
4.99347e-05
-0.0012012
4.13808e-05
-0.00121837
3.34416e-05
-0.00123222
2.59693e-05
-0.00124293
1.88481e-05
-0.00125063
1.19796e-05
-0.00125553
5.36115e-06
-0.00125751
-9.1796e-07
-0.00125705
-6.33137e-06
-0.00125415
-1.15906e-05
-0.00124885
-1.6639e-05
-0.00124117
-2.14313e-05
-0.00123116
-2.59656e-05
-0.00121884
-3.02104e-05
-0.00120423
-3.41638e-05
-0.00118735
-3.78067e-05
-0.00116822
-4.11712e-05
-0.00114686
-4.42747e-05
-0.00112327
-4.71404e-05
-0.00109748
-4.97996e-05
-0.0010695
-5.2288e-05
-0.00103935
-5.46476e-05
-0.00100707
-5.69248e-05
-0.000972686
-5.91677e-05
-0.00093623
-6.14229e-05
-0.000897746
-6.37419e-05
-0.000857301
-6.61375e-05
-0.000814957
-6.86726e-05
-0.000770782
-7.13873e-05
-0.000724849
-7.4309e-05
-0.000677243
-7.74582e-05
-0.000628053
-8.08428e-05
-0.000577363
-8.44857e-05
-0.000525299
-8.83004e-05
-0.000471967
-9.23213e-05
-0.00041748
-9.65119e-05
-0.000361955
-0.000100829
-0.000305499
-0.000105253
-0.00024825
-0.000109658
-0.000190329
-0.000114026
-0.000131856
-0.000118289
-7.29361e-05
-0.000122404
-1.37013e-05
-0.00012625
4.57284e-05
-0.000129794
0.000105257
-0.000132981
0.000164779
-0.000135747
0.000224196
-0.000138043
0.000283418
-0.000139829
0.000342359
-0.000141073
0.000400943
-0.000141751
0.000459099
-0.000141851
0.000516764
-0.00014137
0.000573883
-0.000140315
0.000630407
-0.000138703
0.000686294
-0.00013656
0.000741509
-0.00013392
0.000796022
-0.000130826
0.000849809
-0.000127325
0.000902854
-0.000123473
0.000955142
-0.000119328
0.00100667
-0.000114952
0.00105742
-0.000110412
0.00110741
-0.000105773
0.00115664
-0.000101102
0.00120511
-9.64683e-05
0.00125283
-9.19306e-05
0.00129983
-8.75653e-05
0.00134612
-8.34123e-05
0.00139173
-7.95698e-05
0.00143666
-7.60355e-05
0.00148098
-7.29607e-05
0.0015247
-7.02852e-05
0.00156784
-6.81933e-05
0.00161057
-6.67729e-05
0.0016526
-6.57009e-05
0.00169486
-6.65085e-05
-6.67157e-05
-0.00106892
7.23956e-05
-0.00108762
6.00774e-05
-0.00110289
4.87103e-05
-0.00111496
3.80407e-05
-0.001124
2.78938e-05
-0.00113013
1.81093e-05
-0.00113348
8.70194e-06
-0.00113404
-3.5123e-07
-0.00113224
-8.1318e-06
-0.00112803
-1.5805e-05
-0.00112145
-2.32194e-05
-0.00111254
-3.0339e-05
-0.00110134
-3.71639e-05
-0.00108787
-4.36787e-05
-0.00107215
-4.98899e-05
-0.0010542
-5.57517e-05
-0.00103405
-6.13227e-05
-0.00101171
-6.66178e-05
-0.000987187
-7.16599e-05
-0.000960509
-7.64778e-05
-0.000931692
-8.11045e-05
-0.000900762
-8.55781e-05
-0.000867746
-8.99406e-05
-0.000832678
-9.42356e-05
-0.000795597
-9.85037e-05
-0.000756541
-0.000102798
-0.000715582
-0.000107096
-0.000672786
-0.000111468
-0.000628223
-0.000115951
-0.000581969
-0.000120563
-0.000534111
-0.000125316
-0.000484743
-0.000130211
-0.000433945
-0.000135284
-0.000381851
-0.000140394
-0.000328571
-0.000145601
-0.000274222
-0.000150862
-0.000218924
-0.000156126
-0.000162777
-0.0001614
-0.00010593
-0.000166506
-4.84989e-05
-0.000171456
9.40238e-06
-0.00017619
6.75973e-05
-0.000180599
0.000126031
-0.000184684
0.00018458
-0.000188343
0.000243131
-0.000191532
0.000301584
-0.000194199
0.000359842
-0.000196302
0.000417821
-0.000197807
0.000475439
-0.000198691
0.000532625
-0.000198937
0.000589316
-0.000198542
0.000645456
-0.000197509
0.000700996
-0.000195855
0.000755895
-0.000193603
0.000810121
-0.000190786
0.000863647
-0.000187446
0.00091645
-0.000183629
0.000968517
-0.000179392
0.00101984
-0.000174793
0.00107041
-0.000169897
0.00112022
-0.000164769
0.00116929
-0.00015948
0.00121762
-0.0001541
0.00126521
-0.000148696
0.00131209
-0.000143345
0.00135826
-0.000138103
0.00140375
-0.000133056
0.00144858
-0.000128237
0.00149277
-0.000123761
0.00153634
-0.000119609
0.00157934
-0.000115958
0.00162179
-0.00011274
0.0016637
-0.000110104
0.00170526
-0.000108326
0.00174613
-0.00010657
0.00178717
-0.000107549
-0.000106591
-0.00090372
9.16983e-05
-0.000919533
7.58899e-05
-0.000932144
6.13222e-05
-0.000941746
4.76425e-05
-0.000948472
3.46197e-05
-0.000952398
2.20348e-05
-0.000953584
9.8882e-06
-0.000952306
-1.62946e-06
-0.000948599
-1.18386e-05
-0.000942557
-2.1847e-05
-0.000934218
-3.15581e-05
-0.000923617
-4.09405e-05
-0.000910784
-4.99967e-05
-0.000895742
-5.87203e-05
-0.000878495
-6.71369e-05
-0.000859093
-7.51542e-05
-0.000837549
-8.2867e-05
-0.000813878
-9.02886e-05
-0.000788098
-9.74399e-05
-0.000760229
-0.000104347
-0.000730294
-0.00011104
-0.00069832
-0.000117552
-0.000664341
-0.00012392
-0.000628392
-0.000130184
-0.000590517
-0.000136379
-0.000550748
-0.000142567
-0.000509166
-0.000148679
-0.000465841
-0.000154793
-0.000420845
-0.000160947
-0.000374259
-0.000167149
-0.000326174
-0.0001734
-0.000276689
-0.000179696
-0.000225872
-0.000186101
-0.000173869
-0.000192397
-0.000120795
-0.000198676
-6.67561e-05
-0.0002049
-1.18517e-05
-0.000211031
4.36703e-05
-0.000216922
9.97961e-05
-0.000222632
0.000156393
-0.000228053
0.000213328
-0.000233124
0.000270491
-0.000237762
0.000327752
-0.000241945
0.000385004
-0.000245595
0.000442143
-0.00024867
0.00049907
-0.000251126
0.000555696
-0.000252928
0.00061194
-0.000254051
0.000667728
-0.000254479
0.000722996
-0.000254205
0.000777687
-0.000253233
0.000831754
-0.000251576
0.000885157
-0.000249258
0.000937864
-0.00024631
0.000989851
-0.000242773
0.0010411
-0.000238695
0.0010916
-0.00023413
0.00114135
-0.000229138
0.00119034
-0.000223783
0.00123858
-0.000218135
0.00128607
-0.000212264
0.00133283
-0.000206242
0.00137888
-0.000200143
0.00142422
-0.000194037
0.00146887
-0.000188003
0.00151287
-0.000182099
0.00155623
-0.000176414
0.00159897
-0.000170979
0.00164112
-0.000165916
0.00168272
-0.000161205
0.00172378
-0.000157019
0.00176437
-0.000153328
0.00180444
-0.000150171
0.00184422
-0.000148109
0.00188334
-0.000145693
0.00192256
-0.000146769
-0.000144895
-0.000686828
-0.000699209
8.82708e-05
-0.000708675
7.07878e-05
-0.000715367
5.43344e-05
-0.000719374
3.86275e-05
-0.00072073
2.33903e-05
-0.000719423
8.58155e-06
-0.000715907
-5.14553e-06
-0.000710028
-1.77183e-05
-0.000701873
-3.00011e-05
-0.000691496
-4.1936e-05
-0.000678931
-5.35051e-05
-0.000664211
-6.47169e-05
-0.000647359
-7.55724e-05
-0.000628363
-8.61329e-05
-0.000607287
-9.62293e-05
-0.00058415
-0.000106005
-0.000558966
-0.000115473
-0.000531756
-0.00012465
-0.000502543
-0.00013356
-0.000471355
-0.000142228
-0.000438223
-0.000150684
-0.000403185
-0.000158959
-0.000366284
-0.000167085
-0.000327567
-0.000175095
-0.000287061
-0.000183074
-0.000244851
-0.000190889
-0.000201017
-0.000198626
-0.000155631
-0.000206333
-0.000108775
-0.000214006
-6.05301e-05
-0.000221645
-1.09597e-05
-0.000229266
3.96258e-05
-0.000236687
9.12914e-05
-0.000244062
0.000143914
-0.000251298
0.000197359
-0.000258345
0.00025149
-0.000265162
0.00030621
-0.000271642
0.000361368
-0.00027779
0.000416841
-0.000283526
0.000472508
-0.000288791
0.000528257
-0.000293512
0.00058397
-0.000297657
0.00063954
-0.000301166
0.000694867
-0.000303998
0.00074986
-0.000306119
0.000804434
-0.000307502
0.000858514
-0.000308131
0.000912034
-0.000307999
0.000964936
-0.000307108
0.00101717
-0.000305471
0.00106871
-0.00030311
0.00111951
-0.000300058
0.00116955
-0.000296353
0.00121882
-0.000292045
0.00126731
-0.000287187
0.00131503
-0.000281841
0.00136196
-0.000276072
0.00140813
-0.000269949
0.00145354
-0.000263545
0.00149821
-0.000256935
0.00154216
-0.000250193
0.00158541
-0.000243396
0.00162799
-0.000236615
0.00166992
-0.000229932
0.00171122
-0.000223404
0.00175193
-0.000217124
0.00179208
-0.000211123
0.00183168
-0.000205521
0.00187079
-0.000200312
0.0019094
-0.000195631
0.00194762
-0.000191544
0.00198533
-0.000187887
0.00202284
-0.000185615
0.00205973
-0.000182585
0.00209664
-0.000183673
-0.000181155
-0.000428933
9.70593e-05
-0.000435133
7.69877e-05
-0.00043882
5.80222e-05
-0.000440027
3.98339e-05
-0.000438726
2.20893e-05
-0.000434942
4.79765e-06
-0.000429149
-1.09383e-05
-0.000421045
-2.58221e-05
-0.000410746
-4.03007e-05
-0.000398303
-5.4379e-05
-0.000383754
-6.80542e-05
-0.000367132
-8.13387e-05
-0.000348457
-9.42476e-05
-0.000327711
-0.000106879
-0.000304963
-0.000118977
-0.000280237
-0.00013073
-0.000253554
-0.000142156
-0.000224935
-0.000153269
-0.000194408
-0.000164087
-0.000162004
-0.000174632
-0.000127757
-0.00018493
-9.17069e-05
-0.000195009
-5.38914e-05
-0.0002049
-1.43333e-05
-0.000214653
2.67386e-05
-0.000224146
6.93603e-05
-0.000233511
0.000113504
-0.00024277
0.000159072
-0.000251901
0.000205969
-0.000260903
0.000254091
-0.000269766
0.000303322
-0.000278497
0.000353599
-0.000286964
0.000404775
-0.000295238
0.000456729
-0.000303252
0.000509339
-0.000310955
0.000562479
-0.000318302
0.00061604
-0.000325203
0.000669887
-0.000331638
0.000723898
-0.000337537
0.000777952
-0.000342845
0.000831941
-0.000347501
0.000885751
-0.000351467
0.00093928
-0.000354695
0.000992434
-0.000357152
0.00104513
-0.000358812
0.00109728
-0.000359657
0.00114883
-0.000359679
0.00119971
-0.000358881
0.00124988
-0.000357276
0.00129929
-0.000354886
0.00134793
-0.000351742
0.00139575
-0.000347885
0.00144277
-0.000343364
0.00148895
-0.000338233
0.00153432
-0.000332554
0.00157887
-0.000326395
0.00162263
-0.000319825
0.0016656
-0.00031292
0.00170781
-0.000305756
0.00174928
-0.000298409
0.00179005
-0.000290959
0.00183014
-0.000283482
0.00186957
-0.000276053
0.00190839
-0.000268751
0.00194663
-0.000261639
0.0019843
-0.000254804
0.00202147
-0.000248287
0.00205813
-0.000242188
0.00209437
-0.000236544
0.00213014
-0.000231405
0.00216559
-0.000226997
0.00220057
-0.000222867
0.00223541
-0.000220451
0.0022697
-0.000216875
0.00230392
-0.000217889
-0.000214985
-0.000110514
0.000102633
-0.000113829
8.03029e-05
-0.000114882
5.90749e-05
-0.00011365
3.86013e-05
-0.000110082
1.8522e-05
-0.000104054
-1.23052e-06
-9.62937e-05
-1.86987e-05
-8.62696e-05
-3.58461e-05
-7.41014e-05
-5.24689e-05
-5.98497e-05
-6.86307e-05
-4.35485e-05
-8.43554e-05
-2.52222e-05
-9.9665e-05
-4.84814e-06
-0.000114622
1.72789e-05
-0.000129006
4.13578e-05
-0.000143056
6.73688e-05
-0.000156741
9.52713e-05
-0.000170059
0.000125027
-0.000183025
0.000156599
-0.000195658
0.000189946
-0.000207978
0.000225024
-0.000220008
0.000261783
-0.000231768
0.000300164
-0.000243282
0.0003401
-0.000254589
0.000381562
-0.000265608
0.000424465
-0.000276413
0.000468714
-0.000287019
0.000514224
-0.000297412
0.000560904
-0.000307583
0.000608651
-0.000317513
0.000657352
-0.000327198
0.000706924
-0.000336536
0.000757235
-0.00034555
0.000808165
-0.000354182
0.000859591
-0.000362381
0.000911387
-0.000370099
0.000963442
-0.000377258
0.00101563
-0.000383823
0.00106782
-0.000389733
0.00111991
-0.000394937
0.00117179
-0.00039938
0.00122336
-0.000403028
0.0012745
-0.000405843
0.00132515
-0.000407798
0.00137521
-0.000408876
0.00142463
-0.000409069
0.00147333
-0.00040838
0.00152127
-0.00040682
0.0015684
-0.000404412
0.0016147
-0.000401189
0.00166015
-0.00039719
0.00170473
-0.000392466
0.00174844
-0.000387074
0.00179129
-0.000381075
0.00183327
-0.000374539
0.00187442
-0.000367539
0.00191474
-0.00036015
0.00195427
-0.000352452
0.00199304
-0.000344524
0.00203108
-0.000336446
0.00206842
-0.000328298
0.00210509
-0.00032016
0.00214115
-0.000312107
0.00217661
-0.000304217
0.00221153
-0.000296557
0.00224593
-0.000289205
0.00227987
-0.000282221
0.00231335
-0.000275666
0.00234645
-0.000269647
0.00237913
-0.000264087
0.00241156
-0.00025943
0.00244356
-0.000254861
0.00247545
-0.000252347
0.0025069
-0.000248319
0.00253819
-0.000249179
-0.000246107
0.000254688
0.000106043
0.000253233
8.1758e-05
0.000253865
5.84432e-05
0.000256675
3.57915e-05
0.00026189
1.33067e-05
0.000268788
-8.12803e-06
0.000278012
-2.79227e-05
0.000289317
-4.71517e-05
0.000302693
-6.58449e-05
0.000318097
-8.40345e-05
0.000335491
-0.00010175
0.00035484
-0.000119013
0.000376102
-0.000135884
0.000399304
-0.000152208
0.000424384
-0.000168136
0.000451297
-0.000183654
0.00048001
-0.000198772
0.000510486
-0.000213501
0.000542685
-0.000227857
0.00057656
-0.000241853
0.000612061
-0.000255508
0.000649132
-0.000268839
0.000687709
-0.000281859
0.000727718
-0.000294599
0.000769113
-0.000307002
0.000811807
-0.000319108
0.00085571
-0.000330922
0.000900729
-0.000342431
0.000946766
-0.00035362
0.000993717
-0.000364465
0.00104147
-0.000374948
0.00108992
-0.000384992
0.00113896
-0.000394586
0.00118846
-0.000403679
0.00123829
-0.000412217
0.00128835
-0.000420152
0.0013385
-0.000427414
0.00138864
-0.00043396
0.00143864
-0.000439738
0.00148841
-0.000444698
0.00153782
-0.000448796
0.00158679
-0.000451999
0.00163523
-0.00045428
0.00168305
-0.00045562
0.00173019
-0.000456012
0.00177657
-0.000455456
0.00182216
-0.000453965
0.0018669
-0.000451562
0.00191077
-0.000448279
0.00195374
-0.000444157
0.0019958
-0.000439248
0.00203694
-0.000433609
0.00207717
-0.000427305
0.0021165
-0.000420406
0.00215495
-0.000412988
0.00219254
-0.000405129
0.0022293
-0.000396912
0.00226526
-0.000388416
0.00230047
-0.000379728
0.00233495
-0.000370927
0.00236875
-0.000362099
0.00240191
-0.000353319
0.00243447
-0.00034467
0.00246647
-0.00033622
0.00249797
-0.000328051
0.00252898
-0.000320216
0.00255957
-0.000312814
0.00258975
-0.000305839
0.00261961
-0.000299505
0.00264908
-0.000293557
0.00267836
-0.000288713
0.00270725
-0.000283751
0.00273607
-0.000281166
0.00276455
-0.000276795
0.0027928
-0.000277435
-0.000274365
0.000666547
0.000109387
0.000665089
8.32167e-05
0.000665701
5.78308e-05
0.000668487
3.3005e-05
0.00067368
8.11415e-06
0.00068076
-1.52078e-05
0.000690036
-3.71989e-05
0.000701487
-5.86028e-05
0.000715041
-7.93985e-05
0.000730639
-9.9633e-05
0.000748237
-0.000119348
0.000767791
-0.000138568
0.000789252
-0.000157345
0.000812627
-0.000175582
0.00083785
-0.00019336
0.000864876
-0.00021068
0.000893658
-0.000227554
0.00092415
-0.000243993
0.000956299
-0.000260006
0.00099005
-0.000275605
0.00102534
-0.000290802
0.00106211
-0.00030561
0.00110029
-0.000320035
0.00113979
-0.000334098
0.00118055
-0.000347762
0.00122248
-0.000361041
0.00126549
-0.000373933
0.00130949
-0.000386422
0.00135435
-0.000398489
0.00139999
-0.000410104
0.00144629
-0.000421242
0.00149313
-0.000431838
0.00154041
-0.000441865
0.00158801
-0.000451271
0.00163579
-0.000460004
0.00168365
-0.000468014
0.00173148
-0.000475239
0.00177915
-0.000481635
0.00182657
-0.000487151
0.00187362
-0.000491747
0.00192021
-0.000495385
0.00196625
-0.000498037
0.00201165
-0.000499686
0.00205635
-0.00050032
0.00210028
-0.000499942
0.00214339
-0.000498563
0.00218563
-0.000496205
0.00222697
-0.000492901
0.00226738
-0.000488693
0.00230685
-0.000483631
0.00234538
-0.000477776
0.00238297
-0.000471194
0.00241962
-0.000463958
0.00245536
-0.000456145
0.00249021
-0.000447837
0.00252419
-0.000439117
0.00255736
-0.000430073
0.00258973
-0.000420789
0.00262136
-0.000411354
0.00265228
-0.000401848
0.00268254
-0.000392362
0.00271219
-0.000382966
0.00274127
-0.000373753
0.00276983
-0.000364775
0.00279791
-0.000356137
0.00282555
-0.000347854
0.00285282
-0.000340081
0.0028797
-0.000332723
0.00290632
-0.000326127
0.0029326
-0.00031983
0.00295873
-0.000314847
0.00298453
-0.000309549
0.00301026
-0.000306898
0.00303577
-0.000302303
0.00306101
-0.000302676
-0.000299723
0.0011248
0.000115886
0.00112056
8.74569e-05
0.00111869
5.97048e-05
0.00111924
3.24489e-05
0.00112239
4.96229e-06
0.00112767
-2.0489e-05
0.00113541
-4.49333e-05
0.00114548
-6.86713e-05
0.00115778
-9.16974e-05
0.00117223
-0.000114087
0.00118878
-0.000135892
0.00120735
-0.000157144
0.00122789
-0.000177888
0.00125038
-0.000198069
0.00127475
-0.000217724
0.00130092
-0.000236859
0.00132886
-0.000255489
0.00135849
-0.000273621
0.00138974
-0.000291262
0.00142256
-0.000308421
0.00145686
-0.000325105
0.00149258
-0.000341324
0.00152962
-0.000357079
0.0015679
-0.00037238
0.00160734
-0.000387204
0.00164785
-0.000401548
0.00168932
-0.000415405
0.00173166
-0.000428756
0.00177475
-0.000441577
0.00181848
-0.000453836
0.00186274
-0.000465502
0.00190742
-0.000476518
0.0019524
-0.000486846
0.00199757
-0.000496438
0.0020428
-0.00050524
0.00208799
-0.000513205
0.00213303
-0.000520276
0.0021778
-0.000526409
0.00222222
-0.000531562
0.00226617
-0.000535698
0.00230957
-0.000538787
0.00235234
-0.000540808
0.00239441
-0.000541753
0.00243571
-0.000541619
0.00247618
-0.000540418
0.00251579
-0.000538171
0.00255449
-0.000534909
0.00259227
-0.000530675
0.00262909
-0.00052552
0.00266497
-0.000519504
0.00269989
-0.000512696
0.00273386
-0.000505169
0.00276691
-0.000497005
0.00279905
-0.000488285
0.00283031
-0.000479101
0.00286073
-0.000469537
0.00289035
-0.000459689
0.0029192
-0.00044964
0.00294733
-0.000439486
0.00297479
-0.000429305
0.00300162
-0.000419194
0.00302787
-0.000409216
0.00305359
-0.000399475
0.00307882
-0.000390006
0.00310363
-0.000380941
0.00312802
-0.000372248
0.00315209
-0.000364151
0.00317581
-0.000356446
0.00319932
-0.000349637
0.00322253
-0.000343033
0.00324562
-0.000337945
0.00326845
-0.00033238
0.00329121
-0.000329657
0.00331386
-0.000324949
0.00333621
-0.000325032
-0.000322268
0.00162791
0.00161724
9.81281e-05
0.00160969
6.72578e-05
0.00160515
3.69841e-05
0.00160357
6.53952e-06
0.00160492
-2.18365e-05
0.00160899
-4.90017e-05
0.00161575
-7.54313e-05
0.00162503
-0.000100979
0.00163671
-0.000125765
0.00165068
-0.000149862
0.00166686
-0.000173319
0.00168515
-0.000196181
0.0017055
-0.000218418
0.00172782
-0.000240043
0.00175203
-0.000261069
0.00177805
-0.000281509
0.00180579
-0.000301369
0.00183519
-0.000320655
0.00186614
-0.000339373
0.00189856
-0.000357528
0.00193236
-0.000375125
0.00196745
-0.000392165
0.00200372
-0.00040865
0.00204108
-0.000424561
0.00207942
-0.000439891
0.00211864
-0.000454625
0.00215863
-0.000468744
0.00219927
-0.00048222
0.00224045
-0.00049502
0.00228206
-0.00050711
0.00232398
-0.000518438
0.0023661
-0.000528963
0.0024083
-0.000538637
0.00245047
-0.00054741
0.0024925
-0.000555235
0.00253428
-0.000562063
0.00257573
-0.000567853
0.00261673
-0.000572568
0.00265721
-0.000576178
0.00269709
-0.000578661
0.00273629
-0.000580005
0.00277474
-0.000580207
0.0028124
-0.000579276
0.00284921
-0.000577232
0.00288514
-0.000574105
0.00292017
-0.000569936
0.00295427
-0.000564775
0.00298743
-0.000558684
0.00301966
-0.000551731
0.00305096
-0.000543991
0.00308133
-0.000535547
0.00311082
-0.000526485
0.00313942
-0.000516895
0.00316719
-0.000506871
0.00319416
-0.000496503
0.00322036
-0.000485892
0.00324584
-0.00047512
0.00327065
-0.000464292
0.00329482
-0.000453478
0.00331842
-0.000442788
0.00334147
-0.000432271
0.00336405
-0.00042205
0.00338617
-0.000412132
0.00340792
-0.000402686
0.0034293
-0.000393624
0.00345039
-0.00038525
0.00347119
-0.00037724
0.00349181
-0.000370258
0.00351217
-0.000363397
0.00353246
-0.000358226
0.00355254
-0.000352467
0.00357255
-0.000349659
0.00359253
-0.000344937
0.00361223
-0.000344727
-0.000342191
0.00214964
0.00011933
0.00213284
8.40609e-05
0.00212007
4.97544e-05
0.00211097
1.56429e-05
0.00210569
-1.65645e-05
0.00210375
-4.70575e-05
0.00210509
-7.67693e-05
0.00210941
-0.000105306
0.00211653
-0.000132885
0.00212628
-0.000159608
0.00213852
-0.000185559
0.00215313
-0.000210789
0.00217
-0.000235289
0.00218902
-0.000259062
0.00221007
-0.000282123
0.00223305
-0.000304489
0.00225785
-0.000326169
0.00228436
-0.000347167
0.00231248
-0.000367489
0.00234209
-0.000387141
0.00237309
-0.000406125
0.00240537
-0.00042444
0.0024388
-0.000442086
0.00247329
-0.000459048
0.00250871
-0.000475313
0.00254496
-0.000490867
0.0025819
-0.000505688
0.00261943
-0.000519749
0.00265742
-0.000533016
0.00269577
-0.000545454
0.00273435
-0.000557017
0.00277304
-0.000567662
0.00281175
-0.000577345
0.00285036
-0.00058602
0.00288877
-0.000593643
0.00292688
-0.000600172
0.0029646
-0.000605571
0.00300184
-0.000609809
0.00303852
-0.000612863
0.00307458
-0.000614719
0.00310995
-0.000615372
0.00314457
-0.00061483
0.0031784
-0.000613109
0.00321141
-0.000610238
0.00324356
-0.000606254
0.00327483
-0.000601209
0.00330522
-0.000595161
0.00333471
-0.000588178
0.00336332
-0.000580336
0.00339105
-0.00057172
0.00341791
-0.000562414
0.00344394
-0.000552515
0.00346916
-0.000542114
0.00349361
-0.000531314
0.00351731
-0.000520204
0.00354031
-0.000508891
0.00356265
-0.000497459
0.00358437
-0.000486016
0.00360552
-0.00047463
0.00362615
-0.000463418
0.0036463
-0.000452417
0.00366602
-0.00044177
0.00368534
-0.000431453
0.00370433
-0.000421679
0.003723
-0.000412295
0.00374144
-0.00040369
0.00375962
-0.000395421
0.00377767
-0.000388302
0.00379551
-0.000381238
0.00381328
-0.000375997
0.00383093
-0.000370119
0.00384848
-0.000367212
0.0038661
-0.000362559
0.00388345
-0.000362069
-0.000359776
0.00270686
0.000154737
0.00267751
0.000113407
0.00265348
7.37833e-05
0.002634
3.51275e-05
0.00262025
-2.81623e-06
0.00260999
-3.67974e-05
0.0026038
-7.05803e-05
0.00260128
-0.000102785
0.00260213
-0.000133733
0.00260608
-0.000163556
0.00261292
-0.000192404
0.00262249
-0.000220355
0.00263461
-0.000247415
0.00264914
-0.00027359
0.00266592
-0.000298901
0.0026848
-0.000323372
0.00270565
-0.000347019
0.00272833
-0.000369846
0.00275271
-0.000391863
0.00277864
-0.000413076
0.00280601
-0.000433491
0.00283467
-0.000453106
0.00286451
-0.000471922
0.00289539
-0.000489928
0.00292719
-0.000507111
0.00295978
-0.000523457
0.00299303
-0.000538944
0.00302683
-0.000553549
0.00306106
-0.000567238
0.00309558
-0.000579978
0.00313029
-0.00059173
0.00316508
-0.000602453
0.00319985
-0.000612106
0.00323447
-0.000620648
0.00326887
-0.000628043
0.00330295
-0.000634252
0.00333663
-0.000639248
0.00336983
-0.000643005
0.00340247
-0.00064551
0.00343451
-0.000646756
0.00346588
-0.000646745
0.00349655
-0.000645494
0.00352646
-0.000643026
0.00355561
-0.00063938
0.00358395
-0.0006346
0.00361149
-0.000628745
0.00363821
-0.000621881
0.00366411
-0.000614083
0.00368921
-0.000605434
0.00371352
-0.000596023
0.00373704
-0.000585942
0.00375982
-0.000575291
0.00378187
-0.000564167
0.00380323
-0.000552674
0.00382393
-0.000540906
0.00384402
-0.000528974
0.00386352
-0.000516959
0.00388248
-0.000504978
0.00390094
-0.000493091
0.00391895
-0.000481428
0.00393654
-0.000470008
0.00395377
-0.000458999
0.00397066
-0.000448342
0.00398728
-0.000438294
0.00400362
-0.000428641
0.00401978
-0.00041985
0.00403573
-0.000411374
0.00405158
-0.000404148
0.00406728
-0.000396939
0.00408292
-0.000391637
0.00409851
-0.00038571
0.004114
-0.000382695
0.00412961
-0.000378172
0.00414497
-0.000377428
-0.00037538
0.00327079
0.000206435
0.00322688
0.000157311
0.0031899
0.000110764
0.003159
6.60297e-05
0.0031333
2.2881e-05
0.00311392
-1.74152e-05
0.00309881
-5.54717e-05
0.0030881
-9.20729e-05
0.00308141
-0.000127047
0.00307837
-0.000160516
0.00307871
-0.000192741
0.00308219
-0.000223831
0.00308858
-0.000253813
0.00309769
-0.0002827
0.00310932
-0.000310523
0.00312326
-0.000337322
0.00313936
-0.000363119
0.00315744
-0.000387926
0.00317734
-0.000411758
0.00319889
-0.000434627
0.00322194
-0.000456543
0.00324635
-0.00047751
0.00327196
-0.00049753
0.00329863
-0.000516599
0.00332622
-0.000534707
0.00335461
-0.000551842
0.00338365
-0.000567987
0.00341322
-0.000583122
0.00344321
-0.000597219
0.00347348
-0.000610248
0.00350392
-0.000622175
0.00353443
-0.000632965
0.00356491
-0.000642583
0.00359526
-0.000650995
0.00362538
-0.000658168
0.00365521
-0.000664075
0.00368465
-0.000668693
0.00371365
-0.000672005
0.00374215
-0.000674005
0.00377008
-0.000674693
0.00379742
-0.000674081
0.00382412
-0.000672192
0.00385015
-0.000669058
0.00387549
-0.000664722
0.00390013
-0.000659239
0.00392406
-0.000652673
0.00394727
-0.000645095
0.00396978
-0.000636589
0.00399158
-0.00062724
0.00401271
-0.000617144
0.00403316
-0.000606397
0.00405297
-0.000595103
0.00407217
-0.000583361
0.00409077
-0.000571281
0.00410882
-0.000558956
0.00412635
-0.000546502
0.00414339
-0.000533998
0.00415998
-0.000521568
0.00417615
-0.000509264
0.00419195
-0.000497228
0.00420741
-0.000485464
0.00422257
-0.00047416
0.00423746
-0.000463228
0.00425213
-0.000452964
0.00426658
-0.000443099
0.0042809
-0.000434166
0.00429506
-0.000425538
0.00430915
-0.000418232
0.00432314
-0.000410937
0.00433709
-0.000405578
0.00435104
-0.000399665
0.00436489
-0.00039654
0.00437891
-0.00039219
0.0043927
-0.000391225
-0.000389413
0.00381624
0.00375798
0.000215576
0.00370789
0.00016085
0.0036649
0.000109021
0.00362823
5.95506e-05
0.00359873
1.20822e-05
0.00357431
-3.10449e-05
0.00355479
-7.25528e-05
0.00354002
-0.000112282
0.00352949
-0.000149984
0.00352282
-0.000186076
0.00351972
-0.000220725
0.0035199
-0.000253995
0.00352311
-0.000285907
0.0035291
-0.00031651
0.00353764
-0.000345863
0.00354852
-0.000374001
0.00356154
-0.000400945
0.0035765
-0.00042672
0.00359322
-0.000451347
0.00361152
-0.000474845
0.00363124
-0.000497226
0.0036522
-0.000518498
0.00367427
-0.000538663
0.00369728
-0.00055772
0.0037211
-0.000575663
0.00374559
-0.00059248
0.00377063
-0.000608156
0.00379608
-0.000622672
0.00382184
-0.000636003
0.00384778
-0.000648123
0.00387382
-0.000659002
0.00389985
-0.000668613
0.00392578
-0.000676929
0.00395154
-0.000683926
0.00397705
-0.000689582
0.00400224
-0.000693883
0.00402705
-0.000696821
0.00405144
-0.000698394
0.00407536
-0.000698613
0.00409878
-0.000697496
0.00412166
-0.000695072
0.00414398
-0.000691381
0.00416573
-0.000686473
0.0041869
-0.000680407
0.00420748
-0.000673254
0.00422748
-0.000665091
0.00424689
-0.000656005
0.00426574
-0.000646086
0.00428403
-0.000635434
0.00430178
-0.000624148
0.00431901
-0.000612336
0.00433575
-0.000600098
0.00435202
-0.000587548
0.00436784
-0.000574779
0.00438325
-0.000561911
0.00439827
-0.000549022
0.00441294
-0.000536239
0.00442729
-0.000523609
0.00444134
-0.000511284
0.00445513
-0.000499255
0.0044687
-0.000487727
0.00448206
-0.000476588
0.00449526
-0.000466165
0.00450831
-0.000456149
0.00452126
-0.000447116
0.00453411
-0.000438391
0.00454691
-0.000431029
0.00455968
-0.000423703
0.00457239
-0.000418294
0.00458518
-0.000412448
0.00459785
-0.000409215
0.00461073
-0.000405065
0.00462341
-0.000403912
-0.000402326
0.00424402
0.000285358
0.00418305
0.000221822
0.00412998
0.000162085
0.00408388
0.000105656
0.00404374
5.22188e-05
0.00401261
8.41924e-08
0.003985
-4.49387e-05
0.00396256
-8.9846e-05
0.00394485
-0.000132269
0.00393145
-0.000172676
0.00392197
-0.000211245
0.00391608
-0.000248104
0.00391347
-0.000283298
0.00391385
-0.000316897
0.00391698
-0.000348986
0.00392259
-0.000379616
0.00393047
-0.000408823
0.0039404
-0.000436644
0.00395216
-0.000463115
0.00396558
-0.000488263
0.00398047
-0.000512113
0.00399665
-0.000534682
0.00401397
-0.000555983
0.00403227
-0.000576022
0.00405141
-0.000594802
0.00407125
-0.00061232
0.00409167
-0.00062857
0.00411253
-0.000643538
0.00413374
-0.000657209
0.00415518
-0.000669565
0.00417677
-0.000680585
0.0041984
-0.000690248
0.00422001
-0.000698534
0.00424151
-0.000705429
0.00426285
-0.000710919
0.00428396
-0.000714996
0.0043048
-0.000717659
0.00432532
-0.000718916
0.00434549
-0.000718781
0.00436527
-0.000717282
0.00438465
-0.000714452
0.00440361
-0.000710339
0.00442213
-0.000704996
0.00444022
-0.000698489
0.00445785
-0.000690892
0.00447505
-0.000682288
0.00449181
-0.000672765
0.00450814
-0.000662419
0.00452406
-0.000651351
0.00453958
-0.000639664
0.00455471
-0.000627467
0.00456947
-0.000614862
0.00458389
-0.000601967
0.00459799
-0.000588873
0.00461178
-0.000575703
0.00462529
-0.000562533
0.00463855
-0.000549497
0.00465157
-0.000536634
0.00466439
-0.000524106
0.00467703
-0.000511891
0.00468951
-0.000500211
0.00470186
-0.000488933
0.0047141
-0.000478406
0.00472625
-0.000468298
0.00473834
-0.000459203
0.00475038
-0.000450436
0.00476239
-0.000443038
0.00477442
-0.000435731
0.0047864
-0.000430279
0.00479849
-0.000424541
0.00481049
-0.000421207
0.00482269
-0.000417271
0.00483474
-0.00041596
-0.000414583
0.00465932
0.000361414
0.00459188
0.000289266
0.00453232
0.00022164
0.00448002
0.000157952
0.00443463
9.761e-05
0.00439422
4.05009e-05
0.00436218
-1.29022e-05
0.0043339
-6.15699e-05
0.00431043
-0.000108799
0.00429145
-0.000153692
0.00427654
-0.000196336
0.00426537
-0.000236933
0.0042576
-0.000275532
0.00425294
-0.000312231
0.0042511
-0.000347146
0.00425182
-0.000380343
0.00425488
-0.000411875
0.00426003
-0.000441794
0.00426706
-0.000470152
0.00427579
-0.000496989
0.00428602
-0.000522342
0.00429758
-0.000546241
0.0043103
-0.000568709
0.00432404
-0.000589764
0.00433866
-0.000609418
0.00435402
-0.000627678
0.00436999
-0.000644545
0.00438647
-0.000660018
0.00440335
-0.000674089
0.00442054
-0.000686748
0.00443793
-0.000697982
0.00445547
-0.00070778
0.00447306
-0.000716131
0.00449066
-0.000723024
0.00450819
-0.000728456
0.00452562
-0.000732425
0.0045429
-0.000734937
0.00455999
-0.000736007
0.00457687
-0.000735656
0.0045935
-0.000733915
0.00460987
-0.000730826
0.00462597
-0.000726437
0.00464179
-0.00072081
0.00465731
-0.000714014
0.00467254
-0.000706125
0.00468749
-0.000697229
0.00470214
-0.00068742
0.00471651
-0.000676792
0.00473062
-0.000665452
0.00474445
-0.000653502
0.00475804
-0.000641055
0.00477139
-0.000628212
0.00478452
-0.000615093
0.00479744
-0.00060179
0.00481016
-0.000588429
0.00482271
-0.000575082
0.0048351
-0.000561888
0.00484735
-0.000548882
0.00485947
-0.000536231
0.00487149
-0.000523908
0.00488342
-0.00051214
0.00489528
-0.000500789
0.00490708
-0.000490208
0.00491885
-0.000480064
0.00493058
-0.000470941
0.00494233
-0.00046218
0.00495405
-0.000454764
0.00496584
-0.00044752
0.00497759
-0.000442029
0.00498948
-0.00043643
0.00500128
-0.000433003
0.00501329
-0.000429285
0.00502517
-0.000427841
-0.000426656
0.00498461
0.000437327
0.00491629
0.000357586
0.00485511
0.000282823
0.00480064
0.000212423
0.00475217
0.000146079
0.0047096
8.30658e-05
0.00467333
2.33728e-05
0.00464215
-3.03956e-05
0.0046149
-8.15475e-05
0.00459201
-0.000130796
0.00457313
-0.000177461
0.00455794
-0.000221747
0.00454611
-0.000263699
0.00453734
-0.000303457
0.00453136
-0.000341164
0.00452792
-0.000376903
0.00452678
-0.000410741
0.00452773
-0.000442746
0.00453057
-0.000472985
0.00453509
-0.000501512
0.00454113
-0.000528377
0.00454851
-0.000553621
0.00455708
-0.00057728
0.00456669
-0.000599381
0.00457722
-0.000619949
0.00458855
-0.000638999
0.00460054
-0.000656543
0.00461311
-0.000672587
0.00462616
-0.000687133
0.00463959
-0.000700179
0.00465333
-0.000711723
0.00466731
-0.000721758
0.00468146
-0.000730282
0.00469573
-0.000737292
0.00471006
-0.00074279
0.00472442
-0.000746783
0.00473876
-0.000749281
0.00475306
-0.000750305
0.00476729
-0.000749882
0.00478142
-0.000748047
0.00479544
-0.000744847
0.00480934
-0.000740336
0.0048231
-0.000734576
0.00483673
-0.00072764
0.00485021
-0.000719609
0.00486355
-0.000710569
0.00487675
-0.000700616
0.00488981
-0.000689848
0.00490272
-0.000678371
0.00491551
-0.00066629
0.00492817
-0.000653718
0.00494072
-0.000640757
0.00495315
-0.000627529
0.00496549
-0.000614124
0.00497773
-0.000600672
0.00498989
-0.000587243
0.00500198
-0.000573977
0.00501401
-0.00056091
0.00502599
-0.000548209
0.00503793
-0.000535846
0.00504984
-0.000524049
0.00506173
-0.000512684
0.00507361
-0.000502091
0.00508551
-0.00049196
0.00509741
-0.000482837
0.00510935
-0.000474124
0.00512129
-0.000466704
0.00513333
-0.000459556
0.00514533
-0.000454031
0.00515749
-0.000448592
0.00516957
-0.000445078
0.00518186
-0.000441576
0.00519403
-0.000440014
-0.000439001
0.00521407
0.00515006
0.000421591
0.00509182
0.000341069
0.00503914
0.000265097
0.00499183
0.000193393
0.00494922
0.000125678
0.00491106
6.1529e-05
0.00488017
4.93749e-07
0.00485149
-5.28654e-05
0.00482649
-0.000105797
0.00480516
-0.000156131
0.00478731
-0.000203896
0.00477263
-0.000249014
0.00476084
-0.000291672
0.00475171
-0.000332038
0.00474502
-0.000370209
0.00474055
-0.000406268
0.0047381
-0.000440297
0.00473749
-0.000472373
0.00473854
-0.000502564
0.00474109
-0.000530931
0.004745
-0.000557527
0.00475012
-0.000582396
0.00475631
-0.000605579
0.00476347
-0.000627106
0.00477147
-0.000647004
0.00478022
-0.000665292
0.00478962
-0.000681985
0.00479958
-0.000697093
0.00481002
-0.000710622
0.00482088
-0.000722578
0.00483208
-0.000732961
0.00484357
-0.000741777
0.00485531
-0.000749027
0.00486724
-0.000754721
0.00487933
-0.000758869
0.00489153
-0.00076149
0.00490384
-0.000762607
0.00491621
-0.000762253
0.00492863
-0.000760467
0.00494108
-0.000757298
0.00495355
-0.000752805
0.00496602
-0.000747053
0.0049785
-0.000740116
0.00499097
-0.000732078
0.00500343
-0.000723027
0.00501587
-0.00071306
0.0050283
-0.000702277
0.00504071
-0.000690784
0.00505311
-0.000678686
0.00506549
-0.0006661
0.00507786
-0.000653126
0.00509022
-0.000639887
0.00510257
-0.000626475
0.00511492
-0.000613017
0.00512726
-0.000599588
0.00513961
-0.000586324
0.00515196
-0.000573266
0.00516433
-0.000560575
0.00517672
-0.000548233
0.00518912
-0.000536454
0.00520156
-0.000525123
0.00521402
-0.000514554
0.00522654
-0.000504476
0.00523907
-0.000495374
0.00525169
-0.000486743
0.00526432
-0.000479327
0.00527706
-0.000472301
0.00528978
-0.000466745
0.00530266
-0.000461478
0.00531546
-0.000457879
0.00532848
-0.000454589
0.00534137
-0.000452908
-0.000452045
0.00529968
0.000477982
0.0052474
0.000393352
0.0051993
0.000313194
0.00515529
0.000237402
0.00511539
0.000165581
0.00507956
9.73568e-05
0.00504614
3.39152e-05
0.00501914
-2.58622e-05
0.00499393
-8.05862e-05
0.00497184
-0.000134048
0.00495276
-0.000184816
0.00493649
-0.000232741
0.00492286
-0.000278042
0.00491169
-0.000320867
0.00490279
-0.000361312
0.00489599
-0.000399467
0.00489112
-0.000435424
0.00488801
-0.000469269
0.00488653
-0.00050108
0.00488652
-0.000530926
0.00488786
-0.000558869
0.00489043
-0.000584962
0.0048941
-0.000609252
0.00489878
-0.00063178
0.00490435
-0.000652578
0.00491073
-0.000671674
0.00491784
-0.000689089
0.00492559
-0.000704842
0.00493391
-0.000718944
0.00494274
-0.000731408
0.00495202
-0.000742242
0.0049617
-0.000751456
0.00497173
-0.000759059
0.00498207
-0.000765064
0.00499269
-0.000769488
0.00500356
-0.000772355
0.00501464
-0.000773691
0.00502592
-0.000773534
0.00503738
-0.000771925
0.005049
-0.000768917
0.00506077
-0.00076457
0.00507266
-0.000758951
0.00508468
-0.000752137
0.00509682
-0.000744213
0.00510906
-0.000735268
0.0051214
-0.000725401
0.00513383
-0.000714711
0.00514636
-0.000703307
0.00515897
-0.000691294
0.00517165
-0.000678788
0.00518442
-0.000665892
0.00519726
-0.000652727
0.00521017
-0.000639387
0.00522315
-0.000625999
0.0052362
-0.000612638
0.00524932
-0.000599441
0.0052625
-0.000586449
0.00527575
-0.000573821
0.00528907
-0.000561548
0.00530244
-0.000549827
0.00531589
-0.000538571
0.00532939
-0.000528053
0.00534297
-0.000518061
0.00535659
-0.000508997
0.00537032
-0.000500472
0.00538406
-0.000493068
0.00539794
-0.000486181
0.00541179
-0.000480591
0.00542582
-0.000475508
0.00543975
-0.000471812
0.00545391
-0.000468743
0.00546792
-0.000466921
-0.00046617
0.0122002
0.000543275
0.0121352
0.000458325
0.0120712
0.000377211
0.0120086
0.000300035
0.0119478
0.000226358
0.0118883
0.000156903
0.0118316
9.05383e-05
0.0117758
2.99911e-05
0.0117237
-2.85485e-05
0.0116751
-8.53723e-05
0.0116287
-0.000138427
0.0115846
-0.000188705
0.0115429
-0.000236331
0.0115034
-0.000281322
0.0114659
-0.000323768
0.0114302
-0.000363783
0.0113962
-0.000401464
0.0113638
-0.000436896
0.0113329
-0.000470155
0.0113033
-0.000501311
0.0112749
-0.000530431
0.0112475
-0.000557573
0.011221
-0.000582791
0.0111954
-0.00060613
0.0111704
-0.000627633
0.0111461
-0.000647335
0.0111222
-0.000665266
0.0110989
-0.000681454
0.0110758
-0.000695922
0.0110531
-0.000708691
0.0110307
-0.000719781
0.0110084
-0.000729211
0.0109864
-0.000737002
0.0109645
-0.000743178
0.0109428
-0.000747764
0.0109212
-0.000750792
0.0108998
-0.000752299
0.0108786
-0.000752328
0.0108576
-0.000750928
0.0108368
-0.000748155
0.0108163
-0.000744074
0.0107961
-0.000738756
0.0107763
-0.000732278
0.0107568
-0.000724725
0.0107377
-0.000716187
0.0107191
-0.000706762
0.0107009
-0.000696546
0.0106832
-0.000685645
0.0106661
-0.000674161
0.0106495
-0.000662206
0.0106335
-0.000649879
0.0106181
-0.000637297
0.0106033
-0.00062455
0.010589
-0.000611759
0.0105754
-0.000598997
0.0105623
-0.000586393
0.0105499
-0.000573992
0.010538
-0.000561936
0.0105267
-0.000550232
0.0105159
-0.000539048
0.0105056
-0.000528331
0.0104959
-0.000518297
0.0104866
-0.000508814
0.0104778
-0.000500163
0.0104695
-0.000492116
0.0104614
-0.000485035
0.0104538
-0.000478598
0.0104465
-0.000473223
0.0104395
-0.000468554
0.0104327
-0.000464965
0.0104262
-0.000462227
0.0104197
-0.000460434
-0.000459801
0.0125905
0.000575597
0.0125554
0.000493368
0.0125181
0.000414558
0.0124789
0.000339189
0.0124382
0.000267117
0.0123966
0.000198521
0.012354
0.000133133
0.012313
7.0921e-05
0.0122734
1.10604e-05
0.0122323
-4.42297e-05
0.0121916
-9.76838e-05
0.0121515
-0.000148656
0.012112
-0.000196821
0.0120731
-0.000242384
0.0120348
-0.000285481
0.0119972
-0.000326178
0.0119602
-0.00036454
0.011924
-0.000400637
0.0118884
-0.000434536
0.0118534
-0.000466302
0.0118189
-0.000495995
0.011785
-0.000523673
0.0117516
-0.000549385
0.0117187
-0.00057318
0.0116861
-0.000595099
0.011654
-0.000615181
0.0116222
-0.00063346
0.0115907
-0.000649968
0.0115595
-0.000664733
0.0115286
-0.000677782
0.0114979
-0.000689142
0.0114676
-0.000698839
0.0114375
-0.000706899
0.0114076
-0.000713354
0.0113781
-0.000718234
0.0113489
-0.000721578
0.01132
-0.000723427
0.0112915
-0.000723828
0.0112634
-0.000722833
0.0112358
-0.000720503
0.0112086
-0.000716902
0.011182
-0.000712102
0.0111559
-0.00070618
0.0111304
-0.000699221
0.0111055
-0.000691311
0.0110813
-0.000682544
0.0110577
-0.000673016
0.0110349
-0.000662827
0.0110128
-0.000652074
0.0109915
-0.000640866
0.0109709
-0.000629295
0.0109511
-0.000617475
0.010932
-0.00060549
0.0109137
-0.000593455
0.0108962
-0.000581442
0.0108793
-0.000569569
0.0108632
-0.000557887
0.0108478
-0.000546522
0.0108331
-0.000535492
0.010819
-0.000524941
0.0108055
-0.000514846
0.0107926
-0.000505374
0.0107802
-0.000496453
0.0107683
-0.000488281
0.0107569
-0.000480732
0.0107459
-0.000474037
0.0107354
-0.000468028
0.0107251
-0.000462939
0.0107151
-0.000458616
0.0107054
-0.000455213
0.0106959
-0.000452709
0.0106864
-0.00045101
-0.00045047
0.0127202
0.000585487
0.0127066
0.00050693
0.0126897
0.000431517
0.0126697
0.000359159
0.0126471
0.000289739
0.0126224
0.000223202
0.0125961
0.000159407
0.0125684
9.86511e-05
0.0125382
4.12787e-05
0.0125073
-1.33556e-05
0.0124759
-6.63142e-05
0.0124436
-0.000116315
0.0124106
-0.000163824
0.0123771
-0.000208901
0.0123432
-0.000251595
0.012309
-0.000291968
0.0122745
-0.000330081
0.0122399
-0.000365993
0.0122051
-0.00039976
0.0121703
-0.000431438
0.0121353
-0.000461078
0.0121004
-0.000488731
0.0120655
-0.000514442
0.0120305
-0.000538256
0.0119956
-0.000560212
0.0119608
-0.000580347
0.011926
-0.000598697
0.0118914
-0.000615293
0.0118568
-0.000630166
0.0118224
-0.000643345
0.0117881
-0.00065486
0.011754
-0.00066474
0.0117201
-0.000673016
0.0116865
-0.00067972
0.0116531
-0.00068489
0.0116201
-0.000688564
0.0115875
-0.000690787
0.0115553
-0.000691607
0.0115235
-0.000691079
0.0114923
-0.000689261
0.0114616
-0.000686218
0.0114315
-0.000682022
0.0114021
-0.000676747
0.0113733
-0.000670474
0.0113453
-0.000663287
0.011318
-0.000655276
0.0112915
-0.000646532
0.0112659
-0.00063715
0.011241
-0.000627222
0.011217
-0.000616851
0.0111938
-0.000606125
0.0111715
-0.00059515
0.01115
-0.000584008
0.0111294
-0.000572805
0.0111095
-0.000561613
0.0110905
-0.000550538
0.0110723
-0.000539636
0.0110547
-0.000529017
0.011038
-0.000518712
0.0110219
-0.00050884
0.0110064
-0.000499403
0.0109916
-0.000490531
0.0109773
-0.000482191
0.0109636
-0.000474529
0.0109503
-0.000467481
0.0109375
-0.000461197
0.010925
-0.000455601
0.0109129
-0.00045082
0.0109011
-0.000446811
0.0108895
-0.00044361
0.0108781
-0.000441304
0.0108668
-0.000439707
-0.000439225
0.0127305
0.000583487
0.0127289
0.000508533
0.0127239
0.000436524
0.0127157
0.000367319
0.0127047
0.000300781
0.012691
0.000236901
0.0126747
0.00017571
0.012656
0.000117343
0.0126356
6.17108e-05
0.0126137
8.4575e-06
0.01259
-4.25786e-05
0.0125649
-9.11736e-05
0.0125384
-0.000137382
0.0125108
-0.000181285
0.0124821
-0.000222932
0.0124525
-0.000262372
0.0124221
-0.000299656
0.012391
-0.000334832
0.0123592
-0.000367949
0.0123268
-0.000399053
0.0122939
-0.000428189
0.0122605
-0.0004554
0.0122268
-0.000480729
0.0121928
-0.000504213
0.0121585
-0.000525891
0.0121239
-0.000545798
0.0120892
-0.000563966
0.0120543
-0.000580427
0.0120194
-0.000595213
0.0119844
-0.000608353
0.0119494
-0.000619878
0.0119145
-0.000629818
0.0118797
-0.000638207
0.011845
-0.000645077
0.0118106
-0.000650468
0.0117765
-0.000654418
0.0117426
-0.000656974
0.0117092
-0.000658183
0.0116762
-0.000658099
0.0116438
-0.00065678
0.0116118
-0.00065429
0.0115805
-0.000650696
0.0115498
-0.00064607
0.0115198
-0.00064049
0.0114906
-0.000634036
0.0114621
-0.000626793
0.0114344
-0.000618845
0.0114076
-0.000610283
0.0113815
-0.000601195
0.0113563
-0.000591675
0.011332
-0.000581808
0.0113086
-0.000571692
0.011286
-0.000561405
0.0112642
-0.000551047
0.0112433
-0.000540685
0.0112232
-0.00053042
0.0112038
-0.000520305
0.0111853
-0.000510441
0.0111674
-0.000500865
0.0111503
-0.000491679
0.0111337
-0.000482899
0.0111178
-0.000474631
0.0111025
-0.000466867
0.0110877
-0.000459717
0.0110734
-0.000453155
0.0110595
-0.000447284
0.0110459
-0.000442078
0.0110327
-0.000437606
0.0110198
-0.000433881
0.0110071
-0.000430882
0.0109945
-0.000428743
0.0109821
-0.000427247
-0.000426784
0.0126939
0.000575416
0.0126985
0.000503921
0.0126999
0.000435167
0.0126982
0.000369042
0.0126935
0.000305436
0.0126861
0.000244341
0.012676
0.00018576
0.0126637
0.000129695
0.0126493
7.60351e-05
0.0126331
2.4693e-05
0.0126149
-2.43692e-05
0.0125949
-7.12274e-05
0.0125734
-0.000115853
0.0125504
-0.000158292
0.0125261
-0.000198592
0.0125005
-0.000236799
0.0124738
-0.000272955
0.0124461
-0.000307103
0.0124174
-0.000339284
0.0123879
-0.000369538
0.0123576
-0.000397904
0.0123266
-0.000424423
0.012295
-0.000449131
0.0122629
-0.000472064
0.0122302
-0.000493257
0.0121972
-0.000512742
0.0121638
-0.000530553
0.0121301
-0.000546719
0.0120961
-0.000561271
0.012062
-0.000574239
0.0120278
-0.000585654
0.0119935
-0.000595547
0.0119593
-0.000603951
0.0119251
-0.0006109
0.0118911
-0.000616433
0.0118572
-0.000620589
0.0118237
-0.000623414
0.0117904
-0.000624954
0.0117576
-0.000625262
0.0117252
-0.000624395
0.0116933
-0.000622412
0.011662
-0.000619379
0.0116313
-0.000615364
0.0116013
-0.000610441
0.0115719
-0.000604684
0.0115433
-0.000598173
0.0115154
-0.000590989
0.0114884
-0.000583217
0.0114621
-0.000574938
0.0114367
-0.00056624
0.0114121
-0.000557204
0.0113883
-0.00054792
0.0113654
-0.000538463
0.0113432
-0.000528923
0.0113219
-0.000519368
0.0113014
-0.000509888
0.0112816
-0.000500539
0.0112626
-0.000491409
0.0112443
-0.000482539
0.0112266
-0.00047402
0.0112096
-0.000465875
0.0111931
-0.000458193
0.0111773
-0.000450982
0.0111619
-0.00044433
0.0111469
-0.00043823
0.0111324
-0.00043276
0.0111183
-0.000427917
0.0111044
-0.000423745
0.0110908
-0.000420275
0.0110774
-0.000417473
0.0110641
-0.000415469
0.0110509
-0.000414069
-0.000413601
0.0126402
0.000563745
0.0126484
0.000495684
0.0126535
0.000430133
0.0126555
0.000367043
0.0126546
0.00030633
0.012651
0.000247961
0.0126448
0.000191908
0.0126364
0.000138147
0.0126258
8.66298e-05
0.0126131
3.73447e-05
0.0125985
-9.75362e-06
0.0125821
-5.47908e-05
0.0125639
-9.77191e-05
0.0125442
-0.000138582
0.012523
-0.000177417
0.0125005
-0.000214263
0.0124767
-0.000249159
0.0124517
-0.000282141
0.0124257
-0.000313247
0.0123987
-0.000342513
0.0123708
-0.000369975
0.012342
-0.000395668
0.0123125
-0.000419627
0.0122823
-0.000441886
0.0122515
-0.000462476
0.0122202
-0.00048143
0.0121885
-0.000498777
0.0121563
-0.000514548
0.0121238
-0.000528773
0.012091
-0.000541481
0.0120581
-0.000552703
0.012025
-0.000562471
0.0119919
-0.000570817
0.0119587
-0.000577776
0.0119257
-0.000583386
0.0118928
-0.000587686
0.0118601
-0.000590719
0.0118277
-0.000592532
0.0117956
-0.000593176
0.0117639
-0.000592704
0.0117327
-0.000591174
0.0117019
-0.000588649
0.0116718
-0.000585191
0.0116422
-0.000580872
0.0116133
-0.00057576
0.011585
-0.000569932
0.0115575
-0.000563461
0.0115307
-0.000556428
0.0115047
-0.000548908
0.0114794
-0.000540985
0.011455
-0.000532732
0.0114313
-0.000524234
0.0114084
-0.000515562
0.0113862
-0.000506799
0.0113649
-0.000498009
0.0113443
-0.000489276
0.0113244
-0.000480653
0.0113052
-0.000472222
0.0112867
-0.000464024
0.0112688
-0.000456141
0.0112515
-0.000448599
0.0112348
-0.000441478
0.0112186
-0.00043479
0.0112029
-0.000428613
0.0111876
-0.000422948
0.0111727
-0.000417861
0.0111582
-0.000413354
0.0111439
-0.000409468
0.0111298
-0.000406228
0.011116
-0.000403614
0.0111022
-0.000401722
0.0110886
-0.000400412
-0.000399923
0.012581
0.000549512
0.0125918
0.000484903
0.0125993
0.00042256
0.0126039
0.00036249
0.0126056
0.000304636
0.0126046
0.000248953
0.0126011
0.000195411
0.0125952
0.000143997
0.0125872
9.46975e-05
0.012577
4.7495e-05
0.0125649
2.35046e-06
0.0125509
-4.08275e-05
0.0125352
-8.20185e-05
0.0125179
-0.000121258
0.0124991
-0.000158576
0.0124788
-0.000194004
0.0124572
-0.000227577
0.0124344
-0.00025933
0.0124105
-0.000289296
0.0123855
-0.000317507
0.0123595
-0.000343997
0.0123326
-0.000368798
0.0123049
-0.000391942
0.0122765
-0.00041346
0.0122474
-0.000433384
0.0122177
-0.000451742
0.0121875
-0.000468566
0.0121569
-0.000483883
0.0121258
-0.000497724
0.0120944
-0.000510117
0.0120628
-0.000521093
0.012031
-0.000530684
0.0119991
-0.000538921
0.0119672
-0.000545839
0.0119353
-0.000551475
0.0119035
-0.000555868
0.0118718
-0.00055906
0.0118404
-0.000561096
0.0118092
-0.000562024
0.0117784
-0.000561896
0.011748
-0.000560767
0.0117181
-0.000558695
0.0116886
-0.000555741
0.0116597
-0.000551971
0.0116314
-0.000547449
0.0116037
-0.000542248
0.0115767
-0.000536435
0.0115503
-0.000530086
0.0115247
-0.000523271
0.0114998
-0.000516067
0.0114756
-0.000508545
0.0114522
-0.000500781
0.0114294
-0.000492844
0.0114074
-0.000484809
0.0113862
-0.000476737
0.0113656
-0.000468706
0.0113457
-0.000460767
0.0113265
-0.000452995
0.0113079
-0.00044543
0.0112899
-0.000438147
0.0112725
-0.000431174
0.0112556
-0.000424583
0.0112392
-0.000418388
0.0112232
-0.000412661
0.0112077
-0.000407403
0.0111925
-0.000402679
0.0111776
-0.000398486
0.011163
-0.000394871
0.0111486
-0.00039184
0.0111344
-0.000389405
0.0111203
-0.000387608
0.0111063
-0.000386385
-0.000385865
0.0125214
0.000533279
0.0125341
0.000472128
0.0125437
0.000412999
0.0125502
0.000355941
0.012554
0.000300928
0.012555
0.000247922
0.0125535
0.000196902
0.0125496
0.000147863
0.0125435
0.0001008
0.0125353
5.56947e-05
0.0125252
1.2514e-05
0.0125131
-2.87842e-05
0.0124993
-6.82169e-05
0.0124839
-0.000105806
0.0124669
-0.000141575
0.0124484
-0.000175554
0.0124286
-0.000207772
0.0124075
-0.00023826
0.0123853
-0.000267049
0.012362
-0.000294168
0.0123376
-0.000319647
0.0123123
-0.000343517
0.0122862
-0.000365807
0.0122593
-0.000386547
0.0122317
-0.000405766
0.0122034
-0.000423493
0.0121746
-0.000439755
0.0121453
-0.000454582
0.0121156
-0.000468001
0.0120855
-0.000480043
0.0120551
-0.000490737
0.0120246
-0.000500113
0.0119939
-0.000508203
0.0119631
-0.000515042
0.0119322
-0.000520665
0.0119015
-0.000525111
0.0118708
-0.000528419
0.0118404
-0.000530634
0.0118102
-0.000531801
0.0117802
-0.000531971
0.0117507
-0.000531194
0.0117215
-0.000529527
0.0116928
-0.000527026
0.0116646
-0.000523752
0.0116369
-0.000519768
0.0116098
-0.00051514
0.0115833
-0.000509931
0.0115574
-0.000504211
0.0115322
-0.000498047
0.0115076
-0.00049151
0.0114837
-0.000484665
0.0114605
-0.000477584
0.011438
-0.00047033
0.0114162
-0.000462974
0.011395
-0.000455573
0.0113745
-0.000448199
0.0113547
-0.0004409
0.0113354
-0.000433746
0.0113167
-0.000426775
0.0112987
-0.000420057
0.0112811
-0.000413618
0.011264
-0.000407527
0.0112475
-0.000401795
0.0112313
-0.000396494
0.0112155
-0.000391618
0.0112001
-0.000387237
0.0111849
-0.000383336
0.01117
-0.000379978
0.0111553
-0.000377142
0.0111408
-0.000374875
0.0111263
-0.000373166
0.011112
-0.000372024
-0.000371472
0.0124638
0.000515436
0.0124782
0.000457715
0.0124895
0.000401789
0.0124977
0.000347734
0.012503
0.00029555
0.0125057
0.000245216
0.0125059
0.000196722
0.0125037
0.000150066
0.0124993
0.000105247
0.0124927
6.22502e-05
0.0124842
2.10575e-05
0.0124737
-1.83557e-05
0.0124615
-5.60116e-05
0.0124477
-9.19293e-05
0.0124322
-0.00012613
0.0124153
-0.000158636
0.012397
-0.000189476
0.0123774
-0.000218675
0.0123566
-0.000246262
0.0123347
-0.000272263
0.0123118
-0.000296706
0.0122879
-0.000319618
0.0122631
-0.000341028
0.0122375
-0.000360963
0.0122112
-0.000379451
0.0121842
-0.000396518
0.0121567
-0.000412192
0.0121286
-0.000426502
0.0121001
-0.000439473
0.0120712
-0.000451135
0.0120419
-0.000461518
0.0120125
-0.00047065
0.0119828
-0.000478563
0.0119531
-0.000485291
0.0119233
-0.000490868
0.0118935
-0.000495332
0.0118638
-0.00049872
0.0118343
-0.000501076
0.0118049
-0.000502443
0.0117758
-0.000502867
0.011747
-0.000502399
0.0117186
-0.000501091
0.0116905
-0.000498995
0.011663
-0.000496171
0.0116359
-0.000492675
0.0116093
-0.000488568
0.0115833
-0.000483912
0.0115578
-0.000478771
0.011533
-0.000473206
0.0115088
-0.000467283
0.0114852
-0.000461065
0.0114622
-0.000454617
0.0114399
-0.000447997
0.0114182
-0.000441273
0.0113971
-0.000434497
0.0113766
-0.000427736
0.0113568
-0.000421035
0.0113375
-0.00041446
0.0113187
-0.000408046
0.0113005
-0.000401858
0.0112828
-0.000395921
0.0112656
-0.0003903
0.0112488
-0.000385004
0.0112324
-0.000380103
0.0112164
-0.000375586
0.0112007
-0.00037153
0.0111853
-0.000367905
0.0111701
-0.000364789
0.0111551
-0.000362137
0.0111402
-0.000360028
0.0111255
-0.000358403
0.0111108
-0.000357337
-0.000356758
0.0124094
0.000496258
0.0124252
0.000441922
0.0124378
0.000389173
0.0124474
0.000338103
0.0124543
0.000288734
0.0124584
0.000241064
0.01246
0.00019509
0.0124593
0.000150815
0.0124563
0.000108241
0.0124512
6.73645e-05
0.0124441
2.81743e-05
0.0124351
-9.34587e-06
0.0124243
-4.52125e-05
0.0124118
-7.94447e-05
0.0123977
-0.000112059
0.0123821
-0.000143077
0.0123652
-0.000172519
0.0123469
-0.00020041
0.0123274
-0.000226775
0.0123068
-0.000251637
0.0122851
-0.000275023
0.0122625
-0.000296956
0.0122389
-0.000317465
0.0122145
-0.000336573
0.0121894
-0.000354307
0.0121635
-0.000370693
0.0121371
-0.000385757
0.0121101
-0.000399526
0.0120827
-0.000412026
0.0120548
-0.000423285
0.0120267
-0.000433332
0.0119982
-0.000442194
0.0119695
-0.000449904
0.0119407
-0.000456493
0.0119119
-0.000461995
0.011883
-0.000466444
0.0118541
-0.00046988
0.0118254
-0.000472342
0.0117968
-0.000473871
0.0117685
-0.000474512
0.0117404
-0.000474313
0.0117126
-0.000473321
0.0116852
-0.000471588
0.0116582
-0.000469167
0.0116316
-0.000466112
0.0116056
-0.000462481
0.01158
-0.00045833
0.0115549
-0.000453718
0.0115304
-0.000448704
0.0115065
-0.000443349
0.0114831
-0.000437709
0.0114604
-0.000431846
0.0114382
-0.000425816
0.0114166
-0.000419679
0.0113956
-0.000413485
0.0113751
-0.000407295
0.0113553
-0.000401153
0.0113359
-0.000395119
0.0113171
-0.000389225
0.0112988
-0.000383535
0.0112809
-0.000378068
0.0112635
-0.000372889
0.0112465
-0.000368003
0.0112299
-0.000363479
0.0112136
-0.000359302
0.0111976
-0.000355551
0.0111819
-0.000352186
0.0111664
-0.000349299
0.0111511
-0.000346823
0.0111359
-0.000344864
0.0111208
-0.00034332
0.0111058
-0.000342327
-0.000341729
0.0123582
0.00047594
0.0123752
0.000424933
0.012389
0.000375325
0.0123999
0.000327215
0.012408
0.000280643
0.0124135
0.000235621
0.0124164
0.000192156
0.0124169
0.000150257
0.0124153
0.00010993
0.0124114
7.11795e-05
0.0124056
3.4e-05
0.0123979
-1.61975e-06
0.0123884
-3.56875e-05
0.0123771
-6.8223e-05
0.0123643
-9.92388e-05
0.01235
-0.000128752
0.0123343
-0.000156781
0.0123172
-0.000183348
0.0122989
-0.000208473
0.0122794
-0.000232179
0.0122589
-0.000254488
0.0122374
-0.000275425
0.0122149
-0.000295012
0.0121916
-0.000313275
0.0121675
-0.000330236
0.0121428
-0.000345921
0.0121174
-0.000360355
0.0120914
-0.000373563
0.012065
-0.000385571
0.0120381
-0.000396405
0.0120108
-0.000406093
0.0119833
-0.000414663
0.0119555
-0.000422144
0.0119276
-0.000428568
0.0118996
-0.000433966
0.0118715
-0.000438373
0.0118435
-0.000441825
0.0118155
-0.00044436
0.0117876
-0.000446018
0.01176
-0.00044684
0.0117325
-0.000446871
0.0117054
-0.000446157
0.0116785
-0.000444745
0.011652
-0.000442686
0.0116259
-0.00044003
0.0116003
-0.00043683
0.0115751
-0.000433139
0.0115504
-0.000429013
0.0115262
-0.000424505
0.0115025
-0.000419671
0.0114794
-0.000414565
0.0114568
-0.000409245
0.0114347
-0.00040376
0.0114132
-0.000398168
0.0113922
-0.000392515
0.0113718
-0.000386859
0.0113519
-0.000381237
0.0113325
-0.000375709
0.0113136
-0.000370303
0.0112951
-0.000365078
0.0112771
-0.000360053
0.0112595
-0.00035529
0.0112423
-0.000350788
0.0112254
-0.00034662
0.0112089
-0.000342763
0.0111926
-0.0003393
0.0111766
-0.000336183
0.0111608
-0.000333512
0.0111452
-0.000331203
0.0111297
-0.000329386
0.0111143
-0.000327924
0.011099
-0.000326999
-0.00032639
0.01231
0.000454627
0.012328
0.000406887
0.0123429
0.000360376
0.012355
0.000315195
0.0123642
0.000271396
0.0123708
0.000229004
0.0123749
0.000188036
0.0123767
0.000148505
0.0123762
0.000110424
0.0123736
7.38003e-05
0.012369
3.86357e-05
0.0123624
4.92445e-06
0.0123541
-2.73386e-05
0.012344
-5.81674e-05
0.0123323
-8.75729e-05
0.0123192
-0.000115569
0.0123045
-0.000142172
0.0122886
-0.000167398
0.0122714
-0.000191268
0.012253
-0.000213802
0.0122335
-0.000235019
0.0122131
-0.000254941
0.0121916
-0.00027359
0.0121694
-0.000290989
0.0121463
-0.00030716
0.0121225
-0.000322126
0.012098
-0.000335911
0.012073
-0.000348539
0.0120475
-0.000360034
0.0120215
-0.000370423
0.0119951
-0.000379731
0.0119685
-0.000387985
0.0119415
-0.000395215
0.0119144
-0.000401448
0.0118872
-0.000406717
0.0118598
-0.000411055
0.0118325
-0.000414494
0.0118052
-0.000417072
0.011778
-0.000418826
0.011751
-0.000419796
0.0117241
-0.000420022
0.0116975
-0.000419549
0.0116712
-0.000418421
0.0116452
-0.000416685
0.0116196
-0.000414388
0.0115943
-0.000411578
0.0115695
-0.000408306
0.0115451
-0.000404623
0.0115212
-0.000400579
0.0114977
-0.000396225
0.0114748
-0.000391612
0.0114523
-0.000386793
0.0114304
-0.000381813
0.0114089
-0.000376728
0.011388
-0.000371578
0.0113675
-0.000366417
0.0113476
-0.000361282
0.0113281
-0.000356226
0.0113091
-0.000351276
0.0112905
-0.000346488
0.0112723
-0.000341877
0.0112545
-0.000337504
0.0112371
-0.000333365
0.01122
-0.000329531
0.0112032
-0.000325977
0.0111867
-0.000322786
0.0111704
-0.000319903
0.0111544
-0.000317438
0.0111384
-0.000315289
0.0111227
-0.000313607
0.011107
-0.000312226
0.0110913
-0.000311367
-0.000310755
0.0122644
0.000432444
0.0122834
0.000387905
0.0122993
0.000344439
0.0123124
0.000302149
0.0123227
0.000261095
0.0123304
0.000221312
0.0123356
0.000182824
0.0123384
0.000145651
0.012339
0.00010981
0.0123375
7.53131e-05
0.012334
4.21655e-05
0.0123286
1.0367e-05
0.0123213
-2.00851e-05
0.0123123
-4.91994e-05
0.0123018
-7.69848e-05
0.0122896
-0.000103453
0.0122761
-0.000128616
0.0122612
-0.00015249
0.012245
-0.000175091
0.0122276
-0.000196437
0.0122092
-0.000216546
0.0121897
-0.000235438
0.0121692
-0.000253133
0.0121479
-0.000269651
0.0121257
-0.000285014
0.0121028
-0.000299243
0.0120793
-0.000312361
0.0120551
-0.000324391
0.0120305
-0.000335355
0.0120053
-0.000345278
0.0119798
-0.000354186
0.0119539
-0.000362104
0.0119277
-0.000369059
0.0119014
-0.000375079
0.0118748
-0.000380194
0.0118482
-0.000384436
0.0118216
-0.000387835
0.0117949
-0.000390427
0.0117683
-0.000392247
0.0117419
-0.000393333
0.0117156
-0.000393722
0.0116895
-0.000393456
0.0116636
-0.000392577
0.0116381
-0.000391127
0.0116128
-0.000389151
0.011588
-0.000386694
0.0115634
-0.000383803
0.0115393
-0.000380524
0.0115157
-0.000376904
0.0114924
-0.000372992
0.0114697
-0.000368833
0.0114473
-0.000364477
0.0114255
-0.000359966
0.0114041
-0.00035535
0.0113832
-0.000350667
0.0113628
-0.000345969
0.0113428
-0.000341287
0.0113232
-0.000336673
0.0113041
-0.00033215
0.0112854
-0.000327771
0.011267
-0.000323549
0.0112491
-0.000319542
0.0112315
-0.000315745
0.0112142
-0.000312226
0.0111971
-0.000308957
0.0111804
-0.000306023
0.0111638
-0.000303363
0.0111475
-0.000301091
0.0111313
-0.000299097
0.0111152
-0.000297543
0.0110992
-0.000296244
0.0110833
-0.000295448
-0.00029484
0.0122214
0.000409505
0.0122412
0.000368095
0.012258
0.000327618
0.012272
0.000288176
0.0122833
0.000249834
0.0122919
0.000212635
0.0122982
0.000176608
0.012302
0.00014178
0.0123037
0.000108171
0.0123032
7.57959e-05
0.0123007
4.46648e-05
0.0122963
1.47809e-05
0.01229
-1.38557e-05
0.0122821
-4.1249e-05
0.0122725
-6.74063e-05
0.0122614
-9.2336e-05
0.0122488
-0.000116049
0.0122349
-0.000138558
0.0122197
-0.000159877
0.0122033
-0.000180022
0.0121857
-0.000199009
0.0121671
-0.000216856
0.0121476
-0.000233581
0.0121271
-0.000249203
0.0121059
-0.000263742
0.0120838
-0.000277218
0.0120611
-0.000289652
0.0120378
-0.000301065
0.0120139
-0.00031148
0.0119896
-0.000320919
0.0119648
-0.000329407
0.0119397
-0.000336968
0.0119142
-0.000343627
0.0118886
-0.000349411
0.0118627
-0.000354349
0.0118368
-0.00035847
0.0118107
-0.000361804
0.0117847
-0.000364383
0.0117587
-0.000366241
0.0117327
-0.000367412
0.011707
-0.000367934
0.0116813
-0.000367843
0.0116559
-0.000367179
0.0116308
-0.000365982
0.0116059
-0.000364292
0.0115814
-0.000362153
0.0115572
-0.000359606
0.0115334
-0.000356696
0.0115099
-0.000353465
0.0114869
-0.000349958
0.0114643
-0.000346218
0.0114421
-0.000342289
0.0114203
-0.000338211
0.011399
-0.000334031
0.0113781
-0.000329784
0.0113577
-0.000325516
0.0113377
-0.000321257
0.011318
-0.000317056
0.0112988
-0.000312932
0.01128
-0.000308937
0.0112615
-0.00030508
0.0112434
-0.000301417
0.0112256
-0.000297942
0.0112081
-0.00029472
0.0111909
-0.000291721
0.0111739
-0.000289029
0.0111571
-0.000286582
0.0111405
-0.000284493
0.011124
-0.000282648
0.0111077
-0.000281216
0.0110915
-0.000279998
0.0110753
-0.000279261
-0.000278665
0.0121808
0.000385918
0.0122014
0.000347564
0.012219
0.000310014
0.0122338
0.000273372
0.0122459
0.000237705
0.0122555
0.00020306
0.0122626
0.000169473
0.0122674
0.000136973
0.01227
0.000105584
0.0122705
7.53244e-05
0.0122689
4.62066e-05
0.0122655
1.8237e-05
0.0122602
-8.58168e-06
0.0122532
-3.42493e-05
0.0122446
-5.87721e-05
0.0122344
-8.21559e-05
0.0122227
-0.000104409
0.0122097
-0.000125542
0.0121954
-0.000145568
0.0121799
-0.000164499
0.0121632
-0.000182351
0.0121455
-0.000199139
0.0121268
-0.00021488
0.0121072
-0.000229591
0.0120868
-0.000243291
0.0120655
-0.000255998
0.0120436
-0.000267732
0.0120211
-0.000278512
0.0119979
-0.00028836
0.0119743
-0.000297298
0.0119503
-0.000305347
0.0119258
-0.000312531
0.0119011
-0.000318874
0.0118761
-0.000324401
0.0118509
-0.000329139
0.0118255
-0.000333116
0.0118001
-0.000336359
0.0117746
-0.0003389
0.0117491
-0.000340769
0.0117237
-0.000341999
0.0116984
-0.000342624
0.0116732
-0.000342679
0.0116482
-0.000342199
0.0116235
-0.000341223
0.011599
-0.000339788
0.0115748
-0.000337934
0.0115508
-0.000335698
0.0115273
-0.000333123
0.0115041
-0.000330248
0.0114812
-0.000327113
0.0114587
-0.000323757
0.0114367
-0.000320224
0.011415
-0.000316548
0.0113938
-0.000312772
0.0113729
-0.000308929
0.0113525
-0.000305063
0.0113324
-0.000301199
0.0113127
-0.000297383
0.0112934
-0.000293634
0.0112745
-0.000289999
0.0112559
-0.000286485
0.0112376
-0.000283146
0.0112196
-0.000279973
0.011202
-0.000277031
0.0111845
-0.000274288
0.0111673
-0.000271826
0.0111503
-0.00026958
0.0111335
-0.000267665
0.0111168
-0.000265963
0.0111002
-0.000264647
0.0110838
-0.000263511
0.0110673
-0.000262831
-0.000262252
0.0121427
0.000361784
0.0121638
0.000326408
0.0121821
0.000291723
0.0121977
0.000257829
0.0122106
0.000224796
0.012221
0.000192674
0.0122289
0.000161501
0.0122346
0.00013131
0.0122381
0.000102127
0.0122394
7.39737e-05
0.0122388
4.68636e-05
0.0122362
2.08061e-05
0.0122318
-4.1951e-06
0.0122257
-2.81337e-05
0.0122179
-5.10175e-05
0.0122086
-7.28491e-05
0.0121979
-9.3635e-05
0.0121857
-0.000113384
0.0121722
-0.000132105
0.0121575
-0.000149812
0.0121417
-0.000166517
0.0121248
-0.000182233
0.0121069
-0.000196977
0.0120881
-0.000210764
0.0120684
-0.00022361
0.0120479
-0.000235533
0.0120267
-0.000246552
0.0120049
-0.000256683
0.0119825
-0.000265948
0.0119596
-0.000274367
0.0119362
-0.000281959
0.0119124
-0.000288748
0.0118883
-0.000294756
0.0118639
-0.000300006
0.0118393
-0.000304524
0.0118145
-0.000308334
0.0117896
-0.000311464
0.0117646
-0.000313943
0.0117397
-0.000315798
0.0117147
-0.00031706
0.0116899
-0.000317762
0.0116651
-0.000317934
0.0116405
-0.000317611
0.0116161
-0.000316827
0.011592
-0.000315617
0.0115681
-0.000314017
0.0115444
-0.000312062
0.0115211
-0.000309792
0.0114981
-0.00030724
0.0114754
-0.000304447
0.0114531
-0.000301446
0.0114312
-0.000298277
0.0114096
-0.000294973
0.0113884
-0.000291573
0.0113676
-0.000288107
0.0113471
-0.000284614
0.011327
-0.00028112
0.0113073
-0.000277665
0.0112879
-0.000274267
0.0112689
-0.000270969
0.0112502
-0.000267778
0.0112318
-0.000264743
0.0112137
-0.000261857
0.0111958
-0.000259179
0.0111782
-0.000256677
0.0111608
-0.000254432
0.0111436
-0.000252379
0.0111266
-0.00025063
0.0111097
-0.000249066
0.0110929
-0.00024786
0.0110762
-0.000246804
0.0110596
-0.00024618
-0.000245622
0.012107
0.000337191
0.0121287
0.000304717
0.0121476
0.000272833
0.0121638
0.000241635
0.0121774
0.000211193
0.0121885
0.000181559
0.0121972
0.000152773
0.0122037
0.00012487
0.0122079
9.78773e-05
0.0122101
7.18178e-05
0.0122102
4.6708e-05
0.0122085
2.25586e-05
0.0122049
-6.27889e-07
0.0121996
-2.28354e-05
0.0121927
-4.4078e-05
0.0121842
-6.43527e-05
0.0121742
-8.36647e-05
0.0121628
-0.000102021
0.0121502
-0.000119431
0.0121363
-0.000135903
0.0121212
-0.00015145
0.012105
-0.000166084
0.0120879
-0.000179819
0.0120698
-0.000192669
0.0120508
-0.000204648
0.0120311
-0.000215774
0.0120106
-0.000226063
0.0119894
-0.000235531
0.0119677
-0.000244197
0.0119454
-0.000252081
0.0119226
-0.0002592
0.0118995
-0.000265577
0.0118759
-0.000271231
0.0118521
-0.000276185
0.0118281
-0.000280462
0.0118038
-0.000284086
0.0117794
-0.000287082
0.011755
-0.000289475
0.0117305
-0.000291293
0.011706
-0.000292564
0.0116815
-0.000293317
0.0116572
-0.000293582
0.0116329
-0.000293388
0.0116089
-0.000292769
0.011585
-0.000291756
0.0115614
-0.000290383
0.011538
-0.000288681
0.0115149
-0.000286687
0.0114921
-0.000284431
0.0114696
-0.00028195
0.0114474
-0.000279276
0.0114256
-0.000276444
0.0114041
-0.000273485
0.011383
-0.000270434
0.0113622
-0.000267319
0.0113417
-0.000264175
0.0113216
-0.000261026
0.0113019
-0.00025791
0.0112825
-0.000254841
0.0112634
-0.00025186
0.0112445
-0.000248973
0.011226
-0.000246226
0.0112078
-0.000243609
0.0111898
-0.00024118
0.011172
-0.000238908
0.0111545
-0.000236869
0.0111371
-0.000234999
0.0111199
-0.000233407
0.0111028
-0.000231976
0.0110858
-0.000230877
0.0110689
-0.000229901
0.011052
-0.00022933
-0.000228797
0.0120738
0.000312221
0.012096
0.000282573
0.0121154
0.000253425
0.0121321
0.00022487
0.0121463
0.000196976
0.0121581
0.000169794
0.0121675
0.000143366
0.0121747
0.000117728
0.0121796
9.29078e-05
0.0121825
6.89294e-05
0.0121834
4.58102e-05
0.0121824
2.3562e-05
0.0121796
2.19112e-06
0.012175
-1.82901e-05
0.0121689
-3.78887e-05
0.0121611
-5.66032e-05
0.0121519
-7.44368e-05
0.0121413
-9.13948e-05
0.0121293
-0.000107485
0.0121161
-0.000122715
0.0121018
-0.000137095
0.0120863
-0.000150636
0.0120699
-0.000163351
0.0120524
-0.000175252
0.0120341
-0.000186354
0.012015
-0.000196669
0.0119952
-0.000206215
0.0119747
-0.000215006
0.0119535
-0.00022306
0.0119318
-0.000230394
0.0119097
-0.000237025
0.0118871
-0.000242972
0.0118641
-0.000248256
0.0118408
-0.000252897
0.0118172
-0.000256915
0.0117935
-0.000260333
0.0117696
-0.000263174
0.0117456
-0.000265462
0.0117215
-0.000267222
0.0116974
-0.000268479
0.0116734
-0.000269261
0.0116494
-0.000269594
0.0116255
-0.000269506
0.0116018
-0.000269027
0.0115782
-0.000268186
0.0115548
-0.000267014
0.0115317
-0.000265539
0.0115088
-0.000263794
0.0114862
-0.000261809
0.0114638
-0.000259615
0.0114418
-0.000257241
0.0114201
-0.000254721
0.0113987
-0.000252082
0.0113776
-0.000249355
0.0113568
-0.000246567
0.0113364
-0.00024375
0.0113163
-0.000240925
0.0112965
-0.000238125
0.011277
-0.000235366
0.0112579
-0.000232683
0.011239
-0.000230083
0.0112204
-0.000227607
0.011202
-0.000225246
0.0111839
-0.000223053
0.011166
-0.000220999
0.0111482
-0.000219156
0.0111307
-0.00021746
0.0111133
-0.000216018
0.0110961
-0.000214716
0.0110789
-0.000213718
0.0110618
-0.000212821
0.0110448
-0.000212301
-0.000211798
0.0120431
0.000286942
0.0120656
0.000260047
0.0120855
0.000233572
0.0121028
0.000207607
0.0121175
0.000182217
0.0121299
0.000157452
0.0121399
0.000133353
0.0121476
0.000109956
0.0121533
8.729e-05
0.0121568
6.53784e-05
0.0121584
4.42392e-05
0.0121581
2.38856e-05
0.0121559
4.32541e-06
0.0121521
-1.44311e-05
0.0121466
-3.2386e-05
0.0121395
-4.95382e-05
0.012131
-6.58897e-05
0.012121
-8.14445e-05
0.0121097
-9.62084e-05
0.0120972
-0.000110189
0.0120835
-0.000123394
0.0120687
-0.000135834
0.0120529
-0.00014752
0.0120361
-0.000158462
0.0120184
-0.000168674
0.0119999
-0.000178169
0.0119806
-0.000186959
0.0119607
-0.000195061
0.0119401
-0.000202489
0.011919
-0.000209259
0.0118974
-0.000215387
0.0118753
-0.000220891
0.0118528
-0.000225789
0.01183
-0.0002301
0.0118069
-0.000233842
0.0117836
-0.000237037
0.0117602
-0.000239705
0.0117366
-0.000241869
0.0117129
-0.000243551
0.0116892
-0.000244774
0.0116655
-0.000245563
0.0116419
-0.000245942
0.0116183
-0.000245938
0.0115948
-0.000245577
0.0115715
-0.000244885
0.0115484
-0.00024389
0.0115255
-0.000242619
0.0115028
-0.0002411
0.0114803
-0.000239361
0.0114582
-0.00023743
0.0114363
-0.000235334
0.0114146
-0.000233102
0.0113933
-0.00023076
0.0113723
-0.000228336
0.0113516
-0.000225853
0.0113312
-0.000223342
0.0113111
-0.00022082
0.0112913
-0.000218318
0.0112717
-0.00021585
0.0112525
-0.00021345
0.0112335
-0.00021112
0.0112148
-0.0002089
0.0111964
-0.000206781
0.0111781
-0.000204813
0.0111601
-0.000202966
0.0111423
-0.000201309
0.0111246
-0.000199781
0.011107
-0.000198482
0.0110896
-0.000197303
0.0110723
-0.000196403
0.0110551
-0.000195584
0.0110379
-0.000195114
-0.000194644
0.012015
0.000261412
0.0120378
0.0002372
0.012058
0.00021334
0.0120757
0.000189914
0.012091
0.000166985
0.0121038
0.000144601
0.0121144
0.000122802
0.0121227
0.000101623
0.0121289
8.10916e-05
0.012133
6.1232e-05
0.0121352
4.20618e-05
0.0121355
2.35948e-05
0.012134
5.83957e-06
0.0121308
-1.11946e-05
0.0121259
-2.75067e-05
0.0121194
-4.30958e-05
0.0121115
-5.79627e-05
0.0121022
-7.21103e-05
0.0120915
-8.55434e-05
0.0120796
-9.82681e-05
0.0120665
-0.000110292
0.0120523
-0.000121623
0.012037
-0.00013227
0.0120208
-0.000142245
0.0120037
-0.000151558
0.0119857
-0.000160221
0.011967
-0.000168246
0.0119476
-0.000175647
0.0119276
-0.000182437
0.0119069
-0.00018863
0.0118858
-0.000194243
0.0118642
-0.00019929
0.0118422
-0.000203788
0.0118198
-0.000207753
0.0117972
-0.000211205
0.0117743
-0.00021416
0.0117513
-0.000216639
0.011728
-0.00021866
0.0117047
-0.000220246
0.0116814
-0.000221416
0.011658
-0.000222193
0.0116347
-0.0002226
0.0116114
-0.000222659
0.0115882
-0.000222395
0.0115652
-0.000221831
0.0115423
-0.000220992
0.0115195
-0.000219903
0.011497
-0.000218589
0.0114747
-0.000217074
0.0114527
-0.000215385
0.0114309
-0.000213545
0.0114094
-0.000211581
0.0113881
-0.000209515
0.0113672
-0.000207374
0.0113465
-0.000205177
0.0113261
-0.000202952
0.011306
-0.000200716
0.0112862
-0.000198495
0.0112666
-0.000196302
0.0112474
-0.000194167
0.0112283
-0.000192094
0.0112096
-0.000190117
0.011191
-0.000188229
0.0111727
-0.000186473
0.0111545
-0.000184825
0.0111366
-0.000183344
0.0111188
-0.000181977
0.0111011
-0.000180816
0.0110835
-0.000179757
0.0110661
-0.000178949
0.0110487
-0.000178209
0.0110314
-0.000177786
-0.000177352
0.0119893
0.000235682
0.0120124
0.000214087
0.012033
0.000192784
0.0120511
0.00017185
0.0120667
0.000151341
0.01208
0.000131304
0.012091
0.000111777
0.0120999
9.27921e-05
0.0121066
7.43772e-05
0.0121112
5.65547e-05
0.012114
3.93422e-05
0.0121148
2.27532e-05
0.0121138
6.79693e-06
0.0121112
-8.51811e-06
0.0121069
-2.31891e-05
0.012101
-3.72149e-05
0.0120936
-5.05956e-05
0.0120848
-6.33332e-05
0.0120747
-7.54315e-05
0.0120633
-8.68954e-05
0.0120508
-9.77312e-05
0.0120371
-0.000107946
0.0120224
-0.000117549
0.0120067
-0.000126547
0.0119901
-0.000134953
0.0119726
-0.000142775
0.0119544
-0.000150024
0.0119355
-0.000156714
0.0119159
-0.000162855
0.0118957
-0.000168461
0.011875
-0.000173546
0.0118539
-0.000178124
0.0118323
-0.000182208
0.0118104
-0.000185816
0.0117881
-0.000188962
0.0117656
-0.000191663
0.0117429
-0.000193937
0.01172
-0.000195801
0.0116971
-0.000197274
0.011674
-0.000198374
0.011651
-0.000199123
0.0116279
-0.000199539
0.0116049
-0.000199643
0.0115819
-0.000199457
0.0115591
-0.000199002
0.0115364
-0.000198301
0.0115139
-0.000197374
0.0114916
-0.000196245
0.0114694
-0.000194936
0.0114475
-0.000193469
0.0114258
-0.000191867
0.0114044
-0.000190151
0.0113832
-0.000188343
0.0113623
-0.000186466
0.0113417
-0.000184538
0.0113213
-0.000182583
0.0113012
-0.000180615
0.0112814
-0.00017866
0.0112618
-0.000176728
0.0112425
-0.000174845
0.0112234
-0.000173015
0.0112045
-0.000171269
0.0111859
-0.0001696
0.0111675
-0.000168048
0.0111493
-0.000166588
0.0111312
-0.000165278
0.0111133
-0.000164064
0.0110955
-0.000163035
0.0110778
-0.000162092
0.0110603
-0.000161375
0.0110428
-0.000160711
0.0110253
-0.000160335
-0.000159938
0.0119662
0.000209792
0.0119896
0.000190754
0.0120104
0.000171957
0.0120288
0.000153469
0.0120448
0.000135343
0.0120585
0.00011762
0.0120699
0.000100338
0.0120792
8.3525e-05
0.0120863
6.72081e-05
0.0120915
5.14082e-05
0.0120947
3.61421e-05
0.012096
2.14226e-05
0.0120956
7.25898e-06
0.0120934
-6.34078e-06
0.0120896
-1.93727e-05
0.0120842
-3.18358e-05
0.0120773
-4.37294e-05
0.012069
-5.50548e-05
0.0120594
-6.58149e-05
0.0120485
-7.60138e-05
0.0120365
-8.56568e-05
0.0120233
-9.47501e-05
0.012009
-0.000103301
0.0119938
-0.000111317
0.0119776
-0.000118807
0.0119607
-0.000125779
0.0119429
-0.000132245
0.0119244
-0.000138214
0.0119052
-0.000143697
0.0118855
-0.000148706
0.0118652
-0.000153252
0.0118444
-0.000157349
0.0118232
-0.000161009
0.0118016
-0.000164246
0.0117797
-0.000167074
0.0117576
-0.000169508
0.0117352
-0.000171563
0.0117127
-0.000173256
0.01169
-0.000174601
0.0116672
-0.000175617
0.0116444
-0.000176321
0.0116216
-0.00017673
0.0115988
-0.000176863
0.0115761
-0.000176739
0.0115535
-0.000176377
0.011531
-0.000175795
0.0115086
-0.000175014
0.0114864
-0.000174053
0.0114644
-0.000172932
0.0114426
-0.000171671
0.0114211
-0.000170288
0.0113997
-0.000168805
0.0113786
-0.000167239
0.0113578
-0.00016561
0.0113371
-0.000163935
0.0113168
-0.000162234
0.0112967
-0.000160521
0.0112769
-0.000158817
0.0112573
-0.000157132
0.0112379
-0.000155489
0.0112188
-0.00015389
0.0111999
-0.000152365
0.0111812
-0.000150905
0.0111627
-0.000149548
0.0111444
-0.000148269
0.0111262
-0.000147122
0.0111082
-0.000146057
0.0110903
-0.000145154
0.0110726
-0.000144324
0.0110549
-0.000143695
0.0110373
-0.000143107
0.0110197
-0.000142776
-0.000142418
0.0119457
0.000183778
0.0119692
0.000167243
0.0119903
0.000150903
0.0120089
0.00013482
0.0120252
0.000119041
0.0120393
0.000103603
0.0120511
8.854e-05
0.0120607
7.38787e-05
0.0120683
5.96427e-05
0.0120738
4.58516e-05
0.0120774
3.25208e-05
0.0120792
1.96626e-05
0.0120792
7.28549e-06
0.0120774
-4.60307e-06
0.0120741
-1.59984e-05
0.0120691
-2.68997e-05
0.0120627
-3.73058e-05
0.0120549
-4.72174e-05
0.0120457
-5.66368e-05
0.0120352
-6.55673e-05
0.0120236
-7.40132e-05
0.0120108
-8.19799e-05
0.011997
-8.94732e-05
0.0119822
-9.65e-05
0.0119664
-0.000103068
0.0119498
-0.000109184
0.0119325
-0.000114858
0.0119143
-0.000120098
0.0118956
-0.000124915
0.0118762
-0.000129317
0.0118562
-0.000133315
0.0118358
-0.000136922
0.0118149
-0.000140147
0.0117937
-0.000143002
0.0117721
-0.000145501
0.0117503
-0.000147657
0.0117282
-0.000149481
0.0117059
-0.000150989
0.0116835
-0.000152195
0.011661
-0.000153113
0.0116385
-0.000153758
0.0116159
-0.000154147
0.0115933
-0.000154294
0.0115708
-0.000154217
0.0115483
-0.000153932
0.011526
-0.000153456
0.0115038
-0.000152805
0.0114817
-0.000151997
0.0114599
-0.000151049
0.0114382
-0.000149978
0.0114167
-0.000148801
0.0113954
-0.000147534
0.0113744
-0.000146195
0.0113535
-0.0001448
0.011333
-0.000143364
0.0113126
-0.000141905
0.0112926
-0.000140433
0.0112727
-0.000138969
0.0112531
-0.000137519
0.0112337
-0.000136105
0.0112146
-0.000134728
0.0111956
-0.000133414
0.0111769
-0.000132155
0.0111583
-0.000130984
0.0111399
-0.00012988
0.0111217
-0.000128889
0.0111036
-0.000127968
0.0110856
-0.000127188
0.0110678
-0.000126468
0.01105
-0.000125923
0.0110323
-0.00012541
0.0110146
-0.000125123
-0.000124807
0.0119278
0.000157668
0.0119514
0.000143586
0.0119727
0.000129661
0.0119915
0.000115946
0.0120081
0.000102483
0.0120224
8.93032e-05
0.0120345
7.64366e-05
0.0120445
6.39075e-05
0.0120524
5.17367e-05
0.0120583
3.99415e-05
0.0120623
2.8536e-05
0.0120644
1.7531e-05
0.0120647
6.93461e-06
0.0120634
-3.24679e-06
0.0120604
-1.30081e-05
0.0120558
-2.23488e-05
0.0120498
-3.12673e-05
0.0120424
-3.97641e-05
0.0120336
-4.78408e-05
0.0120235
-5.55001e-05
0.0120122
-6.27454e-05
0.0119998
-6.95812e-05
0.0119864
-7.60125e-05
0.0119719
-8.20449e-05
0.0119565
-8.76848e-05
0.0119403
-9.29388e-05
0.0119232
-9.78143e-05
0.0119055
-0.000102319
0.011887
-0.000106461
0.0118679
-0.000110249
0.0118483
-0.000113691
0.0118282
-0.000116798
0.0118076
-0.000119579
0.0117867
-0.000122044
0.0117654
-0.000124204
0.0117438
-0.000126071
0.011722
-0.000127654
0.0116999
-0.000128967
0.0116778
-0.000130021
0.0116555
-0.000130829
0.0116331
-0.000131405
0.0116107
-0.00013176
0.0115883
-0.00013191
0.011566
-0.000131867
0.0115437
-0.000131647
0.0115215
-0.000131262
0.0114994
-0.000130729
0.0114775
-0.00013006
0.0114557
-0.000129272
0.0114341
-0.000128378
0.0114127
-0.000127393
0.0113915
-0.000126331
0.0113705
-0.000125206
0.0113498
-0.000124033
0.0113292
-0.000122824
0.0113089
-0.000121594
0.0112888
-0.000120353
0.011269
-0.000119117
0.0112494
-0.000117893
0.0112299
-0.000116699
0.0112108
-0.000115535
0.0111918
-0.000114423
0.011173
-0.000113358
0.0111543
-0.000112367
0.0111359
-0.000111431
0.0111176
-0.000110592
0.0110994
-0.00010981
0.0110814
-0.000109148
0.0110635
-0.000108536
0.0110456
-0.000108073
0.0110278
-0.000107635
0.0110101
-0.000107391
-0.000107118
0.0119124
0.000131485
0.0119361
0.000119814
0.0119575
0.000108267
0.0119766
9.68885e-05
0.0119934
8.57122e-05
0.0120079
7.4767e-05
0.0120202
6.40769e-05
0.0120305
5.3663e-05
0.0120387
4.35433e-05
0.0120449
3.37327e-05
0.0120492
2.42431e-05
0.0120516
1.50842e-05
0.0120523
6.26299e-06
0.0120513
-2.21506e-06
0.0120486
-1.03448e-05
0.0120444
-1.81262e-05
0.0120387
-2.55574e-05
0.0120316
-3.26387e-05
0.0120231
-3.93712e-05
0.0120133
-4.5757e-05
0.0120024
-5.17989e-05
0.0119903
-5.75004e-05
0.0119772
-6.28656e-05
0.011963
-6.78993e-05
0.0119479
-7.26064e-05
0.011932
-7.69927e-05
0.0119152
-8.10641e-05
0.0118978
-8.48271e-05
0.0118796
-8.82883e-05
0.0118608
-9.1455e-05
0.0118414
-9.43346e-05
0.0118216
-9.69349e-05
0.0118013
-9.92641e-05
0.0117805
-0.000101331
0.0117595
-0.000103144
0.0117381
-0.000104712
0.0117165
-0.000106045
0.0116947
-0.000107153
0.0116727
-0.000108047
0.0116506
-0.000108735
0.0116285
-0.00010923
0.0116062
-0.000109542
0.011584
-0.000109683
0.0115618
-0.000109664
0.0115397
-0.000109497
0.0115176
-0.000109194
0.0114956
-0.000108766
0.0114738
-0.000108226
0.0114521
-0.000107586
0.0114306
-0.000106858
0.0114092
-0.000106054
0.0113881
-0.000105185
0.0113672
-0.000104264
0.0113464
-0.000103303
0.0113259
-0.000102311
0.0113056
-0.0001013
0.0112856
-0.000100281
0.0112657
-9.92645e-05
0.0112461
-9.82575e-05
0.0112266
-9.72739e-05
0.0112074
-9.63157e-05
0.0111884
-9.53998e-05
0.0111696
-9.4522e-05
0.0111509
-9.37042e-05
0.0111324
-9.29329e-05
0.011114
-9.22395e-05
0.0110958
-9.15944e-05
0.0110777
-9.10471e-05
0.0110597
-9.05407e-05
0.0110418
-9.01578e-05
0.011024
-8.97937e-05
0.0110062
-8.95917e-05
-8.93624e-05
0.0118995
0.000105246
0.0119234
9.59519e-05
0.0119449
8.6752e-05
0.0119641
7.76819e-05
0.011981
6.87696e-05
0.0119958
6.00383e-05
0.0120083
5.15074e-05
0.0120188
4.31943e-05
0.0120272
3.51136e-05
0.0120337
2.72774e-05
0.0120382
1.96959e-05
0.012041
1.23767e-05
0.0120419
5.32589e-06
0.0120411
-1.45222e-06
0.0120387
-7.95283e-06
0.0120348
-1.41761e-05
0.0120293
-2.01204e-05
0.0120225
-2.57858e-05
0.0120143
-3.11729e-05
0.0120048
-3.62835e-05
0.0119941
-4.11196e-05
0.0119823
-4.5684e-05
0.0119694
-4.998e-05
0.0119556
-5.40112e-05
0.0119407
-5.77817e-05
0.011925
-6.12958e-05
0.0119085
-6.45585e-05
0.0118913
-6.75748e-05
0.0118733
-7.03501e-05
0.0118548
-7.28901e-05
0.0118356
-7.52007e-05
0.011816
-7.72883e-05
0.0117959
-7.91594e-05
0.0117754
-8.08207e-05
0.0117545
-8.22793e-05
0.0117333
-8.35427e-05
0.0117119
-8.46183e-05
0.0116903
-8.55142e-05
0.0116685
-8.62383e-05
0.0116465
-8.67991e-05
0.0116245
-8.72051e-05
0.0116024
-8.74653e-05
0.0115803
-8.75886e-05
0.0115583
-8.75841e-05
0.0115362
-8.74613e-05
0.0115143
-8.72296e-05
0.0114924
-8.68985e-05
0.0114706
-8.64778e-05
0.011449
-8.59768e-05
0.0114276
-8.54053e-05
0.0114063
-8.47728e-05
0.0113852
-8.4089e-05
0.0113643
-8.33627e-05
0.0113436
-8.26036e-05
0.0113231
-8.18201e-05
0.0113028
-8.10216e-05
0.0112828
-8.02154e-05
0.0112629
-7.94111e-05
0.0112433
-7.86142e-05
0.0112238
-7.78349e-05
0.0112046
-7.70762e-05
0.0111855
-7.63498e-05
0.0111667
-7.56545e-05
0.011148
-7.50053e-05
0.0111294
-7.43941e-05
0.011111
-7.38428e-05
0.0110928
-7.33314e-05
0.0110746
-7.28957e-05
0.0110566
-7.24938e-05
0.0110386
-7.21885e-05
0.0110207
-7.18987e-05
0.0110029
-7.17377e-05
-7.15534e-05
0.0118892
7.89669e-05
0.0119132
7.20206e-05
0.0119348
6.51425e-05
0.0119541
5.83592e-05
0.0119712
5.16919e-05
0.0119861
4.51579e-05
0.0119988
3.87723e-05
0.0120094
3.2548e-05
0.0120181
2.64963e-05
0.0120247
2.06266e-05
0.0120295
1.49464e-05
0.0120324
9.46181e-06
0.0120335
4.17739e-06
0.012033
-9.0358e-07
0.0120308
-5.77706e-06
0.0120271
-1.04434e-05
0.0120219
-1.49012e-05
0.0120152
-1.91503e-05
0.0120072
-2.31913e-05
0.011998
-2.70252e-05
0.0119875
-3.06538e-05
0.0119759
-3.4079e-05
0.0119632
-3.73031e-05
0.0119495
-4.0329e-05
0.0119349
-4.31595e-05
0.0119194
-4.57981e-05
0.0119031
-4.82484e-05
0.0118861
-5.0514e-05
0.0118683
-5.25991e-05
0.0118499
-5.4508e-05
0.011831
-5.62451e-05
0.0118115
-5.7815e-05
0.0117916
-5.92228e-05
0.0117712
-6.04734e-05
0.0117505
-6.15723e-05
0.0117295
-6.25248e-05
0.0117082
-6.33368e-05
0.0116867
-6.4014e-05
0.011665
-6.45627e-05
0.0116432
-6.4989e-05
0.0116213
-6.52995e-05
0.0115993
-6.55006e-05
0.0115774
-6.55993e-05
0.0115554
-6.56022e-05
0.0115334
-6.55164e-05
0.0115115
-6.5349e-05
0.0114898
-6.51072e-05
0.0114681
-6.4798e-05
0.0114465
-6.44288e-05
0.0114251
-6.40066e-05
0.0114039
-6.35386e-05
0.0113828
-6.30319e-05
0.011362
-6.24935e-05
0.0113413
-6.19301e-05
0.0113208
-6.13485e-05
0.0113006
-6.0755e-05
0.0112805
-6.01561e-05
0.0112606
-5.95576e-05
0.011241
-5.89654e-05
0.0112215
-5.83848e-05
0.0112023
-5.78211e-05
0.0111832
-5.72791e-05
0.0111643
-5.67627e-05
0.0111456
-5.62774e-05
0.011127
-5.58239e-05
0.0111086
-5.54107e-05
0.0110903
-5.5032e-05
0.0110721
-5.4704e-05
0.011054
-5.4407e-05
0.011036
-5.4176e-05
0.0110181
-5.39617e-05
0.0110002
-5.38404e-05
-5.37022e-05
0.0118815
5.26573e-05
0.0119055
4.80379e-05
0.0119272
4.34629e-05
0.0119466
3.89501e-05
0.0119638
3.45135e-05
0.0119788
3.01647e-05
0.0119916
2.59138e-05
0.0120024
2.17695e-05
0.0120112
1.77394e-05
0.012018
1.38299e-05
0.0120229
1.00461e-05
0.0120259
6.39211e-06
0.0120272
2.87106e-06
0.0120269
-5.14859e-07
0.0120248
-3.76287e-06
0.0120213
-6.87312e-06
0.0120162
-9.84466e-06
0.0120097
-1.26774e-05
0.0120019
-1.53716e-05
0.0119928
-1.79281e-05
0.0119825
-2.03477e-05
0.0119711
-2.2632e-05
0.0119585
-2.47824e-05
0.011945
-2.68008e-05
0.0119305
-2.86891e-05
0.0119152
-3.04496e-05
0.011899
-3.20846e-05
0.0118821
-3.35966e-05
0.0118645
-3.49884e-05
0.0118463
-3.62628e-05
0.0118274
-3.74228e-05
0.0118081
-3.84714e-05
0.0117883
-3.9412e-05
0.0117681
-4.0248e-05
0.0117475
-4.09829e-05
0.0117266
-4.16203e-05
0.0117054
-4.21641e-05
0.011684
-4.26182e-05
0.0116624
-4.29866e-05
0.0116407
-4.32736e-05
0.0116189
-4.34833e-05
0.011597
-4.36203e-05
0.0115751
-4.36889e-05
0.0115532
-4.36939e-05
0.0115313
-4.36397e-05
0.0115095
-4.35311e-05
0.0114878
-4.3373e-05
0.0114661
-4.31699e-05
0.0114446
-4.29269e-05
0.0114233
-4.26484e-05
0.0114021
-4.23396e-05
0.011381
-4.20046e-05
0.0113602
-4.16488e-05
0.0113396
-4.12757e-05
0.0113191
-4.08911e-05
0.0112988
-4.04977e-05
0.0112788
-4.01016e-05
0.0112589
-3.97043e-05
0.0112393
-3.93128e-05
0.0112198
-3.89268e-05
0.0112006
-3.85545e-05
0.0111815
-3.81932e-05
0.0111626
-3.78531e-05
0.0111438
-3.75281e-05
0.0111252
-3.7231e-05
0.0111068
-3.6952e-05
0.0110884
-3.67061e-05
0.0110702
-3.64816e-05
0.0110521
-3.62916e-05
0.011034
-3.61302e-05
0.0110161
-3.59946e-05
0.0109981
-3.5909e-05
-3.58211e-05
0.0118764
2.63287e-05
0.0119004
2.40224e-05
0.0119222
2.17384e-05
0.0119416
1.94854e-05
0.0119589
1.72702e-05
0.0119739
1.50983e-05
0.0119869
1.2975e-05
0.0119977
1.09046e-05
0.0120066
8.89108e-06
0.0120135
6.9376e-06
0.0120185
5.04675e-06
0.0120216
3.2206e-06
0.0120231
1.46073e-06
0.0120228
-2.31625e-07
0.0120209
-1.85535e-06
0.0120174
-3.41019e-06
0.0120125
-4.89581e-06
0.0120061
-6.31211e-06
0.0119984
-7.65925e-06
0.0119894
-8.93757e-06
0.0119792
-1.01476e-05
0.0119678
-1.12899e-05
0.0119554
-1.23654e-05
0.011942
-1.33749e-05
0.0119276
-1.43194e-05
0.0119124
-1.52001e-05
0.0118963
-1.6018e-05
0.0118795
-1.67745e-05
0.011862
-1.74709e-05
0.0118438
-1.81086e-05
0.0118251
-1.86892e-05
0.0118058
-1.92141e-05
0.0117861
-1.96851e-05
0.011766
-2.01037e-05
0.0117454
-2.04718e-05
0.0117246
-2.07912e-05
0.0117035
-2.10639e-05
0.0116822
-2.12917e-05
0.0116607
-2.14767e-05
0.011639
-2.1621e-05
0.0116173
-2.17267e-05
0.0115954
-2.1796e-05
0.0115736
-2.18312e-05
0.0115517
-2.18346e-05
0.0115299
-2.18084e-05
0.0115081
-2.1755e-05
0.0114864
-2.16769e-05
0.0114648
-2.15762e-05
0.0114434
-2.14557e-05
0.011422
-2.13173e-05
0.0114009
-2.11639e-05
0.0113798
-2.09971e-05
0.011359
-2.08204e-05
0.0113384
-2.06343e-05
0.0113179
-2.04434e-05
0.0112977
-2.02467e-05
0.0112776
-2.00505e-05
0.0112578
-1.98512e-05
0.0112381
-1.96579e-05
0.0112187
-1.94633e-05
0.0111994
-1.92808e-05
0.0111803
-1.90967e-05
0.0111614
-1.89325e-05
0.0111426
-1.87635e-05
0.011124
-1.86244e-05
0.0111055
-1.84735e-05
0.0110872
-1.83662e-05
0.0110689
-1.82344e-05
0.0110508
-1.81644e-05
0.0110327
-1.80517e-05
0.0110147
-1.80232e-05
0.0109968
-1.79349e-05
-1.79314e-05
0.0118739
0.0118979
0.0119197
0.0119392
0.0119564
0.0119715
0.0119845
0.0119954
0.0120043
0.0120112
0.0120163
0.0120195
0.012021
0.0120207
0.0120189
0.0120155
0.0120106
0.0120043
0.0119966
0.0119877
0.0119775
0.0119662
0.0119539
0.0119405
0.0119262
0.011911
0.0118949
0.0118782
0.0118607
0.0118426
0.0118239
0.0118047
0.011785
0.0117649
0.0117444
0.0117236
0.0117026
0.0116813
0.0116598
0.0116382
0.0116165
0.0115947
0.0115728
0.011551
0.0115292
0.0115074
0.0114858
0.0114642
0.0114427
0.0114214
0.0114002
0.0113792
0.0113584
0.0113378
0.0113173
0.0112971
0.011277
0.0112572
0.0112375
0.0112181
0.0111988
0.0111797
0.0111608
0.011142
0.0111234
0.0111049
0.0110865
0.0110683
0.0110501
0.0110321
0.0110141
0.0109961
)
;

boundaryField
{
    inlet
    {
        type            calculated;
        value           nonuniform 0();
    }
    outlet
    {
        type            calculated;
        value           nonuniform List<scalar> 
50
(
0.0104133
0.0106771
0.0108556
0.0109696
0.0110377
0.0110749
0.0110922
0.0110976
0.0110961
0.0110908
0.0110837
0.0110757
0.0110674
0.0110591
0.0110509
0.0110429
0.0110352
0.0110278
0.0110207
0.0110141
0.0110079
0.0110022
0.010997
0.0109924
0.0109884
0.010985
0.0109823
0.0109803
0.0109789
0.0109782
0.00169009
0.00173577
0.00182704
0.00196087
0.0021329
0.00233775
0.00256931
0.00282106
0.00308637
0.00335876
0.00363215
0.00390103
0.00416057
0.00440674
0.00463633
0.004847
0.00503725
0.00520637
0.00535441
0.00548205
)
;
    }
    cylinder
    {
        type            calculated;
        value           nonuniform 0();
    }
    top
    {
        type            symmetryPlane;
        value           uniform 0;
    }
    bottom
    {
        type            symmetryPlane;
        value           nonuniform 0();
    }
    defaultFaces
    {
        type            empty;
        value           nonuniform 0();
    }
    procBoundary3to1
    {
        type            processor;
        value           nonuniform List<scalar> 
77
(
6.03773e-07
1.20143e-06
1.88336e-06
2.63431e-06
3.43557e-06
4.26252e-06
5.08006e-06
5.72564e-06
6.1237e-06
6.46543e-06
6.67686e-06
6.70152e-06
6.55938e-06
6.16452e-06
5.50547e-06
4.60314e-06
3.44445e-06
2.05585e-06
4.56298e-07
-1.31434e-06
-3.21948e-06
-5.20847e-06
-7.2272e-06
-9.2179e-06
-1.11214e-05
-1.2879e-05
-1.44279e-05
-1.57148e-05
-1.66893e-05
-1.73083e-05
-1.75372e-05
-1.73528e-05
-1.67394e-05
-1.57126e-05
-1.42692e-05
-1.24348e-05
-1.02428e-05
-7.72848e-06
-4.96763e-06
-2.0034e-06
1.09237e-06
4.25678e-06
7.40871e-06
1.04858e-05
1.34129e-05
1.61272e-05
1.85689e-05
2.06851e-05
2.24307e-05
2.37696e-05
2.46754e-05
2.51314e-05
2.51311e-05
2.46777e-05
2.37838e-05
2.24712e-05
2.07694e-05
1.87156e-05
1.63531e-05
1.37304e-05
1.09002e-05
7.91812e-06
4.84159e-06
1.72769e-06
-1.35968e-06
-4.36906e-06
-7.24163e-06
-9.92455e-06
-1.23625e-05
-1.45119e-05
-1.63083e-05
-1.7734e-05
-1.86625e-05
-1.92e-05
-1.88591e-05
-1.85477e-05
-1.55619e-05
)
;
    }
    procBoundary3to2
    {
        type            processor;
        value           nonuniform List<scalar> 
54
(
0.00121081
0.00115574
0.00104646
0.000884417
0.000671344
0.000107182
0.000420144
0.000104941
-0.000258099
-0.000669891
-0.0011313
-0.00164185
0.000129829
-0.00217084
-0.00274227
-0.00332248
-0.00388366
0.000273848
-0.0043138
-0.00473538
-0.00506052
-0.00528397
0.000507227
-0.00535607
-0.0122655
-0.0126228
-0.0127301
-0.0127285
-0.0126858
-0.0126285
-0.0125667
-0.0125051
-0.012446
-0.0123902
-0.0123379
-0.0122886
-0.0122422
-0.0121985
-0.0121572
-0.0121186
-0.0120824
-0.0120488
-0.0120178
-0.0119894
-0.0119636
-0.0119404
-0.0119197
-0.0119016
-0.0118862
-0.0118733
-0.011863
-0.0118552
-0.0118501
-0.0118476
)
;
    }
}


// ************************************************************************* //
