/*--------------------------------*- C++ -*----------------------------------*\
  =========                 |
  \\      /  F ield         | OpenFOAM: The Open Source CFD Toolbox
   \\    /   O peration     | Website:  https://openfoam.org
    \\  /    A nd           | Version:  7
     \\/     M anipulation  |
\*---------------------------------------------------------------------------*/
FoamFile
{
    version     2.0;
    format      ascii;
    class       volVectorField;
    location    "40";
    object      U;
}
// * * * * * * * * * * * * * * * * * * * * * * * * * * * * * * * * * * * * * //

dimensions      [0 1 -1 0 0 0 0];

internalField   nonuniform List<vector> 
1360
(
(0.184872 -0.00847336 2.15809e-20)
(0.192978 -0.00847614 -2.11543e-20)
(0.20109 -0.00846778 -4.61221e-21)
(0.209199 -0.0084489 1.34819e-20)
(0.217293 -0.0084202 1.21363e-20)
(0.225363 -0.00838238 -6.13754e-21)
(0.233402 -0.00833616 -2.53228e-21)
(0.241402 -0.00828224 -4.49127e-21)
(0.249354 -0.00822134 -1.86402e-21)
(0.257253 -0.0081541 4.33681e-21)
(0.265092 -0.00808119 -8.4353e-21)
(0.272867 -0.00800321 3.53987e-21)
(0.280572 -0.00792074 7.82653e-21)
(0.288204 -0.00783432 -2.01753e-20)
(0.295757 -0.00774445 2.34047e-20)
(0.30323 -0.00765161 -1.07543e-20)
(0.31062 -0.00755623 -6.03402e-21)
(0.317923 -0.00745872 1.17565e-20)
(0.325137 -0.00735945 -1.75791e-20)
(0.332262 -0.00725876 1.63059e-20)
(0.339295 -0.00715695 4.1378e-21)
(0.346236 -0.00705433 -1.93056e-20)
(0.353083 -0.00695115 5.04323e-21)
(0.359836 -0.00684764 1.1233e-20)
(0.366494 -0.00674402 -2.05021e-21)
(0.373057 -0.00664048 -4.49981e-22)
(0.379526 -0.00653721 -1.07871e-20)
(0.3859 -0.00643436 4.55228e-21)
(0.392179 -0.00633207 -2.9531e-21)
(0.398364 -0.00623046 9.58729e-21)
(0.404456 -0.00612966 -9.82827e-21)
(0.410454 -0.00602976 7.96847e-22)
(0.416361 -0.00593085 6.2196e-21)
(0.422176 -0.005833 -7.385e-21)
(0.4279 -0.0057363 7.84607e-21)
(0.433535 -0.00564079 -1.89391e-21)
(0.439082 -0.00554653 -8.45339e-23)
(0.444541 -0.00545356 -3.2306e-21)
(0.449913 -0.00536191 1.75579e-21)
(0.455201 -0.00527163 2.23009e-21)
(0.460404 -0.00518273 4.37559e-21)
(0.465525 -0.00509523 -4.68653e-21)
(0.470564 -0.00500915 8.74927e-22)
(0.475522 -0.0049245 2.39009e-21)
(0.480402 -0.00484129 -3.20367e-21)
(0.485204 -0.00475952 -5.20251e-22)
(0.489929 -0.00467918 1.05206e-21)
(0.494579 -0.00460029 1.26212e-21)
(0.499156 -0.00452283 -4.08569e-22)
(0.503659 -0.0044468 -2.21145e-21)
(0.218871 -0.0249974 -9.93731e-20)
(0.226582 -0.0250013 1.80291e-20)
(0.234293 -0.0249725 5.50751e-20)
(0.241994 -0.0249128 8.12944e-21)
(0.249674 -0.0248245 -7.02796e-20)
(0.257327 -0.0247095 2.77003e-20)
(0.264945 -0.0245701 -3.09963e-20)
(0.27252 -0.0244083 -1.35648e-20)
(0.280046 -0.0242263 -5.76619e-20)
(0.287518 -0.0240259 6.70903e-20)
(0.29493 -0.0238091 1.09306e-20)
(0.302278 -0.0235776 -4.23789e-20)
(0.309558 -0.0233331 2.11452e-20)
(0.316766 -0.0230773 -1.62865e-20)
(0.323898 -0.0228115 9.13073e-20)
(0.330952 -0.0225372 -9.98944e-20)
(0.337926 -0.0222556 7.12611e-20)
(0.344817 -0.0219679 3.4156e-21)
(0.351624 -0.0216752 -4.90592e-20)
(0.358345 -0.0213784 -1.35397e-20)
(0.364979 -0.0210784 2.45143e-20)
(0.371525 -0.0207762 -1.93831e-20)
(0.377983 -0.0204724 5.31187e-20)
(0.384351 -0.0201677 -1.70569e-20)
(0.390631 -0.0198627 -1.51947e-20)
(0.39682 -0.0195581 -5.54013e-21)
(0.402921 -0.0192543 2.9388e-21)
(0.408932 -0.0189518 4.93292e-21)
(0.414854 -0.018651 -4.71757e-21)
(0.420688 -0.0183522 -5.46667e-21)
(0.426433 -0.0180558 1.67103e-20)
(0.432092 -0.0177621 5.16716e-21)
(0.437664 -0.0174713 -1.82481e-20)
(0.44315 -0.0171837 3.48341e-21)
(0.448551 -0.0168994 -6.91904e-21)
(0.453868 -0.0166187 1.01252e-20)
(0.459102 -0.0163416 -3.6978e-21)
(0.464255 -0.0160684 4.16108e-21)
(0.469326 -0.0157991 4.54791e-21)
(0.474317 -0.0155337 3.49864e-21)
(0.47923 -0.0152724 -3.64848e-21)
(0.484065 -0.0150153 2.66624e-21)
(0.488823 -0.0147623 -1.33028e-20)
(0.493507 -0.0145136 6.13827e-21)
(0.498116 -0.014269 3.26935e-21)
(0.502652 -0.0140287 -7.60048e-21)
(0.507117 -0.0137926 2.94185e-21)
(0.511511 -0.0135608 -3.39621e-21)
(0.515836 -0.0133331 9.8934e-21)
(0.520093 -0.0131097 -8.24846e-21)
(0.284436 -0.0402505 -3.84447e-20)
(0.291351 -0.0402451 -5.84995e-20)
(0.298254 -0.0401874 2.25822e-19)
(0.305137 -0.0400808 -6.11177e-20)
(0.311993 -0.0399288 2.48304e-20)
(0.318814 -0.0397349 -1.09595e-19)
(0.325596 -0.0395026 1.05576e-19)
(0.332333 -0.0392353 -7.67871e-20)
(0.33902 -0.0389363 3.50639e-20)
(0.345653 -0.0386087 4.34283e-21)
(0.352229 -0.0382556 -5.82265e-20)
(0.358743 -0.0378797 5.53337e-20)
(0.365193 -0.0374837 2.59928e-20)
(0.371576 -0.0370701 1.42555e-20)
(0.37789 -0.0366412 -5.90809e-20)
(0.384132 -0.0361991 2.49348e-20)
(0.390302 -0.0357458 1.41001e-20)
(0.396398 -0.0352831 -6.35581e-20)
(0.402418 -0.0348127 6.29262e-20)
(0.408362 -0.0343361 -1.98104e-20)
(0.414228 -0.0338548 1.99391e-20)
(0.420017 -0.0333701 -2.86596e-20)
(0.425727 -0.0328831 -9.2798e-21)
(0.431359 -0.0323948 5.44153e-20)
(0.436912 -0.0319064 -2.2548e-20)
(0.442387 -0.0314185 -2.60917e-20)
(0.447783 -0.0309322 -3.07902e-21)
(0.453101 -0.0304479 7.73576e-21)
(0.458342 -0.0299665 1.01689e-20)
(0.463505 -0.0294884 4.51013e-21)
(0.468591 -0.0290142 3.91632e-21)
(0.473601 -0.0285443 -4.14732e-20)
(0.478536 -0.0280792 -2.38586e-21)
(0.483396 -0.0276191 4.73592e-20)
(0.488182 -0.0271645 -1.90927e-20)
(0.492894 -0.0267155 1.83837e-21)
(0.497535 -0.0262724 -2.54586e-20)
(0.502103 -0.0258354 1.78036e-20)
(0.506602 -0.0254046 2.31523e-21)
(0.511031 -0.0249803 1.59327e-20)
(0.515391 -0.0245624 1.48174e-22)
(0.519684 -0.0241512 -4.39754e-21)
(0.52391 -0.0237466 -9.60542e-21)
(0.52807 -0.0233487 1.89848e-20)
(0.532166 -0.0229576 -1.81012e-20)
(0.536199 -0.0225732 7.11839e-21)
(0.540169 -0.0221956 -1.74047e-20)
(0.544078 -0.0218248 3.61028e-21)
(0.547926 -0.0214607 -4.48463e-21)
(0.551716 -0.0211032 2.22574e-20)
(0.555446 -0.0207524 -1.56555e-20)
(0.38261 -0.0533613 1.76731e-20)
(0.388294 -0.0532701 2.36509e-20)
(0.393951 -0.0531154 -2.74355e-19)
(0.399577 -0.0529019 1.8463e-19)
(0.405168 -0.0526345 -1.89357e-19)
(0.410719 -0.0523178 7.96837e-20)
(0.416228 -0.0519563 6.49207e-20)
(0.421692 -0.0515543 -1.01146e-19)
(0.427109 -0.0511158 7.87997e-20)
(0.432475 -0.0506448 -8.71149e-20)
(0.43779 -0.0501448 1.17389e-21)
(0.44305 -0.0496192 -7.99899e-21)
(0.448256 -0.0490713 -3.54462e-20)
(0.453404 -0.0485039 1.8978e-19)
(0.458495 -0.0479198 -2.86288e-20)
(0.463528 -0.0473214 -1.5913e-19)
(0.4685 -0.0467112 1.07416e-19)
(0.473412 -0.0460912 -8.83303e-20)
(0.478263 -0.0454635 1.56802e-19)
(0.483053 -0.0448298 -1.26449e-19)
(0.487781 -0.0441918 6.41025e-20)
(0.492447 -0.043551 3.06945e-20)
(0.497052 -0.0429088 -7.07565e-20)
(0.501594 -0.0422663 -2.3782e-20)
(0.506074 -0.0416248 7.29639e-20)
(0.510493 -0.0409852 9.75919e-21)
(0.51485 -0.0403485 -4.53691e-20)
(0.519145 -0.0397155 7.41287e-20)
(0.52338 -0.0390869 -1.31056e-19)
(0.527554 -0.0384634 5.52154e-20)
(0.531668 -0.0378456 -5.37628e-22)
(0.535723 -0.0372339 -5.19792e-21)
(0.539719 -0.036629 -1.43174e-20)
(0.543656 -0.0360311 1.46805e-20)
(0.547535 -0.0354406 -1.78708e-20)
(0.551358 -0.0348578 1.98875e-20)
(0.555124 -0.0342829 8.0237e-21)
(0.558834 -0.0337163 1.71927e-20)
(0.562489 -0.033158 -2.1458e-20)
(0.56609 -0.0326083 8.60402e-21)
(0.569637 -0.0320671 -2.28357e-20)
(0.573132 -0.0315347 3.06931e-20)
(0.576574 -0.0310111 -1.07897e-20)
(0.579965 -0.0304963 3.25162e-22)
(0.583306 -0.0299903 1.61838e-20)
(0.586598 -0.0294932 -1.1397e-20)
(0.58984 -0.029005 -6.04363e-21)
(0.593034 -0.0285255 -6.60003e-21)
(0.596182 -0.0280549 1.16209e-20)
(0.599282 -0.0275929 -3.93471e-21)
(0.493802 -0.0635493 5.08007e-20)
(0.497865 -0.0634371 1.17503e-19)
(0.501908 -0.0632508 -2.8168e-19)
(0.505927 -0.0629961 2.58946e-19)
(0.509922 -0.0626789 -9.47829e-20)
(0.513891 -0.0623045 7.19323e-20)
(0.517832 -0.0618783 9.15801e-21)
(0.521744 -0.061405 3.24534e-20)
(0.525625 -0.0608895 -1.64471e-19)
(0.529476 -0.0603362 -5.06133e-20)
(0.533294 -0.0597491 -3.44906e-20)
(0.537078 -0.0591323 1.47762e-19)
(0.540828 -0.0584892 -2.49788e-20)
(0.544543 -0.0578234 6.50824e-20)
(0.548223 -0.0571378 1.08458e-20)
(0.551865 -0.0564354 5.13464e-21)
(0.55547 -0.055719 -4.54121e-20)
(0.559038 -0.0549909 -2.55548e-20)
(0.562567 -0.0542534 3.86881e-20)
(0.566057 -0.0535087 -1.04533e-19)
(0.569509 -0.0527586 4.85987e-20)
(0.572921 -0.0520049 1.27252e-20)
(0.576293 -0.0512492 -2.7925e-20)
(0.579625 -0.050493 -2.54929e-20)
(0.582918 -0.0497376 1.96116e-21)
(0.58617 -0.0489842 -1.59717e-20)
(0.589383 -0.0482338 8.54219e-20)
(0.592555 -0.0474876 -5.15913e-21)
(0.595687 -0.0467462 -3.04236e-21)
(0.59878 -0.0460106 -6.93336e-20)
(0.601832 -0.0452814 8.85956e-20)
(0.604846 -0.0445592 2.53741e-20)
(0.607819 -0.0438447 -3.6907e-20)
(0.610754 -0.0431383 -1.21275e-20)
(0.61365 -0.0424404 -3.62073e-20)
(0.616507 -0.0417514 -2.87531e-20)
(0.619327 -0.0410715 5.49881e-20)
(0.622108 -0.0404012 -4.00536e-21)
(0.624852 -0.0397406 1.72561e-20)
(0.627559 -0.0390899 1.87894e-20)
(0.630229 -0.0384492 -5.01113e-22)
(0.632863 -0.0378187 -3.2228e-20)
(0.635462 -0.0371984 4.29552e-21)
(0.638024 -0.0365885 -6.58768e-21)
(0.640553 -0.0359889 2.09897e-20)
(0.643046 -0.0353997 7.71601e-21)
(0.645506 -0.0348208 -1.52443e-21)
(0.647932 -0.0342523 -2.29719e-22)
(0.650326 -0.033694 -1.1238e-20)
(0.652686 -0.0331461 -8.89916e-21)
(0.619028 -0.0699548 1.0716e-20)
(0.621128 -0.0697898 -6.92561e-20)
(0.623236 -0.0695491 2.31005e-19)
(0.625349 -0.0692388 -4.77137e-20)
(0.627468 -0.0688649 5.6953e-21)
(0.62959 -0.0684327 -1.46141e-19)
(0.631716 -0.0679478 2.4034e-19)
(0.633844 -0.0674151 -5.05167e-20)
(0.635972 -0.0668393 -1.59281e-19)
(0.638101 -0.0662249 -1.44869e-20)
(0.640228 -0.0655762 1.62227e-20)
(0.642352 -0.064897 -9.1677e-21)
(0.644472 -0.0641911 1.75908e-19)
(0.646588 -0.0634619 -1.92585e-20)
(0.648698 -0.0627126 -1.72447e-19)
(0.650801 -0.0619462 1.12465e-19)
(0.652895 -0.0611653 3.01304e-20)
(0.654981 -0.0603726 3.38961e-20)
(0.657057 -0.0595703 -6.04925e-20)
(0.659122 -0.0587607 3.34026e-20)
(0.661175 -0.0579458 -6.86836e-20)
(0.663216 -0.0571273 2.79243e-20)
(0.665244 -0.056307 -1.82738e-20)
(0.667258 -0.0554863 -3.07573e-20)
(0.669257 -0.0546666 -3.65453e-20)
(0.671242 -0.0538492 8.26481e-20)
(0.673211 -0.0530352 6.4901e-22)
(0.675164 -0.0522257 8.18343e-21)
(0.677101 -0.0514216 -9.82491e-20)
(0.679021 -0.0506237 4.83346e-20)
(0.680924 -0.0498328 -2.39226e-20)
(0.68281 -0.0490495 8.04986e-20)
(0.684678 -0.0482745 -3.1797e-20)
(0.686528 -0.0475082 -4.23401e-20)
(0.68836 -0.046751 7.81397e-20)
(0.690174 -0.0460035 -1.95069e-20)
(0.69197 -0.0452659 -6.60176e-21)
(0.693748 -0.0445385 -3.57852e-20)
(0.695507 -0.0438216 1.07891e-20)
(0.697248 -0.0431154 2.08532e-20)
(0.698971 -0.04242 8.10867e-21)
(0.700676 -0.0417355 -3.57117e-22)
(0.702362 -0.0410622 3.79066e-20)
(0.70403 -0.0403999 -8.59262e-20)
(0.705679 -0.0397489 7.59747e-20)
(0.707311 -0.0391091 -2.70949e-20)
(0.708925 -0.0384804 -6.99569e-21)
(0.710522 -0.037863 1.8991e-20)
(0.7121 -0.0372566 2.49823e-21)
(0.743022 -0.0724917 -4.28303e-19)
(0.743055 -0.0723437 -5.94313e-20)
(0.743146 -0.0721191 6.57157e-19)
(0.743293 -0.0718237 -6.085e-19)
(0.743494 -0.0714633 3.9685e-20)
(0.743745 -0.0710432 3.08666e-19)
(0.744044 -0.0705686 1.19421e-19)
(0.744388 -0.0700445 -2.65901e-19)
(0.744775 -0.0694755 1.75408e-19)
(0.745203 -0.0688661 1.68185e-19)
(0.745667 -0.0682205 -1.5179e-19)
(0.746167 -0.0675427 -1.63043e-19)
(0.7467 -0.0668363 1.06392e-19)
(0.747264 -0.0661049 -2.10426e-19)
(0.747856 -0.0653517 8.80257e-20)
(0.748475 -0.0645797 1.02206e-19)
(0.749118 -0.0637917 -8.96493e-20)
(0.749784 -0.0629905 1.12308e-19)
(0.75047 -0.0621783 -1.58713e-19)
(0.751175 -0.0613575 3.83079e-20)
(0.751898 -0.0605302 5.55689e-21)
(0.752636 -0.0596981 2.27671e-20)
(0.753389 -0.0588632 5.5274e-20)
(0.754154 -0.0580269 -2.37769e-20)
(0.754931 -0.0571908 -2.87671e-20)
(0.755718 -0.0563561 -5.83612e-20)
(0.756515 -0.0555242 -6.23764e-21)
(0.757319 -0.0546961 1.20827e-19)
(0.75813 -0.0538728 -1.25283e-19)
(0.758947 -0.0530553 9.95161e-20)
(0.759769 -0.0522442 3.3415e-20)
(0.760595 -0.0514404 -2.45251e-20)
(0.761425 -0.0506446 8.40425e-21)
(0.762258 -0.0498572 -5.26263e-20)
(0.763092 -0.0490787 5.77156e-20)
(0.763928 -0.0483098 -6.57526e-20)
(0.764765 -0.0475506 6.29573e-20)
(0.765602 -0.0468016 -8.51169e-20)
(0.766438 -0.046063 6.0889e-20)
(0.767275 -0.0453351 -1.21315e-20)
(0.76811 -0.0446181 -1.67885e-20)
(0.768943 -0.0439121 -9.61766e-21)
(0.769775 -0.0432173 6.10158e-20)
(0.770605 -0.0425338 -8.05289e-20)
(0.771432 -0.0418616 4.81338e-20)
(0.772256 -0.0412007 2.82411e-20)
(0.773078 -0.0405513 -2.57292e-21)
(0.773897 -0.0399133 -5.91143e-20)
(0.774712 -0.0392866 1.30019e-20)
(0.857257 -0.0716674 1.48742e-19)
(0.855394 -0.071667 -1.18816e-19)
(0.853648 -0.0715792 -1.05315e-20)
(0.852014 -0.0714104 2.36611e-19)
(0.850485 -0.0711668 -3.32004e-19)
(0.849056 -0.0708543 -3.37717e-19)
(0.847722 -0.0704787 9.54109e-20)
(0.846477 -0.0700454 4.14735e-19)
(0.845318 -0.0695596 -5.35834e-19)
(0.844239 -0.0690262 2.67363e-19)
(0.843236 -0.06845 3.60441e-19)
(0.842306 -0.0678353 -4.09979e-19)
(0.841444 -0.0671863 2.2636e-19)
(0.840646 -0.0665068 -1.7879e-19)
(0.839909 -0.0658006 4.59143e-20)
(0.839231 -0.0650709 5.09109e-21)
(0.838606 -0.0643211 5.33004e-20)
(0.838034 -0.063554 -9.17109e-20)
(0.83751 -0.0627723 9.41516e-20)
(0.837032 -0.0619787 -2.53413e-20)
(0.836597 -0.0611754 -1.26255e-19)
(0.836204 -0.0603647 3.70806e-20)
(0.835849 -0.0595484 1.12508e-19)
(0.835531 -0.0587285 -1.06349e-19)
(0.835247 -0.0579066 4.53307e-20)
(0.834996 -0.0570843 -5.11301e-20)
(0.834776 -0.0562629 3.06657e-20)
(0.834585 -0.0554437 1.01626e-19)
(0.83442 -0.0546278 -1.31981e-19)
(0.834282 -0.0538164 2.18146e-21)
(0.834168 -0.0530104 8.32844e-20)
(0.834077 -0.0522105 -6.28172e-20)
(0.834008 -0.0514176 -5.24311e-21)
(0.833959 -0.0506324 1.11004e-20)
(0.833929 -0.0498554 3.63353e-20)
(0.833918 -0.0490871 -4.20486e-20)
(0.833923 -0.0483281 1.90229e-21)
(0.833945 -0.0475788 -1.26591e-20)
(0.833983 -0.0468394 1.28641e-20)
(0.834035 -0.0461104 1.34594e-20)
(0.834101 -0.0453919 1.65842e-20)
(0.83418 -0.0446843 -2.14839e-20)
(0.834271 -0.0439875 -2.91648e-21)
(0.834373 -0.0433019 3.06993e-20)
(0.834487 -0.0426274 -9.55896e-21)
(0.834612 -0.0419642 2.89202e-20)
(0.834746 -0.0413124 4.64313e-21)
(0.83489 -0.0406719 -2.38844e-20)
(0.955875 -0.064929 0)
(0.952731 -0.0652252 0)
(0.949739 -0.0654197 1.22776e-27)
(0.946891 -0.0655199 -2.47235e-27)
(0.94418 -0.0655329 0)
(0.941598 -0.0654654 2.80868e-27)
(0.939139 -0.0653236 -2.80866e-27)
(0.936796 -0.0651137 0)
(0.934563 -0.0648414 0)
(0.932435 -0.064512 0)
(0.930405 -0.0641306 5.42041e-28)
(0.92847 -0.0637022 -3.74947e-28)
(0.926625 -0.0632311 2.10939e-11)
(0.924864 -0.0627216 2.03818e-11)
(0.923184 -0.0621778 8.17456e-28)
(0.92158 -0.0616034 -1.64402e-27)
(0.920049 -0.0610018 0)
(0.918588 -0.0603764 -1.22035e-27)
(0.917192 -0.05973 4.75207e-28)
(0.915858 -0.0590657 6.87843e-28)
(0.914584 -0.0583859 -1.38312e-27)
(0.913367 -0.0576931 0)
(0.912203 -0.0569896 0)
(0.91109 -0.0562774 0)
(0.910025 -0.0555584 0)
(0.909007 -0.0548344 0)
(0.908033 -0.054107 0)
(0.9071 -0.0533778 1.0848e-27)
(0.906208 -0.0526479 -5.03307e-28)
(0.905353 -0.0519188 0)
(0.904535 -0.0511915 0)
(0.903751 -0.050467 0)
(0.903001 -0.0497462 0)
(0.902281 -0.0490301 0)
(0.901592 -0.0483194 8.49517e-28)
(0.900932 -0.0476147 -3.94003e-28)
(0.900298 -0.0469167 3.80361e-28)
(0.899691 -0.0462259 -7.64285e-28)
(0.89911 -0.0455427 0)
(0.898552 -0.0448677 0)
(0.898017 -0.0442011 0)
(0.897504 -0.0435433 0)
(0.897013 -0.0428946 0)
(0.896542 -0.0422552 2.96234e-28)
(0.896091 -0.0416254 -5.94637e-28)
(0.895658 -0.0410052 0)
(0.895244 -0.0403949 0)
(0.894846 -0.0397944 0)
(1.04866 -0.0579362 0)
(1.04454 -0.0585248 0)
(1.04059 -0.0589957 -1.22933e-27)
(1.03679 -0.0593578 2.47552e-27)
(1.03315 -0.0596191 0)
(1.02964 -0.0597874 0)
(1.02628 -0.05987 0)
(1.02304 -0.0598736 0)
(1.01993 -0.0598046 0)
(1.01693 -0.0596691 0)
(1.01405 -0.0594727 -5.42756e-28)
(1.01127 -0.0592208 3.75443e-28)
(1.0086 -0.0589183 -2.11219e-11)
(1.00602 -0.0585698 -2.0409e-11)
(1.00354 -0.0581798 -8.1855e-28)
(1.00115 -0.0577524 1.64623e-27)
(0.998843 -0.0572914 0)
(0.996619 -0.0568003 -2.59505e-27)
(0.994472 -0.0562825 3.3412e-27)
(0.9924 -0.0557411 -6.88777e-28)
(0.990399 -0.055179 1.385e-27)
(0.988467 -0.0545988 0)
(0.986599 -0.0540031 0)
(0.984794 -0.0533941 0)
(0.983048 -0.052774 0)
(0.981359 -0.0521448 0)
(0.979725 -0.0515082 0)
(0.978143 -0.050866 -1.0863e-27)
(0.976611 -0.0502197 5.04002e-28)
(0.975126 -0.0495706 0)
(0.973688 -0.0489202 0)
(0.972293 -0.0482695 0)
(0.97094 -0.0476197 0)
(0.969628 -0.0469717 0)
(0.968354 -0.0463264 -8.50696e-28)
(0.967118 -0.0456847 3.9455e-28)
(0.965917 -0.0450473 -3.80888e-28)
(0.964751 -0.0444148 7.65345e-28)
(0.963618 -0.0437879 0)
(0.962516 -0.043167 0)
(0.961445 -0.0425527 0)
(0.960403 -0.0419453 0)
(0.95939 -0.0413453 0)
(0.958404 -0.0407529 -2.96642e-28)
(0.957445 -0.0401685 5.95455e-28)
(0.956511 -0.0395922 0)
(0.955602 -0.0390244 0)
(0.954716 -0.0384651 0)
(1.12174 -0.0489056 -6.85643e-29)
(1.11728 -0.0498265 0)
(1.11297 -0.050616 0)
(1.1088 -0.0512833 0)
(1.10475 -0.0518371 0)
(1.10084 -0.0522857 5.9199e-29)
(1.09705 -0.0526368 0)
(1.09338 -0.0528977 -6.51359e-28)
(1.08982 -0.0530751 0)
(1.08637 -0.0531756 0)
(1.08303 -0.0532053 0)
(1.0798 -0.0531699 0)
(1.07666 -0.0530747 0)
(1.07363 -0.0529247 -2.32009e-28)
(1.07068 -0.0527249 0)
(1.06782 -0.0524795 0)
(1.06505 -0.0521928 -4.20859e-29)
(1.06236 -0.0518686 0)
(1.05975 -0.0515106 0)
(1.05722 -0.0511223 0)
(1.05476 -0.0507067 0)
(1.05237 -0.0502669 3.58583e-29)
(1.05005 -0.0498056 0)
(1.04779 -0.0493254 0)
(1.0456 -0.0488288 0)
(1.04347 -0.0483178 0)
(1.0414 -0.0477945 0)
(1.03938 -0.047261 1.47944e-28)
(1.03742 -0.0467188 0)
(1.03551 -0.0461698 2.76319e-29)
(1.03364 -0.0456152 0)
(1.03183 -0.0450566 0)
(1.03006 -0.0444952 0)
(1.02834 -0.0439321 -2.42061e-29)
(1.02666 -0.0433685 0)
(1.02502 -0.0428053 2.26418e-29)
(1.02342 -0.0422434 -2.1894e-29)
(1.02186 -0.0416835 0)
(1.02034 -0.0411265 2.04635e-29)
(1.01885 -0.0405731 0)
(1.0174 -0.0400237 0)
(1.01598 -0.039479 -1.84698e-29)
(1.01459 -0.0389394 0)
(1.01324 -0.0384054 0)
(1.01191 -0.0378773 0)
(1.01062 -0.0373556 0)
(1.00935 -0.0368405 0)
(1.00811 -0.0363322 1.49649e-29)
(1.17459 -0.0399826 6.85643e-29)
(1.17033 -0.0411429 0)
(1.16617 -0.0421681 0)
(1.16211 -0.0430671 0)
(1.15814 -0.0438479 0)
(1.15427 -0.0445185 -5.9199e-29)
(1.15049 -0.0450864 0)
(1.1468 -0.0455586 6.51359e-28)
(1.1432 -0.0459419 0)
(1.1397 -0.0462425 0)
(1.13628 -0.0464667 0)
(1.13295 -0.0466199 0)
(1.1297 -0.0467077 0)
(1.12653 -0.0467352 2.32009e-28)
(1.12344 -0.046707 0)
(1.12043 -0.0466279 0)
(1.1175 -0.0465019 4.20859e-29)
(1.11464 -0.0463331 0)
(1.11185 -0.0461253 0)
(1.10913 -0.045882 0)
(1.10647 -0.0456065 0)
(1.10389 -0.0453019 -3.58583e-29)
(1.10136 -0.0449712 0)
(1.0989 -0.0446169 0)
(1.09649 -0.0442418 0)
(1.09414 -0.043848 0)
(1.09185 -0.0434379 0)
(1.08962 -0.0430135 -1.47944e-28)
(1.08743 -0.0425766 0)
(1.08529 -0.0421291 -2.76319e-29)
(1.08321 -0.0416725 0)
(1.08117 -0.0412085 0)
(1.07917 -0.0407384 0)
(1.07722 -0.0402634 2.42061e-29)
(1.07531 -0.0397849 0)
(1.07345 -0.0393038 -2.26418e-29)
(1.07162 -0.0388212 2.1894e-29)
(1.06983 -0.0383381 0)
(1.06808 -0.0378552 -2.04635e-29)
(1.06637 -0.0373734 0)
(1.06469 -0.0368934 0)
(1.06304 -0.0364157 1.84698e-29)
(1.06143 -0.0359411 0)
(1.05985 -0.03547 0)
(1.0583 -0.0350029 0)
(1.05678 -0.0345402 0)
(1.0553 -0.0340824 0)
(1.05383 -0.0336298 -1.49649e-29)
(1.20955 -0.031924 0)
(1.2058 -0.033224 0)
(1.20211 -0.0343931 0)
(1.19846 -0.0354388 0)
(1.19488 -0.0363684 0)
(1.19135 -0.0371892 2.80179e-27)
(1.18788 -0.0379077 -2.80179e-27)
(1.18448 -0.0385304 0)
(1.18113 -0.0390636 0)
(1.17785 -0.0395131 0)
(1.17462 -0.0398846 0)
(1.17147 -0.0401835 0)
(1.16837 -0.0404148 0)
(1.16533 -0.0405833 0)
(1.16236 -0.0406937 -8.10705e-28)
(1.15944 -0.0407504 1.64007e-27)
(1.15658 -0.0407574 0)
(1.15379 -0.0407187 0)
(1.15105 -0.040638 0)
(1.14836 -0.0405187 0)
(1.14573 -0.0403641 0)
(1.14316 -0.0401773 0)
(1.14064 -0.0399612 1.54642e-11)
(1.13817 -0.0397185 1.50087e-11)
(1.13575 -0.0394518 0)
(1.13338 -0.0391634 0)
(1.13106 -0.0388557 0)
(1.12878 -0.0385307 0)
(1.12655 -0.0381904 0)
(1.12437 -0.0378366 0)
(1.12223 -0.037471 0)
(1.12013 -0.0370952 0)
(1.11807 -0.0367106 0)
(1.11605 -0.0363187 0)
(1.11407 -0.0359207 0)
(1.11213 -0.0355178 0)
(1.11023 -0.0351111 0)
(1.10836 -0.0347015 0)
(1.10652 -0.03429 0)
(1.10472 -0.0338775 0)
(1.10296 -0.0334647 0)
(1.10122 -0.0330524 0)
(1.09952 -0.0326411 0)
(1.09784 -0.0322316 0)
(1.0962 -0.0318243 0)
(1.09458 -0.0314198 0)
(1.09299 -0.0310185 0)
(1.09143 -0.0306208 0)
(1.23039 -0.0251009 0)
(1.22726 -0.0264575 0)
(1.22415 -0.0276912 0)
(1.22106 -0.0288085 0)
(1.21799 -0.0298157 0)
(1.21495 -0.0307191 2.58684e-27)
(1.21194 -0.0315245 -2.58684e-27)
(1.20896 -0.0322377 0)
(1.20602 -0.0328642 0)
(1.20311 -0.0334093 0)
(1.20024 -0.0338781 0)
(1.19741 -0.0342754 0)
(1.19462 -0.034606 0)
(1.19187 -0.0348743 0)
(1.18916 -0.0350845 8.10705e-28)
(1.1865 -0.0352407 -1.64007e-27)
(1.18387 -0.0353467 0)
(1.18129 -0.0354063 0)
(1.17875 -0.0354229 0)
(1.17625 -0.0353998 0)
(1.1738 -0.0353401 0)
(1.17138 -0.0352468 0)
(1.16901 -0.0351227 -1.54642e-11)
(1.16667 -0.0349704 -1.50087e-11)
(1.16438 -0.0347925 0)
(1.16213 -0.0345911 0)
(1.15991 -0.0343687 0)
(1.15773 -0.0341271 0)
(1.15559 -0.0338684 0)
(1.15349 -0.0335944 0)
(1.15142 -0.0333067 0)
(1.14939 -0.033007 0)
(1.14739 -0.0326968 0)
(1.14543 -0.0323773 0)
(1.1435 -0.0320501 0)
(1.1416 -0.0317161 0)
(1.13973 -0.0313766 0)
(1.1379 -0.0310325 0)
(1.13609 -0.0306849 0)
(1.13431 -0.0303346 0)
(1.13257 -0.0299825 0)
(1.13085 -0.0296293 0)
(1.12916 -0.0292756 0)
(1.12749 -0.0289223 0)
(1.12585 -0.0285697 0)
(1.12424 -0.0282186 0)
(1.12265 -0.0278693 0)
(1.12109 -0.0275223 0)
(1.24104 -0.0195594 -2.64963e-11)
(1.23851 -0.0209134 -2.59717e-11)
(1.23598 -0.0221541 0)
(1.23344 -0.023287 0)
(1.2309 -0.0243175 0)
(1.22837 -0.0252511 0)
(1.22584 -0.0260929 0)
(1.22333 -0.0268478 0)
(1.22083 -0.0275209 0)
(1.21834 -0.0281167 0)
(1.21588 -0.0286399 0)
(1.21343 -0.0290947 0)
(1.21101 -0.0294854 0)
(1.20861 -0.0298161 0)
(1.20623 -0.0300904 8.8617e-28)
(1.20388 -0.0303123 -1.19233e-27)
(1.20156 -0.0304851 8.41887e-28)
(1.19927 -0.0306124 -1.13214e-27)
(1.197 -0.0306972 0)
(1.19477 -0.0307428 0)
(1.19256 -0.0307519 0)
(1.19038 -0.0307273 0)
(1.18823 -0.0306717 0)
(1.18611 -0.0305876 0)
(1.18402 -0.0304773 0)
(1.18196 -0.0303431 0)
(1.17993 -0.030187 0)
(1.17793 -0.030011 0)
(1.17596 -0.029817 0)
(1.17401 -0.0296068 0)
(1.1721 -0.0293819 0)
(1.17021 -0.029144 0)
(1.16835 -0.0288945 0)
(1.16652 -0.0286348 0)
(1.16471 -0.028366 0)
(1.16293 -0.0280895 4.94473e-28)
(1.16118 -0.0278063 -4.79826e-28)
(1.15945 -0.0275175 0)
(1.15775 -0.0272239 0)
(1.15607 -0.0269266 0)
(1.15442 -0.0266263 0)
(1.15279 -0.0263237 0)
(1.15119 -0.0260198 0)
(1.1496 -0.0257149 0)
(1.14804 -0.0254099 0)
(1.1465 -0.0251052 0)
(1.14498 -0.0248013 0)
(1.14349 -0.0244988 0)
(1.24487 -0.0151617 2.64963e-11)
(1.24287 -0.0164749 2.59717e-11)
(1.24084 -0.0176846 0)
(1.23879 -0.0187956 0)
(1.23673 -0.0198125 0)
(1.23465 -0.02074 2.3014e-27)
(1.23257 -0.0215826 -2.3014e-27)
(1.23049 -0.0223446 0)
(1.2284 -0.0230303 0)
(1.22632 -0.023644 0)
(1.22424 -0.0241894 0)
(1.22217 -0.0246707 0)
(1.2201 -0.0250915 0)
(1.21805 -0.0254554 0)
(1.21601 -0.0257659 -8.8617e-28)
(1.21398 -0.0260263 1.19233e-27)
(1.21197 -0.02624 -8.41887e-28)
(1.20998 -0.0264099 1.13214e-27)
(1.208 -0.0265389 0)
(1.20604 -0.02663 0)
(1.2041 -0.0266857 0)
(1.20218 -0.0267087 0)
(1.20028 -0.0267013 0)
(1.1984 -0.0266659 0)
(1.19654 -0.0266047 0)
(1.19471 -0.0265197 0)
(1.19289 -0.026413 0)
(1.1911 -0.0262863 0)
(1.18932 -0.0261416 0)
(1.18757 -0.0259803 0)
(1.18585 -0.0258041 0)
(1.18414 -0.0256144 0)
(1.18245 -0.0254127 0)
(1.18079 -0.0252003 0)
(1.17915 -0.0249783 0)
(1.17753 -0.024748 -4.94473e-28)
(1.17593 -0.0245103 4.79826e-28)
(1.17435 -0.0242663 0)
(1.17279 -0.024017 0)
(1.17125 -0.0237632 0)
(1.16973 -0.0235057 0)
(1.16823 -0.0232452 0)
(1.16675 -0.0229826 0)
(1.16528 -0.0227184 0)
(1.16384 -0.0224532 0)
(1.16242 -0.0221877 0)
(1.16101 -0.0219223 0)
(1.15962 -0.0216574 0)
(1.24448 -0.0117106 -2.47383e-11)
(1.24291 -0.012959 -2.43502e-11)
(1.24129 -0.0141136 0)
(1.23965 -0.0151785 0)
(1.23798 -0.0161577 -9.60306e-28)
(1.23629 -0.0170551 1.62335e-27)
(1.23459 -0.0178747 -2.22931e-11)
(1.23287 -0.0186203 -2.18673e-11)
(1.23114 -0.0192956 2.14393e-11)
(1.2294 -0.0199042 2.10098e-11)
(1.22765 -0.0204497 4.93831e-28)
(1.22591 -0.0209355 0)
(1.22416 -0.021365 0)
(1.22242 -0.0217413 0)
(1.22067 -0.0220677 -7.83277e-28)
(1.21894 -0.022347 0)
(1.21721 -0.0225822 0)
(1.21549 -0.0227761 0)
(1.21378 -0.0229314 0)
(1.21208 -0.0230505 6.97124e-28)
(1.21039 -0.023136 -1.63913e-11)
(1.20871 -0.0231902 -1.59938e-11)
(1.20705 -0.0232153 0)
(1.2054 -0.0232134 0)
(1.20376 -0.0231867 6.15729e-28)
(1.20214 -0.0231369 0)
(1.20054 -0.023066 0)
(1.19895 -0.0229756 -1.37232e-11)
(1.19738 -0.0228674 -2.67303e-11)
(1.19582 -0.022743 -1.30131e-11)
(1.19428 -0.0226039 1.09458e-27)
(1.19276 -0.0224513 -5.11723e-28)
(1.19125 -0.0222867 0)
(1.18976 -0.0221113 4.84276e-28)
(1.18829 -0.0219262 0)
(1.18683 -0.0217325 -4.57844e-28)
(1.18539 -0.0215312 1.07202e-11)
(1.18397 -0.0213234 1.04169e-11)
(1.18256 -0.0211098 0)
(1.18117 -0.0208913 0)
(1.1798 -0.0206688 9.54248e-12)
(1.17844 -0.0204429 1.85252e-11)
(1.1771 -0.0202144 1.79768e-11)
(1.17577 -0.0199838 8.71978e-12)
(1.17446 -0.0197518 8.45667e-12)
(1.17317 -0.0195189 1.6398e-11)
(1.17189 -0.0192856 7.94661e-12)
(1.17063 -0.0190524 0)
(1.2417 -0.0090104 2.47383e-11)
(1.24046 -0.0101787 2.43502e-11)
(1.23917 -0.0112627 0)
(1.23785 -0.0122658 0)
(1.2365 -0.0131915 9.60306e-28)
(1.23512 -0.0140432 -9.42948e-28)
(1.23372 -0.0148241 2.22931e-11)
(1.23229 -0.0155375 2.18673e-11)
(1.23085 -0.0161867 -2.14393e-11)
(1.22939 -0.016775 -2.10098e-11)
(1.22792 -0.0173052 -4.93831e-28)
(1.22645 -0.0177806 0)
(1.22496 -0.018204 0)
(1.22347 -0.0185783 0)
(1.22198 -0.0189063 7.83277e-28)
(1.22049 -0.0191906 0)
(1.219 -0.0194339 0)
(1.21751 -0.0196386 0)
(1.21602 -0.0198072 0)
(1.21454 -0.019942 -6.97124e-28)
(1.21307 -0.0200451 1.63913e-11)
(1.2116 -0.0201187 1.59938e-11)
(1.21014 -0.0201649 0)
(1.2087 -0.0201856 0)
(1.20726 -0.0201826 -6.15729e-28)
(1.20583 -0.0201577 0)
(1.20441 -0.0201126 0)
(1.203 -0.0200488 1.37232e-11)
(1.20161 -0.019968 2.67303e-11)
(1.20023 -0.0198715 1.30131e-11)
(1.19886 -0.0197607 -1.09458e-27)
(1.1975 -0.0196369 5.11723e-28)
(1.19616 -0.0195014 0)
(1.19483 -0.0193552 -4.84276e-28)
(1.19351 -0.0191994 0)
(1.19221 -0.0190352 4.57844e-28)
(1.19092 -0.0188634 -1.07202e-11)
(1.18964 -0.0186849 -1.04169e-11)
(1.18838 -0.0185006 0)
(1.18713 -0.0183113 0)
(1.1859 -0.0181177 -9.54248e-12)
(1.18468 -0.0179205 -1.85252e-11)
(1.18347 -0.0177205 -1.79768e-11)
(1.18228 -0.0175181 -8.71978e-12)
(1.1811 -0.0173139 -8.45667e-12)
(1.17993 -0.0171086 -1.6398e-11)
(1.17878 -0.0169025 -7.94661e-12)
(1.17763 -0.0166961 0)
(1.23774 -0.00689435 0)
(1.23675 -0.00797241 0)
(1.23573 -0.00897543 -9.38798e-28)
(1.23466 -0.00990624 0)
(1.23355 -0.0107677 9.13076e-28)
(1.23241 -0.0115626 -6.49617e-28)
(1.23125 -0.0122939 -2.36105e-28)
(1.23005 -0.0129643 0)
(1.22884 -0.0135766 0)
(1.22761 -0.0141336 3.48595e-28)
(1.22635 -0.0146379 0)
(1.22509 -0.0150923 -3.36253e-28)
(1.22381 -0.0154993 0)
(1.22253 -0.0158614 1.62858e-27)
(1.22124 -0.016181 -7.67116e-28)
(1.21994 -0.0164605 0)
(1.21864 -0.0167023 7.36575e-28)
(1.21734 -0.0169086 0)
(1.21604 -0.0170814 0)
(1.21474 -0.017223 0)
(1.21344 -0.0173351 -1.40695e-27)
(1.21214 -0.0174199 0)
(1.21085 -0.0174791 1.34481e-27)
(1.20957 -0.0175144 0)
(1.20829 -0.0175276 -6.16674e-28)
(1.20702 -0.0175203 0)
(1.20575 -0.0174939 0)
(1.2045 -0.01745 1.1943e-27)
(1.20325 -0.0173899 -5.59749e-28)
(1.20202 -0.017315 0)
(1.20079 -0.0172265 1.10809e-27)
(1.19958 -0.0171255 -5.18878e-28)
(1.19837 -0.0170133 0)
(1.19718 -0.0168909 4.9258e-28)
(1.19599 -0.0167592 0)
(1.19482 -0.0166193 0)
(1.19366 -0.016472 0)
(1.19251 -0.0163182 0)
(1.19138 -0.0161586 -4.30321e-28)
(1.19025 -0.015994 0)
(1.18914 -0.0158252 4.06837e-28)
(1.18804 -0.0156526 0)
(1.18695 -0.0154771 -7.99688e-28)
(1.18587 -0.015299 0)
(1.18481 -0.0151191 0)
(1.18375 -0.0149377 3.51655e-28)
(1.18271 -0.0147554 -7.10281e-28)
(1.18168 -0.0145725 0)
(1.23334 -0.00523179 0)
(1.23256 -0.00621237 0)
(1.23173 -0.00712683 9.38798e-28)
(1.23086 -0.00797748 0)
(1.22995 -0.0087667 -9.13076e-28)
(1.229 -0.00949685 0)
(1.22802 -0.0101703 8.85722e-28)
(1.22701 -0.0107895 0)
(1.22597 -0.0113568 0)
(1.22491 -0.0118745 -3.48595e-28)
(1.22383 -0.012345 0)
(1.22273 -0.0127705 3.36253e-28)
(1.22162 -0.0131533 0)
(1.2205 -0.0134955 -1.62858e-27)
(1.21936 -0.0137993 7.67116e-28)
(1.21822 -0.0140669 0)
(1.21707 -0.0143001 -7.36575e-28)
(1.21591 -0.0145009 0)
(1.21475 -0.0146714 0)
(1.21359 -0.0148132 0)
(1.21243 -0.0149281 1.40695e-27)
(1.21127 -0.015018 0)
(1.21011 -0.0150843 -1.34481e-27)
(1.20896 -0.0151287 0)
(1.20781 -0.0151526 6.16674e-28)
(1.20666 -0.0151576 0)
(1.20552 -0.0151449 0)
(1.20438 -0.015116 -1.1943e-27)
(1.20326 -0.015072 5.59749e-28)
(1.20214 -0.0150142 0)
(1.20102 -0.0149437 -1.10809e-27)
(1.19992 -0.0148615 5.18878e-28)
(1.19883 -0.0147687 0)
(1.19774 -0.0146662 -4.9258e-28)
(1.19667 -0.0145551 0)
(1.1956 -0.014436 0)
(1.19455 -0.01431 0)
(1.1935 -0.0141776 0)
(1.19247 -0.0140397 4.30321e-28)
(1.19144 -0.013897 0)
(1.19043 -0.01375 -4.06837e-28)
(1.18943 -0.0135995 0)
(1.18844 -0.0134458 7.99688e-28)
(1.18745 -0.0132897 0)
(1.18648 -0.0131316 0)
(1.18552 -0.0129719 -3.51655e-28)
(1.18458 -0.0128111 7.10281e-28)
(1.18364 -0.0126496 0)
(1.22896 -0.00392457 0)
(1.22834 -0.00480195 1.87572e-27)
(1.22767 -0.00562184 0)
(1.22695 -0.00638612 -1.83814e-27)
(1.22619 -0.00709673 0)
(1.22539 -0.00775562 -2.05733e-27)
(1.22456 -0.00836478 3.83023e-27)
(1.22369 -0.0089262 -2.0243e-11)
(1.22279 -0.00944188 -1.99596e-11)
(1.22187 -0.00991381 -3.37818e-28)
(1.22092 -0.0103439 -1.93687e-11)
(1.21996 -0.0107342 -1.90631e-11)
(1.21897 -0.0110866 7.78415e-28)
(1.21797 -0.0114029 0)
(1.21696 -0.0116849 -7.52031e-28)
(1.21593 -0.0119346 0)
(1.2149 -0.0121536 0)
(1.21386 -0.0123436 1.4811e-27)
(1.21281 -0.0125063 0)
(1.21176 -0.0126433 0)
(1.2107 -0.0127562 -1.39567e-27)
(1.20965 -0.0128463 0)
(1.20859 -0.0129153 0)
(1.20754 -0.0129644 6.29482e-28)
(1.20648 -0.0129949 0)
(1.20543 -0.0130082 -1.254e-27)
(1.20439 -0.0130055 5.88999e-28)
(1.20334 -0.012988 -1.19835e-27)
(1.20231 -0.0129567 0)
(1.20128 -0.0129127 0)
(1.20025 -0.012857 -1.29218e-11)
(1.19924 -0.0127906 -1.26125e-11)
(1.19823 -0.0127145 0)
(1.19723 -0.0126294 0)
(1.19624 -0.0125362 1.01145e-27)
(1.19525 -0.0124357 0)
(1.19428 -0.0123286 0)
(1.19331 -0.0122157 -9.35959e-28)
(1.19236 -0.0120975 0)
(1.19141 -0.0119747 0)
(1.19048 -0.0118479 4.14855e-28)
(1.18955 -0.0117176 0)
(1.18864 -0.0115843 -8.17103e-28)
(1.18773 -0.0114486 0)
(1.18683 -0.0113108 0)
(1.18595 -0.0111715 0)
(1.18507 -0.0110309 7.28499e-28)
(1.18421 -0.0108896 -3.39758e-28)
(1.22487 -0.00289958 0)
(1.22437 -0.00366901 -1.87572e-27)
(1.22383 -0.00438932 0)
(1.22324 -0.00506199 1.83814e-27)
(1.2226 -0.0056886 0)
(1.22191 -0.00627073 -6.11327e-28)
(1.22119 -0.00681 -1.16157e-27)
(1.22044 -0.00730805 2.0243e-11)
(1.21965 -0.00776653 1.99596e-11)
(1.21884 -0.00818709 3.37818e-28)
(1.21799 -0.00857137 1.93687e-11)
(1.21713 -0.008921 1.90631e-11)
(1.21624 -0.0092376 -7.78415e-28)
(1.21534 -0.00952273 0)
(1.21442 -0.00977798 7.52031e-28)
(1.21349 -0.0100048 0)
(1.21255 -0.0102048 0)
(1.21159 -0.0103794 -1.4811e-27)
(1.21063 -0.01053 0)
(1.20966 -0.0106579 0)
(1.20869 -0.0107645 1.39567e-27)
(1.20771 -0.0108511 0)
(1.20673 -0.0109189 0)
(1.20576 -0.0109691 -6.29482e-28)
(1.20478 -0.0110029 0)
(1.2038 -0.0110213 1.254e-27)
(1.20282 -0.0110255 -5.88999e-28)
(1.20185 -0.0110164 1.19835e-27)
(1.20088 -0.010995 0)
(1.19992 -0.0109623 0)
(1.19896 -0.0109191 1.29218e-11)
(1.19801 -0.0108663 1.26125e-11)
(1.19707 -0.0108047 0)
(1.19613 -0.010735 0)
(1.1952 -0.0106579 -1.01145e-27)
(1.19428 -0.0105742 0)
(1.19337 -0.0104845 0)
(1.19246 -0.0103894 9.35959e-28)
(1.19157 -0.0102896 0)
(1.19068 -0.0101854 0)
(1.1898 -0.0100776 -4.14855e-28)
(1.18893 -0.00996646 0)
(1.18808 -0.00985256 8.17103e-28)
(1.18723 -0.00973631 0)
(1.18639 -0.0096181 0)
(1.18556 -0.00949833 0)
(1.18474 -0.00937735 -7.28499e-28)
(1.18393 -0.00925548 3.39758e-28)
(1.2212 -0.00210104 0)
(1.22082 -0.00275852 0)
(1.22037 -0.00337497 0)
(1.21988 -0.00395158 -2.04676e-11)
(1.21933 -0.00448955 -2.02839e-11)
(1.21874 -0.00499017 -1.7356e-27)
(1.21812 -0.00545472 1.98736e-11)
(1.21745 -0.00588454 1.96492e-11)
(1.21675 -0.00628095 -1.94134e-11)
(1.21602 -0.0066453 -1.91673e-11)
(1.21526 -0.00697892 -4.53806e-28)
(1.21448 -0.00728316 1.8648e-11)
(1.21367 -0.00755934 1.83767e-11)
(1.21285 -0.00780876 1.80987e-11)
(1.212 -0.00803272 1.78148e-11)
(1.21114 -0.00823249 -1.75259e-11)
(1.21027 -0.00840929 -1.72326e-11)
(1.20938 -0.00856436 -1.46341e-27)
(1.20848 -0.00869886 6.90554e-28)
(1.20758 -0.00881395 -6.77996e-28)
(1.20667 -0.00891074 -1.60285e-11)
(1.20575 -0.00899031 -1.57227e-11)
(1.20483 -0.00905371 0)
(1.20391 -0.00910194 1.51089e-11)
(1.20299 -0.00913599 1.48017e-11)
(1.20207 -0.00915677 -1.4495e-11)
(1.20115 -0.0091652 -1.4189e-11)
(1.20023 -0.00916212 1.38841e-11)
(1.19931 -0.00914838 2.71611e-11)
(1.1984 -0.00912475 1.32787e-11)
(1.19749 -0.009092 0)
(1.19659 -0.00905083 -1.26811e-11)
(1.19569 -0.00900195 -2.47715e-11)
(1.1948 -0.00894599 -2.50996e-28)
(1.19392 -0.00888359 1.18031e-11)
(1.19304 -0.00881532 0)
(1.19217 -0.00874176 -1.12321e-11)
(1.19131 -0.00866342 -1.09514e-11)
(1.19046 -0.00858081 -4.43085e-28)
(1.18961 -0.0084944 0)
(1.18878 -0.00840464 1.01294e-11)
(1.18795 -0.00831195 2.04699e-28)
(1.18714 -0.00821673 -9.59906e-12)
(1.18633 -0.00811936 -3.87686e-28)
(1.18553 -0.00802018 -9.08342e-12)
(1.18474 -0.00791952 -1.83296e-28)
(1.18397 -0.0078177 3.70819e-28)
(1.1832 -0.00771501 -1.66761e-11)
(1.21807 -0.00148415 0)
(1.21776 -0.00202636 0)
(1.2174 -0.0025354 0)
(1.21698 -0.00301216 2.04676e-11)
(1.21651 -0.00345758 2.02839e-11)
(1.216 -0.00387265 2.32843e-27)
(1.21544 -0.00425837 -1.98736e-11)
(1.21485 -0.00461578 -1.96492e-11)
(1.21422 -0.00494593 1.94134e-11)
(1.21355 -0.00524988 1.91673e-11)
(1.21286 -0.00552869 4.53806e-28)
(1.21214 -0.00578342 -1.8648e-11)
(1.2114 -0.00601513 -1.83767e-11)
(1.21063 -0.00622487 -1.80987e-11)
(1.20984 -0.00641366 -1.78148e-11)
(1.20904 -0.00658254 1.75259e-11)
(1.20822 -0.0067325 1.72326e-11)
(1.20738 -0.00686451 1.46341e-27)
(1.20654 -0.00697954 -6.90554e-28)
(1.20568 -0.00707851 6.77996e-28)
(1.20482 -0.00716233 1.60285e-11)
(1.20395 -0.00723188 1.57227e-11)
(1.20308 -0.007288 0)
(1.2022 -0.00733152 -1.51089e-11)
(1.20132 -0.00736324 -1.48017e-11)
(1.20044 -0.00738391 1.4495e-11)
(1.19955 -0.00739427 1.4189e-11)
(1.19867 -0.00739503 -1.38841e-11)
(1.1978 -0.00738687 -2.71611e-11)
(1.19692 -0.00737043 -1.32787e-11)
(1.19605 -0.00734634 0)
(1.19518 -0.00731518 1.26811e-11)
(1.19432 -0.00727753 2.47715e-11)
(1.19346 -0.00723391 2.50996e-28)
(1.19261 -0.00718485 -1.18031e-11)
(1.19177 -0.00713083 0)
(1.19093 -0.00707231 1.12321e-11)
(1.1901 -0.00700974 1.09514e-11)
(1.18928 -0.00694352 4.43085e-28)
(1.18846 -0.00687405 0)
(1.18766 -0.0068017 -1.01294e-11)
(1.18686 -0.00672683 -2.04699e-28)
(1.18608 -0.00664976 9.59906e-12)
(1.1853 -0.0065708 3.87686e-28)
(1.18453 -0.00649026 9.08342e-12)
(1.18377 -0.0064084 1.83296e-28)
(1.18302 -0.00632549 -3.70819e-28)
(1.18228 -0.00624176 1.66761e-11)
(1.21551 -0.00101062 8.408e-28)
(1.21526 -0.00143491 -1.74227e-27)
(1.21496 -0.00183366 0)
(1.21461 -0.00220753 0)
(1.2142 -0.00255721 0)
(1.21374 -0.00288342 0)
(1.21324 -0.00318692 1.67915e-27)
(1.2127 -0.00346848 -3.30479e-28)
(1.21213 -0.00372888 0)
(1.21152 -0.00396894 0)
(1.21087 -0.00418946 0)
(1.2102 -0.00439123 0)
(1.2095 -0.00457507 7.51883e-28)
(1.20878 -0.00474177 -1.54331e-27)
(1.20804 -0.00489213 0)
(1.20727 -0.00502692 0)
(1.20649 -0.00514691 0)
(1.2057 -0.00525286 0)
(1.20489 -0.0053455 0)
(1.20408 -0.00542554 0)
(1.20325 -0.00549369 1.37691e-27)
(1.20241 -0.00555063 -6.49444e-28)
(1.20157 -0.005597 0)
(1.20073 -0.00563346 0)
(1.19988 -0.00566061 0)
(1.19903 -0.00567905 1.25065e-27)
(1.19818 -0.00568935 0)
(1.19732 -0.00569206 0)
(1.19647 -0.00568771 -5.64217e-28)
(1.19562 -0.0056768 0)
(1.19478 -0.00565982 0)
(1.19393 -0.00563723 5.27975e-28)
(1.1931 -0.00560948 -1.07418e-27)
(1.19226 -0.00557697 5.04159e-28)
(1.19144 -0.00554012 -1.02496e-27)
(1.19061 -0.00549931 4.80707e-28)
(1.1898 -0.0054549 -4.69136e-28)
(1.18899 -0.00540723 9.52714e-28)
(1.18819 -0.00535664 -4.46335e-28)
(1.1874 -0.00530342 9.05755e-28)
(1.18662 -0.00524788 0)
(1.18584 -0.00519029 0)
(1.18508 -0.00513091 -8.37323e-28)
(1.18432 -0.00506998 3.91557e-28)
(1.18357 -0.00500775 -7.93124e-28)
(1.18283 -0.00494442 0)
(1.1821 -0.00488021 0)
(1.18138 -0.0048153 0)
(1.21356 -0.000645898 -8.408e-28)
(1.21337 -0.000950287 1.74227e-27)
(1.21311 -0.00123658 0)
(1.2128 -0.00150523 0)
(1.21243 -0.0017567 0)
(1.21202 -0.0019915 0)
(1.21156 -0.00221013 -1.67915e-27)
(1.21106 -0.00241315 3.30479e-28)
(1.21053 -0.00260109 0)
(1.20995 -0.00277452 0)
(1.20935 -0.00293399 0)
(1.20871 -0.00308008 0)
(1.20805 -0.00321334 -7.51883e-28)
(1.20736 -0.00333435 1.54331e-27)
(1.20664 -0.00344365 0)
(1.20591 -0.00354179 0)
(1.20516 -0.00362933 0)
(1.2044 -0.00370678 0)
(1.20362 -0.00377468 0)
(1.20283 -0.00383353 0)
(1.20203 -0.00388382 -1.37691e-27)
(1.20122 -0.00392604 6.49444e-28)
(1.2004 -0.00396066 0)
(1.19958 -0.00398813 0)
(1.19875 -0.00400889 0)
(1.19792 -0.00402337 -1.25065e-27)
(1.19709 -0.00403196 0)
(1.19626 -0.00403507 0)
(1.19542 -0.00403306 5.64217e-28)
(1.19459 -0.00402631 0)
(1.19377 -0.00401516 0)
(1.19294 -0.00399994 -5.27975e-28)
(1.19212 -0.00398097 1.07418e-27)
(1.1913 -0.00395855 -5.04159e-28)
(1.19049 -0.00393296 1.02496e-27)
(1.18969 -0.00390448 -4.80707e-28)
(1.18889 -0.00387338 4.69136e-28)
(1.18809 -0.0038399 -9.52714e-28)
(1.18731 -0.00380428 4.46335e-28)
(1.18653 -0.00376673 -9.05755e-28)
(1.18576 -0.00372747 0)
(1.185 -0.00368671 0)
(1.18425 -0.00364462 8.37323e-28)
(1.1835 -0.00360138 -3.91557e-28)
(1.18277 -0.00355717 7.93124e-28)
(1.18204 -0.00351214 0)
(1.18133 -0.00346643 0)
(1.18062 -0.0034202 0)
(1.21225 -0.000357329 -9.17696e-28)
(1.21209 -0.000540475 1.262e-27)
(1.21186 -0.000712829 0)
(1.21158 -0.000874646 0)
(1.21124 -0.0010262 -8.98955e-28)
(1.21086 -0.00116779 3.13846e-27)
(1.21043 -0.00129971 -1.90697e-27)
(1.20996 -0.00142228 0)
(1.20944 -0.00153582 0)
(1.2089 -0.00164066 3.04768e-28)
(1.20831 -0.00173713 7.23271e-28)
(1.2077 -0.00182558 2.97668e-28)
(1.20706 -0.00190632 8.28103e-28)
(1.20639 -0.00197971 0)
(1.2057 -0.00204606 0)
(1.20499 -0.0021057 0)
(1.20426 -0.00215896 0)
(1.20351 -0.00220616 0)
(1.20275 -0.0022476 -7.57169e-28)
(1.20198 -0.00228359 0)
(1.20119 -0.00231442 1.0099e-27)
(1.2004 -0.00234039 0)
(1.1996 -0.00236177 0)
(1.19879 -0.00237884 -6.92532e-28)
(1.19798 -0.00239186 0)
(1.19716 -0.00240107 9.19333e-28)
(1.19634 -0.00240674 0)
(1.19552 -0.00240908 0)
(1.1947 -0.00240834 -6.26247e-28)
(1.19388 -0.00240472 6.13004e-28)
(1.19307 -0.00239843 0)
(1.19225 -0.00238967 0)
(1.19144 -0.00237864 -7.91658e-28)
(1.19064 -0.00236552 0)
(1.18983 -0.00235047 0)
(1.18904 -0.00233367 5.34824e-28)
(1.18825 -0.00231527 0)
(1.18746 -0.00229542 -7.03233e-28)
(1.18669 -0.00227426 0)
(1.18592 -0.00225193 6.68947e-28)
(1.18516 -0.00222855 0)
(1.18441 -0.00220424 -4.60349e-28)
(1.18366 -0.00217913 0)
(1.18293 -0.00215331 0)
(1.1822 -0.00212688 0)
(1.18148 -0.00209995 4.13436e-28)
(1.18077 -0.0020726 -5.54967e-28)
(1.18007 -0.00204492 0)
(1.2116 -0.000114033 9.23506e-28)
(1.21145 -0.000175167 -1.26999e-27)
(1.21123 -0.000232715 0)
(1.21097 -0.000286761 0)
(1.21065 -0.000337393 9.04647e-28)
(1.21028 -0.000384709 5.49584e-28)
(1.20986 -0.000428807 -1.78887e-27)
(1.2094 -0.000469793 0)
(1.2089 -0.000507772 0)
(1.20836 -0.000542853 -3.06698e-28)
(1.20779 -0.000575146 -7.2785e-28)
(1.20719 -0.000604762 -2.99553e-28)
(1.20656 -0.000631812 -8.33346e-28)
(1.2059 -0.000656405 0)
(1.20522 -0.000678653 0)
(1.20452 -0.000698664 0)
(1.2038 -0.000716544 0)
(1.20306 -0.000732399 0)
(1.20231 -0.000746333 7.61963e-28)
(1.20155 -0.000758446 0)
(1.20077 -0.000768837 -1.01629e-27)
(1.19998 -0.000777601 0)
(1.19919 -0.000784833 0)
(1.19839 -0.000790623 6.96916e-28)
(1.19758 -0.000795057 0)
(1.19677 -0.000798222 -9.25153e-28)
(1.19596 -0.000800197 0)
(1.19515 -0.000801061 0)
(1.19433 -0.000800891 6.30212e-28)
(1.19352 -0.000799758 -6.16885e-28)
(1.19271 -0.000797731 0)
(1.1919 -0.000794878 0)
(1.1911 -0.000791263 7.9667e-28)
(1.19029 -0.000786944 0)
(1.1895 -0.000781982 0)
(1.18871 -0.00077643 -5.3821e-28)
(1.18792 -0.000770341 0)
(1.18714 -0.000763765 7.07686e-28)
(1.18637 -0.00075675 0)
(1.18561 -0.00074934 -6.73183e-28)
(1.18485 -0.000741577 0)
(1.1841 -0.000733503 4.63263e-28)
(1.18336 -0.000725156 0)
(1.18263 -0.00071657 0)
(1.18191 -0.000707781 0)
(1.18119 -0.000698819 -4.16053e-28)
(1.18049 -0.000689716 5.5848e-28)
(1.17979 -0.000680499 0)
(0.494579 0.00460029 -7.14844e-22)
(0.499156 0.00452283 4.08569e-22)
(0.503659 0.0044468 2.21145e-21)
)
;

boundaryField
{
    inlet
    {
        type            uniformFixedValue;
        uniformValue    constant (1 0 0);
        value           nonuniform 0();
    }
    outlet
    {
        type            pressureInletOutletVelocity;
        value           nonuniform 0();
    }
    cylinder
    {
        type            fixedValue;
        value           nonuniform 0();
    }
    top
    {
        type            symmetryPlane;
    }
    bottom
    {
        type            symmetryPlane;
    }
    defaultFaces
    {
        type            empty;
    }
    procBoundary6to2
    {
        type            processor;
        value           nonuniform List<vector> 
51
(
(0.184872 0.00847336 -2.09417e-20)
(0.192978 0.00847614 2.10402e-20)
(0.20109 0.00846778 4.42426e-21)
(0.209199 0.0084489 -1.39882e-20)
(0.217293 0.0084202 -1.22388e-20)
(0.225363 0.00838238 5.96882e-21)
(0.233402 0.00833616 2.43694e-21)
(0.241402 0.00828224 4.85838e-21)
(0.249354 0.00822134 2.13553e-20)
(0.257253 0.0081541 -2.3449e-20)
(0.265092 0.00808119 8.2946e-21)
(0.272867 0.00800321 -3.67554e-21)
(0.280572 0.00792074 -8.13755e-21)
(0.288204 0.00783432 2.00492e-20)
(0.295757 0.00774445 -2.34759e-20)
(0.30323 0.00765161 1.06371e-20)
(0.31062 0.00755623 6.34534e-21)
(0.317923 0.00745872 -1.14563e-20)
(0.325137 0.00735945 1.75175e-20)
(0.332262 0.00725876 -1.63653e-20)
(0.339295 0.00715695 -3.86855e-21)
(0.346236 0.00705433 1.94672e-20)
(0.353083 0.00695115 -5.09653e-21)
(0.359836 0.00684764 -1.12844e-20)
(0.366494 0.00674402 2.21316e-21)
(0.373057 0.00664048 4.14915e-22)
(0.379526 0.00653721 1.0741e-20)
(0.3859 0.00643436 -4.65975e-21)
(0.392179 0.00633207 3.155e-21)
(0.398364 0.00623046 -9.62874e-21)
(0.404456 0.00612966 9.94524e-21)
(0.410454 0.00602976 -8.35442e-22)
(0.416361 0.00593084 -6.04456e-21)
(0.422176 0.005833 7.34906e-21)
(0.4279 0.0057363 -7.68308e-21)
(0.433535 0.00564079 1.86044e-21)
(0.439082 0.00554653 -6.69079e-21)
(0.444541 0.00545355 1.0088e-20)
(0.449913 0.00536191 -1.78587e-21)
(0.455201 0.00527163 -2.10416e-21)
(0.460404 0.00518273 1.56197e-21)
(0.465525 0.00509523 -1.1964e-21)
(0.470564 0.00500915 -9.00992e-22)
(0.475522 0.0049245 -2.44407e-21)
(0.480402 0.00484129 3.17941e-21)
(0.485204 0.00475952 6.30183e-22)
(0.489929 0.00467918 -1.07462e-21)
(0.511511 0.0135608 3.36782e-21)
(0.515836 0.0133331 -1.00675e-20)
(0.520093 0.0131097 8.1918e-21)
(0.489929 0.00467918 -1.07462e-21)
)
;
    }
    procBoundary6to3
    {
        type            processor;
        value           uniform (0.508091 0.00437218 1.6192e-21);
    }
    procBoundary6to5
    {
        type            processor;
        value           nonuniform List<vector> 
33
(
(0.176783 -0.00845887 1.60244e-20)
(0.211168 -0.024959 -1.03979e-19)
(0.277516 -0.0402005 -2.21034e-20)
(0.376904 -0.0533841 -6.57581e-20)
(0.376904 -0.0533841 -6.57581e-20)
(0.48972 -0.0635814 -1.34001e-19)
(0.616936 -0.0700377 1.31514e-20)
(0.616936 -0.0700377 1.31514e-20)
(0.743051 -0.072557 -1.64338e-19)
(0.743051 -0.072557 -1.64338e-19)
(0.859245 -0.0715737 -4.04674e-19)
(0.859245 -0.0715737 -4.04674e-19)
(0.959182 -0.0645235 0)
(0.959182 -0.0645235 0)
(1.05295 -0.0572207 0)
(1.12633 -0.0478434 0)
(1.17894 -0.038678 0)
(1.21335 -0.030485 2.9036e-11)
(1.23353 -0.0236146 -2.9036e-11)
(1.24355 -0.0180862 1.24448e-27)
(1.24685 -0.0137401 -1.24448e-27)
(1.24602 -0.0103644 0)
(1.2429 -0.00775449 0)
(1.23867 -0.00573844 0)
(1.23406 -0.00418281 0)
(1.22952 -0.00298788 0)
(1.2253 -0.00207958 0)
(1.22153 -0.00140143 0)
(1.21831 -0.000907939 0)
(1.21569 -0.000560189 0)
(1.2137 -0.000323012 0)
(1.21236 -0.000163158 0)
(1.21169 -4.92359e-05 0)
)
;
    }
    procBoundary6to7
    {
        type            processor;
        value           nonuniform List<vector> 
31
(
(0.508091 -0.00437218 -1.66619e-21)
(0.524283 -0.0128904 -6.20981e-21)
(0.524283 -0.0128904 -6.20981e-21)
(0.55912 -0.0204083 9.45037e-21)
(0.602337 -0.0271396 -1.15224e-20)
(0.655015 -0.0326083 1.63371e-21)
(0.713662 -0.0366614 2.41696e-20)
(0.713662 -0.0366614 2.41696e-20)
(0.775524 -0.0386713 1.03525e-20)
(0.835043 -0.0400428 2.42165e-20)
(0.835043 -0.0400428 2.42165e-20)
(0.894466 -0.039204 0)
(0.953854 -0.0379146 0)
(1.0069 -0.0358311 0)
(1.0524 -0.0331826 0)
(1.0899 -0.0302271 0)
(1.11955 -0.0271781 0)
(1.14201 -0.0241981 0)
(1.15825 -0.0213936 0)
(1.16938 -0.0188197 0)
(1.17651 -0.0164899 0)
(1.18066 -0.0143895 3.20908e-28)
(1.18271 -0.0124877 -3.20908e-28)
(1.18335 -0.0107477 0)
(1.18313 -0.00913305 0)
(1.18244 -0.00761171 -8.09711e-12)
(1.18155 -0.00615746 8.09711e-12)
(1.18067 -0.00474988 0)
(1.17992 -0.00337357 0)
(1.17939 -0.00201699 3.79842e-28)
(1.1791 -0.000671196 -3.82247e-28)
)
;
    }
}


// ************************************************************************* //
